tree
version=v2
num_class=1
num_tree_per_iteration=1
label_index=0
max_feature_idx=10
objective=binary sigmoid:1
feature_names=n_1 c_table_1.c_4 n_table_1.n_3 n_table_1.n_10 n_table_1.n_11 n_table_1.n_12 n_table_1.n_15 n_table_1.n_16 n_table_1.n_19 n_table_1.n_27 c_table_2.c_4
feature_infos=[1:323.5] 7:0:1:49:65:32:30:2:26:42:132:141:61:130:86:25:62:149:16:38:64:80:153:8:19:46:47:52:56:66:68:69:116:122:126:138:140 [1:175] [1:68.5] [1:4433.5] [1:8524] [1:237038] [1:185158] [1:882506] [1:151] 18:0:70:6:12:21:32:20:10:60:9:27:31:38:107:40:59:67:68:4:46:72:7:16:48:49:51:55:66:78:11:24:30:93:96:119
tree_sizes=475 568 509 651 594 536 688 593 529 558 614 676 669 524 630 561 565 672 592 536 548 597 611 587 617 621 471 658 573 565

Tree=0
num_leaves=5
num_cat=0
split_feature=6 0 8 5
split_gain=6.49596 3.53877 1.79868 1.25412
threshold=25320.250000000004 6.2500000000000009 1582.7500000000002 130.75000000000003
decision_type=2 2 2 2
left_child=1 3 -3 -1
right_child=-2 2 -4 -5
leaf_value=-3.0415937690646282 -2.7875070701881399 -2.8231886151976466 -2.9444389791664403 -2.9444389791664403
leaf_count=366 87 65 48 74
internal_value=0 -0.256084 0.26384 -0.468348
internal_count=640 553 113 440
shrinkage=1


Tree=1
num_leaves=6
num_cat=1
split_feature=6 7 4 10 4
split_gain=4.42832 0.498852 1.41867 0.768162 0.347406
threshold=25320.250000000004 1922.5000000000002 3.2500000000000004 0 31.750000000000004
decision_type=2 2 2 5 2
left_child=1 2 3 -1 -2
right_child=4 -3 -4 -5 -6
leaf_value=-0.046455735197102145 0 -0.084084125134686966 0.065872558885992014 0.0035446411501761153 0.15995147842790083
leaf_count=221 40 127 59 146 47
internal_value=0 -0.220724 -0.034369 -0.215091 0.716388
internal_count=640 553 426 367 87
cat_boundaries=0 1
cat_threshold=1
shrinkage=0.169796


Tree=2
num_leaves=6
num_cat=0
split_feature=8 0 4 7 0
split_gain=3.38325 2.00037 0.486484 0.324115 0.821033
threshold=205837.50000000003 1.7500000000000002 9.2500000000000018 676.00000000000011 12.250000000000002
decision_type=2 2 2 2 2
left_child=1 2 -1 4 -3
right_child=-2 3 -4 -5 -6
leaf_value=-0.081591094903141606 0.1216008798659491 -0 -0 -0 0.098355590319466502
leaf_count=299 64 88 86 60 43
internal_value=0 -0.174037 -0.390163 0.072991 0.221888
internal_count=640 576 385 191 131
shrinkage=0.169796


Tree=3
num_leaves=8
num_cat=0
split_feature=4 0 8 8 8 6 5
split_gain=2.71402 1.97354 1.39197 0.831277 0.705071 0.283897 0.0200508
threshold=4.7500000000000009 6.2500000000000009 205837.50000000003 42506.500000000007 1.7500000000000002 3298.7500000000005 303.25000000000006
decision_type=2 2 2 2 2 2 2
left_child=1 5 3 -2 -3 -1 -5
right_child=2 4 -4 6 -6 -7 -8
leaf_value=-0.087373384784710503 0.066133354624765092 0.073257357590947814 0.1302681143100462 -0 -0 -0 -0.042632414508342251
leaf_count=297 57 47 53 44 44 49 49
internal_value=0 -0.251385 0.347437 0 0.0655058 -0.457945 -0.192702
internal_count=640 437 203 150 91 346 93
shrinkage=0.169796


Tree=4
num_leaves=7
num_cat=0
split_feature=4 0 8 8 6 0
split_gain=1.97229 1.63542 0.945945 0.643673 0.239617 0.138485
threshold=4.7500000000000009 12.250000000000002 205837.50000000003 42506.500000000007 4069.0000000000005 6.2500000000000009
decision_type=2 2 2 2 2 2
left_child=1 4 3 -2 5 -1
right_child=2 -3 -4 -5 -6 -7
leaf_value=-0.081294310200193134 0.056155734631131521 0.0257094879183138 0.10467175098793199 -0.03027330480019999 -0 -0
leaf_count=301 57 47 53 93 46 43
internal_value=0 -0.219629 0.288951 0 -0.385195 -0.430223
internal_count=640 437 203 150 390 344
shrinkage=0.169796


Tree=5
num_leaves=6
num_cat=0
split_feature=5 0 9 9 8
split_gain=1.61314 2.39112 0.885453 1.067 0.656814
threshold=100.00000000000001 6.2500000000000009 28.750000000000004 1.7500000000000002 631.00000000000011
decision_type=2 2 2 2 2
left_child=1 -1 3 -2 -3
right_child=2 4 -4 -5 -6
leaf_value=-0.073683166893284191 0.060154701694657767 0.074685295068632321 0.10841083217019633 -0.056838897726426335 -0
leaf_count=369 63 54 55 48 51
internal_value=0 -0.173884 0.302439 0 0.177553
internal_count=640 474 166 111 105
shrinkage=0.169796


Tree=6
num_leaves=8
num_cat=1
split_feature=4 8 8 8 5 10 5
split_gain=1.15664 0.674946 0.602856 0.414567 0.21023 0.115945 0.0315515
threshold=6.2500000000000009 205837.50000000003 42506.500000000007 1.7500000000000002 24.250000000000004 0 282.25000000000006
decision_type=2 2 2 2 2 5 2
left_child=3 2 -2 5 -5 -1 -4
right_child=1 -3 6 4 -6 -7 -8
leaf_value=-0.010266081711887776 0.053531054806524606 0.090594696590807738 -0 -0.070119931100778979 -0 0.010053908808798263 -0.040562256477685195
leaf_count=151 56 41 43 131 62 106 50
internal_value=0 0.240943 0 -0.154548 -0.304288 -0 -0.177082
internal_count=640 190 149 450 193 257 93
cat_boundaries=0 1
cat_threshold=1
shrinkage=0.169796


Tree=7
num_leaves=7
num_cat=0
split_feature=0 9 7 5 0 5
split_gain=1.37399 1.575 0.842283 1.19142 0.663671 0.354467
threshold=12.250000000000002 28.750000000000004 2048.5000000000005 12.250000000000002 6.2500000000000009 340.00000000000006
decision_type=2 2 2 2 2 2
left_child=1 2 3 4 -1 -3
right_child=-2 5 -4 -5 -6 -7
leaf_value=-0.060793131320728673 0.080143262655877373 -0 -0.092442991768026755 0.060867692065093237 0 0.0739518175444355
leaf_count=280 63 43 125 60 36 33
internal_value=0 -0.0953519 -0.25863 -0 -0.231036 0.252202
internal_count=640 577 501 376 316 76
shrinkage=0.169796


Tree=8
num_leaves=6
num_cat=1
split_feature=5 10 6 9 4
split_gain=0.901248 0.603341 0.545957 0.459046 0.128496
threshold=100.00000000000001 0 25320.250000000004 28.750000000000004 4.7500000000000009
decision_type=2 5 2 2 2
left_child=1 4 -2 -4 -1
right_child=2 -3 3 -5 -6
leaf_value=-0.071785473112270598 -0 0.004145789587938241 0 0.10898224335482624 -0
leaf_count=246 88 186 47 31 42
internal_value=0 -0.119419 0.234883 0.400985 -0.19953
internal_count=640 474 166 78 288
cat_boundaries=0 1
cat_threshold=1
shrinkage=0.169796


Tree=9
num_leaves=6
num_cat=1
split_feature=0 1 4 2 2
split_gain=1.53883 1.36246 0.836729 0.441843 0.635783
threshold=16.750000000000004 0 3.2500000000000004 28.750000000000004 36.250000000000007
decision_type=2 5 2 2 2
left_child=1 -1 -3 -4 -5
right_child=-2 2 3 4 -6
leaf_value=-0.037787796883269997 0.11042849794679924 -0 0.11073515399578265 -0.017086835489735466 0.058985580874604905
leaf_count=372 33 70 36 70 59
internal_value=0 -0.0599471 0.0988201 0.331488 0
internal_count=640 607 235 165 129
cat_boundaries=0 1
cat_threshold=1
shrinkage=0.169796


Tree=10
num_leaves=7
num_cat=1
split_feature=0 1 4 0 2 2
split_gain=1.17599 1.09327 0.674168 0.341694 0.741201 0.0796084
threshold=16.750000000000004 0 3.2500000000000004 4.7500000000000009 31.750000000000004 36.250000000000007
decision_type=2 5 2 2 2 2
left_child=1 -1 -3 4 -4 -6
right_child=-2 2 3 -5 5 -7
leaf_value=-0.035010330207471879 0.0930808833077887 -0 0.11412238174462805 -0 -0.0028585365892129918 0.023755653027859445
leaf_count=372 33 70 41 30 49 45
internal_value=0 -0.058106 0.0787104 0.282754 0.364073 0
internal_count=640 607 235 165 135 94
cat_boundaries=0 1
cat_threshold=1
shrinkage=0.169796


Tree=11
num_leaves=8
num_cat=1
split_feature=0 1 4 2 0 2 7
split_gain=0.906439 0.872885 0.534407 0.537912 0.516488 0.160218 0.0818165
threshold=16.750000000000004 0 3.2500000000000004 4.0000000000000009 1.7500000000000002 36.250000000000007 39.250000000000007
decision_type=2 5 2 2 2 2 2
left_child=1 6 -3 -4 5 -5 -1
right_child=-2 2 3 4 -6 -7 -8
leaf_value=-0 0.078840629100544471 -0 0.10039237624799945 -0.036272750931237246 0.05695987605548615 0 -0.089455928257751866
leaf_count=264 33 70 28 55 40 42 108
internal_value=0 -0.0574423 0.0600261 0.238986 0 -0.0846278 -0.191012
internal_count=640 607 235 165 137 97 372
cat_boundaries=0 1
cat_threshold=1
shrinkage=0.169796


Tree=12
num_leaves=8
num_cat=0
split_feature=0 5 7 8 5 0 5
split_gain=0.703287 0.56731 0.514757 0.515939 0.151745 0.278948 0.0876755
threshold=1.7500000000000002 244.00000000000003 45016.750000000007 23974.000000000004 3.2500000000000004 9.2500000000000018 1.7500000000000002
decision_type=2 2 2 2 2 2 2
left_child=2 4 3 6 5 -2 -1
right_child=1 -3 -4 -5 -6 -7 -8
leaf_value=-0.015180719682050568 -0 0.089364933033920957 0 -0.069841957633400856 -0.018142425458350004 0.046635168857846208 0.015583886365544629
leaf_count=225 68 28 25 136 53 55 50
internal_value=0 0.185667 -0.121974 -0.223128 0 0.117803 -0
internal_count=640 204 436 411 176 123 275
shrinkage=0.169796


Tree=13
num_leaves=6
num_cat=0
split_feature=7 9 7 8 9
split_gain=0.409791 0.672081 0.423435 0.981203 0.348324
threshold=50557.750000000007 1.7500000000000002 2048.5000000000005 9349.0000000000018 28.750000000000004
decision_type=2 2 2 2 2
left_child=1 2 3 -1 -3
right_child=-2 4 -4 -5 -6
leaf_value=0 0.051176821930583212 -0.077768963607728364 -0.026318327842495735 0.10337405910629513 -0
leaf_count=339 26 89 77 41 68
internal_value=0 -0.036543 0 0.141762 -0.281464
internal_count=640 614 457 380 157
shrinkage=0.169796


Tree=14
num_leaves=7
num_cat=1
split_feature=0 1 5 2 9 9
split_gain=0.608343 0.702962 0.377676 0.801866 0.415174 0.180172
threshold=16.750000000000004 0 100.00000000000001 4.0000000000000009 28.750000000000004 1.7500000000000002
decision_type=2 5 2 2 2 2
left_child=1 -1 5 -4 -5 -3
right_child=-2 2 3 4 -6 -7
leaf_value=-0.029261186189646106 0.062927751874450849 0 0.10418997106800666 -0.034127733508117326 0.038676513062742002 -0.037803077001088467
leaf_count=372 33 50 22 61 39 63
internal_value=0 -0.0464013 0.0507949 0.223167 0 -0
internal_count=640 607 235 122 100 113
cat_boundaries=0 1
cat_threshold=1
shrinkage=0.169796


Tree=15
num_leaves=6
num_cat=1
split_feature=0 1 4 8 9
split_gain=0.45746 0.59817 0.396439 0.270244 0.231227
threshold=16.750000000000004 0 4.7500000000000009 46636.000000000007 28.750000000000004
decision_type=2 5 2 2 2
left_child=1 -1 -3 -4 -5
right_child=-2 2 3 4 -6
leaf_value=-0.027103345492676043 0.053825397430499251 -0 0.074681210602663292 -0.013322509169570007 0.033206654722699305
leaf_count=372 33 87 39 61 48
internal_value=0 -0.0391499 0.0445445 0.204933 0
internal_count=640 607 235 148 109
cat_boundaries=0 1
cat_threshold=1
shrinkage=0.169796


Tree=16
num_leaves=6
num_cat=1
split_feature=0 10 5 8 5
split_gain=0.36666 0.551989 0.376318 0.335036 0.120646
threshold=1.7500000000000002 0 244.00000000000003 23974.000000000004 3.2500000000000004
decision_type=2 5 2 2 2
left_child=1 -1 4 -3 -2
right_child=2 3 -4 -5 -6
leaf_value=-0.030221036466975673 0.015350605353283324 0.050412959861665392 0.066976497261221249 -0 -0.019932654157106648
leaf_count=271 123 102 28 63 53
internal_value=0 -0.0889353 0.132456 0.0352604 0
internal_count=640 436 204 165 176
cat_boundaries=0 1
cat_threshold=1
shrinkage=0.169796


Tree=17
num_leaves=8
num_cat=1
split_feature=0 1 4 7 9 8 7
split_gain=0.334834 0.496514 0.320733 0.252523 0.598305 0.304763 0.0877464
threshold=16.750000000000004 0 4.7500000000000009 4815.2500000000009 1.7500000000000002 232191.00000000003 39.250000000000007
decision_type=2 5 2 2 2 2 2
left_child=1 6 -3 4 -4 -5 -1
right_child=-2 2 3 5 -6 -7 -8
leaf_value=-0 0.044425289839130876 -0 0.099812357887249986 -0.034468191871465381 -0 0.029672019518727128 -0.075709125048868717
leaf_count=264 33 87 31 46 34 37 108
internal_value=0 -0.0393 0.0328528 0.177457 0.333132 0 -0.14931
internal_count=640 607 235 148 65 83 372
cat_boundaries=0 1
cat_threshold=1
shrinkage=0.169796


Tree=18
num_leaves=7
num_cat=0
split_feature=0 6 6 6 4 6
split_gain=0.264205 0.49608 0.698376 0.294682 0.095597 0.0306695
threshold=16.750000000000004 250.75000000000003 2566.0000000000005 25320.250000000004 66.250000000000014 7210.7500000000009
decision_type=2 2 2 2 2 2
left_child=1 -1 -3 5 -5 -4
right_child=-2 2 3 4 -6 -7
leaf_value=-0.035879965340627921 0.038249521677625832 0.07135050037861429 -0 -0 0.02448005183625776 -0.048768774711330773
leaf_count=337 33 60 49 48 35 78
internal_value=0 -0.0394437 0 -0.0116381 0 -0.22166
internal_count=640 607 270 210 83 127
shrinkage=0.169796


Tree=19
num_leaves=6
num_cat=1
split_feature=0 10 6 7 7
split_gain=0.218144 0.48124 0.277219 0.224355 0.0222288
threshold=1.7500000000000002 0 25320.250000000004 1922.5000000000002 24091.000000000004
decision_type=2 5 2 2 2
left_child=1 4 -2 -3 -1
right_child=2 3 -4 -5 -6
leaf_value=-0.060199374154777809 0 0.041083655957024651 0.053615474371842137 -0 -0
leaf_count=241 177 102 27 63 30
internal_value=0 -0.072294 0.0982429 0.0321049 -0.163247
internal_count=640 436 204 165 271
cat_boundaries=0 1
cat_threshold=1
shrinkage=0.169796


Tree=20
num_leaves=6
num_cat=0
split_feature=0 6 6 9 4
split_gain=0.174541 0.349782 0.568952 0.468599 0.292049
threshold=16.750000000000004 250.75000000000003 2566.0000000000005 28.750000000000004 7.7500000000000009
decision_type=2 2 2 2 2
left_child=1 -1 -3 4 -4
right_child=-2 2 3 -5 -6
leaf_value=-0.030163573321624063 0.031885552337915291 0.063492723426527203 0 0.0081643609153312299 -0.061688084904529553
leaf_count=337 33 60 68 57 85
internal_value=0 -0.0244567 0 -0.00734283 -0.233491
internal_count=640 607 270 210 153
shrinkage=0.169796


Tree=21
num_leaves=7
num_cat=0
split_feature=0 2 8 6 8 8
split_gain=0.147185 0.369856 0.457662 0.227761 0.151713 0.0447053
threshold=1.7500000000000002 4.0000000000000009 253571.50000000003 25320.250000000004 14116.750000000002 1582.7500000000002
decision_type=2 2 2 2 2 2
left_child=1 4 -3 5 -1 -2
right_child=3 2 -4 -5 -6 -7
leaf_value=-0 0.0094028433797040799 -0.064470187592363323 0 0.048701136852207325 0.030770233511671751 -0.011606449786823743
leaf_count=216 99 127 24 27 69 78
internal_value=0 -0.0456534 -0.221963 0.0917091 0 0
internal_count=640 436 151 204 285 177
shrinkage=0.169796


Tree=22
num_leaves=7
num_cat=1
split_feature=10 4 0 9 8 2
split_gain=0.12695 0.882372 0.755848 0.416545 0.336849 0.0449992
threshold=0 3.2500000000000004 1.7500000000000002 1.7500000000000002 23974.000000000004 16.000000000000004
decision_type=5 2 2 2 2 2
left_child=1 -1 5 4 -2 -3
right_child=3 2 -4 -5 -6 -7
leaf_value=-0.056484654638893517 0.05851649345078315 0 0.069899895911045437 -0 -0 -0.017603679327204667
leaf_count=250 152 38 39 62 40 59
internal_value=0 -0.0360494 0.0270489 0.0629415 0.243097 -0.00261871
internal_count=640 386 136 254 192 97
cat_boundaries=0 1
cat_threshold=1
shrinkage=0.169796


Tree=23
num_leaves=7
num_cat=0
split_feature=5 0 8 0 5 6
split_gain=0.164888 0.509214 0.263567 0.215756 0.41183 0.000440558
threshold=100.00000000000001 6.2500000000000009 1582.7500000000002 4.7500000000000009 363.25000000000006 58975.000000000007
decision_type=2 2 2 2 2 2
left_child=1 -1 -3 4 -2 -6
right_child=3 2 -4 -5 5 -7
leaf_value=-0.037926230245424339 0.063319890273673365 0.035444625101498733 -0 -0 -0.0018724122498062908 0
leaf_count=369 73 65 40 27 34 32
internal_value=0 -0.0494007 0.00206253 0.0996342 0.184221 -0
internal_count=640 474 105 166 139 66
shrinkage=0.169796


Tree=24
num_leaves=7
num_cat=1
split_feature=9 9 4 8 10 8
split_gain=0.113076 1.03203 0.330373 0.313394 0.0371917 0.0825332
threshold=1.7500000000000002 28.750000000000004 9.2500000000000018 232191.00000000003 0 266.50000000000006
decision_type=2 2 2 2 5 2
left_child=2 -2 4 -3 -1 -6
right_child=1 3 -4 -5 5 -7
leaf_value=-0.0070775808040884573 -0.078929646963899952 -0 0.043857703385647304 0.046910089537548529 0.021814765500566706 -0
leaf_count=235 95 56 70 24 106 54
internal_value=0 -0.0726032 0.0540572 0 -0 0.0173314
internal_count=640 175 465 80 395 160
cat_boundaries=0 1
cat_threshold=1
shrinkage=0.169796


Tree=25
num_leaves=7
num_cat=1
split_feature=0 1 6 6 9 8
split_gain=0.086167 0.283864 0.220207 0.851777 0.19695 0.0641521
threshold=16.750000000000004 0 250.75000000000003 2790.2500000000005 28.750000000000004 1.7500000000000002
decision_type=2 5 2 2 2 2
left_child=1 5 -3 -4 -5 -1
right_child=-2 2 3 4 -6 -7
leaf_value=-0 0.022036119787185414 -0 0.093524461719712362 -0.023556453384601592 0.019843060225105624 -0.05489536014270268
leaf_count=235 33 55 41 92 47 137
internal_value=0 -0.0169969 0.0194494 0.136367 -0 -0.113161
internal_count=640 607 235 180 139 372
cat_boundaries=0 1
cat_threshold=1
shrinkage=0.169796


Tree=26
num_leaves=5
num_cat=0
split_feature=5 7 2 6
split_gain=0.101707 0.720498 0.191578 0.543086
threshold=100.00000000000001 71.500000000000014 4.0000000000000009 63940.000000000007
decision_type=2 2 2 2
left_child=1 -1 -2 -4
right_child=2 -3 3 -5
leaf_value=0 0.038401250990863771 -0.061365607016814018 -0.032030097520965799 0.050918572823184051
leaf_count=343 52 131 89 25
internal_value=0 -0.043703 0.0739638 -0
internal_count=640 474 166 114
shrinkage=0.169796


Tree=27
num_leaves=8
num_cat=0
split_feature=2 2 7 0 0 8 7
split_gain=0.0699112 0.44983 0.259321 0.229058 0.119218 0.0923474 0.346954
threshold=37.750000000000007 4.0000000000000009 18608.500000000004 16.750000000000004 1.7500000000000002 14116.750000000002 3793.0000000000005
decision_type=2 2 2 2 2 2 2
left_child=1 3 -3 5 -2 -1 -7
right_child=4 2 -4 -5 -6 6 -8
leaf_value=-0.016192476772528705 -0 -0.054918509749158295 0 0.043455427453847485 0.038572796516540511 0.054353504981288631 -0
leaf_count=296 48 132 26 20 24 38 56
internal_value=0 -0.0119606 -0.22102 0.0107788 0.108298 -0 0.0304679
internal_count=640 568 158 410 72 390 94
shrinkage=0.169796


Tree=28
num_leaves=6
num_cat=1
split_feature=9 9 10 4 8
split_gain=0.0713764 0.766103 0.305356 0.43047 0.204129
threshold=1.7500000000000002 28.750000000000004 0 3.2500000000000004 232191.00000000003
decision_type=2 2 5 2 2
left_child=2 -2 3 -1 -3
right_child=1 4 -4 -5 -6
leaf_value=-0.040785655718355372 -0.069931172466166189 -0 0.022816072782177226 0.0038753878435560602 0.037303273285685487
leaf_count=224 95 56 181 60 24
internal_value=0 -0.048605 0.0491551 -0.00423534 0
internal_count=640 175 465 284 80
cat_boundaries=0 1
cat_threshold=1048577
shrinkage=0.169796


Tree=29
num_leaves=6
num_cat=1
split_feature=9 9 10 4 9
split_gain=0.0658599 0.629904 0.249762 0.33162 0.0364334
threshold=1.7500000000000002 28.750000000000004 0 3.2500000000000004 101.50000000000001
decision_type=2 2 5 2 2
left_child=2 -2 3 -1 -3
right_child=1 4 -4 -5 -6
leaf_value=-0.03631509233140686 -0.064551266180816275 0.016276161622443948 0.021012861951880686 0.0033814483416026234 -0
leaf_count=224 95 36 181 60 44
internal_value=0 -0.0379695 0.0514021 -0 0
internal_count=640 175 465 284 80
cat_boundaries=0 1
cat_threshold=1048577
shrinkage=0.169796


end of trees

feature importances:
n_1=30
n_table_1.n_19=26
n_table_1.n_27=20
n_table_1.n_11=18
n_table_1.n_12=17
n_table_1.n_15=17
n_table_1.n_16=14
n_table_1.n_3=12
c_table_2.c_4=9
c_table_1.c_4=7

parameters:
[boosting: gbdt]
[objective: binary]
[metric: auc]
[tree_learner: serial]
[device_type: cpu]
[data: ]
[valid: ]
[num_iterations: 100]
[learning_rate: 0.169796]
[num_leaves: 100]
[num_threads: 4]
[max_depth: 7]
[min_data_in_leaf: 20]
[min_sum_hessian_in_leaf: 2.00646]
[bagging_fraction: 0.8]
[bagging_freq: 88]
[bagging_seed: 3]
[feature_fraction: 0.8]
[feature_fraction_seed: 2]
[early_stopping_round: 0]
[max_delta_step: 0]
[lambda_l1: 1.57558]
[lambda_l2: 1.35787]
[min_gain_to_split: 0]
[drop_rate: 0.1]
[max_drop: 50]
[skip_drop: 0.5]
[xgboost_dart_mode: 0]
[uniform_drop: 0]
[drop_seed: 4]
[top_rate: 0.2]
[other_rate: 0.1]
[min_data_per_group: 100]
[max_cat_threshold: 32]
[cat_l2: 10]
[cat_smooth: 10]
[max_cat_to_onehot: 4]
[top_k: 20]
[monotone_constraints: ]
[feature_contri: ]
[forcedsplits_filename: ]
[refit_decay_rate: 0.9]
[verbosity: -1]
[max_bin: 255]
[min_data_in_bin: 3]
[bin_construct_sample_cnt: 200000]
[histogram_pool_size: -1]
[data_random_seed: 1]
[output_model: LightGBM_model.txt]
[snapshot_freq: -1]
[input_model: ]
[output_result: LightGBM_predict_result.txt]
[initscore_filename: ]
[valid_data_initscores: ]
[pre_partition: 0]
[enable_bundle: 1]
[max_conflict_rate: 0]
[is_enable_sparse: 1]
[sparse_threshold: 0.8]
[use_missing: 1]
[zero_as_missing: 0]
[two_round: 0]
[save_binary: 0]
[enable_load_from_binary_file: 1]
[header: 0]
[label_column: ]
[weight_column: ]
[group_column: ]
[ignore_column: ]
[categorical_feature: ]
[predict_raw_score: 0]
[predict_leaf_index: 0]
[predict_contrib: 0]
[num_iteration_predict: -1]
[pred_early_stop: 0]
[pred_early_stop_freq: 10]
[pred_early_stop_margin: 10]
[convert_model_language: ]
[convert_model: gbdt_prediction.cpp]
[num_class: 1]
[is_unbalance: 0]
[scale_pos_weight: 1]
[sigmoid: 1]
[boost_from_average: 1]
[reg_sqrt: 0]
[alpha: 0.9]
[fair_c: 1]
[poisson_max_delta_step: 0.7]
[tweedie_variance_power: 1.5]
[max_position: 20]
[label_gain: ]
[metric_freq: 1]
[is_provide_training_metric: 0]
[eval_at: ]
[num_machines: 1]
[local_listen_port: 12400]
[time_out: 120]
[machine_list_filename: ]
[machines: ]
[gpu_platform_id: -1]
[gpu_device_id: -1]
[gpu_use_dp: 0]

end of parameters

pandas_categorical:[[0, 1, 2, 3, 4, 5, 6, 7, 8, 9, 10, 11, 12, 13, 14, 15, 16, 17, 18, 19, 20, 21, 22, 23, 24, 25, 26, 27, 28, 29, 30, 31, 32, 33, 34, 35, 36, 37, 38, 39, 40, 41, 42, 43, 44, 45, 46, 47, 48, 49, 50, 51, 52, 53, 54, 55, 56, 57, 58, 59, 60, 61, 62, 63, 64, 65, 66, 67, 68, 69, 70, 71, 72, 73, 74, 75, 76, 77, 78, 79, 80, 81, 82, 83, 84, 85, 86, 87, 88, 89, 90, 91, 92, 93, 94, 95, 96, 97, 98, 99, 100, 101, 102, 103, 104, 105, 106, 107, 108, 109, 110, 111, 112, 113, 114, 115, 116, 117, 118, 119, 120, 121, 122, 123, 124, 125, 126, 127, 128, 129, 130, 131, 132, 133, 134, 135, 136, 137, 138, 139, 140, 141, 142, 143, 144, 145, 146, 147, 148, 149, 150, 151, 152, 153, 154, 155, 156, 157, 158], [0, 1, 2, 3, 4, 5, 6, 7, 8, 9, 10, 11, 12, 13, 14, 15, 16, 17, 18, 19, 20, 21, 22, 23, 24, 25, 26, 27, 28, 29, 30, 31, 32, 33, 34, 35, 36, 37, 38, 39, 40, 41, 42, 43, 44, 45, 46, 47, 48, 49, 50, 51, 52, 53, 54, 55, 56, 57, 58, 59, 60, 61, 62, 63, 64, 65, 66, 67, 68, 69, 70, 71, 72, 73, 74, 75, 76, 77, 78, 79, 80, 81, 82, 83, 84, 85, 86, 87, 88, 89, 90, 91, 92, 93, 94, 95, 96, 97, 98, 99, 100, 101, 102, 103, 104, 105, 106, 107, 108, 109, 110, 111, 112, 113, 114, 115, 116, 117, 118, 119, 120, 121, 122, 123, 124, 125, 126, 127, 128, 129, 130, 131, 132, 133, 134, 135, 136, 137, 138, 139, 140, 141, 142, 143, 144, 145, 146, 147, 148, 149, 150]]
