tree
version=v2
num_class=1
num_tree_per_iteration=1
label_index=0
max_feature_idx=13
objective=binary sigmoid:1
feature_names=c_table_1.c_2 c_table_1.c_3 c_table_1.c_5 n_table_1.n_3 n_table_1.n_10 n_table_1.n_12 n_table_1.n_15 n_table_1.n_16 n_table_1.n_17 n_table_1.n_18 n_table_1.n_19 n_table_1.n_26 n_table_1.n_27 c_table_2.c_4
feature_infos=49:0:5:3:8:19:33:31:47:159:129:39:41:26:141:36:21:78:84:6:74:88:176:90:29:189:30:106:75:110:57:65:77:28:73:197:89:107:155:43:147:40:46:67:69:146:167:10:66:101:11:99:2:48:200:12:13:71:9:60:140:198:52:85:93:154:17:32:34:50:58:64:83:100:117:148:161:175:196:4:59:72:87:91:95:187:20:35:56:98:102:111:116:120:128:144:168:179:185:1:25:42:55:76:92:94:104:112:126:139:162:164:190:15:18:37:51:115:118:127:133:149:158:169:180:182:191:194:203 46:0:74:18:55:6:64:102:68:3:87:45:36:37:84:147:5:48:121:81:86:22:181:10:2:16:92:52:71:56:79:148:109:101:115:169:42:98:19:95:93:188:27:40:114:126:135:53:151:62:106:150:9:33:39:54:94:123:11:14:30:213:8:70:130:146:154:207:23:24:72:120:155:80:100:118:158:166:186:187:200:210:211:34:89:201:1:75:82:111:119:153:163:191:208:20:21:29:58:61:66:116:162:174:183:185:197:212:13:41:43:49:83:85:107:117:127:134:167:170:176:190:193:50:63:78:88:97:122:136:137:168:175:182:203:217:218 2:0:7:8:9:3:10:1:6:17:20:4:22:26:25:12:47:14:5:33:29:11:18:42:24:16:41:19:31:38:13:30:36:43:54:55 [1:175] [1:68.5] [1:8524] [1:263222] [1:249100] [1:418837] [1:574087] [1:1285890] [1:121640] [1:151] 18:0:70:6:20:32:21:40:12:38:10:4:9:46:78:27:60:23:31:7:59:67:11:24:68:107:93:16:55:49:81:131:48:30:72:114:90:51:66:101:104:119:87:15:5:29:111:82:96:89:14:88:100:41:79:80:28:97:113:1:8:33:35:39:61:98:108:120:140:17:45:50:91:25:64:105:106:133:13:19:26:37:42:54:58:69:71:83:95:99:102:118:148
tree_sizes=560 669 871 660 735 728 796 768 712 732 754 694 702 725 726 619 705 707 782 843 620 634 855 690 693 643 684 709 708 709 608

Tree=0
num_leaves=6
num_cat=0
split_feature=10 3 6 3 10
split_gain=26.7446 3.29285 2.20351 2.02921 0.367066
threshold=119585.00000000001 16.000000000000004 154.75000000000003 36.250000000000007 279025.00000000006
decision_type=2 2 2 2 2
left_child=1 2 -1 -3 -2
right_child=4 3 -4 -5 -6
leaf_value=-3.2655040714767454 -2.8058087576662496 -3.4345524913996703 -3.135250532090863 -3.2653467412337238 -2.9958148907204696
leaf_count=1147 183 309 287 286 188
internal_value=0 -0.191256 -0.0495156 -0.512112 1.29913
internal_count=2400 2029 1434 595 371
shrinkage=1


Tree=1
num_leaves=6
num_cat=3
split_feature=1 9 13 1 10
split_gain=15.7798 27.0767 2.41327 2.57943 1.7688
threshold=0 36334.750000000007 1 2 19898.500000000004
decision_type=5 2 5 5 2
left_child=-1 2 -2 -4 -5
right_child=1 -3 3 4 -6
leaf_value=-0.1532707062823582 0.083130376039720219 0.41016568532440717 -0.065403004027860229 0.13927116513708832 -0.022620595185004106
leaf_count=539 197 271 925 260 208
internal_value=0 0.255614 -0.00881136 -0.104289 0.156984
internal_count=2400 1861 1590 1393 468
cat_boundaries=0 6 9 15
cat_threshold=263244 8413184 281052289 8192 524288 512 1082393152 402653184 536870984 4194305 16777248 0 64 1048576 2097152
shrinkage=0.262908


Tree=2
num_leaves=9
num_cat=3
split_feature=1 7 1 3 7 13 5 11
split_gain=13.7819 19.3521 5.10437 3.61981 1.8331 0.3586 0.340784 0.120776
threshold=0 21735.250000000004 1 16.000000000000004 293.50000000000006 2 51.250000000000007 247.75000000000003
decision_type=5 2 5 2 2 5 2 2
left_child=7 2 -2 4 5 -4 -5 -1
right_child=1 -3 3 6 -6 -7 -8 -9
leaf_value=-0.25548242640269558 0.13497318923654456 0.44338460486199399 -0.028148021250606139 -0.18213583363205305 0.1302919231708691 0.01429205416930805 -0.069164631745399163 -0.13990009817562343
leaf_count=419 185 113 611 205 150 443 138 136
internal_value=0 0.204299 0.0462684 -0.0872559 0.0396103 -0.0464511 -0.525979 -0.578716
internal_count=2400 1845 1732 1547 1204 1054 343 555
cat_boundaries=0 6 10 11
cat_threshold=1100 25190400 281019521 1107828736 524288 2097664 589824 1115152 537919488 262208 1
shrinkage=0.262908


Tree=3
num_leaves=6
num_cat=3
split_feature=0 6 1 0 6
split_gain=10.0904 17.0399 4.14121 1.83913 1.8488
threshold=0 47280.250000000007 1 2 2426.5000000000005
decision_type=5 2 5 5 2
left_child=-1 2 -2 -4 -5
right_child=1 -3 3 4 -6
leaf_value=-0.1263849798132318 0.12013813356196448 0.42848073932223341 0.013007440382963645 -0.19349672700196549 -0.024747367123470879
leaf_count=548 153 97 1103 286 213
internal_value=0 0.180739 0.0341337 -0.0856626 -0.276691
internal_count=2400 1852 1755 1602 499
cat_boundaries=0 7 11 14
cat_threshold=3290431808 131074 84951040 16384 134750210 536936448 32 4194336 1114160 538050560 32 268959745 33424 8
shrinkage=0.262908


Tree=4
num_leaves=7
num_cat=3
split_feature=0 1 3 3 8 13
split_gain=7.68112 7.59043 7.58336 3.97575 2.22173 0.941554
threshold=0 1 25.750000000000004 36.250000000000007 90.250000000000014 2
decision_type=5 5 2 2 2 5
left_child=-1 4 -3 -4 5 -2
right_child=1 2 3 -5 -6 -7
leaf_value=-0.12899229987951424 -0.043613837433633409 0.28174513793204192 -0.10485252402256892 0.12679688033670475 -0.17439241832163649 0.025636631401838316
leaf_count=430 620 253 163 232 246 456
internal_value=0 0.129961 0.425167 0.117784 -0.143879 -0.0625371
internal_count=2400 1970 648 395 1322 1076
cat_boundaries=0 7 13 14
cat_threshold=3290432832 2 84951040 16384 134750208 536936448 32 263241 25190400 2147484801 8192 1048576 2097152 1
shrinkage=0.262908


Tree=5
num_leaves=7
num_cat=2
split_feature=13 0 7 12 7 7
split_gain=7.31572 7.04818 5.73723 2.74568 2.56976 4.35216
threshold=0 1 42425.500000000007 10.750000000000002 87.250000000000014 1600.7500000000002
decision_type=5 5 2 2 2 2
left_child=-1 -2 3 4 -3 -6
right_child=1 2 -4 -5 5 -7
leaf_value=-0.14343554493914742 -0.10794455791195749 0.022543595568685293 0.28222694806247883 -0.076591302404911119 0.3016114231157333 0.026819379013264956
leaf_count=286 402 1061 65 228 151 207
internal_value=0 0.0944372 0.22707 0.152906 0.249175 0.566651
internal_count=2400 2114 1712 1647 1419 358
cat_boundaries=0 3 10
cat_threshold=137369728 134218049 147472 3290432576 131074 84951040 17408 134225920 536870912 32
shrinkage=0.262908


Tree=6
num_leaves=8
num_cat=3
split_feature=13 0 6 2 5 5 9
split_gain=6.38551 5.28308 3.6621 3.39187 5.58102 2.59725 0.36548
threshold=0 1 51703.000000000007 2 120.25000000000001 6.2500000000000009 313.00000000000006
decision_type=5 5 2 5 2 2 2
left_child=-1 -2 3 5 6 -3 -5
right_child=1 2 -4 4 -6 -7 -8
leaf_value=-0.14055109105931501 -0.10364455530052052 0.021590038563008611 0.19488122120884332 0.042779321203621344 0.27861702199595328 -0.16543888393941766 -0.015865099448255409
leaf_count=314 368 240 109 872 128 230 139
internal_value=0 0.0666819 0.173929 0.100909 0.227838 -0.2001 0.111027
internal_count=2400 2086 1718 1609 1139 470 1011
cat_boundaries=0 3 10 11
cat_threshold=154146944 134218049 603996176 3290432576 514 84951040 16384 134225922 536870912 32 4343116
shrinkage=0.262908


Tree=7
num_leaves=8
num_cat=2
split_feature=0 3 3 9 3 9 2
split_gain=2.87783 1.92989 2.79516 2.70408 1.71433 1.239 0.4769
threshold=0 25.750000000000004 36.250000000000007 11583.250000000002 40.750000000000007 36539.500000000007 1
decision_type=5 2 2 2 2 2 5
left_child=5 3 -3 6 -4 -1 -2
right_child=1 2 4 -5 -6 -7 -8
leaf_value=-0.200892502294408 -0.012560792463155895 -0.15695815996289758 0.11148670779831633 0.13782419215855729 -0.057465105980744259 -0.040270310607579858 0.038629871867788226
leaf_count=399 993 267 142 160 159 156 124
internal_value=0 0.0278219 -0.193033 0.13946 0.0657774 -0.346103 0.00521665
internal_count=2400 1845 568 1277 301 555 1117
cat_boundaries=0 5 6
cat_threshold=3290431816 33686018 84951040 16384 134750208 1601
shrinkage=0.262908


Tree=8
num_leaves=7
num_cat=3
split_feature=13 1 2 10 10 9
split_gain=5.14746 5.31442 2.28554 1.76404 0.975323 0.600881
threshold=0 1 2 1.7500000000000002 86419.000000000015 40406.500000000007
decision_type=5 5 5 2 2 2
left_child=-1 -2 4 -4 -3 -5
right_child=1 2 3 5 -6 -7
leaf_value=0.099925088792610542 0.081605812499692981 -0.023394786230709275 -0.061596822611441546 -0.20105852276795652 0.10278648702958861 -0.094835982496944929
leaf_count=273 230 224 888 500 92 193
internal_value=0 -0.153724 -0.263815 -0.359345 0.0857151 -0.61593
internal_count=2400 2127 1897 1581 316 693
cat_boundaries=0 3 7 9
cat_threshold=2156136016 268451840 264 4259872 1115168 537919488 33554496 5374336 32768
shrinkage=0.262908


Tree=9
num_leaves=8
num_cat=1
split_feature=6 12 5 6 5 6 2
split_gain=2.24688 4.15666 1.67465 4.45799 3.43533 2.54844 0.54118
threshold=104714.00000000001 34.000000000000007 6.2500000000000009 1342.7500000000002 170.50000000000003 20297.500000000004 0
decision_type=2 2 2 2 2 2 5
left_child=1 2 3 6 -4 -6 -1
right_child=-2 -3 4 -5 5 -7 -8
leaf_value=0.010970830427347148 0.12573979796802723 -0.18358489465075717 -0.15608112350720246 0.19937282168503989 0.14166147252624256 -0.068036479925100687 -0.04269100625359009
leaf_count=991 92 252 342 125 137 149 312
internal_value=0 -0.0786238 0 0.10993 -0.200778 0.112646 -0.0241337
internal_count=2400 2308 2056 1428 628 286 1303
cat_boundaries=0 1
cat_threshold=321
shrinkage=0.262908


Tree=10
num_leaves=7
num_cat=2
split_feature=0 1 6 5 5 8
split_gain=3.40952 2.30844 2.89472 5.0966 1.94363 1.34603
threshold=0 1 2328.2500000000005 282.25000000000006 1502.5000000000002 12.250000000000002
decision_type=5 5 2 2 2 2
left_child=-1 -2 5 -4 -5 -3
right_child=1 2 3 4 -6 -7
leaf_value=-0.096654423076991638 -0.069703136934594956 0.0167345356007963 0.22689689074938246 -0.078747611607575929 0.096785393309548273 -0.10580546753771433
leaf_count=424 326 1044 214 122 67 203
internal_value=0 0.063467 0.132343 0.394246 0.00585395 -0.0120393
internal_count=2400 1976 1650 403 189 1247
cat_boundaries=0 7 13
cat_threshold=3290432576 33554434 84953088 17408 2148007936 536936448 32 263240 27271184 2147484816 8192 524288 2097152
shrinkage=0.262908


Tree=11
num_leaves=7
num_cat=2
split_feature=1 0 7 10 5 9
split_gain=2.95626 2.9344 2.18827 1.70661 2.21515 1.70438
threshold=0 1 548.50000000000011 14768.500000000002 360.25000000000006 36539.500000000007
decision_type=5 5 2 2 2 2
left_child=-1 2 -2 -3 5 -5
right_child=1 3 -4 4 -6 -7
leaf_value=0.087596988541054993 -0.0072991928925143753 -0.19323371137700551 0.13420152440786534 -0.065614569372563047 -0.14203416404490454 0.090906502988285731
leaf_count=133 1079 434 165 245 212 132
internal_value=0 -0.108982 0.0645471 -0.281444 -0.220542 0
internal_count=2400 2267 1244 1023 589 377
cat_boundaries=0 4 7
cat_threshold=4259840 1114112 0 262208 268960001 33424 33555978
shrinkage=0.262908


Tree=12
num_leaves=7
num_cat=2
split_feature=1 0 6 12 7 10
split_gain=2.61219 1.99964 2.39359 3.36033 1.34563 0.874246
threshold=0 1 6535.0000000000009 4.7500000000000009 95.500000000000014 63418.750000000007
decision_type=5 5 2 2 2 2
left_child=5 4 -3 -4 -2 -1
right_child=1 2 3 -5 -6 -7
leaf_value=0.18096638070561313 -0.0099878043976856824 -0.17958427192943555 0.052793150127974621 -0.15485585115632744 0.10147995456689664 0.034859639624199114
leaf_count=150 1045 583 248 169 144 61
internal_value=0 -0.106324 -0.263239 -0.114505 0.0388246 0.263621
internal_count=2400 2189 1000 417 1189 211
cat_boundaries=0 4 7
cat_threshold=4784128 1115136 537919488 262240 524545 33296 1546
shrinkage=0.262908


Tree=13
num_leaves=7
num_cat=1
split_feature=0 6 6 5 9 5
split_gain=2.21426 0.906029 1.835 1.52414 0.458412 0.118966
threshold=0 47280.250000000007 13643.500000000002 170.50000000000003 1282.0000000000002 86.500000000000014
decision_type=5 2 2 2 2 2
left_child=5 2 3 4 -2 -1
right_child=1 -3 -4 -5 -6 -7
leaf_value=-0.068100053690921578 0.015899355932414986 0.078406407242493661 -0.11741742305470569 0.1287827865582104 -0.045046836880843023 -0.15376611154336661
leaf_count=250 1184 127 150 121 316 252
internal_value=0 0.0565273 0.00872346 0.0756354 0.00423198 -0.279071
internal_count=2400 1898 1771 1621 1500 502
cat_boundaries=0 6
cat_threshold=3290431808 33554434 84962304 16384 2282225666 536870912
shrinkage=0.262908


Tree=14
num_leaves=7
num_cat=2
split_feature=13 0 7 7 7 3
split_gain=5.25161 2.73729 1.06395 3.12144 1.51577 0.42646
threshold=0 1 19.750000000000004 1600.7500000000002 42425.500000000007 27.250000000000004
decision_type=5 5 2 2 2 2
left_child=-1 -2 -3 -4 5 -5
right_child=1 2 3 4 -6 -7
leaf_value=-0.11955833014228455 -0.074898601943022294 0.012652288930118527 0.19862127074306771 0.027568363934364803 0.10980552598458168 -0.051540344952086994
leaf_count=380 324 1098 214 125 62 197
internal_value=0 0.0905418 0.162184 0.302901 0.103992 -0.0646016
internal_count=2400 2020 1696 598 384 322
cat_boundaries=0 3 10
cat_threshold=1227888768 321 604127312 2216690752 130 84942848 16384 134217730 536870912 32
shrinkage=0.262908


Tree=15
num_leaves=6
num_cat=1
split_feature=1 3 5 9 9
split_gain=1.83029 2.67803 1.99899 1.27325 1.11464
threshold=0 25.750000000000004 170.50000000000003 36539.500000000007 202.00000000000003
decision_type=5 2 2 2 2
left_child=-1 3 -3 4 -2
right_child=1 2 -4 -5 -6
leaf_value=0.055716060554000912 0.0038374288123941883 -0.19744772821216622 -0.028462675736783453 0.084707442763453253 -0.090038964956118114
leaf_count=259 1061 424 249 139 268
internal_value=0 -0.101062 -0.412166 0 -0.0677879
internal_count=2400 2141 673 1468 1329
cat_boundaries=0 4
cat_threshold=4522016 1115136 537919488 262208
shrinkage=0.262908


Tree=16
num_leaves=7
num_cat=2
split_feature=13 0 5 7 5 5
split_gain=3.55069 2.77642 2.02499 1.35478 1.15112 0.430532
threshold=0 1 643.75000000000011 241.00000000000003 7.7500000000000009 170.50000000000003
decision_type=5 5 2 2 2 2
left_child=-1 5 3 -3 -5 -2
right_child=1 2 -4 4 -6 -7
leaf_value=0.099173840740583954 0.018964807000469264 -0.071278697704514157 -0.17785993565989469 0.096198954182578622 -0.032221072382644267 0.10900920257270326
leaf_count=167 320 1162 137 110 343 161
internal_value=0 -0.103984 -0.203293 -0.153559 0.0516269 0.174448
internal_count=2400 2233 1752 1615 453 481
cat_boundaries=0 3 9
cat_threshold=2147746368 0 264 805830952 163840 33554954 0 2 65536
shrinkage=0.262908


Tree=17
num_leaves=7
num_cat=2
split_feature=13 13 6 6 5 7
split_gain=3.36501 2.16607 4.09928 1.94863 2.76601 1.07548
threshold=0 1 2558.5000000000005 2426.5000000000005 16.750000000000004 16913.500000000004
decision_type=5 5 2 2 2 2
left_child=-1 3 -3 -2 -5 -6
right_child=1 2 -4 4 5 -7
leaf_value=-0.10731852778338986 -0.065023681473215481 0.18603596603679212 -0.02223169444158667 0.16448108007204551 -0.079062136452378681 0.036543751984764276
leaf_count=282 992 408 187 100 271 160
internal_value=0 0.0686703 0.265165 -0.0466002 0.124055 -0.0595471
internal_count=2400 2118 595 1523 531 431
cat_boundaries=0 3 7
cat_threshold=154146944 321 147472 1073741841 134873088 603979776 2048
shrinkage=0.262908


Tree=18
num_leaves=8
num_cat=2
split_feature=13 13 10 6 5 6 11
split_gain=2.83652 1.22384 3.029 0.988218 3.33977 0.986173 3.05757
threshold=0 1 2269.0000000000005 1342.7500000000002 6.2500000000000009 11851.000000000002 313.75000000000006
decision_type=5 5 2 2 2 2 2
left_child=-1 3 -3 -2 -5 -6 -7
right_child=1 2 -4 4 5 6 -8
leaf_value=-0.10012106883863016 -0.047660053521856288 0.16438332256799729 -0.01447306958699183 0.16173216412976127 0.044871384961522799 -0.18697929498048929 0.039481820550242283
leaf_count=303 999 280 238 94 189 171 126
internal_value=0 0.0520358 0.202088 -0.0327314 0.0812055 -0.116915 -0.263193
internal_count=2400 2097 518 1579 580 486 297
cat_boundaries=0 3 7
cat_threshold=154146960 321 147472 1073741825 403308544 603979840 2048
shrinkage=0.262908


Tree=19
num_leaves=9
num_cat=2
split_feature=13 13 9 7 5 7 7 9
split_gain=2.80219 0.697678 0.822492 1.8182 1.63583 1.23567 1.15774 0.510926
threshold=0 1 36539.500000000007 1600.7500000000002 272.50000000000006 202.75000000000003 38517.250000000007 164.50000000000003
decision_type=5 5 2 2 2 2 2 2
left_child=-1 -2 3 5 -4 7 -6 -3
right_child=1 2 4 -5 6 -7 -8 -9
leaf_value=-0.10388869311368962 0.057785160997019261 -0.031174370136670324 0.14257094381163521 -0.11817853659637828 -0.074768137250236136 0.10225125560656596 0.065651865821504701 0.044341001471061688
leaf_count=322 128 977 114 286 158 132 73 210
internal_value=0 0.0427163 -0 -0.07004 0.159428 0.0168001 -0.0191059 -0.0555917
internal_count=2400 2078 1950 1605 345 1319 231 1187
cat_boundaries=0 4 7
cat_threshold=154146944 321 604127248 2048 2147745856 0 256
shrinkage=0.262908


Tree=20
num_leaves=6
num_cat=1
split_feature=1 9 4 9 11
split_gain=1.47481 0.643583 2.57857 1.43542 0.608313
threshold=0 40406.500000000007 1.7500000000000002 1264.7500000000002 36.250000000000007
decision_type=5 2 2 2 2
left_child=-1 3 -3 -2 -5
right_child=1 2 -4 4 -6
leaf_value=-0.068230505293154636 0.023719853394686623 0.11979698833401274 -0.061270449330364171 -0.10390392659965607 -0
leaf_count=435 1200 168 93 350 154
internal_value=0 0.032945 0.183843 -0.0168153 -0.250065
internal_count=2400 1965 261 1704 504
cat_boundaries=0 6
cat_threshold=524396 8396816 2156004369 1073750016 0 2097152
shrinkage=0.262908


Tree=21
num_leaves=6
num_cat=3
split_feature=1 1 2 6 7
split_gain=1.54295 0.772535 0.675065 1.2675 0.983432
threshold=0 1 2 7099.0000000000009 4660.7500000000009
decision_type=5 5 5 2 2
left_child=-1 -2 3 -3 -4
right_child=1 2 4 -5 -6
leaf_value=-0.073594391759660441 0.05060637014527733 -0.0058316495198765753 -0.11131037705790407 0.10158802462349384 0
leaf_count=473 251 1084 311 113 168
internal_value=0 0.0290734 -0.0198882 0.0470419 -0.135643
internal_count=2400 1927 1676 1197 479
cat_boundaries=0 6 10 11
cat_threshold=1100 10493968 2424439953 1074274304 0 2097152 4259840 1130496 537919488 262208 1050001
shrinkage=0.262908


Tree=22
num_leaves=9
num_cat=2
split_feature=13 5 5 9 10 13 10 5
split_gain=2.31263 0.993938 2.2257 0.927986 0.862612 0.81561 0.798421 0.432859
threshold=0 6.2500000000000009 170.50000000000003 67454.500000000015 586.00000000000011 1 16618.750000000004 1502.5000000000002
decision_type=5 2 2 2 2 5 2 2
left_child=-1 4 -3 -4 5 -2 -6 -5
right_child=1 2 3 7 6 -7 -8 -9
leaf_value=-0.093746867057823036 -0.024351762095544974 -0.11966201522515847 0.093493853048419395 -0.057317612215485966 0.15171248403596263 0.041451992058346855 0.02298329659830815 0.028028899453288451
leaf_count=334 677 357 191 138 219 298 106 80
internal_value=0 0.0404654 -0.084163 0.0888489 0.139636 0.0344895 0.329012 -0.0517723
internal_count=2400 2066 766 409 1300 975 325 218
cat_boundaries=0 3 5
cat_threshold=154146960 134218049 67256336 2147483649 268435456
shrinkage=0.262908


Tree=23
num_leaves=7
num_cat=2
split_feature=1 2 9 7 11 7
split_gain=1.26869 0.992596 0.875643 0.781449 0.990647 0.566302
threshold=0 1 42301.000000000007 19.750000000000004 36.250000000000007 42425.500000000007
decision_type=5 5 2 2 2 2
left_child=-1 2 -2 -3 -5 -6
right_child=1 3 -4 4 5 -7
leaf_value=-0.065917371668129984 -0.11380874900459542 0 0.0021844808878139933 0.12845060132401706 -0.025510219942936219 0.065965876895600614
leaf_count=526 314 1095 81 177 153 54
internal_value=0 0.0265335 -0.141 0.0869463 0.231566 0.0649676
internal_count=2400 1874 395 1479 384 207
cat_boundaries=0 6 7
cat_threshold=263276 10493968 2424308881 1074274304 0 2097152 105005720
shrinkage=0.262908


Tree=24
num_leaves=7
num_cat=3
split_feature=1 0 2 5 9 9
split_gain=1.06784 0.838447 1.19474 0.700146 0.6275 0.537561
threshold=0 1 2 170.50000000000003 33815.500000000007 912.25000000000011
decision_type=5 5 5 2 2 2
left_child=-1 3 5 -2 -4 -3
right_child=1 2 4 -5 -6 -7
leaf_value=-0.059932485438415631 0.012081498971880154 0 -0.14575156244996207 0.136216010163838 -0.030334563645230649 0.065175344156900947
leaf_count=468 190 1062 267 74 115 224
internal_value=0 0.0232403 -0.0324226 0.180566 -0.204782 0.0535205
internal_count=2400 1932 1668 264 382 1286
cat_boundaries=0 6 9 10
cat_threshold=1100 10494992 2424439937 1074274336 0 2097152 805830944 163840 33563138 839
shrinkage=0.262908


Tree=25
num_leaves=6
num_cat=1
split_feature=8 1 7 7 6
split_gain=0.874503 1.05087 1.33987 0.948754 1.16879
threshold=61264.000000000007 0 7072.7500000000009 1102.0000000000002 557.50000000000011
decision_type=2 5 2 2 2
left_child=1 -1 3 4 -3
right_child=-2 2 -4 -5 -6
leaf_value=-0.04881403557149773 -0.073582949273027665 -0.0016392828585906523 0.10757589339751611 -0.081919121461642597 0.10253629751691348
leaf_count=441 152 1220 178 242 167
internal_value=0 0.00759938 0.0649787 0.00796681 0.0649609
internal_count=2400 2248 1807 1629 1387
cat_boundaries=0 6
cat_threshold=1068 10493984 2424438929 1107304480 0 2097152
shrinkage=0.262908


Tree=26
num_leaves=7
num_cat=2
split_feature=0 6 5 2 7 10
split_gain=0.78574 1.14885 1.46353 1.0394 0.593095 0.442334
threshold=0 2328.2500000000005 6.2500000000000009 1 38517.250000000007 4.7500000000000009
decision_type=5 2 2 5 2 2
left_child=3 -2 -3 5 -4 -1
right_child=1 2 4 -5 -6 -7
leaf_value=0.00020845800876424881 -0.13658825787021725 0.068121318269744199 -0.096219292962705885 0.058233817198443817 -0 -0.064308491827052339
leaf_count=952 402 73 338 279 103 253
internal_value=0 -0.128855 -0.0593854 0.0460837 -0.224116 -0.0391556
internal_count=2400 916 514 1484 441 1205
cat_boundaries=0 5 6
cat_threshold=805830945 163984 33563146 0 2147483650 4342277
shrinkage=0.262908


Tree=27
num_leaves=7
num_cat=1
split_feature=0 3 3 10 12 8
split_gain=0.827879 0.616289 1.22722 0.76868 0.70133 0.491119
threshold=0 25.750000000000004 36.250000000000007 691.75000000000011 17.500000000000004 19930.000000000004
decision_type=5 2 2 2 2 2
left_child=-1 3 -3 -2 -4 -5
right_child=1 2 4 5 -6 -7
leaf_value=-0.055327526223985568 -0.00083459652737824736 -0.11388274089069905 -0.033316266762591973 0.089701310754099817 0.072548347164611601 0
leaf_count=423 992 297 192 274 129 93
internal_value=0 0.0240638 -0.10469 0.0874183 0.0425419 0.233534
internal_count=2400 1977 618 1359 321 367
cat_boundaries=0 7
cat_threshold=3290432584 33554434 84953088 16384 134742016 536870912 32
shrinkage=0.262908


Tree=28
num_leaves=7
num_cat=2
split_feature=13 1 7 9 11 3
split_gain=1.47859 1.12502 1.26905 1.03532 0.944475 1.35816
threshold=0 1 263.50000000000006 1282.0000000000002 1.7500000000000002 1.7500000000000002
decision_type=5 5 2 2 2 2
left_child=1 2 -1 -2 -3 -6
right_child=3 4 -4 -5 5 -7
leaf_value=0.021251889862031199 -0.013912962583725558 -0.082705102055132318 0.13816131088828096 -0.12868924195752157 0.090462089934118764 -0.051757379337479127
leaf_count=726 446 360 164 334 139 231
internal_value=0 0.0633739 0.172212 -0.189163 -0.0691528 0.0449505
internal_count=2400 1620 890 780 730 370
cat_boundaries=0 3 7
cat_threshold=2147747393 268435456 264 4194305 81952 1180688 33554496
shrinkage=0.262908


Tree=29
num_leaves=7
num_cat=2
split_feature=13 0 11 8 9 9
split_gain=1.15249 1.61439 0.89301 0.297115 0.162857 0.118752
threshold=0 1 148.75000000000003 943.75000000000011 36539.500000000007 36334.750000000007
decision_type=5 5 2 2 2 2
left_child=-1 4 3 -3 -2 -5
right_child=1 2 -4 5 -6 -7
leaf_value=0.046257908049395294 0.025223816578924165 -0.043433635206897629 -0.11961813117170644 0.026174288887255412 0.094077297929415257 -0.020443913322820188
leaf_count=233 328 1178 220 236 119 86
internal_value=0 -0.0735879 -0.153858 -0.112562 0.147032 0
internal_count=2400 2167 1720 1500 447 322
cat_boundaries=0 3 9
cat_threshold=2156136000 268435456 264 805830952 163840 33554434 0 2 65536
shrinkage=0.262908


Tree=30
num_leaves=6
num_cat=1
split_feature=2 6 5 6 10
split_gain=0.838808 0.436176 0.293692 0.942483 0.629463
threshold=0 25779.250000000004 262.75000000000006 5305.7500000000009 2353.0000000000005
decision_type=5 2 2 2 2
left_child=1 -1 3 4 -2
right_child=2 -3 -4 -5 -6
leaf_value=-0.087685530682358431 0.023920971280465702 -0.0065995628526487448 -0.018410131749518135 0.1091148715713048 -0.057092669511952882
leaf_count=430 1188 195 223 163 201
internal_value=0 -0.141926 0.0519037 0.0956363 0.0304336
internal_count=2400 625 1775 1552 1389
cat_boundaries=0 1
cat_threshold=72482830
shrinkage=0.262908


end of trees

feature importances:
n_table_1.n_12=23
n_table_1.n_16=22
n_table_1.n_15=20
n_table_1.n_18=20
c_table_1.c_3=18
c_table_2.c_4=18
c_table_1.c_2=16
n_table_1.n_3=13
n_table_1.n_19=13
c_table_1.c_5=9
n_table_1.n_26=6
n_table_1.n_17=5
n_table_1.n_27=4
n_table_1.n_10=1

parameters:
[boosting: gbdt]
[objective: binary]
[metric: auc]
[tree_learner: serial]
[device_type: cpu]
[data: ]
[valid: ]
[num_iterations: 100]
[learning_rate: 0.262908]
[num_leaves: 10]
[num_threads: 4]
[max_depth: 6]
[min_data_in_leaf: 20]
[min_sum_hessian_in_leaf: 6.70971]
[bagging_fraction: 0.6]
[bagging_freq: 66]
[bagging_seed: 3]
[feature_fraction: 0.6]
[feature_fraction_seed: 2]
[early_stopping_round: 0]
[max_delta_step: 0]
[lambda_l1: 0.205133]
[lambda_l2: 0.672511]
[min_gain_to_split: 0]
[drop_rate: 0.1]
[max_drop: 50]
[skip_drop: 0.5]
[xgboost_dart_mode: 0]
[uniform_drop: 0]
[drop_seed: 4]
[top_rate: 0.2]
[other_rate: 0.1]
[min_data_per_group: 100]
[max_cat_threshold: 32]
[cat_l2: 10]
[cat_smooth: 10]
[max_cat_to_onehot: 4]
[top_k: 20]
[monotone_constraints: ]
[feature_contri: ]
[forcedsplits_filename: ]
[refit_decay_rate: 0.9]
[verbosity: -1]
[max_bin: 255]
[min_data_in_bin: 3]
[bin_construct_sample_cnt: 200000]
[histogram_pool_size: -1]
[data_random_seed: 1]
[output_model: LightGBM_model.txt]
[snapshot_freq: -1]
[input_model: ]
[output_result: LightGBM_predict_result.txt]
[initscore_filename: ]
[valid_data_initscores: ]
[pre_partition: 0]
[enable_bundle: 1]
[max_conflict_rate: 0]
[is_enable_sparse: 1]
[sparse_threshold: 0.8]
[use_missing: 1]
[zero_as_missing: 0]
[two_round: 0]
[save_binary: 0]
[enable_load_from_binary_file: 1]
[header: 0]
[label_column: ]
[weight_column: ]
[group_column: ]
[ignore_column: ]
[categorical_feature: ]
[predict_raw_score: 0]
[predict_leaf_index: 0]
[predict_contrib: 0]
[num_iteration_predict: -1]
[pred_early_stop: 0]
[pred_early_stop_freq: 10]
[pred_early_stop_margin: 10]
[convert_model_language: ]
[convert_model: gbdt_prediction.cpp]
[num_class: 1]
[is_unbalance: 0]
[scale_pos_weight: 1]
[sigmoid: 1]
[boost_from_average: 1]
[reg_sqrt: 0]
[alpha: 0.9]
[fair_c: 1]
[poisson_max_delta_step: 0.7]
[tweedie_variance_power: 1.5]
[max_position: 20]
[label_gain: ]
[metric_freq: 1]
[is_provide_training_metric: 0]
[eval_at: ]
[num_machines: 1]
[local_listen_port: 12400]
[time_out: 120]
[machine_list_filename: ]
[machines: ]
[gpu_platform_id: -1]
[gpu_device_id: -1]
[gpu_use_dp: 0]

end of parameters

pandas_categorical:[[0, 1, 2, 3, 4, 5, 6, 7, 8, 9, 10, 11, 12, 13, 14, 15, 16, 17, 18, 19, 20, 21, 22, 23, 24, 25, 26, 27, 28, 29, 30, 31, 32, 33, 34, 35, 36, 37, 38, 39, 40, 41, 42, 43, 44, 45, 46, 47, 48, 49, 50, 51, 52, 53, 54, 55, 56, 57, 58, 59, 60, 61, 62, 63, 64, 65, 66, 67, 68, 69, 70, 71, 72, 73, 74, 75, 76, 77, 78, 79, 80, 81, 82, 83, 84, 85, 86, 87, 88, 89, 90, 91, 92, 93, 94, 95, 96, 97, 98, 99, 100, 101, 102, 103, 104, 105, 106, 107, 108, 109, 110, 111, 112, 113, 114, 115, 116, 117, 118, 119, 120, 121, 122, 123, 124, 125, 126, 127, 128, 129, 130, 131, 132, 133, 134, 135, 136, 137, 138, 139, 140, 141, 142, 143, 144, 145, 146, 147, 148, 149, 150, 151, 152, 153, 154, 155, 156, 157, 158, 159, 160, 161, 162, 163, 164, 165, 166, 167, 168, 169, 170, 171, 172, 173, 174, 175, 176, 177, 178, 179, 180, 181, 182, 183, 184, 185, 186, 187, 188, 189, 190, 191, 192, 193, 194, 195, 196, 197, 198, 199, 200, 201, 202, 203, 204, 205, 206], [0, 1, 2, 3, 4, 5, 6, 7, 8, 9, 10, 11, 12, 13, 14, 15, 16, 17, 18, 19, 20, 21, 22, 23, 24, 25, 26, 27, 28, 29, 30, 31, 32, 33, 34, 35, 36, 37, 38, 39, 40, 41, 42, 43, 44, 45, 46, 47, 48, 49, 50, 51, 52, 53, 54, 55, 56, 57, 58, 59, 60, 61, 62, 63, 64, 65, 66, 67, 68, 69, 70, 71, 72, 73, 74, 75, 76, 77, 78, 79, 80, 81, 82, 83, 84, 85, 86, 87, 88, 89, 90, 91, 92, 93, 94, 95, 96, 97, 98, 99, 100, 101, 102, 103, 104, 105, 106, 107, 108, 109, 110, 111, 112, 113, 114, 115, 116, 117, 118, 119, 120, 121, 122, 123, 124, 125, 126, 127, 128, 129, 130, 131, 132, 133, 134, 135, 136, 137, 138, 139, 140, 141, 142, 143, 144, 145, 146, 147, 148, 149, 150, 151, 152, 153, 154, 155, 156, 157, 158, 159, 160, 161, 162, 163, 164, 165, 166, 167, 168, 169, 170, 171, 172, 173, 174, 175, 176, 177, 178, 179, 180, 181, 182, 183, 184, 185, 186, 187, 188, 189, 190, 191, 192, 193, 194, 195, 196, 197, 198, 199, 200, 201, 202, 203, 204, 205, 206, 207, 208, 209, 210, 211, 212, 213, 214, 215, 216, 217, 218, 219, 220], [0, 1, 2, 3, 4, 5, 6, 7, 8, 9, 10, 11, 12, 13, 14, 15, 16, 17, 18, 19, 20, 21, 22, 23, 24, 25, 26, 27, 28, 29, 30, 31, 32, 33, 34, 35, 36, 37, 38, 39, 40, 41, 42, 43, 44, 45, 46, 47, 48, 49, 50, 51, 52, 53, 54, 55, 56], [0, 1, 2, 3, 4, 5, 6, 7, 8, 9, 10, 11, 12, 13, 14, 15, 16, 17, 18, 19, 20, 21, 22, 23, 24, 25, 26, 27, 28, 29, 30, 31, 32, 33, 34, 35, 36, 37, 38, 39, 40, 41, 42, 43, 44, 45, 46, 47, 48, 49, 50, 51, 52, 53, 54, 55, 56, 57, 58, 59, 60, 61, 62, 63, 64, 65, 66, 67, 68, 69, 70, 71, 72, 73, 74, 75, 76, 77, 78, 79, 80, 81, 82, 83, 84, 85, 86, 87, 88, 89, 90, 91, 92, 93, 94, 95, 96, 97, 98, 99, 100, 101, 102, 103, 104, 105, 106, 107, 108, 109, 110, 111, 112, 113, 114, 115, 116, 117, 118, 119, 120, 121, 122, 123, 124, 125, 126, 127, 128, 129, 130, 131, 132, 133, 134, 135, 136, 137, 138, 139, 140, 141, 142, 143, 144, 145, 146, 147, 148, 149, 150]]
