tree
version=v2
num_class=1
num_tree_per_iteration=1
label_index=0
max_feature_idx=17
objective=binary sigmoid:1
feature_names=c_table_1.c_1 c_table_1.c_2 n_table_1.n_3 c_table_1.c_6 n_table_1.n_5 n_table_1.n_9 n_table_1.n_10 n_table_1.n_11 n_table_1.n_12 n_table_1.n_15 n_table_1.n_16 n_table_1.n_17 n_table_1.n_18 n_table_1.n_19 n_table_1.n_20 n_table_1.n_26 c_table_2.c_5 n_table_2.n_14
feature_infos=1:0 2:0:6:10:16:17:29:9:7:24:13:37:14:15:12:11:18:45:33:19:56:63:60:26:73:38:3:55:54:64:4:70:83:20:22:34:30:21:36:39:58:65:68:74:35:47:71:57:114:1:32:44:59:134:31:53:78:139:8:48:81:85:94:111:119:27:28:42:69:82:90:92:104:105:106:115:128:144:23:46:49:50:52:75:79:80:98:103:116:122:25:40:43:72:86:93:96:97:99:107:112:118:127:129:133:146:152:164 [1:175] 1:0:2:3:4:7:8:9:13:5:6:10:11:12 [1:24272.5] [1:2481850] [1:70] [1:6121] [1:7070.5] [1:423494] [1:313693] [1:372140] [1:441384] [1:1178200] [1:18856] [1:121640] 1:0:6:7:9:10:15:11:4:14:12:2:13:5:16:22:3:8:18:17:20:23:19:28 [1:92.5]
tree_sizes=1402 1465 1381 1580 1608 1602 1200 1409 1379 1320 1423 1406 1746 1617 1564 1213 1438 1387 1539 1898 1610 1442 1418 1481 1743 1478 1164 1198 1807 1781

Tree=0
num_leaves=17
num_cat=1
split_feature=12 10 10 5 8 12 12 12 16 10 9 9 10 5 12 9
split_gain=30.2556 5.17769 6.35774 3.59505 1.6216 2.46927 2.47052 1.73367 1.69676 1.12892 2.02184 0.858523 0.396092 0.287522 0.198291 0.161773
threshold=15357.250000000002 154631.00000000003 8437.0000000000018 103111.00000000001 72.250000000000014 1555.0000000000002 296.50000000000006 829.00000000000011 0 3109.0000000000005 26372.500000000004 15989.500000000002 1834.7500000000002 400.00000000000006 1051.0000000000002 8405.5000000000018
decision_type=2 2 2 2 2 2 2 2 5 2 2 2 2 2 2 2
left_child=3 2 9 4 5 6 8 -8 -1 10 15 13 -10 -6 -9 -2
right_child=1 -3 -4 -5 11 -7 7 14 12 -11 -12 -13 -14 -15 -16 -17
leaf_value=-2.6096748735893756 -2.6178251095094844 -2.6383301463767208 -2.4881261839941451 -2.5618523503967561 -2.6178251095094844 -2.6838159505491528 -2.563658237294252 -2.6357411512491664 -2.6511062031598107 -2.6396848679362956 -2.5412800147145846 -2.5780588996057876 -2.6178251095094844 -2.6434462886423185 -2.6178251095094844 -2.6369197868210876
leaf_count=123 20 22 189 28 20 176 47 57 1136 23 29 35 27 26 21 21
internal_value=0 1.02794 1.17718 -0.280197 -0.313632 -0.343945 -0.26573 0.184035 -0.321042 0.125106 0.407155 0.112207 -0.343604 -0.0875627 -0.0873269 -0.0158428
internal_count=2000 304 282 1696 1668 1587 1411 125 1286 93 70 81 1163 46 78 41
cat_boundaries=0 1
cat_threshold=24068
shrinkage=1


Tree=1
num_leaves=19
num_cat=0
split_feature=12 12 11 5 4 11 4 13 8 11 13 13 9 13 11 12 11 8
split_gain=24.4752 3.96885 3.37594 3.23355 2.72023 2.22709 1.94275 1.91001 3.18797 2.04853 2.04656 1.72485 3.03618 0.766337 0.65518 0.498287 0.0471474 0.00801189
threshold=15357.250000000002 252045.50000000003 27220.750000000004 103111.00000000001 114.25000000000001 7160.5000000000009 25.750000000000004 7477.7500000000009 1.7500000000000002 154.00000000000003 4370.5000000000009 1189.7500000000002 10689.250000000002 36494.500000000007 14216.500000000002 577.75000000000011 22681.000000000004 239.50000000000003
decision_type=2 2 2 2 2 2 2 2 2 2 2 2 2 2 2 2 2 2
left_child=3 2 5 6 -4 -2 7 8 10 -10 15 -8 -13 -14 -7 -1 -16 -9
right_child=1 -3 4 -5 -6 14 11 17 9 -11 -12 12 13 -15 16 -17 -18 -19
leaf_value=-0.03076015855845713 0.074923188219228137 -0.0016923417681057355 0.13525030565278548 0.05227988275032433 0 -0.030302625237116444 0.051371071873827889 -0.067948997137394732 0.062970368274007593 -0.017319563525000237 0.030305653950180644 -0.052935313851589581 0.054310063130176646 -0 0.021817126466691494 0 0 -0
leaf_count=1185 36 40 118 28 23 30 40 142 52 20 29 69 28 21 20 59 37 23
internal_value=0 0.885529 1.04251 -0.260622 1.43358 0.335611 -0.293766 -0.339374 -0.265047 0.390772 -0.319166 0.0626355 -0.128751 0.393785 -0 -0.352371 0.170812 -0.764481
internal_count=2000 304 264 1696 141 123 1668 1510 1345 72 1273 158 118 49 87 1244 57 165
shrinkage=0.0831216


Tree=2
num_leaves=17
num_cat=1
split_feature=12 1 14 10 2 5 12 12 12 10 7 14 10 14 14 10
split_gain=20.4788 5.08871 4.04012 3.76582 3.70966 3.53133 2.26892 1.88438 1.43975 1.2553 0.973643 0.830352 1.31525 0.500251 0.499383 0.262237
threshold=15357.250000000002 0 4157.5000000000009 8437.0000000000018 33.250000000000007 103111.00000000001 2642.5000000000005 296.50000000000006 829.00000000000011 3109.0000000000005 131.50000000000003 274.00000000000006 2575.0000000000005 720.25000000000011 10632.250000000002 1083.2500000000002
decision_type=2 5 2 2 2 2 2 2 2 2 2 2 2 2 2 2
left_child=1 4 3 9 -1 6 7 13 -9 -2 14 -10 -13 -3 -4 -6
right_child=2 5 10 -5 15 -7 -8 8 11 -11 -12 12 -14 -15 -16 -17
leaf_value=0.085760297321136353 0.037298056106347587 -0.029719305292056613 -0.034930743562147516 0.11382173914756785 -0.024790157525895359 0.048845375895401354 -0.069599089022991834 0.046008038227268767 -0.030433028356022504 -0.021749342723451155 0.04011633219243637 0.054009428711728126 -0.017400572069218901 0 0 0
leaf_count=76 62 1197 34 131 27 28 166 40 77 23 22 20 22 23 32 20
internal_value=0 -0.242679 0.786742 1.03052 0.295107 -0.298912 -0.36706 -0.288557 0.0550216 0.152202 0 -0.118763 0.139727 -0.344618 -0.180259 -0.0894115
internal_count=2000 1696 304 216 123 1573 1545 1379 159 85 88 119 42 1220 66 47
cat_boundaries=0 2
cat_threshold=335872 2415919168
shrinkage=0.0831216


Tree=3
num_leaves=20
num_cat=2
split_feature=14 9 1 9 1 14 14 9 9 8 8 9 9 14 14 14 2 2 14
split_gain=14.4938 4.73009 4.38824 2.03405 0.884749 2.5436 0.655627 1.36936 2.62933 0.552367 0.693597 0.41718 0.466834 0.20505 0.602692 0.194977 0.0743052 0.101137 0.014282
threshold=547.75000000000011 11408.500000000002 0 152053.50000000003 1 91.750000000000014 10632.250000000002 41129.500000000007 30319.750000000004 6.2500000000000009 1.7500000000000002 6202.7500000000009 22168.000000000004 112.75000000000001 159.25000000000003 1.7500000000000002 33.250000000000007 42.250000000000007 274.00000000000006
decision_type=2 2 5 2 5 2 2 2 2 2 2 2 2 2 2 2 2 2 2
left_child=1 4 16 6 5 -1 7 8 11 10 13 -4 -13 15 -15 -6 -2 -18 -16
right_child=2 -3 3 -5 9 -7 -8 -9 -10 -11 -12 12 -14 14 18 -17 17 -19 -20
leaf_value=0.059443920407114492 -0.048934867542307241 0.076605888336181038 0.070798050137537302 -0 -0.023034618373841791 -0.021020209130070387 0 0.11074507689022745 -0.021955563934548668 -0.060076360778710376 0.002255912936311345 -0 0.038473747694237226 0.022305169128474401 -0.021899968358719751 -0.051767815055764166 0 -0.015399117397647674 -0
leaf_count=43 64 20 122 32 1020 64 32 84 24 98 32 66 29 23 66 105 20 22 34
internal_value=0 -0.259394 0.485573 0.54953 -0.302972 0.0607674 0.805913 0.855542 0.533684 -0.311917 -0.295912 0.666087 0.211757 -0.314814 -0.0186481 -0.335955 -0.211006 -0 -0.221534
internal_count=2000 1505 495 389 1485 107 357 325 241 1378 1280 217 95 1248 123 1125 106 42 100
cat_boundaries=0 2 5
cat_threshold=574464 25165856 17096704 8192 1
shrinkage=0.0831216


Tree=4
num_leaves=21
num_cat=0
split_feature=12 14 10 10 10 7 7 7 13 13 14 11 14 8 7 13 17 14 14 5
split_gain=14.8872 2.87442 5.79166 2.73162 2.6623 3.97412 2.95207 2.91454 1.20295 2.91832 1.88124 1.57194 1.84562 0.8246 0.439494 0.242715 0.30298 0.12855 0.0320411 0.0107833
threshold=15357.250000000002 556.75000000000011 4159.0000000000009 154631.00000000003 8437.0000000000018 43.750000000000007 7.7500000000000009 3.2500000000000004 5119.0000000000009 660.25000000000011 159.25000000000003 349.00000000000006 36.250000000000007 49.000000000000007 218.50000000000003 3.2500000000000004 1.7500000000000002 10632.250000000002 720.25000000000011 8131.7500000000009
decision_type=2 2 2 2 2 2 2 2 2 2 2 2 2 2 2 2 2 2 2 2
left_child=1 8 18 4 6 7 -2 -6 9 15 11 12 -11 -4 -12 16 -1 -9 -3 -10
right_child=3 2 13 -5 5 -7 -8 17 19 10 14 -13 -14 -15 -16 -17 -18 -19 -20 -21
leaf_value=-0.016285616437219499 0.056537219325747588 0 -0.052434580046690819 -0.018853909190330559 0.068455522588325851 0.13152817892886376 -0.032811776510822663 -0.013952540072974863 -0.061277653661900813 -0 -0.032855477241721276 -0.00091780287843580858 0.084982302462705786 0 0 -0.049899490750886157 -0.045382190460455364 0 0.062507166471586259 -0
leaf_count=961 39 21 80 22 57 62 54 38 111 21 36 28 54 23 55 100 90 32 91 25
internal_value=0 -0.213483 0.164766 0.64041 0.734391 0.940183 0.0419348 0.375423 -0.284056 -0.222917 0.175994 0.507529 0.745969 -0.45616 -0.150843 -0.308266 -0.251926 -0.0398857 0.692865 -0.678926
internal_count=2000 1696 215 304 282 189 93 127 1481 1345 194 103 75 103 91 1151 1051 70 112 136
shrinkage=0.0831216


Tree=5
num_leaves=21
num_cat=1
split_feature=12 16 8 10 10 12 10 13 4 2 4 4 4 11 11 13 4 4 13 8
split_gain=12.7558 4.34698 3.81475 2.37965 2.09056 1.71937 3.25555 1.96411 1.57839 0.998331 0.847291 0.802658 0.791933 0.528848 0.443228 0.433848 0.165815 0.106438 0.0416332 0.0259588
threshold=15357.250000000002 0 72.250000000000014 154631.00000000003 8437.0000000000018 1555.0000000000002 79.750000000000014 5119.0000000000009 22.750000000000004 30.250000000000004 80.500000000000014 27.250000000000004 72.250000000000014 217.00000000000003 62.500000000000007 29643.250000000004 6.2500000000000009 61.750000000000007 73.750000000000014 4.7500000000000009
decision_type=2 5 2 2 2 2 2 2 2 2 2 2 2 2 2 2 2 2 2 2
left_child=1 2 5 4 8 6 9 -8 -2 16 -10 19 -13 14 -3 -4 18 -7 -1 -6
right_child=3 13 15 -5 11 17 7 -9 10 -11 -12 12 -14 -15 -16 -17 -18 -19 -20 -21
leaf_value=-0.0037888058168431961 -0.025592545555591158 -0.029528460558532591 0 -0.01831344791524742 0.027407451839352028 -0.049164567495795543 0.090283753380239681 -0 0.058677375323157262 -0.037877410977130217 -0 -0 0.046241073803868875 -0.061948990677902806 0 0.086639865119686479 0.017227741010809108 -0 0 0.1102029696860119
leaf_count=549 45 639 23 22 41 73 39 23 28 69 20 49 43 165 25 28 20 21 22 56
internal_value=0 -0.202706 0.0226693 0.578101 0.663971 -0.0476412 0.010303 0.735574 0.0353806 -0.0742374 0.466001 0.840351 0.314442 -0.375776 -0.332376 0.841051 -0 -0.523006 -0.0279703 1.08738
internal_count=2000 1696 867 304 282 816 722 62 93 660 48 189 92 829 664 51 591 94 571 97
cat_boundaries=0 1
cat_threshold=34822
shrinkage=0.0831216


Tree=6
num_leaves=15
num_cat=1
split_feature=13 16 4 14 13 5 2 15 14 9 14 13 14 14
split_gain=10.5226 4.75353 6.55737 3.82858 3.58468 4.42352 3.38481 1.71299 3.07526 1.20778 0.87106 0.1449 0.0693989 0.119133
threshold=92375.500000000015 0 19.750000000000004 309.25000000000006 5119.0000000000009 152.50000000000003 37.750000000000007 412.00000000000006 2043.2500000000002 78932.500000000015 48.250000000000007 2202.2500000000005 1.7500000000000002 28.750000000000004
decision_type=2 5 2 2 2 2 2 2 2 2 2 2 2 2
left_child=1 2 4 10 5 11 7 8 -2 -10 -4 12 -1 -14
right_child=6 -3 3 -5 -6 -7 -8 -9 9 -11 -12 -13 13 -15
leaf_value=-0.0046980092440020637 0.040318652910323355 -0.03166202051440864 0.027340755521406773 0.10220233592637858 -0.060552151334599222 0.078840004470579095 0.091963008068615418 0.058371558298513822 -0.05370227078197002 0 -0.029861029833334569 0 -0.032420084116059684 -0
leaf_count=560 62 756 28 67 115 40 68 37 62 46 35 38 37 49
internal_value=0 -0.178243 0.0298645 0.765256 -0.104848 0 0.546132 0.206969 0 -0.371568 -0 -0.0935778 -0.114175 -0.259387
internal_count=2000 1725 969 130 839 724 275 207 170 108 63 684 646 86
cat_boundaries=0 1
cat_threshold=56326
shrinkage=0.0831216


Tree=7
num_leaves=18
num_cat=0
split_feature=12 5 7 2 11 12 9 9 5 4 12 12 9 13 13 5 7
split_gain=9.52724 2.02486 1.73479 2.14634 1.74052 1.6655 1.86815 2.78317 1.26275 0.941417 2.07041 0.782497 0.553851 0.277044 0.84793 0.0775788 0.052271
threshold=15357.250000000002 103111.00000000001 12.250000000000002 31.750000000000004 54.250000000000007 252045.50000000003 25966.000000000004 6244.7500000000009 152.50000000000003 427.00000000000006 829.00000000000011 315.25000000000006 2884.7500000000005 3.2500000000000004 2202.2500000000005 136232.50000000003 188.50000000000003
decision_type=2 2 2 2 2 2 2 2 2 2 2 2 2 2 2 2 2
left_child=1 2 9 4 -4 6 7 -2 -8 10 11 13 -5 -1 -15 -7 -6
right_child=5 -3 3 12 16 15 8 -9 -10 -11 -12 -13 -14 14 -16 -17 -18
leaf_value=-0.014939280614123198 0.041511298670214039 0.040289980212957453 0.065803441443342228 -0.033387595594386574 -0.0095779470161973905 -0.01410283642807175 0 -0.032768887050887791 0.081512817915860639 0.014213028722231983 -0.064521147663301429 0.011200914731280973 0 -0.051442312028660814 0 0 0.0021088537289382621
leaf_count=1063 73 28 49 94 32 20 41 47 103 22 156 36 23 115 46 20 32
internal_value=0 -0.178789 -0.210333 0.0677656 0.418634 0.484326 0.570772 0.132 0.820497 -0.269029 -0.290505 -0.211273 -0.262216 -0.237381 -0.455701 -0.0357278 -0
internal_count=2000 1696 1668 230 113 304 264 120 144 1438 1416 1260 117 1224 161 40 64
shrinkage=0.0831216


Tree=8
num_leaves=17
num_cat=2
split_feature=1 15 1 8 2 10 11 2 10 7 11 4 7 17 11 11
split_gain=8.94645 3.4426 3.12844 1.74579 2.07755 1.37754 2.11617 1.42404 1.38795 1.32866 0.87408 0.794703 0.68551 0.381338 0.31604 0.130159
threshold=0 190.00000000000003 1 9.2500000000000018 33.250000000000007 1201.0000000000002 499.75000000000006 39.250000000000007 42329.500000000007 124.00000000000001 142.75000000000003 100.75000000000001 1.7500000000000002 1.7500000000000002 1783.0000000000002 29209.000000000004
decision_type=5 2 5 2 2 2 2 2 2 2 2 2 2 2 2 2
left_child=10 2 3 4 12 9 -7 8 11 -4 13 -8 -2 -1 -3 -12
right_child=1 14 5 -5 -6 6 7 -9 -10 -11 15 -13 -14 -15 -16 -17
leaf_value=-0.013652120000521297 0.045124709929866454 0 -0.042831475191120474 0.075719311561686917 -0.034004488358651823 0.057936733168415973 -0.05754287089548947 0.030816999442117163 0.006275469459446785 0.0083008256537762531 -0.059399475531929945 0 -0 -0.043371690054001391 0.065265716391524814 -0
leaf_count=999 71 21 186 72 41 32 92 20 37 29 113 22 33 95 117 20
internal_value=0 0.244573 0.118715 0.342995 0.142991 -0.102657 0.0367519 -0.117431 -0.315576 -0.370512 -0.25366 -0.53907 0.407026 -0.219601 0.727424 -0.651152
internal_count=2000 773 635 217 145 418 203 171 151 215 1227 114 104 1094 138 133
cat_boundaries=0 3 6
cat_threshold=68174033 25165858 512 553986048 2415919168 1
shrinkage=0.0831216


Tree=9
num_leaves=17
num_cat=3
split_feature=1 14 16 5 11 7 7 11 2 16 5 5 7 6 7 13
split_gain=7.93341 4.86456 3.48223 3.36938 2.44153 1.78139 2.20257 2.58835 4.04721 1.06151 0.959619 0.773102 0.570887 0.397146 0.34433 0.111834
threshold=0 28.750000000000004 1 16.750000000000004 69.250000000000014 303.25000000000006 3.2500000000000004 334.00000000000006 37.750000000000007 2 7.0000000000000009 152.50000000000003 6.2500000000000009 4.7500000000000009 9.2500000000000018 23.500000000000004
decision_type=5 2 5 2 2 2 2 2 2 5 2 2 2 2 2 2
left_child=9 15 11 4 12 6 -5 -8 -9 10 -1 -3 -4 -11 -6 -2
right_child=1 2 3 5 14 -7 7 8 -10 13 -12 -13 -14 -15 -16 -17
leaf_value=0.032996157015371758 -0 0 0.052194128815284208 0.066034431205096708 -0.045035942775858394 0.11320520925666162 0.066191917170392273 -0.036697929759579515 0.046056113342672379 -0.029909450925913281 -0.01653301509452915 -0.046022748635833735 -0 0 -0 -0.048657354348484283
leaf_count=96 22 37 42 158 71 40 36 132 47 1052 24 64 29 48 32 70
internal_value=0 0.228382 0.37154 0.42874 0 0.671261 0.493123 0.16279 -0.0105646 -0.24108 0.0794821 -0.177564 0.443752 -0.293737 -0.403171 -0.515855
internal_count=2000 780 688 587 174 413 373 215 179 1220 120 101 71 1100 103 92
cat_boundaries=0 3 4 5
cat_threshold=68161745 25165858 512 2640 7300
shrinkage=0.0831216


Tree=10
num_leaves=18
num_cat=1
split_feature=12 16 14 10 10 10 7 7 7 14 14 14 5 7 6 11 5
split_gain=6.05933 4.1502 3.09671 2.506 1.37171 1.61949 1.69571 1.5476 1.53915 0.998765 8.89904 1.02096 0.806767 0.483849 0.193459 0.166435 0.138175
threshold=15357.250000000002 0 720.25000000000011 4159.0000000000009 154631.00000000003 8437.0000000000018 7.7500000000000009 43.750000000000007 3.2500000000000004 48.250000000000007 28.750000000000004 1.7500000000000002 9016.0000000000018 188.50000000000003 6.2500000000000009 32042.500000000004 288.25000000000006
decision_type=2 5 2 2 2 2 2 2 2 2 2 2 2 2 2 2 2
left_child=1 2 9 -4 5 6 -2 8 -7 10 11 -1 13 -11 -3 -10 -5
right_child=4 14 3 16 -6 7 -8 -9 15 12 -12 -13 -14 -15 -16 -17 -18
leaf_value=-0.00036250473705415077 0.033966966901773255 -0.037196596271507627 0.07818632006578595 -0.017638794646290826 -0.016429150578367701 0.042600491425719325 -0.032407278755894921 0.076897869995453852 0 -0.043285021259732541 0.13172677338962588 -0.043934306582096884 0.0034237298410718748 -0 -0 -0.016577512209096815 0
leaf_count=560 39 705 53 33 22 57 54 62 33 126 20 59 27 54 39 37 20
internal_value=0 -0.146031 0.0455074 0.596692 0.372161 0.434667 0 0.573641 0.209838 -0.0345826 0.0352619 -0.0981014 -0.275113 -0.398455 -0.345133 -0.0700742 -0
internal_count=2000 1696 952 106 304 282 93 189 127 846 639 619 207 180 744 70 53
cat_boundaries=0 1
cat_threshold=56326
shrinkage=0.0831216


Tree=11
num_leaves=18
num_cat=2
split_feature=1 14 5 1 13 5 14 14 12 14 12 7 11 6 13 14 12
split_gain=6.20664 3.92899 1.84468 2.27137 1.79781 1.32685 0.999609 0.924169 0.774527 0.655588 0.457164 0.39621 0.330648 0.175378 0.079244 0.0564391 0.040451
threshold=0 28.750000000000004 2422.0000000000005 1 5119.0000000000009 219.25000000000003 508.00000000000006 159.25000000000003 252045.50000000003 1471.7500000000002 41091.250000000007 36.250000000000007 23452.000000000004 4.7500000000000009 23.500000000000004 7312.7500000000009 7096.7500000000009
decision_type=5 2 2 5 2 2 2 2 2 2 2 2 2 2 2 2 2
left_child=5 14 3 11 7 13 16 -5 -4 -9 12 -3 -8 -1 -2 -12 -6
right_child=1 2 8 4 6 -7 10 9 -10 -11 15 -13 -14 -15 -16 -17 -18
leaf_value=-0.015533995511706953 -0 -0.050986499930640285 0.050220227217421268 0.08694817506845158 -0.02948127295989638 -0.05827307012792228 0.044128838255632921 -0.0063818076574572429 -0 0.031641314970178795 -0.0095526427087160391 -0 0 0 -0.045851184163496456 0.0033946841427591615 -0
leaf_count=1075 23 90 216 43 39 106 37 33 24 41 25 26 49 46 69 37 21
internal_value=0 0.201028 0.325241 0.122288 0.233035 -0.21528 0.0502966 0.655329 0.54944 0.148931 0.207311 -0.210882 0.333098 -0.17454 -0.485281 -0 -0.298991
internal_count=2000 773 681 441 325 1227 208 117 240 74 148 116 86 1121 92 62 60
cat_boundaries=0 3 5
cat_threshold=68174033 25165858 512 103428 8192
shrinkage=0.0831216


Tree=12
num_leaves=22
num_cat=1
split_feature=16 15 10 7 7 5 13 13 13 11 8 15 10 13 11 5 4 4 10 11 5
split_gain=4.77622 7.17063 2.0951 1.88365 3.01506 0.78959 1.07184 0.904281 0.88047 0.73778 2.13165 1.63056 0.766686 1.08805 0.736998 0.554781 0.813418 0.343632 0.224474 0.288624 0.17013
threshold=0 190.00000000000003 42329.500000000007 87.250000000000014 9.2500000000000018 1.7500000000000002 141145.50000000003 369789.00000000006 367.75000000000006 5537.5000000000009 1.7500000000000002 29.500000000000004 103.75000000000001 5119.0000000000009 15788.500000000002 41.500000000000007 10.750000000000002 51.250000000000007 2785.0000000000005 415.75000000000006 4066.0000000000005
decision_type=5 2 2 2 2 2 2 2 2 2 2 2 2 2 2 2 2 2 2 2 2
left_child=1 2 9 4 -3 8 -7 -8 -2 10 12 18 15 -14 -11 16 -1 -4 19 -12 -16
right_child=5 3 17 -5 -6 6 7 -9 -10 14 11 -13 13 -15 20 -17 -18 -19 -20 -21 -22
leaf_value=-0.010952453473776673 -0.020145606268358811 0.059601010362133465 0.055207650396470027 0.094014142181248164 -0.036485720616544044 -0.059700002615485109 0.016423888113992348 -0.035745176554952275 0.023754697171763792 -0.047031932108594791 0.076181945853684596 -0.0037627155440858036 0.045421380341754337 -0.0085314886511422081 -0.014599575571147614 -0.041949120294864403 0.02093584679588726 0 0 0 0.0080041843579053522
leaf_count=844 271 32 28 51 36 176 30 26 23 70 39 40 40 40 40 52 51 24 21 35 31
internal_value=0 0.102428 -0 0.801703 0.104481 -0.296436 -0.553551 -0.00419551 -0.128365 -0.0502146 -0 0.3961 -0.0871328 0.203756 -0.293479 -0.134324 -0.0793795 0.531026 0.636633 0.727743 -0
internal_count=2000 1474 1355 119 68 526 232 56 294 1303 1162 135 1027 80 141 947 895 52 95 74 71
cat_boundaries=0 1
cat_threshold=20487
shrinkage=0.0831216


Tree=13
num_leaves=21
num_cat=1
split_feature=16 10 7 7 11 11 9 7 5 17 7 6 11 9 10 15 7 10 5 11
split_gain=4.22693 6.16181 2.02837 1.95798 1.27302 3.3033 1.23714 1.94696 1.47548 0.958724 0.858221 1.27589 0.81886 0.74324 0.584106 0.383581 0.286052 0.218653 0.0960717 0.0944404
threshold=0 8437.0000000000018 87.250000000000014 1.7500000000000002 5537.5000000000009 3118.0000000000005 25966.000000000004 131.50000000000003 7.0000000000000009 6.2500000000000009 12.250000000000002 3.2500000000000004 28637.500000000004 44592.250000000007 25337.500000000004 109.75000000000001 3.2500000000000004 220.00000000000003 16.750000000000004 728.50000000000011
decision_type=5 2 2 2 2 2 2 2 2 2 2 2 2 2 2 2 2 2 2 2
left_child=1 4 3 12 5 9 8 14 -2 10 16 18 -3 -6 -8 -5 17 -1 -12 -18
right_child=6 2 -4 15 13 -7 7 -9 -10 -11 11 -13 -14 -15 -16 -17 19 -19 -20 -21
leaf_value=-0.0033098736383949563 -0.013365433139400988 -0 0.086184793724620387 0 -0.049647107591991799 0.069452910906796173 0.05510585197312054 -0.040565694553005974 -0.063595702632075674 -0.039402810394206331 0 -0.00495673709341135 0.062843073711547917 -0 -0 -0.030916609042593763 -0.02964374100875181 0.012398841281250579 0.052727916951685709 -0
leaf_count=848 292 21 48 44 77 37 25 24 157 56 22 51 29 43 28 27 38 70 43 20
internal_value=0 0.0970708 0.631196 0.187895 -0.0125097 0.02571 -0.280464 0 -0.46417 -0.0238652 0 0.283514 0.587774 -0.368399 0.421443 -0.133305 -0.040245 -0.00232215 0.547016 -0.283852
internal_count=2000 1474 169 121 1305 1185 526 77 449 1148 1092 116 50 120 53 71 976 918 65 58
cat_boundaries=0 1
cat_threshold=20487
shrinkage=0.0831216


Tree=14
num_leaves=20
num_cat=4
split_feature=1 16 15 1 9 15 16 5 11 5 7 10 5 7 6 9 9 11 9
split_gain=4.54451 2.48311 2.5592 1.74477 1.32522 1.69196 1.11589 0.885927 0.642182 1.21024 0.890946 0.970288 0.768506 0.667935 0.308484 0.259639 0.177697 0.162434 0.140712
threshold=0 1 190.00000000000003 2 25966.000000000004 116.50000000000001 3 7.0000000000000009 69.250000000000014 878.50000000000011 34.750000000000007 42329.500000000007 13903.000000000002 1.7500000000000002 4.7500000000000009 26372.500000000004 6790.0000000000009 5537.5000000000009 1.7500000000000002
decision_type=5 5 2 5 2 2 5 2 2 2 2 2 2 2 2 2 2 2 2
left_child=6 4 3 -3 -2 -6 7 -1 9 13 11 12 -10 18 -8 16 -4 -12 -5
right_child=1 2 15 8 5 -7 14 -9 10 -11 17 -13 -14 -15 -16 -17 -18 -19 -20
leaf_value=0.035130345909277057 -0.048275606930616527 0.02776885865976568 0.022811635018469518 -0 0.046576378418546525 -0.031724664182623721 -0.025133900103271014 -0.01193723118368744 -0.047806623215986263 0.050978624208665557 0.019671941269988249 0.0059247840944643285 -0 -0.033134620131335564 0 0.071264727804060152 -0 -0 0.018462098503053168
leaf_count=96 90 109 23 38 22 22 1052 24 154 22 29 26 39 41 48 69 24 32 40
internal_value=0 0.169158 0.26493 0.142973 -0.165794 0 -0.187963 0.098615 -0.0339172 0.122984 -0.169249 -0.304944 -0.423615 -0.0297569 -0.242734 0.698091 0.154024 0.0964206 0.095699
internal_count=2000 780 646 530 134 44 1220 120 421 141 280 219 193 119 1100 116 47 61 78
cat_boundaries=0 3 4 6 7
cat_threshold=68161745 25165858 512 2752 537198592 2415919168 7300
shrinkage=0.0831216


Tree=15
num_leaves=15
num_cat=2
split_feature=1 14 14 14 5 17 6 3 9 9 5 13 17 13
split_gain=4.0389 3.06135 1.48641 2.04945 1.42983 1.23416 0.942269 0.625726 0.931697 0.709071 0.917103 0.582808 0.544665 0.0839275
threshold=0 28.750000000000004 48.250000000000007 79.750000000000014 3.2500000000000004 7.7500000000000009 4.7500000000000009 1 41129.500000000007 152053.50000000003 779.50000000000011 7477.7500000000009 1.7500000000000002 23.500000000000004
decision_type=5 2 2 2 2 2 2 5 2 2 2 2 2 2
left_child=4 13 -3 -4 12 7 -6 8 11 10 -9 -5 -1 -2
right_child=1 2 3 5 6 -7 -8 9 -10 -11 -12 -13 -14 -15
leaf_value=-0.0044627422446473974 -0 0.076563538984968427 -0.036302713205935276 0 -0.060870193053391516 -0.022950072498642227 -0 0.014114601304648632 0.016034290448354895 -0 0.048379107330575571 -0.044390874171867371 -0.035398883889002697 -0.043649474115978387
leaf_count=939 23 23 49 20 141 21 57 261 24 25 194 64 90 69
internal_value=0 0.162559 0.266956 0.195128 -0.17514 0.25424 -0.551202 0.294296 -0.0344333 0.306651 0.412544 -0.355712 -0.109783 -0.458252
internal_count=2000 773 681 658 1227 609 198 588 108 480 455 84 1029 92
cat_boundaries=0 3 4
cat_threshold=68174033 25165858 512 2
shrinkage=0.0831216


Tree=16
num_leaves=19
num_cat=2
split_feature=1 9 12 4 9 0 15 12 7 9 13 12 8 4 13 9 7 15
split_gain=3.74937 1.36163 1.47123 1.17566 1.03027 0.675204 0.585023 1.42316 0.780118 0.530539 0.503521 0.900874 0.493771 0.404261 0.270857 0.232866 0.195817 0.126987
threshold=0 25966.000000000004 57136.750000000007 46.750000000000007 152053.50000000003 1 1.7500000000000002 1452.2500000000002 12.250000000000002 1719.2500000000002 3.2500000000000004 73261.750000000015 60.250000000000007 16.750000000000004 6.2500000000000009 91683.250000000015 142.75000000000003 116.50000000000001
decision_type=5 2 2 2 2 1 2 2 2 2 2 2 2 2 2 2 2 2
left_child=10 2 5 4 -3 13 7 8 14 -8 -1 -12 -9 -2 -7 17 -10 -5
right_child=1 3 -4 15 -6 6 9 12 16 -11 11 -13 -14 -15 -16 -17 -18 -19
leaf_value=-0.010151595872812731 -0.031348718756552707 0.061266745701279525 -0.039571123167274687 -0.018833772447257802 -0 0.018782964765876289 -0 -0.042244908578168858 0.049216219133113207 0.037002938640554414 -0.044446165316064552 0 0 0 -0.0045867834617375281 0.015914676352131167 0 0
leaf_count=1033 41 69 35 23 21 38 36 74 36 94 181 30 20 21 156 45 26 21
internal_value=0 0.157219 0.052217 0.409165 0.608744 0.127234 0.182525 0.0317666 0.198976 0.348875 -0.168074 -0.406478 -0.34086 -0.1599 0 0 0.48162 -0.0749194
internal_count=2000 756 577 179 90 542 480 350 256 130 1244 211 94 62 194 89 62 44
cat_boundaries=0 3 4
cat_threshold=68288729 25165858 512 2
shrinkage=0.0831216


Tree=17
num_leaves=18
num_cat=1
split_feature=16 10 11 14 5 5 14 5 14 11 10 14 14 14 17 14 6
split_gain=3.57458 3.81811 1.38409 2.73318 1.67082 1.32785 1.25678 0.825423 1.22102 0.628615 0.604843 0.536419 0.520465 0.492138 0.416015 0.278306 0.130785
threshold=0 8437.0000000000018 5537.5000000000009 28.750000000000004 7.0000000000000009 88.750000000000014 8196.2500000000018 1.7500000000000002 28.750000000000004 17.500000000000004 77779.000000000015 3.2500000000000004 3102.2500000000005 1330.7500000000002 1.7500000000000002 2939.5000000000005 4.7500000000000009
decision_type=5 2 2 2 2 2 2 2 2 2 2 2 2 2 2 2 2
left_child=1 2 3 11 9 -3 -7 8 -2 -5 15 14 -4 16 -1 -9 -6
right_child=7 5 12 4 13 6 -8 10 -10 -11 -12 -13 -14 -15 -16 -17 -18
leaf_value=0 -0.020164621545922263 -0.0079866628180721398 -0.043308389940762623 0.006652834213282023 0.046329394227397312 0.055878265930609933 -0 -0.053436320261072041 0.031381299159943289 -0.033539560097086904 0 -0.037790102187848063 0 0 -0.02592652852731488 -0 0
leaf_count=712 264 20 95 34 193 115 34 187 30 45 24 56 25 28 74 21 43
internal_value=0 0.0908714 -0 0.0449482 0.314076 0.496437 0.574302 -0.25965 -0.0876685 -0.0784365 -0.513312 -0.098004 -0.371264 0.451148 -0.0372278 -0.579457 0.511469
internal_count=2000 1474 1305 1185 343 169 149 526 294 79 232 842 120 264 786 208 236
cat_boundaries=0 1
cat_threshold=20487
shrinkage=0.0831216


Tree=18
num_leaves=20
num_cat=1
split_feature=1 14 14 7 10 8 13 14 9 12 12 12 14 5 15 14 5 5 9
split_gain=3.18246 1.58939 1.2505 1.43358 0.892453 1.97662 1.04398 0.809898 0.8003 1.39799 0.745133 0.735366 0.643115 0.423101 0.328277 0.318636 0.261775 0.17612 0.102057
threshold=0 28.750000000000004 51.250000000000007 303.25000000000006 4.7500000000000009 1.7500000000000002 92375.500000000015 1.7500000000000002 15843.250000000002 783.25000000000011 91667.500000000015 73261.750000000015 2043.2500000000002 13093.000000000002 520.75000000000011 4258.0000000000009 7.0000000000000009 10.000000000000002 22168.000000000004
decision_type=5 2 2 2 2 2 2 2 2 2 2 2 2 2 2 2 2 2 2
left_child=7 17 -3 4 5 16 8 -1 9 -6 15 -9 -7 -10 -12 -8 -4 -2 -5
right_child=1 2 3 18 6 12 10 11 13 -11 14 -13 -14 -15 -16 -17 -18 -19 -20
leaf_value=-0.0079316657692349562 0 0.066159801779748423 0 0 0 0.074874606329285998 0.026619667377071752 -0.042675264914539386 -0.012095105347484708 -0.049906451973564192 -0.02404957730216167 0 0 0.022330158443274951 7.397716103063708e-05 -0 -0.024148541075808463 -0.035026116624949082 0.056718970053867508
leaf_count=1019 21 26 28 21 83 32 107 214 24 136 26 31 21 36 29 38 27 52 29
internal_value=0 0.143588 0.22159 0.153185 0.0669948 0.334328 -0 -0.156316 -0.188384 -0.329756 0.1355 -0.410185 0.704769 0.0422528 -0.0684564 0.258023 -0.0593193 -0.332006 0.593539
internal_count=2000 736 663 637 587 108 479 1264 279 219 200 245 53 60 55 145 55 73 50
cat_boundaries=0 3
cat_threshold=68292825 25165858 512
shrinkage=0.0831216


Tree=19
num_leaves=25
num_cat=3
split_feature=16 15 1 9 9 15 5 14 14 5 12 9 12 11 0 11 10 15 10 14 5 9 14 14
split_gain=3.05735 3.25846 1.44989 1.27951 0.905464 1.82357 1.4825 0.609241 0.520186 0.400789 0.674519 1.20718 1.21721 1.00554 0.850287 0.801458 0.662511 0.501924 0.340688 0.281962 0.137403 0.0862788 0.0755846 0.0273016
threshold=0 412.00000000000006 1 32329.000000000004 25966.000000000004 310.75000000000006 7.0000000000000009 28.750000000000004 547.75000000000011 160822.00000000003 2642.5000000000005 1086.2500000000002 82.750000000000014 23080.000000000004 2 1.7500000000000002 670.00000000000011 94.750000000000014 25337.500000000004 28.750000000000004 245.50000000000003 1300.7500000000002 60.250000000000007 153.25000000000003
decision_type=5 2 5 2 2 2 2 2 2 2 2 2 2 2 1 2 2 2 2 2 2 2 2 2
left_child=1 2 8 -3 6 18 7 -2 22 10 11 15 -13 14 -12 19 -14 20 -6 -4 -15 -16 -1 -17
right_child=4 3 9 -5 5 -7 -8 -9 -10 -11 13 12 16 17 21 23 -18 -19 -20 -21 -22 -23 -24 -25
leaf_value=0.010084784881379644 -0.018520179701158296 -0 -0.0041109689639677342 0.073196157415909763 0.047147046230632476 -0.040304176455672885 -0.060235387139774568 0.015705423687876151 0.047344656157677606 0.014616798634182243 0 -0.0086971151153883014 0.062595404444991093 -0 -0 -0.040254444515233009 -0 -0.021314293179778145 0 0.014083689328573797 0.022283973283870724 -0.055808059166709903 -0.008104103238243664 -0
leaf_count=20 264 20 808 36 26 28 157 28 68 39 26 20 52 28 21 56 21 30 23 57 25 105 21 21
internal_value=0 0.082593 0.0209333 0.681901 -0.243542 0 -0.412383 -0.113985 0.250367 -0.0361531 -0.0695717 -0 0.37455 -0.244582 -0.467992 -0.0677577 0.598647 0 0.393753 -0.00429992 0.179633 -0.607939 0 -0.426652
internal_count=2000 1474 1418 56 526 77 449 292 109 1309 1270 1035 93 235 152 942 73 83 49 865 53 126 41 77
cat_boundaries=0 1 3 4
cat_threshold=20487 537731072 2147483648 2
shrinkage=0.0831216


Tree=20
num_leaves=21
num_cat=2
split_feature=16 15 1 9 14 9 13 15 14 4 4 9 9 10 14 13 13 13 14 14
split_gain=2.66853 2.76906 1.25447 1.0754 1.00371 0.82453 1.70409 1.66787 0.606126 0.569725 1.22724 0.645995 0.901312 0.724934 0.9122 0.58372 0.47679 0.337665 0.129061 0.0346508
threshold=0 412.00000000000006 1 32329.000000000004 547.75000000000011 25966.000000000004 915.25000000000011 310.75000000000006 28.750000000000004 114.25000000000001 65.500000000000014 4743.2500000000009 800.50000000000011 42329.500000000007 433.00000000000006 3.2500000000000004 171845.00000000003 8488.7500000000018 60.250000000000007 511.75000000000006
decision_type=5 2 5 2 2 2 2 2 2 2 2 2 2 2 2 2 2 2 2 2
left_child=1 2 4 -3 18 6 8 16 -2 10 11 12 15 14 -13 -4 -7 -14 -1 -11
right_child=5 3 9 -5 -6 7 -8 -9 -10 19 -12 13 17 -15 -16 -17 -18 -19 -20 -21
leaf_value=0.0068223577438804453 -0.018779832643744689 -0 -0 0.066393629259717216 0.048576302166269986 0.048462369131634264 -0.064071219603001744 -0.039085557994587267 0.012318212828385966 -0 0.041088682606690796 0 0.033149210574759676 0 -0.04523578869171796 -0.023091014196532086 -0 -0 -0.015640536841503974 -0.035347111059638649
leaf_count=22 273 20 802 36 59 27 137 28 39 21 26 21 81 40 110 141 22 33 29 33
internal_value=0 0.0766282 0.0185159 0.621698 0.230936 -0.229603 -0.393326 0 -0.110817 -0.0342374 -0.00411566 -0.0471948 -0 -0.253213 -0.402144 -0.0549523 0.371972 0.282692 -0 -0.367232
internal_count=2000 1474 1418 56 110 526 449 77 312 1308 1254 1228 1057 171 131 943 49 114 51 54
cat_boundaries=0 1 3
cat_threshold=20487 537208832 2147483648
shrinkage=0.0831216


Tree=21
num_leaves=18
num_cat=1
split_feature=17 12 0 14 10 14 14 14 8 8 2 4 15 14 11 4 14
split_gain=2.09236 1.45766 1.19443 1.10237 1.01495 1.98011 1.3942 1.50319 0.957907 0.883838 1.22476 0.500798 0.461801 0.446786 0.294431 0.245932 0.199114
threshold=7.7500000000000009 15357.250000000002 0 1650.2500000000002 3802.7500000000005 28.750000000000004 48.250000000000007 720.25000000000011 2605.0000000000005 243.25000000000003 37.750000000000007 46.750000000000007 1.7500000000000002 3.2500000000000004 29035.750000000004 13.000000000000002 3102.2500000000005
decision_type=2 2 1 2 2 2 2 2 2 2 2 2 2 2 2 2 2
left_child=1 2 4 15 5 13 -7 12 9 16 14 -6 -8 -1 -11 -3 -5
right_child=-2 3 -4 8 11 6 7 -9 -10 10 -12 -13 -14 -15 -16 -17 -18
leaf_value=-0.0032310360267699227 -0.050280758181675565 0 -0.043627897082960547 0 -0.044921775146065213 0.063415974870929204 -0.016393794468542871 0.033647754485679686 0.037683275516121509 -0 0.0030900813976332893 0 0.0094921432826195629 -0.03536282704668451 -0.051635184437892813 0.056922593376239304 0.02243391185805664
leaf_count=993 81 30 78 41 97 30 207 88 26 25 32 22 49 59 51 40 51
internal_value=0 0.01955 -0.0426658 0.205554 -0.00387173 0.0201096 0.247193 0.0928351 0.0539278 -0.00874289 -0.223433 -0.383721 -0.0711779 -0.0853256 -0.496134 0.53077 0.15539
internal_count=2000 1919 1623 296 1545 1426 374 344 226 200 108 119 256 1052 76 70 92
cat_boundaries=0 1
cat_threshold=1
shrinkage=0.0831216


Tree=22
num_leaves=18
num_cat=1
split_feature=16 17 7 5 2 2 8 7 14 11 8 6 13 7 8 13 11
split_gain=2.44049 2.19974 1.60275 0.663839 1.20242 0.895285 1.59737 1.60822 0.704918 3.30832 0.917281 0.49782 0.455843 0.403512 0.380676 0.362686 0.27452
threshold=0 9.2500000000000018 303.25000000000006 160822.00000000003 34.750000000000007 31.750000000000004 36.250000000000007 9.2500000000000018 28.750000000000004 69.250000000000014 12.250000000000002 6.2500000000000009 29643.250000000004 218.50000000000003 694.00000000000011 3.2500000000000004 23080.000000000004
decision_type=5 2 2 2 2 2 2 2 2 2 2 2 2 2 2 2 2
left_child=11 2 3 5 -5 8 13 -8 15 -10 -11 16 -4 -7 -9 -2 -1
right_child=1 -3 12 4 -6 6 7 14 9 10 -12 -13 -14 -15 -16 -17 -18
leaf_value=-0.049115718878903487 0.0014692917987835044 -0.04655249875542973 0 -0.0052820592315484163 0.047837506619401171 -0.048001640206603371 0.041070014977402446 -0.034403664973818797 0.053002366292785659 0.010820379258862738 -0.021924630055549406 0 0.056894518679180127 -0 0 -0.026252376650075904 -0
leaf_count=230 839 75 29 20 33 129 32 36 97 154 139 24 30 39 22 44 28
internal_value=0 0.0550931 0.0981051 0.0523765 0.334224 0.0176902 -0.167998 0.0582031 0.0748509 0.192852 -0.0216018 -0.284869 0.551494 -0.468853 -0.203543 -0 -0.526602
internal_count=2000 1718 1643 1584 53 1531 258 90 1273 390 293 282 59 168 58 883 258
cat_boundaries=0 1
cat_threshold=8816
shrinkage=0.0831216


Tree=23
num_leaves=19
num_cat=3
split_feature=1 16 9 11 14 14 16 14 14 14 11 12 17 12 14 14 7 14
split_gain=2.1844 1.34628 2.46416 1.63687 1.27214 1.19008 1.16433 0.833947 0.436309 1.06691 0.403095 1.15153 0.154029 0.0772812 0.0460981 0.0190266 0.0112894 0.00131657
threshold=0 1 25966.000000000004 17.500000000000004 3902.5000000000005 28.750000000000004 2 91.750000000000014 2096.5000000000005 6578.5000000000009 1.7500000000000002 73261.750000000015 1.7500000000000002 54.250000000000007 10632.250000000002 3403.7500000000005 13.750000000000002 7.7500000000000009
decision_type=5 5 2 2 2 2 5 2 2 2 2 2 2 2 2 2 2 2
left_child=6 5 3 16 -4 17 7 -1 -7 15 12 -12 13 -8 -11 -10 -3 -2
right_child=1 2 4 -5 -6 8 10 -9 9 14 11 -13 -14 -15 -16 -17 -18 -19
leaf_value=0.044048305865942286 -0 -0 0.047759606646692779 -0.060325831563713565 -0.0089410841176787454 0.032174875221605628 -0.0092043053974971232 -0.0023255193291521889 -0 0.042734191418026923 -0.056298480163837095 0 -0.031848076225184138 0 0 -0.0093990233954747027 0.0046530663840725454 -0.018677812244979591
leaf_count=81 24 30 31 108 24 320 877 22 58 20 126 28 93 44 22 36 22 34
internal_value=0 0.119459 -0.0864724 -0.461796 0.268231 0.20598 -0.130251 0.13692 0.303945 0.0695481 -0.184342 -0.467034 -0.148546 -0.099405 0.431625 -0.0664467 0 -0.193438
internal_count=2000 729 215 160 55 514 1271 103 456 136 1168 154 1014 921 42 94 52 58
cat_boundaries=0 3 4 5
cat_threshold=68305113 25165858 512 3 36356
shrinkage=0.0831216


Tree=24
num_leaves=23
num_cat=4
split_feature=16 15 1 8 12 6 9 16 13 11 12 13 12 15 0 9 13 9 4 10 4 11
split_gain=2.06632 1.42795 1.02693 0.829192 0.731539 0.44121 0.549561 0.425095 0.887914 0.686618 1.06372 1.57102 1.04701 0.974301 0.923337 0.814835 0.753367 0.345734 0.364438 0.183074 0.0835153 0.0101276
threshold=0 412.00000000000006 1 9.2500000000000018 73261.750000000015 6.2500000000000009 49539.250000000007 2 23.500000000000004 28637.500000000004 2642.5000000000005 2202.2500000000005 106010.50000000001 208.00000000000003 3 131264.50000000003 3.2500000000000004 800.50000000000011 25.750000000000004 43341.250000000007 10.750000000000002 817.75000000000011
decision_type=5 2 5 2 2 2 2 5 2 2 2 2 2 2 1 2 2 2 2 2 2 2
left_child=5 2 3 17 -3 6 -1 8 -4 10 11 16 -11 15 -13 -12 -9 18 21 -19 -10 -2
right_child=1 4 7 -5 -6 -7 -8 9 20 12 13 14 -14 -15 -16 -17 -18 19 -20 -21 -22 -23
leaf_value=-0.048322488342489096 0 -0 0.03964344000661562 0.041083796040447214 0.046399904121171134 0 0 -0.0049996480974251502 -0.014818078265223191 0.037891701245392935 -0.058991360026483475 -0.0087152173447744615 -0.012752725617057748 0 0.037854839641844627 0 -0.039940076160079239 -0.018876377722498443 0.029262956182207357 0 0 -0.0051873097828706426
leaf_count=232 24 23 71 54 40 24 26 848 25 32 139 23 27 20 104 25 99 51 37 34 20 22
internal_value=0 0.0479429 0.00706664 0.16528 0.419079 -0.267335 -0.502743 -0.0441526 0.0899154 -0.0765432 -0.125825 -0.0488894 0.163223 -0.414467 0.303169 -0.564135 -0.132868 0.0189733 0.202326 -0.0632731 -0.0454606 -0
internal_count=2000 1718 1655 222 63 282 258 1433 116 1317 1258 1074 59 184 127 164 947 168 83 85 45 46
cat_boundaries=0 1 4 5 6
cat_threshold=8816 554022912 2147483712 1 2180 2
shrinkage=0.0831216


Tree=25
num_leaves=19
num_cat=1
split_feature=17 12 14 0 10 14 14 14 7 8 2 12 14 15 8 14 8 14
split_gain=1.73613 1.01192 1.15383 1.07245 0.885501 1.27505 1.0729 1.00598 0.705619 1.16729 1.76468 0.421644 0.405189 0.345263 0.240916 0.215329 0.0690664 0.000324067
threshold=7.7500000000000009 15357.250000000002 1650.2500000000002 0 3802.7500000000005 28.750000000000004 48.250000000000007 720.25000000000011 242.50000000000003 243.25000000000003 37.750000000000007 296.50000000000006 3.2500000000000004 116.50000000000001 465.25000000000006 3102.2500000000005 6.2500000000000009 1.7500000000000002
decision_type=2 2 2 1 2 2 2 2 2 2 2 2 2 2 2 2 2 2
left_child=1 3 14 4 5 12 -7 11 9 15 -11 -8 17 -6 -3 -4 -9 -1
right_child=-2 2 8 -5 13 6 7 16 -10 10 -12 -13 -14 -15 -16 -17 -18 -19
leaf_value=-0.0015945851327603209 -0.047448472487346793 0.052496139831776971 -0 -0.041684197754038851 -0.041677235298173479 0.05297316190098382 -0.023933310609692671 0 0.026894783628787191 -0.050575951767227713 0.0068984907340803167 0 -0.032173433660856336 0 0 0.022037906596192536 0.032320175357998658 -0
leaf_count=971 81 46 41 78 98 30 86 35 33 80 24 170 59 21 24 48 53 22
internal_value=0 0.0155725 0.169642 -0.0359081 -0 0.0223392 0.20161 0.0639676 0.0218803 -0.04022 -0.295436 -0.0669222 -0.0624506 -0.362428 0.491928 0.145227 0.314703 -0.0188136
internal_count=2000 1919 296 1623 1545 1426 374 344 226 193 104 256 1052 119 70 89 88 993
cat_boundaries=0 1
cat_threshold=1
shrinkage=0.0831216


Tree=26
num_leaves=14
num_cat=2
split_feature=17 1 14 14 14 14 11 1 5 5 5 8 14
split_gain=1.59678 1.3368 1.1232 0.99191 0.659234 1.24161 0.613284 1.27104 1.25662 0.137956 0.105088 0.0372472 0.011168
threshold=7.7500000000000009 0 498.25000000000006 28.750000000000004 48.250000000000007 79.750000000000014 101132.75000000001 1 14424.250000000002 10.000000000000002 103111.00000000001 4.7500000000000009 1.7500000000000002
decision_type=2 5 2 2 2 2 2 5 2 2 2 2 2
left_child=1 2 11 9 -5 -6 7 10 -9 -3 -7 12 -1
right_child=-2 3 -4 4 5 6 -8 8 -10 -11 -12 -13 -14
leaf_value=-0.0012954441001666651 -0.046142688959798124 0 -0.042439689505000523 0.048547420735930324 -0.032074470210200941 -0.03303510808949392 0.042607939261652662 0.024474108214479862 -0.0062382708217368346 -0.02957100921600948 -0 0 -0.01113162047599737
leaf_count=969 81 23 99 26 49 87 28 391 81 52 20 23 71
internal_value=0 0.0147945 -0.0838472 0.113363 0.173003 0.118244 0.165438 0.101951 0.162594 -0.268859 -0.149828 -0.0318198 -0.042232
internal_count=2000 1919 1162 757 682 656 607 579 472 75 107 1063 1040
cat_boundaries=0 3 5
cat_threshold=68288601 25165858 512 24708 8192
shrinkage=0.0831216


Tree=27
num_leaves=14
num_cat=1
split_feature=17 1 14 14 14 14 7 10 5 10 5 10 14
split_gain=1.45524 1.13229 1.0221 0.877751 0.593942 1.10839 0.577991 0.654662 0.8385 0.781578 0.130889 0.0410505 0.020289
threshold=7.7500000000000009 0 498.25000000000006 28.750000000000004 48.250000000000007 79.750000000000014 380.50000000000006 191.50000000000003 9278.5000000000018 8437.0000000000018 10.000000000000002 283.00000000000006 1.7500000000000002
decision_type=2 5 2 2 2 2 2 2 2 2 2 2 2
left_child=1 2 11 10 -5 -6 7 8 -7 -9 -3 12 -1
right_child=-2 3 -4 4 5 6 -8 9 -10 -11 -12 -13 -14
leaf_value=-0.0011931996579401093 -0.044862630979198834 0 -0.040978486530176113 0.045010860185504493 -0.031128418178118615 0.034193708829396277 0.041628778916342632 -0.011696966194403384 -0.0042873695744246616 0.01166867016754973 -0.028698574123711663 0 -0.011633570595098801
leaf_count=969 81 23 99 26 49 115 30 247 22 193 52 20 74
internal_value=0 0.0103999 -0.0798951 0.101504 0.156847 0.104643 0.149443 0.0907885 0.286741 0.000901757 -0.259389 -0.0300415 -0.0417802
internal_count=2000 1919 1162 757 682 656 607 577 137 440 75 1063 1043
cat_boundaries=0 3
cat_threshold=68288601 25165858 512
shrinkage=0.0831216


Tree=28
num_leaves=24
num_cat=0
split_feature=9 9 2 9 9 11 2 14 14 8 13 13 4 11 7 14 14 14 14 14 14 7 4
split_gain=0.883948 0.573765 0.655824 0.523436 0.460092 0.29441 1.11058 1.01366 1.18463 0.865 0.577016 0.568328 0.51371 0.309521 0.331777 0.268203 0.146755 0.144579 0.107698 0.084867 0.0694117 0.0331259 4.28862e-05
threshold=25966.000000000004 54716.500000000007 1.7500000000000002 78932.500000000015 152053.50000000003 69.250000000000014 37.750000000000007 28.750000000000004 136.00000000000003 3.2500000000000004 29643.250000000004 3.2500000000000004 63.250000000000007 2158.7500000000005 19.750000000000004 720.25000000000011 1738.0000000000002 1289.5000000000002 869.50000000000011 3283.7500000000005 603.25000000000011 13.750000000000002 241.75000000000003
decision_type=2 2 2 2 2 2 2 2 2 2 2 2 2 2 2 2 2 2 2 2 2 2 2
left_child=5 2 -2 -3 19 7 9 11 -9 13 -8 -1 -11 14 20 -10 -4 -15 -12 -5 -7 -17 -14
right_child=1 3 16 4 -6 6 10 8 15 12 18 -13 22 17 -16 21 -18 -19 -20 -21 -22 -23 -24
leaf_value=-0.0031357044501229103 0.049200740008779081 -0.020312887860160452 0.012612019294473578 0 -0.0027306811433394067 -0.034028931735256146 -0.0083505156469951668 0.038982809129732496 -0.017060369031500495 -0.055570141040978918 0.036724356077343416 -0.037762584253523905 -0.00026553718884207673 0.019993233183645466 0 -0 -0.0088479989869430283 -0 0 0.029120648962673096 -0 0.01025561617982856 0
leaf_count=1030 33 58 25 25 34 59 43 74 78 122 21 78 39 23 21 27 26 48 22 45 21 28 20
internal_value=0 0.153629 0.342167 0 0.127977 -0.0573057 -0.143851 -0.00782203 0.187052 -0.268744 0.116939 -0.088231 -0.476956 -0.00413101 -0.20529 -0 0 0.0669859 0.311333 0.261552 -0.345958 0.0740864 -0
internal_count=2000 246 84 162 104 1754 439 1315 207 353 86 1108 181 172 101 133 51 71 43 70 80 55 59
shrinkage=0.0831216


Tree=29
num_leaves=24
num_cat=3
split_feature=16 7 5 9 7 9 14 17 5 1 14 7 9 14 7 9 14 14 16 4 10 17 9
split_gain=1.76716 1.69882 0.993402 1.53715 1.74778 0.922232 0.752527 0.64634 0.536089 0.499477 1.39586 0.915619 1.26206 0.822004 0.696971 0.629034 0.647151 0.436525 0.107001 0.205711 0.0411635 0.0198458 0.00476911
threshold=0 303.25000000000006 1.7500000000000002 30260.500000000004 49.000000000000007 22168.000000000004 28.750000000000004 9.2500000000000018 152.50000000000003 1 547.75000000000011 1.7500000000000002 5671.0000000000009 6578.5000000000009 9.2500000000000018 1.7500000000000002 1177.7500000000002 148.00000000000003 2 19.750000000000004 2902.0000000000005 4.7500000000000009 360.25000000000006
decision_type=5 2 2 2 2 2 2 2 2 5 2 2 2 2 2 2 2 2 5 2 2 2 2
left_child=1 7 6 -4 8 -3 -2 9 -5 10 22 15 14 -14 -13 18 20 -16 19 -11 -17 -20 -1
right_child=2 5 3 4 -6 -7 -8 -9 -10 11 -12 12 13 -15 17 16 -18 -19 21 -21 -22 -23 -24
leaf_value=-0.012870722656547564 -0.013016048833110732 -0 -0.057522725034506776 -0 -0.040327079271425564 0.060470160690662356 0.028970457578878159 -0.031191175503335423 0.050299620893524605 0 0.039259839529583264 -0.025057849380499705 -0.04526954968607446 0 -0 0.040626252052120122 -0 0.026339384100966576 -0.0080061001267463742 0.020474952511843055 0 0 -0
leaf_count=30 264 32 163 22 26 23 30 55 21 513 71 40 112 35 29 76 54 72 242 23 24 23 20
internal_value=0 0.0569605 -0.195553 -0.447719 -0 0.520566 -0.00435113 0.0130462 0.403453 0.039022 0.162639 -0 -0.181007 -0.407023 0.0182823 0.0637571 0.269404 0.200025 0 0.0346636 0.433102 -0.0497077 -0.117893
internal_count=2000 1474 526 232 69 55 294 1419 43 1364 121 1243 288 147 141 955 154 101 801 536 100 265 50
cat_boundaries=0 1 2 3
cat_threshold=20487 537200644 6
shrinkage=0.0831216


end of trees

feature importances:
n_table_1.n_20=101
n_table_1.n_15=49
n_table_1.n_9=43
n_table_1.n_11=42
n_table_1.n_17=40
n_table_1.n_16=39
n_table_1.n_18=39
n_table_1.n_19=38
n_table_1.n_5=24
n_table_1.n_12=23
c_table_1.c_2=21
c_table_2.c_5=20
n_table_1.n_26=19
n_table_1.n_3=15
n_table_2.n_14=14
n_table_1.n_10=9
c_table_1.c_1=5
c_table_1.c_6=1

parameters:
[boosting: gbdt]
[objective: binary]
[metric: auc]
[tree_learner: serial]
[device_type: cpu]
[data: ]
[valid: ]
[num_iterations: 100]
[learning_rate: 0.0831216]
[num_leaves: 77]
[num_threads: 4]
[max_depth: 8]
[min_data_in_leaf: 20]
[min_sum_hessian_in_leaf: 0.668656]
[bagging_fraction: 0.5]
[bagging_freq: 88]
[bagging_seed: 3]
[feature_fraction: 0.7]
[feature_fraction_seed: 2]
[early_stopping_round: 0]
[max_delta_step: 0]
[lambda_l1: 0.719024]
[lambda_l2: 1.75537]
[min_gain_to_split: 0]
[drop_rate: 0.1]
[max_drop: 50]
[skip_drop: 0.5]
[xgboost_dart_mode: 0]
[uniform_drop: 0]
[drop_seed: 4]
[top_rate: 0.2]
[other_rate: 0.1]
[min_data_per_group: 100]
[max_cat_threshold: 32]
[cat_l2: 10]
[cat_smooth: 10]
[max_cat_to_onehot: 4]
[top_k: 20]
[monotone_constraints: ]
[feature_contri: ]
[forcedsplits_filename: ]
[refit_decay_rate: 0.9]
[verbosity: -1]
[max_bin: 255]
[min_data_in_bin: 3]
[bin_construct_sample_cnt: 200000]
[histogram_pool_size: -1]
[data_random_seed: 1]
[output_model: LightGBM_model.txt]
[snapshot_freq: -1]
[input_model: ]
[output_result: LightGBM_predict_result.txt]
[initscore_filename: ]
[valid_data_initscores: ]
[pre_partition: 0]
[enable_bundle: 1]
[max_conflict_rate: 0]
[is_enable_sparse: 1]
[sparse_threshold: 0.8]
[use_missing: 1]
[zero_as_missing: 0]
[two_round: 0]
[save_binary: 0]
[enable_load_from_binary_file: 1]
[header: 0]
[label_column: ]
[weight_column: ]
[group_column: ]
[ignore_column: ]
[categorical_feature: ]
[predict_raw_score: 0]
[predict_leaf_index: 0]
[predict_contrib: 0]
[num_iteration_predict: -1]
[pred_early_stop: 0]
[pred_early_stop_freq: 10]
[pred_early_stop_margin: 10]
[convert_model_language: ]
[convert_model: gbdt_prediction.cpp]
[num_class: 1]
[is_unbalance: 0]
[scale_pos_weight: 1]
[sigmoid: 1]
[boost_from_average: 1]
[reg_sqrt: 0]
[alpha: 0.9]
[fair_c: 1]
[poisson_max_delta_step: 0.7]
[tweedie_variance_power: 1.5]
[max_position: 20]
[label_gain: ]
[metric_freq: 1]
[is_provide_training_metric: 0]
[eval_at: ]
[num_machines: 1]
[local_listen_port: 12400]
[time_out: 120]
[machine_list_filename: ]
[machines: ]
[gpu_platform_id: -1]
[gpu_device_id: -1]
[gpu_use_dp: 0]

end of parameters

pandas_categorical:[[0, 1, 2], [0, 1, 2, 3, 4, 5, 6, 7, 8, 9, 10, 11, 12, 13, 14, 15, 16, 17, 18, 19, 20, 21, 22, 23, 24, 25, 26, 27, 28, 29, 30, 31, 32, 33, 34, 35, 36, 37, 38, 39, 40, 41, 42, 43, 44, 45, 46, 47, 48, 49, 50, 51, 52, 53, 54, 55, 56, 57, 58, 59, 60, 61, 62, 63, 64, 65, 66, 67, 68, 69, 70, 71, 72, 73, 74, 75, 76, 77, 78, 79, 80, 81, 82, 83, 84, 85, 86, 87, 88, 89, 90, 91, 92, 93, 94, 95, 96, 97, 98, 99, 100, 101, 102, 103, 104, 105, 106, 107, 108, 109, 110, 111, 112, 113, 114, 115, 116, 117, 118, 119, 120, 121, 122, 123, 124, 125, 126, 127, 128, 129, 130, 131, 132, 133, 134, 135, 136, 137, 138, 139, 140, 141, 142, 143, 144, 145, 146, 147, 148, 149, 150, 151, 152, 153, 154, 155, 156, 157, 158, 159, 160, 161, 162, 163, 164, 165, 166, 167, 168, 169, 170, 171, 172, 173, 174, 175], [0, 1, 2, 3, 4, 5, 6, 7, 8, 9, 10, 11, 12, 13, 14, 15], [0, 1, 2, 3, 4, 5, 6, 7, 8, 9, 10, 11, 12, 13, 14, 15, 16, 17, 18, 19, 20, 21, 22, 23, 24, 25, 26, 27, 28, 29, 30]]
