tree
version=v2
num_class=1
num_tree_per_iteration=1
label_index=0
max_feature_idx=13
objective=binary sigmoid:1
feature_names=c_table_1.c_2 c_table_1.c_3 c_table_1.c_5 n_table_1.n_3 n_table_1.n_10 n_table_1.n_12 n_table_1.n_15 n_table_1.n_16 n_table_1.n_17 n_table_1.n_18 n_table_1.n_19 n_table_1.n_26 n_table_1.n_27 c_table_2.c_4
feature_infos=49:0:5:3:8:19:33:31:47:159:129:39:41:26:141:36:21:78:84:6:74:88:176:90:29:189:30:106:75:110:57:65:77:28:73:197:89:107:155:43:147:40:46:67:69:146:167:10:66:101:11:99:2:48:200:12:13:71:9:60:140:198:52:85:93:154:17:32:34:50:58:64:83:100:117:148:161:175:196:4:59:72:87:91:95:187:20:35:56:98:102:111:116:120:128:144:168:179:185:1:25:42:55:76:92:94:104:112:126:139:162:164:190:15:18:37:51:115:118:127:133:149:158:169:180:182:191:194:203 46:0:74:18:55:6:64:102:68:3:87:45:36:37:84:147:5:48:121:81:86:22:181:10:2:16:92:52:71:56:79:148:109:101:115:169:42:98:19:95:93:188:27:40:114:126:135:53:151:62:106:150:9:33:39:54:94:123:11:14:30:213:8:70:130:146:154:207:23:24:72:120:155:80:100:118:158:166:186:187:200:210:211:34:89:201:1:75:82:111:119:153:163:191:208:20:21:29:58:61:66:116:162:174:183:185:197:212:13:41:43:49:83:85:107:117:127:134:167:170:176:190:193:50:63:78:88:97:122:136:137:168:175:182:203:217:218 2:0:7:8:9:3:10:1:6:17:20:4:22:26:25:12:47:14:5:33:29:11:18:42:24:16:41:19:31:38:13:30:36:43:54:55 [1:175] [1:68.5] [1:8524] [1:263222] [1:249100] [1:418837] [1:574087] [1:1285890] [1:121640] [1:151] 18:0:70:6:20:32:21:40:12:38:10:4:9:46:78:27:60:23:31:7:59:67:11:24:68:107:93:16:55:49:81:131:48:30:72:114:90:51:66:101:104:119:87:15:5:29:111:82:96:89:14:88:100:41:79:80:28:97:113:1:8:33:35:39:61:98:108:120:140:17:45:50:91:25:64:105:106:133:13:19:26:37:42:54:58:69:71:83:95:99:102:118:148
tree_sizes=1508 1876 2245 1231 1455 1362

Tree=0
num_leaves=18
num_cat=2
split_feature=6 13 0 6 3 6 3 8 12 5 12 9 9 9 9 6 6
split_gain=37.2031 24.3265 15.6726 9.02367 8.07093 2.64934 2.4231 2.31965 1.30966 1.04868 0.751105 0.342537 0.0103731 0.004118 0.00387193 0.382925 0.00194579
threshold=140616.00000000003 0 1 438.25000000000006 31.750000000000004 96400.000000000015 46.750000000000007 645.25000000000011 1.7500000000000002 135.25000000000003 127.75000000000001 150181.50000000003 199377.00000000003 30330.250000000004 8798.5000000000018 32131.750000000004 10.750000000000002
decision_type=2 5 5 2 2 2 2 2 2 2 2 2 2 2 2 2 2
left_child=1 4 10 9 8 6 7 -5 -1 -4 11 -3 -13 -12 16 -16 -6
right_child=-2 2 3 5 14 -7 -8 -9 -10 -11 13 12 -14 -15 15 -17 -18
leaf_value=-2.7413965532637512 -2.0852074187489285 -3.3955589975144127 -3.3810541653617947 -3.2246109813598598 -3.2246109813598598 -3.2246109813598598 -3.2246109813598598 -2.8775957886022363 -3.2246109813598598 -3.2246109813598598 -3.2351374195155613 -3.2246109813598598 -3.2416410414792804 -3.2178732250542397 -3.1101083551988471 -3.2246109813598598 -3.2396970086838222
leaf_count=359 42 2325 241 127 26 73 45 400 53 25 34 31 63 45 45 31 35
internal_value=0 -0.0692824 -0.250023 0.26644 0.723574 0.683943 0.801648 0.900698 1.39976 -0.357305 -0.458706 -0.52404 -0 -0 -0 0 -0.0330869
internal_count=4000 3958 3409 911 549 645 572 527 412 266 2498 2419 94 79 137 76 61
cat_boundaries=0 4 9
cat_threshold=2684650080 276906049 8388884 8388864 3290956137 134034 1064960 17408 2281971714
shrinkage=1


Tree=1
num_leaves=23
num_cat=3
split_feature=1 10 10 4 13 1 11 4 11 8 8 10 11 8 10 9 10 6 11 4 10 4
split_gain=27.3328 12.3307 7.11186 4.70706 3.17943 2.74064 4.71087 0.975161 1.02605 2.24452 0.73991 0.594425 0.538719 0.426806 1.03051 0.300342 0.252412 0.164343 0.144036 0.117672 0.00956539 0.00214752
threshold=0 97927.750000000015 1.7500000000000002 3.2500000000000004 1 2 40.000000000000007 1.7500000000000002 16.000000000000004 10816.750000000002 55986.250000000007 2648.5000000000005 409.75000000000006 177.25000000000003 63418.750000000007 164.50000000000003 8182.7500000000009 7099.0000000000009 3556.0000000000005 9.2500000000000018 2073.2500000000005 4.7500000000000009
decision_type=5 2 2 2 5 5 2 2 2 2 2 2 2 2 2 2 2 2 2 2 2 2
left_child=2 5 4 -3 -1 6 16 8 13 17 18 -9 -12 15 -15 -7 20 -10 -4 21 -2 -5
right_child=1 3 10 19 -6 7 -8 11 9 -11 12 -13 -14 14 -16 -17 -18 -19 -20 -21 -22 -23
leaf_value=-0.081797658206892471 0.053207719873782013 0.51975156428616098 -0.25320109649056588 0.0086980772429041849 0.047653150082521925 -0 -0 0 -0.068201380111127544 0.33735581755170396 -0.11330155305515996 -0.17373107176722064 0.051371903726339326 -0.12061035912824755 0.038666093456717218 0.075580133456371684 0.55781921821568126 0.024524515797022924 -0 0.11543567249944346 0 -0
leaf_count=1220 40 237 840 28 470 84 91 45 46 38 57 104 39 224 30 123 73 54 38 52 26 41
internal_value=0 0.490831 -0.329648 1.24554 -0.122279 0.192869 0.459338 -0.0118793 0.0355485 0.382115 -0.721684 -0.373543 -0 -0.0343173 -0.196062 0.0427591 1.4162 -0 -0.776678 0.240246 0.133995 0
internal_count=4000 1336 2664 358 1690 978 230 748 599 138 974 149 96 461 254 207 139 100 878 121 66 69
cat_boundaries=0 7 10 17
cat_threshold=134221385 1084252162 2160100497 1107305472 14155776 2097664 2097152 2150633473 276824321 536887376 524288 17891600 1048576 262144 0 268435456 32768
shrinkage=0.317716


Tree=2
num_leaves=30
num_cat=4
split_feature=1 13 7 9 13 1 3 11 11 3 3 7 9 3 7 7 5 7 6 6 6 9 9 5 7 5 6 9 6
split_gain=12.3973 8.03472 4.37889 4.62443 2.88013 1.77232 5.23269 5.87853 2.89823 1.6822 1.63271 1.99783 1.49927 1.48357 1.10545 0.388412 0.376579 0.344423 0.335174 0.328569 0.296973 0.734516 0.341015 0.218462 0.210883 0.152377 0.0922117 0.0677567 0.0460685
threshold=0 1 50557.750000000007 303.25000000000006 2 3 16.000000000000004 88.750000000000014 671.50000000000011 45.250000000000007 33.250000000000007 241.00000000000003 82348.000000000015 30.250000000000004 6061.7500000000009 16913.500000000004 272.50000000000006 26840.500000000004 21643.000000000004 13.000000000000002 16889.500000000004 4040.5000000000005 6760.7500000000009 974.50000000000011 18608.500000000004 79.750000000000014 28058.500000000004 76822.750000000015 7210.7500000000009
decision_type=5 5 2 2 5 5 2 2 2 2 2 2 2 2 2 2 2 2 2 2 2 2 2 2 2 2 2 2 2
left_child=9 5 3 4 -3 10 7 15 -9 12 19 -12 20 -4 -5 25 18 -17 -16 -2 21 -1 -23 -21 -13 -7 -22 -18 -24
right_child=1 2 13 14 -6 6 -8 8 -10 -11 11 24 -14 -15 16 17 27 -19 -20 23 26 22 28 -25 -26 -27 -28 -29 -30
leaf_value=0.30716290417080816 0 -0.054885038441843392 0.55365300344590251 -0.17156150642327522 0.14262630582978647 -0.11550333593031624 -0.26955186864049108 0.44814314221146045 -0 -0 -0 0.37700800202759738 0.49174520637155122 0 -0 0.098004342779642983 0 -0.065178906244917692 0.14503364464324514 -0.099767718911056361 -0 -0 0.096659627531720652 0 0 0 0.052470582619109411 -0.081903585445686142 0
leaf_count=115 29 105 21 208 391 1536 676 28 68 45 34 27 38 25 34 21 23 27 29 111 26 39 140 40 20 23 50 49 22
internal_value=0 -0.153217 0.183875 0.0782541 0.37894 -0.316612 -0.382157 -0.219982 0.74694 0.51138 0.0411854 0.57513 0.793432 1.26106 -0.324136 -0.334854 0 0 0.24106 -0.0812109 0.506245 0.568888 0.204098 -0.221669 0.951114 -0.355678 0 -0.188884 0.283102
internal_count=4000 3525 885 839 496 2640 2379 1703 96 475 261 81 430 46 343 1607 135 48 63 180 392 316 201 151 47 1559 76 72 162
cat_boundaries=0 7 12 14 19
cat_threshold=4210976 22086032 1611792384 134479904 0 268435456 32768 1211177089 134348801 612515928 2048 8 2164261904 276824128 589832 1056 268435456 34078788 128
shrinkage=0.317716


Tree=3
num_leaves=15
num_cat=3
split_feature=1 0 6 8 5 6 8 2 11 11 11 6 11 11
split_gain=11.8659 12.5552 4.00594 2.7223 0.587784 0.512142 0.492346 0.215811 0.131505 0.013632 2.98521 0.00289252 0.00155471 0.0133419
threshold=0 1 438.25000000000006 42.250000000000007 187.75000000000003 95599.750000000015 104311.00000000001 2 3556.0000000000005 313.75000000000006 148.75000000000003 6.2500000000000009 238.75000000000003 258.25000000000006
decision_type=5 5 2 2 2 2 2 5 2 2 2 2 2 2
left_child=8 3 4 11 7 6 -5 -3 -1 10 -4 -2 -12 -14
right_child=1 2 9 5 -6 -7 -8 -9 -10 -11 12 -13 13 -15
leaf_value=-0.23096959334271286 -0.0032034215256137289 0 0.21516297136185628 -0.20863371596284591 0.12375903629934661 -0 -0 -0.048596688285768123 -0 0.3496531644717335 0 0 -0.020696448179518188 0
leaf_count=870 1617 100 505 330 38 46 32 148 38 127 23 55 28 43
internal_value=0 0.138852 0.478754 -0.122254 -0 -0.491835 -0.576243 -0.127612 -0.508938 0.706055 0.537875 -0.00681548 -0 -0.0171556
internal_count=4000 3092 1012 2080 286 408 362 248 908 726 599 1672 94 71
cat_boundaries=0 6 13 14
cat_threshold=1208026696 10493952 2160100497 1107305472 13631488 2097664 1142952961 17170 67117184 16392 134225922 536871040 288 1416
shrinkage=0.317716


Tree=4
num_leaves=18
num_cat=4
split_feature=13 1 7 8 3 7 7 8 6 0 0 4 4 8 7 6 6
split_gain=9.19806 12.2286 5.18946 3.18001 2.95509 2.8364 5.73188 2.17859 1.05871 0.861901 0.786976 0.657302 0.924484 0.476088 0.305061 0.207695 0.107939
threshold=0 1 7302.2500000000009 14493.250000000002 49.750000000000007 19.750000000000004 1922.5000000000002 74746.750000000015 154.75000000000003 2 3 4.7500000000000009 15.250000000000002 24.250000000000004 89458.000000000015 55675.750000000007 29997.250000000004
decision_type=5 5 2 2 2 2 2 2 2 5 5 2 2 2 2 2 2
left_child=1 -1 3 5 11 10 8 9 -7 -2 -3 -4 -13 -12 -9 -5 -8
right_child=7 2 4 15 -6 6 16 14 -10 -11 13 12 -14 -15 -16 -17 -18
leaf_value=-0.13226495874995758 0.019233157854281646 -0.03676529519328877 0.34636613749294604 -0.14709556330495432 -0 0 -0.046891532979043776 0.092286567223313687 0.37469555723054832 -0.15846310170708033 0.067566571510482135 -0 0.18544444859215278 -0 -0 0 0
leaf_count=647 124 107 177 124 27 58 113 36 168 957 1229 60 26 77 25 25 20
internal_value=0 0.145929 0.318147 0.190494 0.824559 0.271853 0.646912 -0.354063 1.05228 -0.512482 0.105239 0.935993 0.133625 0.144071 0.0225462 -0.394562 -0.022256
internal_count=4000 2858 2211 1921 290 1772 359 1142 226 1081 1413 263 86 1306 61 149 133
cat_boundaries=0 4 10 15 17
cat_threshold=2709816417 268517376 8388876 8388864 134549060 1098915856 2428534913 8192 14155776 2097664 32 131072 16777216 0 8194 1074266368 530
shrinkage=0.317716


Tree=5
num_leaves=16
num_cat=4
split_feature=13 0 10 1 7 10 4 10 12 10 8 13 8 7 5
split_gain=8.15301 4.4669 2.72865 2.53668 1.55871 1.49746 1.49702 1.45105 1.19235 0.893499 0.414947 0.361103 0.0232721 0.0155257 0.00843213
threshold=0 1 122803.00000000001 2 1600.7500000000002 3.2500000000000004 3.2500000000000004 232191.00000000003 127.75000000000001 691.75000000000011 3793.7500000000005 3 77385.250000000015 6496.7500000000009 974.50000000000011
decision_type=5 5 2 5 2 2 2 2 2 2 2 5 2 2 2
left_child=2 5 4 7 -1 11 9 14 -7 -5 -8 -2 -9 -6 -3
right_child=1 3 -4 6 13 8 10 12 -10 -11 -12 -13 -14 -15 -16
leaf_value=0.14342153472654784 0.007427188123238144 -0.16749146305993889 0.44461016278261728 -0 -0.043122684777862741 -0.18204115621529368 0 0.030661189422764808 -0 0.12136098858630147 -0.091897394072240915 -0.052046756549778 -0 0 -0
leaf_count=244 107 297 45 67 43 868 26 25 101 619 67 1408 21 27 35
internal_value=0 -0.140491 0.42324 0.0668604 0.29839 -0.285529 0.199812 -0.189207 -0.500148 0.335756 -0.0834879 -0.149791 0.0204432 -0.0984235 -0.497614
internal_count=4000 3641 359 1157 314 2484 779 378 969 686 93 1515 46 70 332
cat_boundaries=0 4 10 17 20
cat_threshold=2684617824 268500992 8388868 8388608 3290431817 213906 68175880 19488 2281701376 536870912 4195392 1064976 2684355600 1107296320 4194432 0 2097152 8389120 16448 64
shrinkage=0.317716


end of trees

feature importances:
n_table_1.n_15=17
n_table_1.n_16=12
n_table_1.n_17=11
n_table_1.n_26=11
n_table_1.n_18=10
n_table_1.n_19=10
c_table_1.c_3=7
n_table_1.n_3=7
n_table_1.n_10=7
c_table_2.c_4=7
n_table_1.n_12=6
c_table_1.c_2=5
n_table_1.n_27=3
c_table_1.c_5=1

parameters:
[boosting: gbdt]
[objective: binary]
[metric: auc]
[tree_learner: serial]
[device_type: cpu]
[data: ]
[valid: ]
[num_iterations: 100]
[learning_rate: 0.317716]
[num_leaves: 55]
[num_threads: 4]
[max_depth: 7]
[min_data_in_leaf: 20]
[min_sum_hessian_in_leaf: 0.898071]
[bagging_fraction: 1]
[bagging_freq: 44]
[bagging_seed: 3]
[feature_fraction: 0.7]
[feature_fraction_seed: 2]
[early_stopping_round: 0]
[max_delta_step: 0]
[lambda_l1: 1.21623]
[lambda_l2: 1.29282]
[min_gain_to_split: 0]
[drop_rate: 0.1]
[max_drop: 50]
[skip_drop: 0.5]
[xgboost_dart_mode: 0]
[uniform_drop: 0]
[drop_seed: 4]
[top_rate: 0.2]
[other_rate: 0.1]
[min_data_per_group: 100]
[max_cat_threshold: 32]
[cat_l2: 10]
[cat_smooth: 10]
[max_cat_to_onehot: 4]
[top_k: 20]
[monotone_constraints: ]
[feature_contri: ]
[forcedsplits_filename: ]
[refit_decay_rate: 0.9]
[verbosity: -1]
[max_bin: 255]
[min_data_in_bin: 3]
[bin_construct_sample_cnt: 200000]
[histogram_pool_size: -1]
[data_random_seed: 1]
[output_model: LightGBM_model.txt]
[snapshot_freq: -1]
[input_model: ]
[output_result: LightGBM_predict_result.txt]
[initscore_filename: ]
[valid_data_initscores: ]
[pre_partition: 0]
[enable_bundle: 1]
[max_conflict_rate: 0]
[is_enable_sparse: 1]
[sparse_threshold: 0.8]
[use_missing: 1]
[zero_as_missing: 0]
[two_round: 0]
[save_binary: 0]
[enable_load_from_binary_file: 1]
[header: 0]
[label_column: ]
[weight_column: ]
[group_column: ]
[ignore_column: ]
[categorical_feature: ]
[predict_raw_score: 0]
[predict_leaf_index: 0]
[predict_contrib: 0]
[num_iteration_predict: -1]
[pred_early_stop: 0]
[pred_early_stop_freq: 10]
[pred_early_stop_margin: 10]
[convert_model_language: ]
[convert_model: gbdt_prediction.cpp]
[num_class: 1]
[is_unbalance: 0]
[scale_pos_weight: 1]
[sigmoid: 1]
[boost_from_average: 1]
[reg_sqrt: 0]
[alpha: 0.9]
[fair_c: 1]
[poisson_max_delta_step: 0.7]
[tweedie_variance_power: 1.5]
[max_position: 20]
[label_gain: ]
[metric_freq: 1]
[is_provide_training_metric: 0]
[eval_at: ]
[num_machines: 1]
[local_listen_port: 12400]
[time_out: 120]
[machine_list_filename: ]
[machines: ]
[gpu_platform_id: -1]
[gpu_device_id: -1]
[gpu_use_dp: 0]

end of parameters

pandas_categorical:[[0, 1, 2, 3, 4, 5, 6, 7, 8, 9, 10, 11, 12, 13, 14, 15, 16, 17, 18, 19, 20, 21, 22, 23, 24, 25, 26, 27, 28, 29, 30, 31, 32, 33, 34, 35, 36, 37, 38, 39, 40, 41, 42, 43, 44, 45, 46, 47, 48, 49, 50, 51, 52, 53, 54, 55, 56, 57, 58, 59, 60, 61, 62, 63, 64, 65, 66, 67, 68, 69, 70, 71, 72, 73, 74, 75, 76, 77, 78, 79, 80, 81, 82, 83, 84, 85, 86, 87, 88, 89, 90, 91, 92, 93, 94, 95, 96, 97, 98, 99, 100, 101, 102, 103, 104, 105, 106, 107, 108, 109, 110, 111, 112, 113, 114, 115, 116, 117, 118, 119, 120, 121, 122, 123, 124, 125, 126, 127, 128, 129, 130, 131, 132, 133, 134, 135, 136, 137, 138, 139, 140, 141, 142, 143, 144, 145, 146, 147, 148, 149, 150, 151, 152, 153, 154, 155, 156, 157, 158, 159, 160, 161, 162, 163, 164, 165, 166, 167, 168, 169, 170, 171, 172, 173, 174, 175, 176, 177, 178, 179, 180, 181, 182, 183, 184, 185, 186, 187, 188, 189, 190, 191, 192, 193, 194, 195, 196, 197, 198, 199, 200, 201, 202, 203, 204, 205, 206], [0, 1, 2, 3, 4, 5, 6, 7, 8, 9, 10, 11, 12, 13, 14, 15, 16, 17, 18, 19, 20, 21, 22, 23, 24, 25, 26, 27, 28, 29, 30, 31, 32, 33, 34, 35, 36, 37, 38, 39, 40, 41, 42, 43, 44, 45, 46, 47, 48, 49, 50, 51, 52, 53, 54, 55, 56, 57, 58, 59, 60, 61, 62, 63, 64, 65, 66, 67, 68, 69, 70, 71, 72, 73, 74, 75, 76, 77, 78, 79, 80, 81, 82, 83, 84, 85, 86, 87, 88, 89, 90, 91, 92, 93, 94, 95, 96, 97, 98, 99, 100, 101, 102, 103, 104, 105, 106, 107, 108, 109, 110, 111, 112, 113, 114, 115, 116, 117, 118, 119, 120, 121, 122, 123, 124, 125, 126, 127, 128, 129, 130, 131, 132, 133, 134, 135, 136, 137, 138, 139, 140, 141, 142, 143, 144, 145, 146, 147, 148, 149, 150, 151, 152, 153, 154, 155, 156, 157, 158, 159, 160, 161, 162, 163, 164, 165, 166, 167, 168, 169, 170, 171, 172, 173, 174, 175, 176, 177, 178, 179, 180, 181, 182, 183, 184, 185, 186, 187, 188, 189, 190, 191, 192, 193, 194, 195, 196, 197, 198, 199, 200, 201, 202, 203, 204, 205, 206, 207, 208, 209, 210, 211, 212, 213, 214, 215, 216, 217, 218, 219, 220], [0, 1, 2, 3, 4, 5, 6, 7, 8, 9, 10, 11, 12, 13, 14, 15, 16, 17, 18, 19, 20, 21, 22, 23, 24, 25, 26, 27, 28, 29, 30, 31, 32, 33, 34, 35, 36, 37, 38, 39, 40, 41, 42, 43, 44, 45, 46, 47, 48, 49, 50, 51, 52, 53, 54, 55, 56], [0, 1, 2, 3, 4, 5, 6, 7, 8, 9, 10, 11, 12, 13, 14, 15, 16, 17, 18, 19, 20, 21, 22, 23, 24, 25, 26, 27, 28, 29, 30, 31, 32, 33, 34, 35, 36, 37, 38, 39, 40, 41, 42, 43, 44, 45, 46, 47, 48, 49, 50, 51, 52, 53, 54, 55, 56, 57, 58, 59, 60, 61, 62, 63, 64, 65, 66, 67, 68, 69, 70, 71, 72, 73, 74, 75, 76, 77, 78, 79, 80, 81, 82, 83, 84, 85, 86, 87, 88, 89, 90, 91, 92, 93, 94, 95, 96, 97, 98, 99, 100, 101, 102, 103, 104, 105, 106, 107, 108, 109, 110, 111, 112, 113, 114, 115, 116, 117, 118, 119, 120, 121, 122, 123, 124, 125, 126, 127, 128, 129, 130, 131, 132, 133, 134, 135, 136, 137, 138, 139, 140, 141, 142, 143, 144, 145, 146, 147, 148, 149, 150]]
