tree
version=v2
num_class=1
num_tree_per_iteration=1
label_index=0
max_feature_idx=10
objective=binary sigmoid:1
feature_names=n_1 c_table_1.c_4 n_table_1.n_3 n_table_1.n_10 n_table_1.n_11 n_table_1.n_12 n_table_1.n_15 n_table_1.n_16 n_table_1.n_19 n_table_1.n_27 c_table_2.c_4
feature_infos=[1:323.5] 7:0:1:49:65:32:30:2:26:42:132:141:61:130:86:25:62:149:16:38:64:80:153:8:19:46:47:52:56:66:68:69:116:122:126:138:140 [1:175] [1:68.5] [1:4433.5] [1:8524] [1:237038] [1:185158] [1:882506] [1:151] 18:0:70:6:12:21:32:20:10:60:9:27:31:38:107:40:59:67:68:4:46:72:7:16:48:49:51:55:66:78:11:24:30:93:96:119
tree_sizes=549 488 538 504 547 657 676 579 539 645 706 691 677 680 585 581 628 602 673 597 660 620 558 693

Tree=0
num_leaves=6
num_cat=0
split_feature=6 0 5 4 4
split_gain=9.17289 2.89997 2.69018 1.2054 0.211486
threshold=25320.250000000004 12.250000000000002 130.75000000000003 22.750000000000004 9.2500000000000018
decision_type=2 2 2 2 2
left_child=1 2 4 -4 -1
right_child=-2 -3 3 -5 -6
leaf_value=-3.0558877587839497 -2.7088233088665241 -2.8541846555705681 -2.8122669112789049 -2.9444389791664403 -2.9444389791664403
leaf_count=473 111 73 49 47 47
internal_value=0 -0.207755 -0.341591 0.138085 -0.486936
internal_count=800 689 616 96 520
shrinkage=1


Tree=1
num_leaves=5
num_cat=0
split_feature=5 0 9 9
split_gain=5.44416 4.61295 0.822411 2.2631
threshold=100.00000000000001 6.2500000000000009 3.2500000000000004 28.750000000000004
decision_type=2 2 2 2
left_child=1 -1 -2 -4
right_child=2 -3 3 -5
leaf_value=-0.10739133287332361 0.20018885163939285 0.072261990517610286 -0.055342100843268051 0.14241109732775264
leaf_count=458 79 139 61 63
internal_value=0 -0.235508 0.566276 0.0543274
internal_count=800 597 203 124
shrinkage=0.215093


Tree=2
num_leaves=6
num_cat=0
split_feature=5 0 5 0 7
split_gain=4.20272 2.09047 1.19189 1.27627 1.16226
threshold=1260.2500000000002 16.750000000000004 100.00000000000001 6.2500000000000009 5950.0000000000009
decision_type=2 2 2 2 2
left_child=1 2 3 -1 -4
right_child=-2 -3 4 -5 -6
leaf_value=-0.094967566976050646 0.22031025054862044 0.11764900365720204 0.093387131439322008 0 -0.036604033216584397
leaf_count=458 43 44 67 101 87
internal_value=0 -0.0889177 -0.196691 -0.320035 0
internal_count=800 757 713 559 154
shrinkage=0.215093


Tree=3
num_leaves=6
num_cat=0
split_feature=8 2 0 5 4
split_gain=2.95425 1.09336 0.749518 1.10944 0.0499687
threshold=205837.50000000003 37.750000000000007 16.750000000000004 100.00000000000001 31.750000000000004
decision_type=2 2 2 2 2
left_child=1 2 3 -1 -2
right_child=4 -3 -4 -5 -6
leaf_value=-0.08143579587009353 0 0.049266199006288251 0 0 0.17530329683924481
leaf_count=508 35 82 40 94 41
internal_value=0 -0.0898338 -0.194 -0.264013 0.656506
internal_count=800 724 642 602 76
shrinkage=0.215093


Tree=4
num_leaves=6
num_cat=0
split_feature=7 0 4 5 6
split_gain=1.97961 1.15019 0.981063 0.80875 0.424056
threshold=50557.750000000007 16.750000000000004 6.2500000000000009 187.75000000000003 4735.7500000000009
decision_type=2 2 2 2 2
left_child=1 2 4 -4 -1
right_child=-2 -3 3 -5 -6
leaf_value=-0.070072026862848344 0.15542921809685956 0.090898420026491067 0.082226960432534399 -0.011719494660195673 0
leaf_count=460 33 44 89 102 72
internal_value=0 -0.0239064 -0.122011 0.0214271 -0.2613
internal_count=800 767 723 191 532
shrinkage=0.215093


Tree=5
num_leaves=8
num_cat=0
split_feature=8 9 4 6 8 6 6
split_gain=1.39646 1.17259 1.28527 1.21142 0.514584 0.476796 0.336215
threshold=205837.50000000003 3.2500000000000004 9.2500000000000018 25320.250000000004 1.7500000000000002 63940.000000000007 3612.2500000000005
decision_type=2 2 2 2 2 2 2
left_child=1 2 4 -3 -1 -2 -4
right_child=5 3 6 -5 -6 -7 -8
leaf_value=0.0010195628830039799 0 -0.13450188634451224 0.15064472476059118 0 -0.054565881920924993 0.14944745472576496 0
leaf_count=321 41 112 41 32 179 35 39
internal_value=0 -0.0345877 0.0272902 -0.379506 -0.0330787 0.440813 0.473502
internal_count=800 724 580 144 500 76 80
shrinkage=0.215093


Tree=6
num_leaves=8
num_cat=0
split_feature=0 6 2 4 4 8 0
split_gain=1.23993 0.965876 0.885846 1.14237 0.358429 0.132225 0.046042
threshold=16.750000000000004 250.75000000000003 33.250000000000007 157.00000000000003 14.500000000000002 631.00000000000011 6.2500000000000009
decision_type=2 2 2 2 2 2 2
left_child=1 5 4 -4 -3 6 -1
right_child=-2 2 3 -5 -6 -7 -8
leaf_value=-0.014650229458989646 0.11785539697050519 -0.047301997242470431 0.13336854941926274 -0 0.015047900352447963 -0.096947689713965821 0
leaf_count=282 45 130 84 42 79 87 51
internal_value=0 -0.00103614 0.102398 0.363765 -0 -0.222207 -0.00292876
internal_count=800 755 335 126 209 420 333
shrinkage=0.215093


Tree=7
num_leaves=7
num_cat=0
split_feature=7 2 9 8 6 0
split_gain=1.00372 0.631605 0.843308 0.782277 0.892022 0.415108
threshold=50557.750000000007 37.750000000000007 3.2500000000000004 1.7500000000000002 33467.500000000007 10.750000000000002
decision_type=2 2 2 2 2 2
left_child=1 3 -3 5 -5 -1
right_child=-2 2 -4 4 -6 -7
leaf_value=-0 0.10430096132703173 0.11107219522238669 -0 -0.084355884503171663 0 0.075227835711228958
leaf_count=286 33 49 46 293 55 38
internal_value=0 -0.00717028 0.208153 -0.109179 -0.256797 0
internal_count=800 767 95 672 348 324
shrinkage=0.215093


Tree=8
num_leaves=6
num_cat=0
split_feature=0 6 8 8 8
split_gain=0.768048 0.682633 0.70269 0.681245 0.0191604
threshold=16.750000000000004 250.75000000000003 24851.500000000004 77851.750000000015 631.00000000000011
decision_type=2 2 2 2 2
left_child=1 4 -3 -4 -1
right_child=-2 2 3 -5 -6
leaf_value=-0 0.088828045518758308 0.083888307956340807 -0.072347208567522178 0.020970683070272975 -0.082304874817217696
leaf_count=333 45 104 92 139 87
internal_value=0 -0 0.0779612 -0 -0.19405
internal_count=800 755 335 231 420
shrinkage=0.215093


Tree=9
num_leaves=7
num_cat=0
split_feature=5 0 5 5 7 7
split_gain=0.630861 0.447646 2.01653 0.913694 1.13352 0.276059
threshold=1260.2500000000002 6.2500000000000009 3.2500000000000004 100.00000000000001 5950.0000000000009 71.500000000000014
decision_type=2 2 2 2 2 2
left_child=1 3 -3 5 -5 -1
right_child=-2 2 -4 4 -6 -7
leaf_value=-0.0029558144764097391 0.073752045482572887 0.1132459662849255 -0.052258163111944048 0.09704412810568297 -0.027252893276744464 -0.11601253616463697
leaf_count=334 43 106 53 59 81 124
internal_value=0 -0.00954129 0.109903 -0.116827 0.0143369 -0.283651
internal_count=800 757 159 598 140 458
shrinkage=0.215093


Tree=10
num_leaves=9
num_cat=0
split_feature=4 9 6 0 5 9 5 8
split_gain=0.503543 1.05288 0.99467 0.292146 0.367339 0.107024 0.0681864 0.00995255
threshold=6.2500000000000009 3.2500000000000004 63940.000000000007 6.2500000000000009 170.50000000000003 54.250000000000007 130.75000000000003 1.7500000000000002
decision_type=2 2 2 2 2 2 2 2
left_child=3 6 5 4 -1 -3 -2 -5
right_child=1 2 -4 7 -6 -7 -8 -9
leaf_value=-0.051897711548058653 0 -0.091173874125311527 0.072231943482883879 0.0094193975289790371 0 -0 0.11350212344942555 -0
leaf_count=414 59 51 25 66 33 48 50 54
internal_value=0 0.151641 -0 -0.0736256 -0.162952 -0.294603 0.410436 0
internal_count=800 233 124 567 447 99 109 120
shrinkage=0.215093


Tree=11
num_leaves=8
num_cat=1
split_feature=1 6 0 0 3 7 5
split_gain=0.454343 1.5596 1.02091 0.940576 0.547723 0.417159 0.436208
threshold=0 22.000000000000004 1.7500000000000002 16.750000000000004 1.7500000000000002 39.250000000000007 979.00000000000011
decision_type=5 2 2 2 2 2 2
left_child=3 -2 4 5 -3 -1 -7
right_child=1 2 -4 -5 -6 6 -8
leaf_value=-0 -0.056253291925436912 0.057358919849354463 0.14831037441596004 0.048915800906642104 -0.02803229618194546 -0.12301335291454374 -0
leaf_count=332 63 105 70 28 53 114 35
internal_value=0 0.110476 0.350668 -0.0622703 0 -0.222442 -0.401529
internal_count=800 291 228 509 158 481 149
cat_boundaries=0 1
cat_threshold=3
shrinkage=0.215093


Tree=12
num_leaves=8
num_cat=0
split_feature=7 8 8 6 8 0 8
split_gain=0.422807 0.423172 1.50776 0.741196 0.243314 0.162982 0.068602
threshold=50557.750000000007 24851.500000000004 9349.0000000000018 25320.250000000004 1.7500000000000002 1.7500000000000002 94727.500000000015
decision_type=2 2 2 2 2 2 2
left_child=1 2 4 6 -1 -5 -3
right_child=-2 3 -4 5 -6 -7 -8
leaf_value=0 0.062412968300959284 -0.10917541268055039 0.12955506178725598 -0.012055473349289669 -0.044036976024332999 0.042991736991367831 -0
leaf_count=331 33 100 62 57 151 25 41
internal_value=0 -0.0239138 0.0114518 -0.177933 -0.0430402 0 -0.407692
internal_count=800 767 544 223 482 82 141
shrinkage=0.215093


Tree=13
num_leaves=8
num_cat=0
split_feature=5 8 8 6 8 0 7
split_gain=0.288754 0.287462 0.971141 0.651408 0.178448 0.106949 0.0301076
threshold=2056.0000000000005 24851.500000000004 9349.0000000000018 25320.250000000004 1.7500000000000002 1.7500000000000002 12941.500000000002
decision_type=2 2 2 2 2 2 2
left_child=1 2 4 6 -1 -5 -3
right_child=-2 3 -4 5 -6 -7 -8
leaf_value=0 0.055757910217587907 -0.10045531819796467 0.10005630262335029 -0.0052888172646201196 -0.037573526235804365 0.035764781965081933 -0
leaf_count=331 26 91 62 64 151 25 50
internal_value=0 -0.0164885 0.00378696 -0.143597 -0.0306125 0 -0.374087
internal_count=800 774 544 230 482 89 141
shrinkage=0.215093


Tree=14
num_leaves=7
num_cat=0
split_feature=0 2 6 7 0 4
split_gain=0.271663 0.415096 0.407285 0.640876 0.397799 0.0790276
threshold=16.750000000000004 33.250000000000007 98004.250000000015 3793.0000000000005 1.7500000000000002 12.250000000000002
decision_type=2 2 2 2 2 2
left_child=1 2 3 -1 5 -3
right_child=-2 4 -4 -5 -6 -7
leaf_value=-0 0.048241080071838117 0 0 -0.10431002827184818 0.066551391390608658 -0.027435766178363671
leaf_count=453 45 56 28 102 56 60
internal_value=0 -0.0208645 -0.123473 -0.189973 0.0766816 -0
internal_count=800 755 583 555 172 116
shrinkage=0.215093


Tree=15
num_leaves=7
num_cat=0
split_feature=7 2 8 6 9 0
split_gain=0.310116 0.261032 0.465127 0.396361 0.376891 0.144061
threshold=50557.750000000007 37.750000000000007 1.7500000000000002 33467.500000000007 3.2500000000000004 12.250000000000002
decision_type=2 2 2 2 2 2
left_child=1 2 5 -4 -3 -1
right_child=-2 4 3 -5 -6 -7
leaf_value=-0 0.0530277211885265 0.062460818693918611 -0.066385134047701078 0 -0 0.042288247909152352
leaf_count=293 33 49 293 55 46 31
internal_value=0 -0.0186054 -0.092997 -0.210584 0.0683441 0
internal_count=800 767 672 348 95 324
shrinkage=0.215093


Tree=16
num_leaves=7
num_cat=2
split_feature=5 1 7 3 7 10
split_gain=0.211813 0.233685 1.56644 0.363803 0.804529 0.0520478
threshold=2056.0000000000005 0 39.250000000000007 4.7500000000000009 39.250000000000007 1
decision_type=2 5 2 2 2 5
left_child=1 2 5 4 -3 -1
right_child=-2 3 -4 -5 -6 -7
leaf_value=-0.001394234721110537 0.047875828132702691 -0 -0.12564238816633005 -0.012953777593777693 0.068175511156000415 0.01198445186396193
leaf_count=213 26 82 128 34 176 141
internal_value=0 -0.007177 -0.0869988 0.0287875 0.160472 0
internal_count=800 774 482 292 258 354
cat_boundaries=0 1 2
cat_threshold=1 1
shrinkage=0.215093


Tree=17
num_leaves=7
num_cat=1
split_feature=1 0 7 3 5 7
split_gain=0.316485 0.748134 0.63921 0.522421 0.54826 0.386528
threshold=0 16.750000000000004 39.250000000000007 4.7500000000000009 363.25000000000006 15.250000000000002
decision_type=5 2 2 2 2 2
left_child=1 5 -2 4 -4 -1
right_child=2 -3 3 -5 -6 -7
leaf_value=-0 -0 0.032288404805142321 0.10771110200953354 -0 -0 -0.083492507212840225
leaf_count=332 78 28 115 43 31 173
internal_value=0 -0.0636623 0.0829655 0.255314 0.369957 -0.213499
internal_count=800 533 267 189 146 505
cat_boundaries=0 3
cat_threshold=1073741827 0 2
shrinkage=0.215093


Tree=18
num_leaves=8
num_cat=1
split_feature=5 8 8 8 6 10 6
split_gain=0.216518 0.242517 0.484471 0.461541 0.176941 0.13337 0.00823706
threshold=2056.0000000000005 24851.500000000004 9349.0000000000018 205837.50000000003 25320.250000000004 0 80094.250000000015
decision_type=2 2 2 2 2 5 2
left_child=1 2 5 4 -3 -1 -5
right_child=-2 3 -4 6 -6 -7 -8
leaf_value=-0.017993781573730893 0.045805951587380198 -0.086803573003199075 0.067297889351552481 0.010787121475600554 -0 0 -0
leaf_count=287 26 128 62 27 49 195 26
internal_value=0 -0.0259317 0 -0.137171 -0.276609 -0.0260604 0
internal_count=800 774 544 230 177 482 53
cat_boundaries=0 1
cat_threshold=1
shrinkage=0.215093


Tree=19
num_leaves=7
num_cat=1
split_feature=10 4 6 9 6 9
split_gain=0.166028 0.819996 0.680111 0.557684 0.451539 0.208455
threshold=0 235.75000000000003 88531.000000000015 1.7500000000000002 14209.750000000002 6.2500000000000009
decision_type=5 2 2 2 2 2
left_child=1 2 5 4 -2 -1
right_child=3 -3 -4 -5 -6 -7
leaf_value=-0.065865629035455536 0.078133767942772561 0.057330872839114685 0 -0 -0 -0
leaf_count=396 193 27 22 75 25 62
internal_value=0 -0.0433147 -0.175205 0.064104 0.256873 -0.263364
internal_count=800 507 480 293 218 458
cat_boundaries=0 1
cat_threshold=1052673
shrinkage=0.215093


Tree=20
num_leaves=8
num_cat=1
split_feature=1 0 7 3 5 7 5
split_gain=0.13867 0.534924 0.434841 0.380475 0.293167 0.290975 0.335452
threshold=0 16.750000000000004 39.250000000000007 4.7500000000000009 363.25000000000006 15.250000000000002 979.00000000000011
decision_type=5 2 2 2 2 2 2
left_child=1 5 -2 4 -4 -1 -7
right_child=2 -3 3 -5 -6 6 -8
leaf_value=-0 -0 0.026916541967496342 0.082037856856123928 -0 -0 -0.10645628460943161 -0
leaf_count=332 78 28 115 43 31 138 35
internal_value=0 -0.0403388 0.0562803 0.195951 0.292107 -0.175246 -0.331941
internal_count=800 533 267 189 146 505 173
cat_boundaries=0 3
cat_threshold=1073741827 0 2
shrinkage=0.215093


Tree=21
num_leaves=7
num_cat=0
split_feature=5 5 0 0 4 9
split_gain=0.14498 0.274545 0.851097 0.759407 0.491683 0.0219561
threshold=1260.2500000000002 1.7500000000000002 6.2500000000000009 4.7500000000000009 22.750000000000004 25.750000000000004
decision_type=2 2 2 2 2 2
left_child=1 2 -1 4 -3 -2
right_child=5 3 -4 -5 -6 -7
leaf_value=-0.020763039987663288 0 0.034166222104301737 0.067501249790325221 -0.094465512977698701 -0.048266881214023116 0.043672758949609321
leaf_count=343 23 158 106 66 84 20
internal_value=0 -0.025695 0.0002023 -0.131138 0 0.143597
internal_count=800 757 449 308 242 43
shrinkage=0.215093


Tree=22
num_leaves=6
num_cat=0
split_feature=5 5 0 0 4
split_gain=0.118443 0.169241 0.86788 0.539391 0.147033
threshold=2056.0000000000005 1.7500000000000002 4.7500000000000009 6.2500000000000009 22.750000000000004
decision_type=2 2 2 2 2
left_child=1 3 4 -1 -3
right_child=-2 2 -4 -5 -6
leaf_value=-0.017131155193375738 0.033108376415887507 0.02439895894407795 -0.094320164635644355 0.052304383963071112 -0.015162322197018938
leaf_count=343 26 159 68 106 98
internal_value=0 -0.0202179 -0.0993091 0 0
internal_count=800 774 325 449 257
shrinkage=0.215093


Tree=23
num_leaves=9
num_cat=0
split_feature=4 2 2 6 8 5 6 9
split_gain=0.144411 0.531586 0.93303 0.517963 0.144094 0.376419 0.0637366 0.0311621
threshold=6.2500000000000009 37.750000000000007 4.0000000000000009 58975.000000000007 1.7500000000000002 187.75000000000003 3028.0000000000005 3.2500000000000004
decision_type=2 2 2 2 2 2 2 2
left_child=4 2 -2 -4 -1 6 -6 -3
right_child=1 7 3 -5 5 -7 -8 -9
leaf_value=0 0.056826948447786685 0.080849096491879296 -0.096009546728134679 0 -0.075941176010243874 0 -0 0
leaf_count=328 62 36 75 27 147 32 60 33
internal_value=0 0.0662868 -0 -0.27322 -0.0563499 -0.150081 -0.2833 0.298232
internal_count=800 233 164 102 567 239 207 69
shrinkage=0.215093


end of trees

feature importances:
n_1=25
n_table_1.n_12=23
n_table_1.n_19=21
n_table_1.n_15=20
n_table_1.n_16=16
n_table_1.n_11=13
n_table_1.n_27=11
n_table_1.n_3=7
c_table_1.c_4=4
n_table_1.n_10=4
c_table_2.c_4=3

parameters:
[boosting: gbdt]
[objective: binary]
[metric: auc]
[tree_learner: serial]
[device_type: cpu]
[data: ]
[valid: ]
[num_iterations: 100]
[learning_rate: 0.215093]
[num_leaves: 10]
[num_threads: 4]
[max_depth: 4]
[min_data_in_leaf: 20]
[min_sum_hessian_in_leaf: 2.06868]
[bagging_fraction: 0.8]
[bagging_freq: 0]
[bagging_seed: 3]
[feature_fraction: 1]
[feature_fraction_seed: 2]
[early_stopping_round: 0]
[max_delta_step: 0]
[lambda_l1: 1.41107]
[lambda_l2: 1.15333]
[min_gain_to_split: 0]
[drop_rate: 0.1]
[max_drop: 50]
[skip_drop: 0.5]
[xgboost_dart_mode: 0]
[uniform_drop: 0]
[drop_seed: 4]
[top_rate: 0.2]
[other_rate: 0.1]
[min_data_per_group: 100]
[max_cat_threshold: 32]
[cat_l2: 10]
[cat_smooth: 10]
[max_cat_to_onehot: 4]
[top_k: 20]
[monotone_constraints: ]
[feature_contri: ]
[forcedsplits_filename: ]
[refit_decay_rate: 0.9]
[verbosity: -1]
[max_bin: 255]
[min_data_in_bin: 3]
[bin_construct_sample_cnt: 200000]
[histogram_pool_size: -1]
[data_random_seed: 1]
[output_model: LightGBM_model.txt]
[snapshot_freq: -1]
[input_model: ]
[output_result: LightGBM_predict_result.txt]
[initscore_filename: ]
[valid_data_initscores: ]
[pre_partition: 0]
[enable_bundle: 1]
[max_conflict_rate: 0]
[is_enable_sparse: 1]
[sparse_threshold: 0.8]
[use_missing: 1]
[zero_as_missing: 0]
[two_round: 0]
[save_binary: 0]
[enable_load_from_binary_file: 1]
[header: 0]
[label_column: ]
[weight_column: ]
[group_column: ]
[ignore_column: ]
[categorical_feature: ]
[predict_raw_score: 0]
[predict_leaf_index: 0]
[predict_contrib: 0]
[num_iteration_predict: -1]
[pred_early_stop: 0]
[pred_early_stop_freq: 10]
[pred_early_stop_margin: 10]
[convert_model_language: ]
[convert_model: gbdt_prediction.cpp]
[num_class: 1]
[is_unbalance: 0]
[scale_pos_weight: 1]
[sigmoid: 1]
[boost_from_average: 1]
[reg_sqrt: 0]
[alpha: 0.9]
[fair_c: 1]
[poisson_max_delta_step: 0.7]
[tweedie_variance_power: 1.5]
[max_position: 20]
[label_gain: ]
[metric_freq: 1]
[is_provide_training_metric: 0]
[eval_at: ]
[num_machines: 1]
[local_listen_port: 12400]
[time_out: 120]
[machine_list_filename: ]
[machines: ]
[gpu_platform_id: -1]
[gpu_device_id: -1]
[gpu_use_dp: 0]

end of parameters

pandas_categorical:[[0, 1, 2, 3, 4, 5, 6, 7, 8, 9, 10, 11, 12, 13, 14, 15, 16, 17, 18, 19, 20, 21, 22, 23, 24, 25, 26, 27, 28, 29, 30, 31, 32, 33, 34, 35, 36, 37, 38, 39, 40, 41, 42, 43, 44, 45, 46, 47, 48, 49, 50, 51, 52, 53, 54, 55, 56, 57, 58, 59, 60, 61, 62, 63, 64, 65, 66, 67, 68, 69, 70, 71, 72, 73, 74, 75, 76, 77, 78, 79, 80, 81, 82, 83, 84, 85, 86, 87, 88, 89, 90, 91, 92, 93, 94, 95, 96, 97, 98, 99, 100, 101, 102, 103, 104, 105, 106, 107, 108, 109, 110, 111, 112, 113, 114, 115, 116, 117, 118, 119, 120, 121, 122, 123, 124, 125, 126, 127, 128, 129, 130, 131, 132, 133, 134, 135, 136, 137, 138, 139, 140, 141, 142, 143, 144, 145, 146, 147, 148, 149, 150, 151, 152, 153, 154, 155, 156, 157, 158], [0, 1, 2, 3, 4, 5, 6, 7, 8, 9, 10, 11, 12, 13, 14, 15, 16, 17, 18, 19, 20, 21, 22, 23, 24, 25, 26, 27, 28, 29, 30, 31, 32, 33, 34, 35, 36, 37, 38, 39, 40, 41, 42, 43, 44, 45, 46, 47, 48, 49, 50, 51, 52, 53, 54, 55, 56, 57, 58, 59, 60, 61, 62, 63, 64, 65, 66, 67, 68, 69, 70, 71, 72, 73, 74, 75, 76, 77, 78, 79, 80, 81, 82, 83, 84, 85, 86, 87, 88, 89, 90, 91, 92, 93, 94, 95, 96, 97, 98, 99, 100, 101, 102, 103, 104, 105, 106, 107, 108, 109, 110, 111, 112, 113, 114, 115, 116, 117, 118, 119, 120, 121, 122, 123, 124, 125, 126, 127, 128, 129, 130, 131, 132, 133, 134, 135, 136, 137, 138, 139, 140, 141, 142, 143, 144, 145, 146, 147, 148, 149, 150]]
