tree
version=v2
num_class=1
num_tree_per_iteration=1
label_index=0
max_feature_idx=10
objective=binary sigmoid:1
feature_names=n_1 c_table_1.c_4 n_table_1.n_3 n_table_1.n_10 n_table_1.n_11 n_table_1.n_12 n_table_1.n_15 n_table_1.n_16 n_table_1.n_19 n_table_1.n_27 c_table_2.c_4
feature_infos=[1:323.5] 7:0:1:49:65:32:30:2:26:42:132:141:61:130:86:25:62:149:16:38:64:80:153:8:19:46:47:52:56:66:68:69:116:122:126:138:140 [1:175] [1:68.5] [1:4433.5] [1:8524] [1:237038] [1:185158] [1:882506] [1:151] 18:0:70:6:12:21:32:20:10:60:9:27:31:38:107:40:59:67:68:4:46:72:7:16:48:49:51:55:66:78:11:24:30:93:96:119
tree_sizes=543 692 691 649 680 590 729 764 470 510 592 712 752 768 630 564 658 664 448 437 563 564 531 323 455 389 324 518 325 569 325 326 443 256 531 326 327 389 326 460 329 327 330 330 330 330 330

Tree=0
num_leaves=6
num_cat=0
split_feature=5 0 6 6 0
split_gain=8.06094 4.79392 0.77737 0.224512 0.0225517
threshold=100.00000000000001 6.2500000000000009 25320.250000000004 12943.000000000002 12.250000000000002
decision_type=2 2 2 2 2
left_child=1 -1 3 -2 -3
right_child=2 4 -4 -5 -6
leaf_value=-3.2279287447529934 -2.8348389458344716 -2.9444389791664403 -2.3813047966146557 -2.9444389791664403 -2.7416155710072609
leaf_count=458 83 70 97 23 69
internal_value=0 -0.270961 0.722446 0 0.282528
internal_count=800 597 203 106 139
shrinkage=1


Tree=1
num_leaves=8
num_cat=1
split_feature=4 9 9 7 7 7 10
split_gain=2.13334 1.88174 0.771077 0.665227 0.116796 0.0572182 0.198676
threshold=4.7500000000000009 3.2500000000000004 28.750000000000004 18608.500000000004 5758.0000000000009 15.250000000000002 0
decision_type=2 2 2 2 2 2 5
left_child=4 -2 -3 -4 5 6 -1
right_child=1 2 3 -5 -6 -7 -8
leaf_value=-0.052881004879670256 0.3655898567295004 -0.1527583944391101 -0 0.31288134176498839 0 -0.19525462500612384 0.0051731022016036814
leaf_count=237 110 62 52 24 37 115 163
internal_value=0 0.305034 -0 0.233156 -0.163712 -0.184488 -0.00711009
internal_count=800 248 138 76 552 515 400
cat_boundaries=0 1
cat_threshold=1
shrinkage=0.544036


Tree=2
num_leaves=8
num_cat=1
split_feature=5 1 8 7 8 8 4
split_gain=1.52006 0.567149 1.82831 0.379854 1.45897 0.0913894 0.0523426
threshold=1260.2500000000002 0 1.7500000000000002 39.250000000000007 24851.500000000004 86419.000000000015 36.250000000000007
decision_type=2 5 2 2 2 2 2
left_child=1 2 -1 -3 -5 -6 -7
right_child=-2 3 -4 4 5 6 -8
leaf_value=0 0.27870965953289367 -0.0094324208192262601 -0.31139870878840353 0.36997114866024239 -0.066218464661811319 0.065221455500984779 -0
leaf_count=316 43 84 161 52 76 35 33
internal_value=0 -0.0775372 -0.157714 0.015127 0.174342 -0 0.0328778
internal_count=800 757 477 280 196 144 68
cat_boundaries=0 1
cat_threshold=1
shrinkage=0.544036


Tree=3
num_leaves=8
num_cat=0
split_feature=0 6 5 0 4 0 8
split_gain=1.55124 1.12393 0.193939 0.87135 0.845709 0.224386 0.139085
threshold=16.750000000000004 250.75000000000003 100.00000000000001 4.7500000000000009 256.75000000000006 6.2500000000000009 16732.000000000004
decision_type=2 2 2 2 2 2 2
left_child=1 -1 5 4 -4 6 -3
right_child=-2 2 3 -5 -6 -7 -8
leaf_value=-0.14873852089795564 0.30879905250839407 0 0.23131727817213443 -0.038731922810910736 -0 0 -0.1550755356844121
leaf_count=420 45 48 128 23 31 26 79
internal_value=0 -0.0711106 0.0201347 0.116991 0.28512 -0 -0.188703
internal_count=800 755 335 182 159 153 127
shrinkage=0.544036


Tree=4
num_leaves=9
num_cat=0
split_feature=0 6 2 2 2 6 8 0
split_gain=0.646343 0.762865 1.12547 0.409404 0.700175 0.412773 0.0935603 0.28001
threshold=1.7500000000000002 2554.0000000000005 33.250000000000007 45.250000000000007 4.0000000000000009 98004.250000000015 1582.7500000000002 6.2500000000000009
decision_type=2 2 2 2 2 2 2 2
left_child=3 6 -3 4 -1 -6 7 -2
right_child=1 2 -4 -5 5 -7 -8 -9
leaf_value=-0 -0 -0 0.41833307280796905 0 -0.236035525856123 0 -0.085450780105797708 0.11530219476137223
leaf_count=345 41 54 24 25 148 20 54 89
internal_value=0 0.141763 0.381991 -0.114599 -0.176362 -0.354563 -0 0
internal_count=800 262 78 538 513 168 184 130
shrinkage=0.544036


Tree=5
num_leaves=7
num_cat=0
split_feature=5 8 8 8 0 2
split_gain=0.305882 0.385382 0.703439 0.609708 0.23303 0.110321
threshold=2056.0000000000005 24851.500000000004 9349.0000000000018 205837.50000000003 16.750000000000004 33.250000000000007
decision_type=2 2 2 2 2 2
left_child=1 2 4 -3 -1 -5
right_child=-2 3 -4 5 -6 -7
leaf_value=-0.066751241094436961 0.13009352662569124 -0.16846175503024449 0.20642080437999852 -0 0 0.091889722661495088
leaf_count=452 26 177 62 27 30 26
internal_value=0 -0.0393739 0 -0.168553 -0.0318928 0
internal_count=800 774 544 230 482 53
shrinkage=0.544036


Tree=6
num_leaves=9
num_cat=1
split_feature=10 9 4 8 5 8 8 4
split_gain=0.163225 0.632081 0.524283 0.536481 0.308846 0.468202 0.202665 0.130124
threshold=0 1.7500000000000002 235.75000000000003 232191.00000000003 130.75000000000003 631.00000000000011 25374.250000000004 112.75000000000001
decision_type=5 2 2 2 2 2 2 2
left_child=2 6 3 4 5 -1 -2 -3
right_child=1 7 -4 -5 -6 -7 -8 -9
leaf_value=-0 0.19213258020983512 -0.099744575163610474 0.073341679885118138 0 -0 -0.28662425004296099 0 0
leaf_count=229 173 48 30 37 72 149 40 22
internal_value=0 0.0726285 -0.0303345 -0.149925 -0.234943 -0.308374 0.277686 -0
internal_count=800 283 517 487 450 378 213 70
cat_boundaries=0 2
cat_threshold=1052673 268435456
shrinkage=0.544036


Tree=7
num_leaves=10
num_cat=0
split_feature=0 6 6 4 0 5 5 6 0
split_gain=0.233412 0.356464 0.169683 0.581385 0.146301 0.0627356 0.427161 0.0592927 0.186333
threshold=16.750000000000004 22.000000000000004 2566.0000000000005 4.7500000000000009 19.750000000000004 1260.2500000000002 307.75000000000006 4735.7500000000009 4.7500000000000009
decision_type=2 2 2 2 2 2 2 2 2
left_child=1 -1 3 -3 -2 6 7 -4 -9
right_child=4 2 5 -5 -6 -7 -8 8 -10
leaf_value=-0.087252444482352698 0.17927943367550098 -0 -0 0.23858795836616456 -0 0 -0.16066306574390582 0.10820336542915154 -0
leaf_count=391 21 58 40 42 24 38 63 101 22
internal_value=0 -0.0140912 0.00215776 0.17439 0.207475 -0 -0.0689203 0 0.0882252
internal_count=800 755 364 100 45 264 226 163 123
shrinkage=0.544036


Tree=8
num_leaves=5
num_cat=1
split_feature=1 4 9 9
split_gain=0.165449 0.339853 0.250256 0.0736738
threshold=0 1.7500000000000002 1.7500000000000002 145.75000000000003
decision_type=5 2 2 2
left_child=2 -2 -1 -3
right_child=1 3 -4 -5
leaf_value=0 -0 0.11638060492026386 -0.13094919782968284 -0
leaf_count=465 88 156 68 23
internal_value=0 0.0673427 -0.0352488 0.188656
internal_count=800 267 533 179
cat_boundaries=0 3
cat_threshold=1073741827 0 2
shrinkage=0.544036


Tree=9
num_leaves=6
num_cat=0
split_feature=7 2 7 9 4
split_gain=0.0689563 0.173647 0.427657 0.0824232 0.0634268
threshold=50557.750000000007 37.750000000000007 1.7500000000000002 3.2500000000000004 235.75000000000003
decision_type=2 2 2 2 2
left_child=1 2 -1 -3 -4
right_child=-2 3 4 -5 -6
leaf_value=0 0.053165451779672544 0.066618429168774626 -0.12798755757028804 -0 -0
leaf_count=393 33 49 251 46 28
internal_value=0 -0.0214536 -0.0825407 0 -0.208873
internal_count=800 767 672 95 279
shrinkage=0.544036


Tree=10
num_leaves=7
num_cat=1
split_feature=0 7 1 0 4 4
split_gain=0.0771428 0.0597721 0.0587988 0.0456069 0.000889407 0.0821697
threshold=16.750000000000004 50557.750000000007 0 19.750000000000004 22.750000000000004 6.2500000000000009
decision_type=2 2 5 2 2 2
left_child=1 2 -1 -2 5 -4
right_child=3 -3 4 -5 -6 -7
leaf_value=-0.037106652843649536 0.098641045703427868 0 -0 -0 -0 0.071509229669457164
leaf_count=456 21 32 125 24 97 45
internal_value=0 -0.000869085 -0.044961 0.11793 0 0.00988927
internal_count=800 755 723 45 267 170
cat_boundaries=0 1
cat_threshold=1
shrinkage=0.544036


Tree=11
num_leaves=9
num_cat=0
split_feature=5 5 5 7 2 7 7 7
split_gain=0.0699048 0.190136 0.295838 0.459725 0.0836246 0.0346999 0.184704 0.0630156
threshold=2056.0000000000005 1.7500000000000002 100.00000000000001 98.500000000000014 33.250000000000007 5950.0000000000009 1863.2500000000002 18608.500000000004
decision_type=2 2 2 2 2 2 2 2
left_child=1 4 3 -3 -1 6 -4 -7
right_child=-2 2 5 -5 -6 7 -8 -9
leaf_value=-0 0.066415418044730876 0 -0 -0.22978057734824603 0.081349691074739577 -0.066677748826365707 0.10528589953510811 0
leaf_count=398 26 43 24 105 51 65 51 37
internal_value=0 -0 -0.0984489 -0.266773 0.0155695 -0 0.0472268 -0.0470895
internal_count=800 774 325 148 449 177 75 102
shrinkage=0.544036


Tree=12
num_leaves=10
num_cat=0
split_feature=6 9 5 5 6 6 6 0 0
split_gain=0.0712488 0.257233 0.147345 0.0725444 0.160137 0.0598921 0.235808 0.289032 0.000495863
threshold=63940.000000000007 3.2500000000000004 979.00000000000011 127.75000000000001 29102.500000000004 14209.750000000002 250.75000000000003 7.7500000000000009 12.250000000000002
decision_type=2 2 2 2 2 2 2 2 2
left_child=1 5 -2 -3 -5 6 8 -8 -1
right_child=2 3 -4 4 -6 -7 7 -9 -10
leaf_value=-0.0034908557340118662 -0 0 0.12154970580060595 -0 -0.18120087915010405 -0 0.16460012922478656 -0 0
leaf_count=368 21 65 31 60 30 50 101 28 46
internal_value=0 -0 0.106498 -0.167865 -0.213404 0.000275328 0.0521144 0.188388 -0
internal_count=800 748 52 155 90 593 543 129 414
shrinkage=0.544036


Tree=13
num_leaves=10
num_cat=0
split_feature=5 5 2 5 7 7 7 7 2
split_gain=0.0612468 0.20355 0.10458 0.0868561 0.121809 0.0767184 0.0317125 0.0237907 0.0227157
threshold=2056.0000000000005 1.7500000000000002 45.250000000000007 100.00000000000001 5950.0000000000009 1863.2500000000002 18608.500000000004 19.750000000000004 33.250000000000007
decision_type=2 2 2 2 2 2 2 2 2
left_child=1 8 3 7 5 -5 -6 -3 -1
right_child=-2 2 -4 4 6 -7 -8 -9 -10
leaf_value=-0 0.060581409491780154 -0 0 -0 -0.0962474693273358 0.065081922083650684 -0 -0.16551853991144019 0.040278609481747947
leaf_count=398 26 36 25 21 61 48 31 103 51
internal_value=0 -0.00948706 -0.103795 -0.135922 -0 0.021074 -0.126304 -0.266017 0
internal_count=800 774 325 300 161 69 92 139 449
shrinkage=0.544036


Tree=14
num_leaves=8
num_cat=0
split_feature=0 9 5 5 7 0 9
split_gain=0.0633151 0.155167 0.133831 0.120419 0.0547784 0.0325898 0.0108021
threshold=16.750000000000004 28.750000000000004 303.25000000000006 26.500000000000004 2048.5000000000005 19.750000000000004 145.75000000000003
decision_type=2 2 2 2 2 2 2
left_child=1 3 -3 -1 -5 -2 -4
right_child=5 2 6 4 -6 -7 -8
leaf_value=-0 0.086305988062493122 -0 0.1085494263117365 -0 -0.098503885336493277 -0 0
leaf_count=482 21 46 21 50 136 24 20
internal_value=0 -0.00599646 0.0202742 -0.0739648 -0.141935 0.105812 0.160743
internal_count=800 755 87 668 186 45 41
shrinkage=0.544036


Tree=15
num_leaves=7
num_cat=0
split_feature=8 9 8 9 8 8
split_gain=0.0660298 0.516046 0.261514 0.140965 0.0776382 0.206107
threshold=86419.000000000015 1.7500000000000002 268807.50000000006 1.7500000000000002 24851.500000000004 9349.0000000000018
decision_type=2 2 2 2 2 2
left_child=1 4 3 -2 5 -1
right_child=2 -3 -4 -5 -6 -7
leaf_value=0 -0 -0.16243686953578781 -0 0.16796019990821168 -0 0.13080812151694246
leaf_count=434 24 130 59 52 57 44
internal_value=0 -0.00521999 0.0731157 0.221607 0 0.0623268
internal_count=800 665 135 76 535 478
shrinkage=0.544036


Tree=16
num_leaves=8
num_cat=0
split_feature=6 2 2 0 0 6 6
split_gain=0.0191704 0.125749 0.551826 0.0560836 0.00724213 0.000507123 0.00432831
threshold=63940.000000000007 4.0000000000000009 33.250000000000007 16.750000000000004 1.7500000000000002 22.000000000000004 12943.000000000002
decision_type=2 2 2 2 2 2 2
left_child=1 3 -3 4 -1 -4 -7
right_child=-2 2 5 -5 -6 6 -8
leaf_value=0 0.029571985716011783 -0.18484638778939647 -0 0.064279047454264285 -0.018517739723771433 0.013645255313708513 -0
leaf_count=335 52 89 34 26 133 101 30
internal_value=0 -0.000289195 -0.0915458 0 -0 0 0.00726748
internal_count=800 748 254 494 468 165 131
shrinkage=0.544036


Tree=17
num_leaves=8
num_cat=0
split_feature=5 5 0 0 7 7 7
split_gain=0.0765464 0.0842 0.578284 0.552672 0.0686453 0.0322208 0.0123052
threshold=2056.0000000000005 1.7500000000000002 4.7500000000000009 6.2500000000000009 5950.0000000000009 39.250000000000007 18608.500000000004
decision_type=2 2 2 2 2 2 2
left_child=1 3 4 -1 5 -3 -6
right_child=-2 2 -4 -5 6 -7 -8
leaf_value=-0.030951449653348926 0.070281196996273776 -0 -0.18512842043703773 0.13893382333610713 -0.029502672215326743 0.064208071529821137 0
leaf_count=343 26 34 68 106 69 109 45
internal_value=0 -0 -0.0677 0 0 0.0908921 -0.00644027
internal_count=800 774 325 449 257 143 114
shrinkage=0.544036


Tree=18
num_leaves=5
num_cat=0
split_feature=5 5 6 6
split_gain=0.0301772 0.0375641 0.0407161 0.0329953
threshold=2056.0000000000005 1.7500000000000002 8197.0000000000018 63940.000000000007
decision_type=2 2 2 2
left_child=1 -1 -3 -4
right_child=-2 2 3 -5
leaf_value=0 0.043408772986616384 0 -0.065777225420335622 -0
leaf_count=449 26 150 127 48
internal_value=0 -0.00166688 -0.045708 -0.0811757
internal_count=800 774 325 175
shrinkage=0.544036


Tree=19
num_leaves=5
num_cat=0
split_feature=6 2 7 7
split_gain=0.0173656 0.0586392 0.208082 0.0172226
threshold=25320.250000000004 40.750000000000007 1.7500000000000002 4667.5000000000009
decision_type=2 2 2 2
left_child=1 2 -1 -2
right_child=3 -3 -4 -5
leaf_value=0 -0 0 -0.093159667464141394 0.034145297916267289
leaf_count=410 40 48 231 71
internal_value=0 -0 -0.0496457 0.0386986
internal_count=800 689 641 111
shrinkage=0.544036


Tree=20
num_leaves=6
num_cat=1
split_feature=1 0 0 0 9
split_gain=0.0359768 0.20001 0.167196 0.188265 0.000673407
threshold=0 12.250000000000002 10.750000000000002 1.7500000000000002 31.000000000000004
decision_type=5 2 2 2 2
left_child=1 -1 3 4 -2
right_child=2 -3 -4 -5 -6
leaf_value=-0.060054673912335148 -0 0.0062357319259328066 -0 0.14744564773795762 0.006768277592152934
leaf_count=484 125 49 39 60 43
internal_value=0 -0.000322284 0.0358746 0.122443 0
internal_count=800 533 267 228 168
cat_boundaries=0 3
cat_threshold=1073741827 0 2
shrinkage=0.544036


Tree=21
num_leaves=7
num_cat=0
split_feature=8 8 9 8 6 6
split_gain=0.0216309 0.103029 0.151242 0.0603053 0.00650874 0.00122269
threshold=9349.0000000000018 268807.50000000006 101.50000000000001 1.7500000000000002 2479.0000000000005 88531.000000000015
decision_type=2 2 2 2 2 2
left_child=3 2 4 -1 -2 -3
right_child=1 5 -4 -5 -6 -7
leaf_value=0 0 -0.0094480355812025275 -0 -0.052097556113163836 0.085801126528902691 0
leaf_count=331 41 35 37 151 181 24
internal_value=0 0.0329452 0.0930671 -0 0.145945 -0
internal_count=800 318 259 482 222 59
shrinkage=0.544036


Tree=22
num_leaves=6
num_cat=1
split_feature=10 9 9 2 2
split_gain=0.00760321 0.16095 0.0224222 0.0453281 0.0199744
threshold=0 1.7500000000000002 28.750000000000004 43.750000000000007 16.000000000000004
decision_type=5 2 2 2 2
left_child=2 -2 3 4 -1
right_child=1 -3 -4 -5 -6
leaf_value=-0 0.064849662035865605 -0 0 0 -0.062632249540497995
leaf_count=320 213 70 60 26 111
internal_value=0 0.0172081 -0 -0.034407 -0.0632089
internal_count=800 283 517 457 431
cat_boundaries=0 2
cat_threshold=1052673 268435456
shrinkage=0.544036


Tree=23
num_leaves=3
num_cat=0
split_feature=5 5
split_gain=0.00509923 0.0529147
threshold=2056.0000000000005 1.7500000000000002
decision_type=2 2
left_child=1 -1
right_child=-2 -3
leaf_value=0 0.017703429252776282 -0.029486577891226207
leaf_count=449 26 325
internal_value=0 -0
internal_count=800 774
shrinkage=0.544036


Tree=24
num_leaves=5
num_cat=1
split_feature=6 1 8 8
split_gain=0.0025718 0.0883011 0.132453 0.063518
threshold=22.000000000000004 0 268807.50000000006 1.7500000000000002
decision_type=2 5 2 2
left_child=3 -2 -3 -1
right_child=1 2 -4 -5
leaf_value=0 -0 0.077453794030997059 -0 -0.071473767913488875
leaf_count=331 153 197 31 88
internal_value=0 0.0105888 0.0578408 -0
internal_count=800 381 228 419
cat_boundaries=0 1
cat_threshold=3
shrinkage=0.544036


Tree=25
num_leaves=4
num_cat=0
split_feature=5 5 7
split_gain=0.00229484 0.0773002 0.02645
threshold=2056.0000000000005 1.7500000000000002 510.25000000000006
decision_type=2 2 2
left_child=1 -1 -3
right_child=-2 2 -4
leaf_value=0 0.0058490641162971561 0 -0.044945700732994413
leaf_count=449 26 69 256
internal_value=0 -0.00716535 -0.0659835
internal_count=800 774 325
shrinkage=0.544036


Tree=26
num_leaves=3
num_cat=0
split_feature=6 6
split_gain=0.00239345 0.00450264
threshold=63940.000000000007 2566.0000000000005
decision_type=2 2
left_child=1 -1
right_child=-2 -3
leaf_value=0 0.010395828756516831 -0.010113862861106685
leaf_count=526 52 222
internal_value=0 -0
internal_count=800 748
shrinkage=0.544036


Tree=27
num_leaves=6
num_cat=0
split_feature=8 8 8 8 8
split_gain=0.00226748 0.0588514 0.0257564 0.00357698 0.0228581
threshold=86419.000000000015 268807.50000000006 42151.750000000007 9349.0000000000018 1.7500000000000002
decision_type=2 2 2 2 2
left_child=2 -2 3 4 -1
right_child=1 -3 -4 -5 -6
leaf_value=0 0.050304732936041568 -0 -0.041433609133072112 0.012744352972577378 -0.032648655451342094
leaf_count=331 76 59 85 98 151
internal_value=0 0.01345 -0 0 -0
internal_count=800 135 665 580 482
shrinkage=0.544036


Tree=28
num_leaves=3
num_cat=0
split_feature=5 5
split_gain=2.92497e-05 0.0253723
threshold=2056.0000000000005 1.7500000000000002
decision_type=2 2
left_child=1 -1
right_child=-2 -3
leaf_value=0 0.0013309848249321041 -0.020582620099002229
leaf_count=449 26 325
internal_value=0 -0
internal_count=800 774
shrinkage=0.544036


Tree=29
num_leaves=7
num_cat=0
split_feature=6 5 5 6 6 6
split_gain=0.000651333 0.0271727 0.013637 0.00968152 0.00532806 0.0326952
threshold=63940.000000000007 363.25000000000006 979.00000000000011 48773.500000000007 22.000000000000004 8197.0000000000018
decision_type=2 2 2 2 2 2
left_child=1 4 -2 -3 -1 -6
right_child=2 3 -4 -5 5 -7
leaf_value=-0 -0 -0 0.029765288707054107 -0.056055196256176124 0.035408402436593517 -0
leaf_count=412 21 37 31 24 167 108
internal_value=0 -0 0.00993953 -0.0674532 0 0.0197024
internal_count=800 748 52 61 687 275
shrinkage=0.544036


Tree=30
num_leaves=3
num_cat=0
split_feature=7 7
split_gain=8.62661e-06 0.00611544
threshold=50557.750000000007 22425.250000000004
decision_type=2 2
left_child=1 -1
right_child=-2 -3
leaf_value=0 0.0006671225770686197 -0.023343667403061368
leaf_count=728 33 39
internal_value=0 -0
internal_count=800 767
shrinkage=0.544036


Tree=31
num_leaves=3
num_cat=0
split_feature=7 7
split_gain=3.17353e-06 0.00319495
threshold=50557.750000000007 22425.250000000004
decision_type=2 2
left_child=1 -1
right_child=-2 -3
leaf_value=0 0.00040456964661899969 -0.016959965729264819
leaf_count=728 33 39
internal_value=0 -0
internal_count=800 767
shrinkage=0.544036


Tree=32
num_leaves=5
num_cat=0
split_feature=5 5 7 7
split_gain=0.000891842 0.0140925 0.0117516 0.00144857
threshold=2056.0000000000005 1.7500000000000002 510.25000000000006 18608.500000000004
decision_type=2 2 2 2
left_child=1 -1 -3 -4
right_child=-2 2 3 -5
leaf_value=0 0.0073893082727059904 0 -0.026517973717844454 -0
leaf_count=449 26 69 206 50
internal_value=0 -0 -0.0283127 -0.0416138
internal_count=800 774 325 256
shrinkage=0.544036


Tree=33
num_leaves=2
num_cat=0
split_feature=6
split_gain=0.000951481
threshold=250.75000000000003
decision_type=2
left_child=-1
right_child=-2
leaf_value=-0 0.0035818359863030278
leaf_count=450 350
internal_value=0
internal_count=800
shrinkage=0.544036


Tree=34
num_leaves=6
num_cat=0
split_feature=8 8 8 8 8
split_gain=0.00135272 0.0353283 0.00722909 0.00672523 0.00678984
threshold=86419.000000000015 268807.50000000006 1.7500000000000002 9349.0000000000018 42151.750000000007
decision_type=2 2 2 2 2
left_child=2 -2 -1 -4 -5
right_child=1 -3 3 4 -6
leaf_value=0 0.038745324799787532 -0 -0.025663191058656578 0.0099412598259664264 -0.017873863675508781
leaf_count=331 76 59 151 98 85
internal_value=0 0.0103945 -0 -0.022813 -0
internal_count=800 135 665 334 183
shrinkage=0.544036


Tree=35
num_leaves=3
num_cat=0
split_feature=9 9
split_gain=3.80677e-05 0.0899814
threshold=3.2500000000000004 28.750000000000004
decision_type=2 2
left_child=-1 -2
right_child=1 -3
leaf_value=0.00064979992876796396 -0.068239979211656643 0
leaf_count=607 103 90
internal_value=0 -0
internal_count=800 193
shrinkage=0.544036


Tree=36
num_leaves=3
num_cat=0
split_feature=5 5
split_gain=0.000589762 0.00373031
threshold=2056.0000000000005 1.7500000000000002
decision_type=2 2
left_child=1 -1
right_child=-2 -3
leaf_value=0 0.0060165904117182277 -0.0079750131054773573
leaf_count=449 26 325
internal_value=0 -0
internal_count=800 774
shrinkage=0.544036


Tree=37
num_leaves=4
num_cat=1
split_feature=6 1 9
split_gain=0.00289207 0.0630708 0.00330257
threshold=22.000000000000004 0 145.75000000000003
decision_type=2 5 2
left_child=-1 -2 -3
right_child=1 2 -4
leaf_value=-0 -0 0.045140952304764254 0
leaf_count=419 153 208 20
internal_value=0 0.0112785 0.0492469
internal_count=800 381 228
cat_boundaries=0 1
cat_threshold=3
shrinkage=0.544036


Tree=38
num_leaves=3
num_cat=0
split_feature=5 5
split_gain=5.68885e-06 0.0237198
threshold=2056.0000000000005 1.7500000000000002
decision_type=2 2
left_child=1 -1
right_child=-2 -3
leaf_value=0 0.00058950319779086822 -0.019952273667369347
leaf_count=449 26 325
internal_value=0 -0
internal_count=800 774
shrinkage=0.544036


Tree=39
num_leaves=5
num_cat=0
split_feature=6 8 6 6
split_gain=0.000264629 0.00509848 0.00532213 4.86895e-06
threshold=63940.000000000007 1.7500000000000002 22.000000000000004 2566.0000000000005
decision_type=2 2 2 2
left_child=1 -1 -3 -4
right_child=-2 2 3 -5
leaf_value=0 0.0034529619594964303 -0.030059605163264912 0 -0.00033589830456507835
leaf_count=331 52 88 107 222
internal_value=0 -0 -0.0160485 -0
internal_count=800 748 417 329
shrinkage=0.544036


Tree=40
num_leaves=3
num_cat=0
split_feature=6 6
split_gain=9.10737e-05 1.33574e-06
threshold=63940.000000000007 2566.0000000000005
decision_type=2 2
left_child=1 -1
right_child=-2 -3
leaf_value=0 0.0020239794321574903 -0.00017595477075371671
leaf_count=526 52 222
internal_value=0 -0
internal_count=800 748
shrinkage=0.544036


Tree=41
num_leaves=3
num_cat=0
split_feature=6 6
split_gain=3.13612e-05 3.6641e-07
threshold=63940.000000000007 2566.0000000000005
decision_type=2 2
left_child=1 -1
right_child=-2 -3
leaf_value=0 0.001187117034814867 -9.2161424467990163e-05
leaf_count=526 52 222
internal_value=0 -0
internal_count=800 748
shrinkage=0.544036


Tree=42
num_leaves=3
num_cat=0
split_feature=6 6
split_gain=1.08035e-05 1.00513e-07
threshold=63940.000000000007 2566.0000000000005
decision_type=2 2
left_child=1 -1
right_child=-2 -3
leaf_value=0 0.00069655303546076999 -4.8271474641798615e-05
leaf_count=526 52 222
internal_value=0 -0
internal_count=800 748
shrinkage=0.544036


Tree=43
num_leaves=3
num_cat=0
split_feature=6 6
split_gain=3.72214e-06 2.75741e-08
threshold=63940.000000000007 2566.0000000000005
decision_type=2 2
left_child=1 -1
right_child=-2 -3
leaf_value=0 0.00040878570078511982 -2.5283481399266863e-05
leaf_count=526 52 222
internal_value=0 -0
internal_count=800 748
shrinkage=0.544036


Tree=44
num_leaves=3
num_cat=0
split_feature=6 6
split_gain=1.28256e-06 7.55988e-09
threshold=63940.000000000007 2566.0000000000005
decision_type=2 2
left_child=1 -1
right_child=-2 -3
leaf_value=0 0.00023993558966243708 -1.3238765698288738e-05
leaf_count=526 52 222
internal_value=0 -0
internal_count=800 748
shrinkage=0.544036


Tree=45
num_leaves=3
num_cat=0
split_feature=6 6
split_gain=4.41991e-07 2.07256e-09
threshold=63940.000000000007 2566.0000000000005
decision_type=2 2
left_child=1 -1
right_child=-2 -3
leaf_value=0 0.00014084381265920941 -6.9317944438327923e-06
leaf_count=526 52 222
internal_value=0 -0
internal_count=800 748
shrinkage=0.544036


Tree=46
num_leaves=3
num_cat=0
split_feature=6 6
split_gain=1.52332e-07 5.68966e-10
threshold=63940.000000000007 2566.0000000000005
decision_type=2 2
left_child=1 -1
right_child=-2 -3
leaf_value=0 8.2682215290982814e-05 -3.6319180261529418e-06
leaf_count=526 52 222
internal_value=0 -0
internal_count=800 748
shrinkage=0.544036


end of trees

feature importances:
n_table_1.n_15=46
n_table_1.n_12=35
n_table_1.n_19=31
n_table_1.n_16=28
n_1=24
n_table_1.n_27=18
n_table_1.n_3=13
n_table_1.n_11=10
c_table_1.c_4=6
c_table_2.c_4=3

parameters:
[boosting: gbdt]
[objective: binary]
[metric: auc]
[tree_learner: serial]
[device_type: cpu]
[data: ]
[valid: ]
[num_iterations: 100]
[learning_rate: 0.544036]
[num_leaves: 55]
[num_threads: 4]
[max_depth: 7]
[min_data_in_leaf: 20]
[min_sum_hessian_in_leaf: 1.04542]
[bagging_fraction: 0.5]
[bagging_freq: 0]
[bagging_seed: 3]
[feature_fraction: 0.6]
[feature_fraction_seed: 2]
[early_stopping_round: 0]
[max_delta_step: 0]
[lambda_l1: 1.73556]
[lambda_l2: 1.58941]
[min_gain_to_split: 0]
[drop_rate: 0.1]
[max_drop: 50]
[skip_drop: 0.5]
[xgboost_dart_mode: 0]
[uniform_drop: 0]
[drop_seed: 4]
[top_rate: 0.2]
[other_rate: 0.1]
[min_data_per_group: 100]
[max_cat_threshold: 32]
[cat_l2: 10]
[cat_smooth: 10]
[max_cat_to_onehot: 4]
[top_k: 20]
[monotone_constraints: ]
[feature_contri: ]
[forcedsplits_filename: ]
[refit_decay_rate: 0.9]
[verbosity: -1]
[max_bin: 255]
[min_data_in_bin: 3]
[bin_construct_sample_cnt: 200000]
[histogram_pool_size: -1]
[data_random_seed: 1]
[output_model: LightGBM_model.txt]
[snapshot_freq: -1]
[input_model: ]
[output_result: LightGBM_predict_result.txt]
[initscore_filename: ]
[valid_data_initscores: ]
[pre_partition: 0]
[enable_bundle: 1]
[max_conflict_rate: 0]
[is_enable_sparse: 1]
[sparse_threshold: 0.8]
[use_missing: 1]
[zero_as_missing: 0]
[two_round: 0]
[save_binary: 0]
[enable_load_from_binary_file: 1]
[header: 0]
[label_column: ]
[weight_column: ]
[group_column: ]
[ignore_column: ]
[categorical_feature: ]
[predict_raw_score: 0]
[predict_leaf_index: 0]
[predict_contrib: 0]
[num_iteration_predict: -1]
[pred_early_stop: 0]
[pred_early_stop_freq: 10]
[pred_early_stop_margin: 10]
[convert_model_language: ]
[convert_model: gbdt_prediction.cpp]
[num_class: 1]
[is_unbalance: 0]
[scale_pos_weight: 1]
[sigmoid: 1]
[boost_from_average: 1]
[reg_sqrt: 0]
[alpha: 0.9]
[fair_c: 1]
[poisson_max_delta_step: 0.7]
[tweedie_variance_power: 1.5]
[max_position: 20]
[label_gain: ]
[metric_freq: 1]
[is_provide_training_metric: 0]
[eval_at: ]
[num_machines: 1]
[local_listen_port: 12400]
[time_out: 120]
[machine_list_filename: ]
[machines: ]
[gpu_platform_id: -1]
[gpu_device_id: -1]
[gpu_use_dp: 0]

end of parameters

pandas_categorical:[[0, 1, 2, 3, 4, 5, 6, 7, 8, 9, 10, 11, 12, 13, 14, 15, 16, 17, 18, 19, 20, 21, 22, 23, 24, 25, 26, 27, 28, 29, 30, 31, 32, 33, 34, 35, 36, 37, 38, 39, 40, 41, 42, 43, 44, 45, 46, 47, 48, 49, 50, 51, 52, 53, 54, 55, 56, 57, 58, 59, 60, 61, 62, 63, 64, 65, 66, 67, 68, 69, 70, 71, 72, 73, 74, 75, 76, 77, 78, 79, 80, 81, 82, 83, 84, 85, 86, 87, 88, 89, 90, 91, 92, 93, 94, 95, 96, 97, 98, 99, 100, 101, 102, 103, 104, 105, 106, 107, 108, 109, 110, 111, 112, 113, 114, 115, 116, 117, 118, 119, 120, 121, 122, 123, 124, 125, 126, 127, 128, 129, 130, 131, 132, 133, 134, 135, 136, 137, 138, 139, 140, 141, 142, 143, 144, 145, 146, 147, 148, 149, 150, 151, 152, 153, 154, 155, 156, 157, 158], [0, 1, 2, 3, 4, 5, 6, 7, 8, 9, 10, 11, 12, 13, 14, 15, 16, 17, 18, 19, 20, 21, 22, 23, 24, 25, 26, 27, 28, 29, 30, 31, 32, 33, 34, 35, 36, 37, 38, 39, 40, 41, 42, 43, 44, 45, 46, 47, 48, 49, 50, 51, 52, 53, 54, 55, 56, 57, 58, 59, 60, 61, 62, 63, 64, 65, 66, 67, 68, 69, 70, 71, 72, 73, 74, 75, 76, 77, 78, 79, 80, 81, 82, 83, 84, 85, 86, 87, 88, 89, 90, 91, 92, 93, 94, 95, 96, 97, 98, 99, 100, 101, 102, 103, 104, 105, 106, 107, 108, 109, 110, 111, 112, 113, 114, 115, 116, 117, 118, 119, 120, 121, 122, 123, 124, 125, 126, 127, 128, 129, 130, 131, 132, 133, 134, 135, 136, 137, 138, 139, 140, 141, 142, 143, 144, 145, 146, 147, 148, 149, 150]]
