tree
version=v2
num_class=1
num_tree_per_iteration=1
label_index=0
max_feature_idx=13
objective=binary sigmoid:1
feature_names=c_table_1.c_2 c_table_1.c_3 c_table_1.c_5 n_table_1.n_3 n_table_1.n_10 n_table_1.n_12 n_table_1.n_15 n_table_1.n_16 n_table_1.n_17 n_table_1.n_18 n_table_1.n_19 n_table_1.n_26 n_table_1.n_27 c_table_2.c_4
feature_infos=49:0:5:3:8:19:33:31:47:159:129:39:41:26:141:36:21:78:84:6:74:88:176:90:29:189:30:106:75:110:57:65:77:28:73:197:89:107:155:43:147:40:46:67:69:146:167:10:66:101:11:99:2:48:200:12:13:71:9:60:140:198:52:85:93:154:17:32:34:50:58:64:83:100:117:148:161:175:196:4:59:72:87:91:95:187:20:35:56:98:102:111:116:120:128:144:168:179:185:1:25:42:55:76:92:94:104:112:126:139:162:164:190:15:18:37:51:115:118:127:133:149:158:169:180:182:191:194:203 46:0:74:18:55:6:64:102:68:3:87:45:36:37:84:147:5:48:121:81:86:22:181:10:2:16:92:52:71:56:79:148:109:101:115:169:42:98:19:95:93:188:27:40:114:126:135:53:151:62:106:150:9:33:39:54:94:123:11:14:30:213:8:70:130:146:154:207:23:24:72:120:155:80:100:118:158:166:186:187:200:210:211:34:89:201:1:75:82:111:119:153:163:191:208:20:21:29:58:61:66:116:162:174:183:185:197:212:13:41:43:49:83:85:107:117:127:134:167:170:176:190:193:50:63:78:88:97:122:136:137:168:175:182:203:217:218 2:0:7:8:9:3:10:1:6:17:20:4:22:26:25:12:47:14:5:33:29:11:18:42:24:16:41:19:31:38:13:30:36:43:54:55 [1:175] [1:68.5] [1:8524] [1:263222] [1:249100] [1:418837] [1:574087] [1:1285890] [1:121640] [1:151] 18:0:70:6:20:32:21:40:12:38:10:4:9:46:78:27:60:23:31:7:59:67:11:24:68:107:93:16:55:49:81:131:48:30:72:114:90:51:66:101:104:119:87:15:5:29:111:82:96:89:14:88:100:41:79:80:28:97:113:1:8:33:35:39:61:98:108:120:140:17:45:50:91:25:64:105:106:133:13:19:26:37:42:54:58:69:71:83:95:99:102:118:148
tree_sizes=860 883 920 945 971

Tree=0
num_leaves=10
num_cat=0
split_feature=10 3 3 6 9 3 5 10 12
split_gain=27.8517 6.67349 4.106 3.79651 1.2384 1.16207 1.53404 0.958743 0.0706377
threshold=119585.00000000001 28.750000000000004 1.7500000000000002 4602.2500000000009 1282.0000000000002 36.250000000000007 7.7500000000000009 43.000000000000007 3.2500000000000004
decision_type=2 2 2 2 2 2 2 2 2
left_child=2 -2 3 4 7 8 -7 -1 -4
right_child=1 -3 5 -5 -6 6 -8 -9 -10
leaf_value=-3.2938326046878648 -2.2732527180113835 -2.9361896373103828 -3.4635145508323006 -2.9221358147123713 -3.4859976586312231 -3.1886023031099788 -3.493664122548739 -3.0872090445061158 -3.6783586331562952
leaf_count=1172 172 255 177 170 195 136 202 134 187
internal_value=0 1.22332 -0.221677 -0.0732895 -0.162984 -0.55853 -0.282332 -0.0945632 -0.783189
internal_count=2800 427 2373 1671 1501 702 338 1306 364
shrinkage=1


Tree=1
num_leaves=9
num_cat=3
split_feature=1 10 9 1 6 4 13 9
split_gain=20.7969 23.7313 9.16908 4.61586 5.12748 4.63134 3.54246 2.55566
threshold=0 250395.50000000003 303.25000000000006 1 2328.2500000000005 1.7500000000000002 2 33815.500000000007
decision_type=5 2 2 5 2 2 5 2
left_child=2 3 6 -2 -5 7 -1 -6
right_child=1 -3 -4 4 5 -7 -8 -9
leaf_value=-0.14011222918690738 -0.11343270313017258 1.1759491832163083 -0.44212377588375568 0 0.32195959243918637 0.030993089306989446 0.089146807589968097 0.89130560131599113
leaf_count=889 247 90 506 280 144 114 444 86
internal_value=0 0.463521 -0.365437 0.257381 0.40711 0.942915 -0.152275 1.34444
internal_count=2800 961 1839 871 624 344 1333 230
cat_boundaries=0 6 11 14
cat_threshold=263245 10510336 12616849 1074274304 1572864 2097664 134220288 1090519088 2415919104 33554500 4194304 3152001 268435456 536887296
shrinkage=0.465174


Tree=2
num_leaves=10
num_cat=4
split_feature=1 13 7 5 9 13 2 3 9
split_gain=8.83674 6.62769 4.83007 3.78076 4.60362 2.76375 3.4522 2.16741 2.14112
threshold=0 1 56972.500000000007 262.75000000000006 40406.500000000007 2 3 33.250000000000007 1282.0000000000002
decision_type=5 5 2 2 2 5 5 2 2
left_child=-1 -2 3 4 5 6 -3 -5 -7
right_child=1 2 -4 7 -6 8 -8 -9 -10
leaf_value=-0.26353299596417934 -0.22799101835279292 -0.093765837643438391 0.517503010143054 -0.35062989815447687 0.53495571274935283 0.37164355057484422 0.14942893794318021 0 0
leaf_count=661 211 970 33 127 59 332 189 112 106
internal_value=0 0.0491335 0.160194 0.109549 0.21839 0.129979 -0.0432428 -0.353693 0.363393
internal_count=2800 2139 1928 1895 1656 1597 1159 239 438
cat_boundaries=0 6 10 15 16
cat_threshold=525900 1082155008 12616833 1074274308 1572864 2097664 154144896 134218048 16384 264192 3221227537 0 536870976 0 8 413
shrinkage=0.465174


Tree=3
num_leaves=10
num_cat=3
split_feature=1 5 0 2 6 6 8 11 8
split_gain=6.85411 6.66141 3.20049 3.7119 1.24573 3.69731 0.876482 0.768702 0.236459
threshold=0 19.000000000000004 1 2 7210.7500000000009 19108.750000000004 20098.750000000004 313.75000000000006 4978.0000000000009
decision_type=5 2 5 5 2 2 2 2 2
left_child=1 -1 -2 8 -5 -6 -3 -7 -4
right_child=2 6 3 4 5 7 -8 -9 -10
leaf_value=0.65925616525580244 0.10146833184789608 0.18141856279040899 -0.039246816262701024 -0.41233550776048078 0.097630267465487336 -0.41730550862539506 -0.063156301692911851 -0.16423651609672318 0.051928761384601944
leaf_count=124 253 153 1163 547 89 205 59 143 64
internal_value=0 0.340974 -0.227651 -0.295301 -0.509229 -0.453535 0.0657449 -0.677344 -0.0411568
internal_count=2800 336 2464 2211 984 437 212 348 1227
cat_boundaries=0 5 11 13
cat_threshold=4259840 22086704 1611792384 262208 128 268437536 33424 520 0 0 65536 5247009 32768
shrinkage=0.465174


Tree=4
num_leaves=10
num_cat=4
split_feature=0 13 1 7 7 7 4 13 7
split_gain=6.20934 6.13355 2.03563 2.94639 7.10321 3.01617 2.43569 1.37028 1.13724
threshold=0 1 2 95.500000000000014 1922.5000000000002 7072.7500000000009 1.7500000000000002 3 21735.250000000004
decision_type=5 5 5 2 2 2 2 5 2
left_child=8 -2 -3 7 -5 -6 -7 -4 -1
right_child=1 2 3 4 5 6 -8 -9 -10
leaf_value=-0.35313645720611242 -0.21509683008010896 -0.097066180752780729 0.14728741865523043 0.6827780395257077 -0.18518290745075686 0.36077030020374939 -0 -0.014101955575732227 -0.09854721912619073
leaf_count=513 260 215 146 140 151 108 74 1053 140
internal_value=0 0.0629341 0.177953 0.237393 0.529043 0.224046 0.453288 0.0859346 -0.433836
internal_count=2800 2147 1887 1672 473 333 182 1199 653
cat_boundaries=0 6 11 17 20
cat_threshold=3290432832 33702402 68175872 16384 2281709568 536870912 1227888768 142606400 147480 0 8 1096 8208 2147615760 8196 1048576 2097152 8651328 256 64
shrinkage=0.465174


end of trees

feature importances:
c_table_1.c_3=5
n_table_1.n_16=5
n_table_1.n_18=5
c_table_2.c_4=5
n_table_1.n_3=4
n_table_1.n_15=4
n_table_1.n_12=3
n_table_1.n_19=3
c_table_1.c_2=2
c_table_1.c_5=2
n_table_1.n_10=2
n_table_1.n_17=2
n_table_1.n_26=1
n_table_1.n_27=1

parameters:
[boosting: gbdt]
[objective: binary]
[metric: auc]
[tree_learner: serial]
[device_type: cpu]
[data: ]
[valid: ]
[num_iterations: 100]
[learning_rate: 0.465174]
[num_leaves: 10]
[num_threads: 4]
[max_depth: 8]
[min_data_in_leaf: 20]
[min_sum_hessian_in_leaf: 4.8022]
[bagging_fraction: 0.7]
[bagging_freq: 22]
[bagging_seed: 3]
[feature_fraction: 0.6]
[feature_fraction_seed: 2]
[early_stopping_round: 0]
[max_delta_step: 0]
[lambda_l1: 0.407975]
[lambda_l2: 0.0354715]
[min_gain_to_split: 0]
[drop_rate: 0.1]
[max_drop: 50]
[skip_drop: 0.5]
[xgboost_dart_mode: 0]
[uniform_drop: 0]
[drop_seed: 4]
[top_rate: 0.2]
[other_rate: 0.1]
[min_data_per_group: 100]
[max_cat_threshold: 32]
[cat_l2: 10]
[cat_smooth: 10]
[max_cat_to_onehot: 4]
[top_k: 20]
[monotone_constraints: ]
[feature_contri: ]
[forcedsplits_filename: ]
[refit_decay_rate: 0.9]
[verbosity: -1]
[max_bin: 255]
[min_data_in_bin: 3]
[bin_construct_sample_cnt: 200000]
[histogram_pool_size: -1]
[data_random_seed: 1]
[output_model: LightGBM_model.txt]
[snapshot_freq: -1]
[input_model: ]
[output_result: LightGBM_predict_result.txt]
[initscore_filename: ]
[valid_data_initscores: ]
[pre_partition: 0]
[enable_bundle: 1]
[max_conflict_rate: 0]
[is_enable_sparse: 1]
[sparse_threshold: 0.8]
[use_missing: 1]
[zero_as_missing: 0]
[two_round: 0]
[save_binary: 0]
[enable_load_from_binary_file: 1]
[header: 0]
[label_column: ]
[weight_column: ]
[group_column: ]
[ignore_column: ]
[categorical_feature: ]
[predict_raw_score: 0]
[predict_leaf_index: 0]
[predict_contrib: 0]
[num_iteration_predict: -1]
[pred_early_stop: 0]
[pred_early_stop_freq: 10]
[pred_early_stop_margin: 10]
[convert_model_language: ]
[convert_model: gbdt_prediction.cpp]
[num_class: 1]
[is_unbalance: 0]
[scale_pos_weight: 1]
[sigmoid: 1]
[boost_from_average: 1]
[reg_sqrt: 0]
[alpha: 0.9]
[fair_c: 1]
[poisson_max_delta_step: 0.7]
[tweedie_variance_power: 1.5]
[max_position: 20]
[label_gain: ]
[metric_freq: 1]
[is_provide_training_metric: 0]
[eval_at: ]
[num_machines: 1]
[local_listen_port: 12400]
[time_out: 120]
[machine_list_filename: ]
[machines: ]
[gpu_platform_id: -1]
[gpu_device_id: -1]
[gpu_use_dp: 0]

end of parameters

pandas_categorical:[[0, 1, 2, 3, 4, 5, 6, 7, 8, 9, 10, 11, 12, 13, 14, 15, 16, 17, 18, 19, 20, 21, 22, 23, 24, 25, 26, 27, 28, 29, 30, 31, 32, 33, 34, 35, 36, 37, 38, 39, 40, 41, 42, 43, 44, 45, 46, 47, 48, 49, 50, 51, 52, 53, 54, 55, 56, 57, 58, 59, 60, 61, 62, 63, 64, 65, 66, 67, 68, 69, 70, 71, 72, 73, 74, 75, 76, 77, 78, 79, 80, 81, 82, 83, 84, 85, 86, 87, 88, 89, 90, 91, 92, 93, 94, 95, 96, 97, 98, 99, 100, 101, 102, 103, 104, 105, 106, 107, 108, 109, 110, 111, 112, 113, 114, 115, 116, 117, 118, 119, 120, 121, 122, 123, 124, 125, 126, 127, 128, 129, 130, 131, 132, 133, 134, 135, 136, 137, 138, 139, 140, 141, 142, 143, 144, 145, 146, 147, 148, 149, 150, 151, 152, 153, 154, 155, 156, 157, 158, 159, 160, 161, 162, 163, 164, 165, 166, 167, 168, 169, 170, 171, 172, 173, 174, 175, 176, 177, 178, 179, 180, 181, 182, 183, 184, 185, 186, 187, 188, 189, 190, 191, 192, 193, 194, 195, 196, 197, 198, 199, 200, 201, 202, 203, 204, 205, 206], [0, 1, 2, 3, 4, 5, 6, 7, 8, 9, 10, 11, 12, 13, 14, 15, 16, 17, 18, 19, 20, 21, 22, 23, 24, 25, 26, 27, 28, 29, 30, 31, 32, 33, 34, 35, 36, 37, 38, 39, 40, 41, 42, 43, 44, 45, 46, 47, 48, 49, 50, 51, 52, 53, 54, 55, 56, 57, 58, 59, 60, 61, 62, 63, 64, 65, 66, 67, 68, 69, 70, 71, 72, 73, 74, 75, 76, 77, 78, 79, 80, 81, 82, 83, 84, 85, 86, 87, 88, 89, 90, 91, 92, 93, 94, 95, 96, 97, 98, 99, 100, 101, 102, 103, 104, 105, 106, 107, 108, 109, 110, 111, 112, 113, 114, 115, 116, 117, 118, 119, 120, 121, 122, 123, 124, 125, 126, 127, 128, 129, 130, 131, 132, 133, 134, 135, 136, 137, 138, 139, 140, 141, 142, 143, 144, 145, 146, 147, 148, 149, 150, 151, 152, 153, 154, 155, 156, 157, 158, 159, 160, 161, 162, 163, 164, 165, 166, 167, 168, 169, 170, 171, 172, 173, 174, 175, 176, 177, 178, 179, 180, 181, 182, 183, 184, 185, 186, 187, 188, 189, 190, 191, 192, 193, 194, 195, 196, 197, 198, 199, 200, 201, 202, 203, 204, 205, 206, 207, 208, 209, 210, 211, 212, 213, 214, 215, 216, 217, 218, 219, 220], [0, 1, 2, 3, 4, 5, 6, 7, 8, 9, 10, 11, 12, 13, 14, 15, 16, 17, 18, 19, 20, 21, 22, 23, 24, 25, 26, 27, 28, 29, 30, 31, 32, 33, 34, 35, 36, 37, 38, 39, 40, 41, 42, 43, 44, 45, 46, 47, 48, 49, 50, 51, 52, 53, 54, 55, 56], [0, 1, 2, 3, 4, 5, 6, 7, 8, 9, 10, 11, 12, 13, 14, 15, 16, 17, 18, 19, 20, 21, 22, 23, 24, 25, 26, 27, 28, 29, 30, 31, 32, 33, 34, 35, 36, 37, 38, 39, 40, 41, 42, 43, 44, 45, 46, 47, 48, 49, 50, 51, 52, 53, 54, 55, 56, 57, 58, 59, 60, 61, 62, 63, 64, 65, 66, 67, 68, 69, 70, 71, 72, 73, 74, 75, 76, 77, 78, 79, 80, 81, 82, 83, 84, 85, 86, 87, 88, 89, 90, 91, 92, 93, 94, 95, 96, 97, 98, 99, 100, 101, 102, 103, 104, 105, 106, 107, 108, 109, 110, 111, 112, 113, 114, 115, 116, 117, 118, 119, 120, 121, 122, 123, 124, 125, 126, 127, 128, 129, 130, 131, 132, 133, 134, 135, 136, 137, 138, 139, 140, 141, 142, 143, 144, 145, 146, 147, 148, 149, 150]]
