tree
version=v2
num_class=1
num_tree_per_iteration=1
label_index=0
max_feature_idx=17
objective=binary sigmoid:1
feature_names=c_table_1.c_1 c_table_1.c_2 n_table_1.n_3 c_table_1.c_6 n_table_1.n_5 n_table_1.n_9 n_table_1.n_10 n_table_1.n_11 n_table_1.n_12 n_table_1.n_15 n_table_1.n_16 n_table_1.n_17 n_table_1.n_18 n_table_1.n_19 n_table_1.n_20 n_table_1.n_26 c_table_2.c_5 n_table_2.n_14
feature_infos=1:0 2:0:6:10:16:17:29:9:7:24:13:37:14:15:12:11:18:45:33:19:56:63:60:26:73:38:3:55:54:64:4:70:83:20:22:34:30:21:36:39:58:65:68:74:35:47:71:57:114:1:32:44:59:134:31:53:78:139:8:48:81:85:94:111:119:27:28:42:69:82:90:92:104:105:106:115:128:144:23:46:49:50:52:75:79:80:98:103:116:122:25:40:43:72:86:93:96:97:99:107:112:118:127:129:133:146:152:164 [1:175] 1:0:2:3:4:7:8:9:13:5:6:10:11:12 [1:24272.5] [1:2481850] [1:70] [1:6121] [1:7070.5] [1:423494] [1:313693] [1:372140] [1:441384] [1:1178200] [1:18856] [1:121640] 1:0:6:7:9:10:15:11:4:14:12:2:13:5:16:22:3:8:18:17:20:23:19:28 [1:92.5]
tree_sizes=1371 1523 1239 958 1498 1687 1382 1887 1438 1206 1501 1719 1622 1377 1710

Tree=0
num_leaves=17
num_cat=0
split_feature=12 8 10 10 9 8 9 5 12 12 10 13 5 12 10 10
split_gain=41.8056 8.59083 7.56763 9.70213 8.44188 3.61013 1.23217 1.23108 1.83479 2.27587 1.0141 0.972672 0.92597 0.577693 0.088291 0.0493178
threshold=20428.750000000004 96.250000000000014 154631.00000000003 8652.2500000000018 131264.50000000003 243.25000000000003 4474.0000000000009 2833.7500000000005 2307.2500000000005 1158.2500000000002 2693.5000000000005 3225.2500000000005 2825.5000000000005 9087.2500000000018 1283.5000000000002 2512.7500000000005
decision_type=2 2 2 2 2 2 2 2 2 2 2 2 2 2 2 2
left_child=1 7 3 5 6 -2 -5 8 9 -1 -3 -9 -6 14 -13 -7
right_child=2 10 -4 4 12 15 -8 11 -10 -11 -12 13 -14 -15 -16 -17
leaf_value=-2.6629504469668639 -2.4864322382205097 -2.4630675064566736 -2.6507291749613016 -2.5246886059387035 -2.6178251095094844 -2.6178251095094844 -2.2153524853697193 -2.5489197510727162 -2.7388411116880591 -2.5554291557014355 -2.6178251095094844 -2.6178251095094844 -2.5050716941219964 -2.6178251095094844 -2.6908443833554099 -2.6776970742619008
leaf_count=2149 63 81 33 65 75 33 143 52 199 43 39 51 32 44 53 45
internal_value=0 -0.212349 1.02546 1.17051 1.54795 0.0812543 2.01377 -0.269456 -0.294411 -0.238672 0.698921 0 0.263963 -0.138619 -0.314056 -0.274301
internal_count=3200 2711 489 456 315 141 208 2591 2391 2192 120 200 107 148 104 78
shrinkage=1


Tree=1
num_leaves=21
num_cat=0
split_feature=12 8 12 11 8 9 9 11 5 13 13 4 8 4 9 4 8 12 7 5
split_gain=26.5903 6.30639 4.79653 3.65035 4.24116 3.25731 2.73465 2.21602 3.03944 2.85688 3.36447 1.15499 1.0321 0.811697 0.544372 0.543034 0.472394 0.127682 0.270764 0.0601586
threshold=20428.750000000004 72.250000000000014 299551.00000000006 52549.000000000007 243.25000000000003 152053.50000000003 85218.250000000015 542.50000000000011 49.750000000000007 2282.5000000000005 6537.2500000000009 25.750000000000004 1759.0000000000002 83.500000000000014 54716.500000000007 10.750000000000002 1.7500000000000002 8833.7500000000018 13.750000000000002 245.50000000000003
decision_type=2 2 2 2 2 2 2 2 2 2 2 2 2 2 2 2 2 2 2 2
left_child=1 7 3 4 6 -5 19 8 11 16 -11 -1 15 14 -9 -6 -10 18 -3 -2
right_child=2 17 -4 5 12 -7 -8 13 9 10 -12 -13 -14 -15 -16 -17 -18 -19 -20 -21
leaf_value=-0.04225338540697253 0.022159100298009455 0 -0.011834841595355385 0.3035731914832136 0 0 0 -0.11291895489919689 -0.043401820595384111 0.21678703820499096 -0 0.017558416287743923 0.068552379839567648 -0 -0 -0.064487014163064238 0 0 0.12475600893737082 0.23768296876713246
leaf_count=1898 51 33 42 81 46 32 60 308 96 44 51 46 45 49 37 58 36 46 67 74
internal_value=0 -0.180939 0.757464 0.87089 0.503328 1.49416 0.859287 -0.238341 -0.166925 0.202585 0.690846 -0.22629 0 -0.546046 -0.612416 -0.177412 -0.0323897 0.50091 0.59905 1.13776
internal_count=3200 2711 489 447 334 113 185 2565 2171 227 95 1944 149 394 345 104 132 146 100 125
shrinkage=0.169796


Tree=2
num_leaves=16
num_cat=1
split_feature=1 5 5 14 2 10 10 12 5 12 14 9 10 11 9
split_gain=24.6051 5.86461 4.56165 3.99451 3.06622 2.83423 7.38975 2.07499 1.8428 1.44318 1.42158 0.865189 0.263048 0.0757149 0.0470328
threshold=0 2422.0000000000005 213853.50000000003 1.7500000000000002 33.250000000000007 33568.000000000007 16051.750000000002 46003.000000000007 928.00000000000011 56242.000000000007 28.750000000000004 1202.5000000000002 42329.500000000007 67035.250000000015 9237.2500000000018
decision_type=5 2 2 2 2 2 2 2 2 2 2 2 2 2 2
left_child=2 4 3 -1 8 6 7 -3 9 10 -2 -6 -11 -5 -13
right_child=1 5 -4 13 11 -7 -8 -9 -10 12 -12 14 -14 -15 -16
leaf_value=-0.030017527950790147 -0 0.1013888186269449 0.10276383367180379 -0.10961420798239292 -0.069443812959601864 0 0.32470923666610035 -0 -0 -0.033802220414004117 0.1142885187695601 0.018154571442995177 0.027695725511772247 -0 -0
leaf_count=1584 50 180 44 524 83 44 68 30 46 31 317 41 52 34 72
internal_value=0 0.439014 -0.253114 -0.313496 0.219966 0.899337 1.03944 0.418571 0.391531 0.480189 0.583439 -0.108802 0 -0.620852 0
internal_count=3200 1014 2186 2142 692 322 278 210 496 450 367 196 83 558 113
cat_boundaries=0 3
cat_threshold=1145753813 16785554 512
shrinkage=0.169796


Tree=3
num_leaves=12
num_cat=1
split_feature=1 5 14 5 14 9 4 10 2 9 14
split_gain=17.633 5.68037 4.31156 4.0068 3.49522 2.84619 2.42694 0.667825 0.846505 0.619688 0.554941
threshold=0 175774.50000000003 1.7500000000000002 16.750000000000004 27.250000000000004 131264.50000000003 114.25000000000001 271.75000000000006 33.250000000000007 25966.000000000004 2290.0000000000005
decision_type=5 2 2 2 2 2 2 2 2 2 2
left_child=1 2 -1 7 -5 6 -6 8 -2 -9 -3
right_child=3 10 -4 4 5 -7 -8 9 -10 -11 -12
leaf_value=-0.025810459394053339 0.062627950239502073 0 -0.10485230303037331 -0.0045577872936784598 0.13588204616272642 0 0 -0.069245991343102234 -0 0 0.15949607032381422
leaf_count=1585 104 39 569 72 463 96 75 83 41 51 22
internal_value=0 -0.220841 -0.291786 0.361671 0.540575 0.62053 0.709674 -0 0.161315 -0.206517 0.617899
internal_count=3200 2215 2154 985 706 634 538 279 145 134 61
cat_boundaries=0 3
cat_threshold=1145722069 16785554 512
shrinkage=0.169796


Tree=4
num_leaves=20
num_cat=0
split_feature=12 14 10 8 11 10 14 9 8 12 17 11 9 14 13 9 9 12 14
split_gain=10.3702 2.64409 3.33686 2.54155 2.67677 2.46148 2.44539 1.18728 1.16895 0.925602 1.33461 1.49744 0.830152 0.699247 0.382404 0.490672 0.338061 0.10808 0.050315
threshold=15357.250000000002 4214.5000000000009 8437.0000000000018 72.250000000000014 542.50000000000011 1283.5000000000002 739.75000000000011 37561.750000000007 4.7500000000000009 296.50000000000006 1.7500000000000002 17.500000000000004 116399.50000000001 556.75000000000011 5119.0000000000009 409.75000000000006 54716.500000000007 8233.7500000000018 8196.2500000000018
decision_type=2 2 2 2 2 2 2 2 2 2 2 2 2 2 2 2 2 2 2
left_child=3 2 6 4 5 9 -2 -8 -4 10 11 -1 -3 -5 15 -11 -6 -15 -14
right_child=1 12 8 13 16 -7 7 -9 -10 14 -12 -13 18 17 -16 -17 -18 -19 -20
leaf_value=-0.0099219033356106306 0.11234924466883416 -0.065557915418846674 0.0013501830309393141 -0 -0.094336446802286089 0.092696317463274197 -0.0925035560514368 0 0.15080597779671356 -0 -0.095545770359412266 -0.10255283328828492 0.038445080081799594 0.088827340686712344 -0 0.061483713016907492 -0 0 0
leaf_count=1683 39 48 73 47 339 53 61 42 157 55 154 96 38 54 34 94 37 41 55
internal_value=0 0.414999 0.54089 -0.127506 -0.170556 -0.0961469 0 -0.227731 0.7466 -0.133731 -0.166727 -0.109989 -0 0.26257 0.0480812 0.201673 -0.513181 0.411464 0.149046
internal_count=3200 513 372 2687 2545 2169 142 103 230 2116 1933 1779 141 142 183 149 376 95 93
shrinkage=0.169796


Tree=5
num_leaves=23
num_cat=4
split_feature=1 12 16 11 4 13 9 10 0 9 15 11 17 16 9 9 13 2 13 12 9 12
split_gain=9.4433 3.10945 4.42907 3.6354 3.27576 2.4857 2.06294 1.95676 1.7332 1.55601 1.35705 2.76281 0.879732 1.33695 0.867007 1.00048 0.686713 0.282979 0.0811658 0.0690341 0.0295433 0.0102764
threshold=0 15357.250000000002 1 466.00000000000006 114.25000000000001 277784.50000000006 409.75000000000006 3802.7500000000005 2 84058.000000000015 3319.0000000000005 46.750000000000007 1.7500000000000002 3 25468.000000000004 15742.000000000002 73.750000000000014 59.500000000000007 2914.7500000000005 119020.50000000001 161922.50000000003 7096.7500000000009
decision_type=5 2 5 2 2 2 2 2 1 2 2 2 2 5 2 2 2 2 2 2 2 2
left_child=10 2 7 6 5 9 16 8 21 14 11 12 13 -1 15 -3 -4 -13 -15 -7 -21 -2
right_child=1 4 3 -5 -6 19 -8 -9 -10 -11 -12 17 -14 18 -16 -17 -18 -19 -20 20 -22 -23
leaf_value=0.012318789291035845 0.12893507327069317 0.093934379016340969 0 -0.10678883937869267 -0.010664099875668308 -0 0.10136815679928365 -0 -0 0 0.040410622608870683 -0.11954134398489943 -0.083059188666414846 -0.031227699335053864 0.23289980777138938 -0 -0.065490940443974591 -0 -0 0.023188408274259067 0 0
leaf_count=428 199 114 66 196 52 56 54 63 34 25 25 262 146 1136 48 26 74 34 55 43 32 32
internal_value=0 0.230867 0.0422935 -0.184061 0.47012 0.584145 0.011945 0.316394 0.59201 0.781296 -0.185843 -0.227697 -0.138931 -0.0850559 0.870497 0.44153 -0.132398 -0.638269 -0.153478 0.0347794 0.0980711 0.709922
internal_count=3200 1114 718 390 396 344 194 328 265 213 2086 2061 1765 1619 188 140 140 296 1191 131 75 231
cat_boundaries=0 2 3 4 5
cat_threshold=1145716949 16785554 2 1 2197
shrinkage=0.169796


Tree=6
num_leaves=18
num_cat=4
split_feature=1 5 5 14 16 17 14 9 9 13 16 4 13 9 11 14 16
split_gain=7.08903 2.77889 2.40803 3.77793 2.33194 2.10903 2.01831 2.16845 1.06199 0.950616 0.814574 0.766801 0.46085 1.06529 0.404466 0.314676 0.0273342
threshold=0 16.750000000000004 213853.50000000003 6.2500000000000009 1 4.7500000000000009 27.250000000000004 49539.250000000007 30260.500000000004 157230.00000000003 2 92.500000000000014 91.000000000000014 25966.000000000004 67035.250000000015 2632.7500000000005 3
decision_type=5 2 2 2 5 2 2 2 2 2 5 2 2 2 2 2 5
left_child=2 12 3 10 8 6 -6 11 -3 -10 16 -8 -2 -14 -5 -9 -1
right_child=1 4 -4 14 5 -7 7 15 9 -11 -12 -13 13 -15 -16 -17 -18
leaf_value=-0 0.0075070699543304149 -0.063653891803378548 0.06758475194620045 -0.1071757171008318 -0 -0.0037862751850771641 0.12734006109692658 -0.0073617507819718356 0.088237504665058919 -0 -0.030002434649316127 0 -0.062429614951878265 0 -0 0.02979766259794963 0.0066739254972754758
leaf_count=745 70 90 44 434 58 31 325 22 22 35 751 75 187 60 34 102 115
internal_value=0 0.199714 -0.161823 -0.215426 0.323148 0.378047 0.498859 0.555729 -0.0532846 0.0415585 -0.0951414 0.675054 -0.045285 -0.177115 -0.587517 0.00130559 0
internal_count=3200 1077 2123 2079 760 613 582 524 147 57 1611 400 317 247 468 124 860
cat_boundaries=0 2 3 4 5
cat_threshold=1145721045 16785554 1744 7190 2
shrinkage=0.169796


Tree=7
num_leaves=26
num_cat=0
split_feature=12 14 9 13 5 12 17 11 4 9 9 7 4 12 14 14 7 4 9 12 7 13 14 13 13
split_gain=3.94886 1.70936 1.58787 1.13953 1.13236 0.857592 0.772279 1.0259 1.55216 1.15473 0.99632 0.86423 0.740783 0.769985 0.736218 0.73349 0.58173 0.539982 0.451662 0.263321 0.178185 0.0694558 0.186945 0.00847718 0.00621414
threshold=15357.250000000002 739.75000000000011 4743.2500000000009 106291.50000000001 103111.00000000001 299551.00000000006 1.7500000000000002 17.500000000000004 27.250000000000004 54716.500000000007 1135.7500000000002 283.00000000000006 80.500000000000014 88174.750000000015 720.25000000000011 304.75000000000006 1.7500000000000002 22.750000000000004 200443.50000000003 70539.250000000015 13.750000000000002 660.25000000000011 7.7500000000000009 752.50000000000011 327723.00000000006
decision_type=2 2 2 2 2 2 2 2 2 2 2 2 2 2 2 2 2 2 2 2 2 2 2 2 2
left_child=4 2 -2 17 6 12 7 14 9 11 -8 -9 13 19 21 -10 -17 -3 -15 -5 -16 22 -1 -23 -14
right_child=1 3 -4 5 -6 -7 10 8 15 -11 -12 -13 24 18 20 16 -18 -19 -20 -21 -22 23 -24 -25 -26
leaf_value=-0.0030674131166305899 0 -0.068600734448805892 0.19028900404630833 0.027119863157798296 0.053550592381833954 -0.0025128340125569991 -0.091814251339299019 -0.087532841574149603 -0.040540147319239925 0 0 0 -0.0061843307492329995 0.10709136936255165 0 -0 0.069598748843021849 0 0 -0 0.06847331573774243 0.0084754230879024329 -0.043535381355001068 -0 0
leaf_count=1504 25 51 27 100 37 42 175 377 47 44 40 38 41 70 38 42 71 24 27 77 34 25 91 124 29
internal_value=0 0.23567 0.758903 0.113505 -0.0882111 0.196541 -0.111427 -0.0739 -0.223505 -0.361073 -0.392579 -0.445286 0.253637 0.316117 -0.00562398 0 0.242221 -0.170666 0.539122 0.0628556 0.280038 -0.0431484 -0.0533406 0 -0
internal_count=3200 513 52 461 2687 386 2650 2435 619 459 215 415 344 274 1816 160 113 75 97 177 72 1744 1595 149 70
shrinkage=0.169796


Tree=8
num_leaves=19
num_cat=4
split_feature=16 8 1 1 4 2 5 17 4 15 6 7 4 5 11 11 10 16
split_gain=5.10034 4.95426 2.94675 1.14302 1.65931 1.08408 1.07526 1.07687 0.773666 0.925482 0.734829 0.313145 0.0962401 0.0766687 0.185886 0.0584854 0.0441238 0.000702439
threshold=0 1759.0000000000002 1 2 65.500000000000014 40.750000000000007 7.0000000000000009 4.7500000000000009 92.500000000000014 3.2500000000000004 12.250000000000002 1.7500000000000002 427.00000000000006 8131.7500000000009 24.250000000000004 15494.500000000002 3.2500000000000004 3
decision_type=5 2 5 5 2 2 2 2 2 2 2 2 2 2 2 2 2 5
left_child=1 2 3 13 -5 10 11 8 9 -8 -2 16 -10 14 17 -15 -4 -1
right_child=5 -3 6 4 -6 -7 7 -9 12 -11 -12 -13 -14 15 -16 -17 -18 -19
leaf_value=0 -0.066725248756988265 0.12442233289617993 0.017515989425447603 -0.11387376298945631 0 0 0.098678695652957907 -0 -0.020767699878709814 0.021185153846809031 0 -0.048247730961013577 0.015531708590873317 0.028053608346039635 -0.041061260548604699 -0 -0 -0.00077423475094650328
leaf_count=785 723 85 47 213 52 53 256 32 34 221 20 49 37 31 47 26 51 438
internal_value=0 0.0862149 0.0281875 -0.0767236 -0.273696 -0.259449 0.19321 0.285468 0.329001 0.376009 -0.361713 -0 -0 -0 -0.0208986 0.0846697 0 -0
internal_count=3200 2404 2319 1592 265 796 727 580 548 477 743 147 71 1327 1270 57 98 1223
cat_boundaries=0 1 4 7 8
cat_threshold=22791 1157649557 25174050 512 16778241 8192 512 2054
shrinkage=0.169796


Tree=9
num_leaves=15
num_cat=4
split_feature=1 5 14 14 16 17 5 5 5 13 16 16 14 7
split_gain=3.89432 2.51379 3.23555 1.39773 1.56287 1.83677 1.6914 0.852101 1.06497 0.523219 0.478977 0.289467 0.201812 0.0325405
threshold=0 213853.50000000003 3.2500000000000004 27.250000000000004 1 9.2500000000000018 2422.0000000000005 7.0000000000000009 119753.50000000001 359863.50000000006 2 3 7.7500000000000009 160.00000000000003
decision_type=5 2 2 2 5 2 2 2 2 2 5 5 2 2
left_child=1 2 10 12 5 7 -6 -5 9 -9 -1 -12 -2 -4
right_child=3 -3 13 4 6 -7 -8 8 -10 -11 11 -13 -14 -15
leaf_value=0.011380392005490379 0 0.070346296052807553 -0.098581799328826658 0 -0.086924137142254027 -0.037436584465494804 0.015602744405576035 0.07622735951160188 0 0 -0.0022581027830478272 -0.034074396957666238 -0.045707756418013536 -0.001069483449308112
leaf_count=130 41 49 414 128 93 32 39 531 55 32 1175 306 62 113
internal_value=0 -0.121147 -0.176689 0.147954 0.212634 0.252006 -0.0734324 0.333126 0.372833 0.422723 -0.0594212 -0.0889067 -0.146321 -0.503138
internal_count=3200 2187 2138 1013 910 778 132 746 618 563 1611 1481 103 527
cat_boundaries=0 3 4 5 6
cat_threshold=1146769629 16785562 512 49347 2196 5123
shrinkage=0.169796


Tree=10
num_leaves=20
num_cat=3
split_feature=16 8 5 3 11 5 11 5 7 13 10 14 7 5 6 14 16 14 13
split_gain=2.97067 2.84058 1.05 2.20341 1.95436 1.36518 1.21982 1.19248 1.14791 1.12307 1.04121 1.23455 0.729092 1.93949 1.14219 0.300431 0.0249364 0.0473133 0.0172943
threshold=0 1759.0000000000002 16.750000000000004 1 5408.5000000000009 32900.500000000007 14680.750000000002 363.25000000000006 15.250000000000002 91.000000000000014 3655.7500000000005 27.250000000000004 3.2500000000000004 328.75000000000006 12.250000000000002 1900.7500000000002 2 28.750000000000004 92375.500000000015
decision_type=5 2 2 5 2 2 2 2 2 2 2 2 2 2 2 2 5 2 2
left_child=12 2 9 4 10 7 -6 -5 -8 16 11 -4 13 -1 -14 -3 -2 -18 -11
right_child=1 15 3 5 6 -7 8 -9 -10 18 -12 -13 14 -15 -16 -17 17 -19 -20
leaf_value=-0.041334437838513642 0.0032928611831131477 0 -0 0 -0.062292970928389223 0.0055890359453532254 0.056129338360418425 -0.091535470080880046 -0.011880192969478245 -0.059254161343668982 -0 0.10704253254179177 -0.09970114674643922 0.06289903800618532 0 0.10400517980197388 -0.0061280437971228344 0 -0
leaf_count=455 422 20 48 34 65 53 126 142 51 224 39 221 198 60 20 67 874 46 35
internal_value=0 0.0547749 0.0073602 0.11375 0.219498 -0.112399 0 -0.37495 0.161853 -0.0535642 0.464496 0.535114 -0.218351 -0.0791246 -0.477653 0.516747 -0 -0.0143794 -0.31863
internal_count=3200 2467 2380 779 550 229 242 176 177 1601 308 269 733 515 218 87 1342 920 259
cat_boundaries=0 1 2 3
cat_threshold=4237040 21 5
shrinkage=0.169796


Tree=11
num_leaves=23
num_cat=2
split_feature=1 14 8 4 3 8 17 14 14 5 17 5 14 12 11 14 4 4 4 14 13 12
split_gain=2.41877 2.02271 2.35599 1.36655 1.18425 1.48629 1.27754 0.991374 1.4231 0.872521 0.858184 0.800829 0.764644 0.426744 0.622087 0.355817 0.339628 0.330407 0.318413 0.0238121 0.00674697 0.00567879
threshold=0 44.500000000000007 2197.7500000000005 65.500000000000014 1 123.25000000000001 9.2500000000000018 27.250000000000004 869.50000000000011 49.750000000000007 1.7500000000000002 36.250000000000007 1426.7500000000002 57136.750000000007 42511.750000000007 12.250000000000002 39.250000000000007 103.00000000000001 63.250000000000007 10.750000000000002 2202.2500000000005 123328.50000000001
decision_type=5 2 2 2 5 2 2 2 2 2 2 2 2 2 2 2 2 2 2 2 2 2
left_child=1 10 3 -3 6 11 7 19 9 20 15 -6 18 14 -7 -1 -14 -11 -10 -2 -9 -15
right_child=4 2 -4 -5 5 13 -8 8 12 17 -12 -13 16 21 -16 -17 -18 -19 -20 -21 -22 -23
leaf_value=-0.00011129256560420147 0 -0.10923351268901207 0.015720669894952945 -0 -0 0.082363046872395734 -0.033413303543870052 -0 -0.05152927216537085 0.12839829724123705 -0.059523268015914538 -0.10174475423736631 0.044682366342228483 -0.0065670385429889488 -0 0.054714228925996082 0 0 0 -0.012991409155460987 0.0061130029080850518 0
leaf_count=1486 35 400 26 100 84 32 32 44 46 105 140 75 194 28 23 37 111 38 26 49 62 27
internal_value=0 -0.103125 -0.359268 -0.498079 0.107795 -0.0354352 0.180554 0.252457 0.29436 0.523141 -0.0169774 -0.361182 0.102964 0.0795824 0.243305 0 0.189275 0.664947 -0.0791605 -0 0 -0
internal_count=3200 2189 526 500 1011 269 742 710 626 249 1663 159 377 110 55 1523 305 143 72 84 106 55
cat_boundaries=0 3 4
cat_threshold=1145721053 16785562 513 13
shrinkage=0.169796


Tree=12
num_leaves=22
num_cat=2
split_feature=16 9 14 11 8 13 14 13 14 7 6 9 5 14 10 9 10 5 10 14 16
split_gain=2.1732 1.88305 1.04089 0.586713 1.41823 1.34603 0.831529 1.65566 0.630446 0.624323 0.361963 0.353276 0.378102 0.330598 0.161183 0.0980163 0.167234 0.0764043 0.0542886 0.0192491 0.000681071
threshold=0 25468.000000000004 8196.2500000000018 97.750000000000014 1.7500000000000002 20934.250000000004 869.50000000000011 106291.50000000001 547.75000000000011 19.750000000000004 9.2500000000000018 655.00000000000011 3.2500000000000004 603.25000000000011 17216.500000000004 75061.750000000015 6753.2500000000009 49.750000000000007 19186.750000000004 4093.0000000000005 1
decision_type=5 2 2 2 2 2 2 2 2 2 2 2 2 2 2 2 2 2 2 2 5
left_child=1 3 14 4 11 9 8 -8 -7 13 19 12 20 -5 15 16 -3 -13 -9 -2 -1
right_child=10 2 -4 5 -6 6 7 18 -10 -11 -12 17 -14 -15 -16 -17 -18 -19 -20 -21 -22
leaf_value=3.7276969044641338e-05 -0.049960640850591494 0.036707170899579408 -0 -0.091783320714376532 0.077017825847806004 0 -0.09516970807725339 0.017656133902024945 0.08290717889278558 -0 0 0 -0.043994997630927894 -0 0.080283894572441672 -0 -0 0.052523810448470841 -0 -0 -0.00072120640337063849
leaf_count=847 602 71 62 172 65 60 77 21 48 79 27 76 98 42 112 43 36 30 66 41 525
internal_value=0 0.0415088 0.263955 -0 0.0355528 -0.106259 0 -0.0943225 0.252407 -0.325996 -0.201225 -0 -0.0225347 -0.460731 0.341946 0.0570434 0.123373 0.193498 0.00589071 -0.284057 -0
internal_count=3200 2530 324 2206 1641 565 272 164 108 293 670 1576 1470 214 262 150 107 106 87 643 1372
cat_boundaries=0 1 2
cat_threshold=22919 2054
shrinkage=0.169796


Tree=13
num_leaves=18
num_cat=3
split_feature=16 17 5 3 10 10 11 11 12 12 6 12 12 10 9 12 16
split_gain=1.65646 1.90891 1.11239 0.96985 0.916601 0.849783 0.818168 0.77166 0.678076 0.977775 0.362038 0.259852 0.336852 0.148578 0.566254 0.338635 0.227247
threshold=0 9.2500000000000018 16.750000000000004 1 97042.000000000015 31468.750000000004 15.250000000000002 42511.750000000007 67951.000000000015 43389.250000000007 9.2500000000000018 20428.750000000004 91667.500000000015 1.7500000000000002 25966.000000000004 315.25000000000006 2
decision_type=5 2 2 5 2 2 2 2 2 2 2 2 2 2 2 2 5
left_child=10 2 13 4 8 6 -5 -8 9 -4 11 -1 -13 16 15 -15 -2
right_child=1 -3 3 5 -6 -7 7 -9 -10 -11 -12 12 -14 14 -16 -17 -18
leaf_value=-0.054368229248916419 0.014128577686189756 -0.078174451238399265 0.037564032618453203 0 -0 0.032895130795722094 -0.085743461983541394 0 0.10015436205104371 -0.022947682799375049 0 0.021387070389471675 -0.045564606024482 -0 0 -0.077392366606694435 -0.0023882582142662409
leaf_count=519 381 115 487 27 71 34 137 26 60 35 25 39 34 65 55 98 992
internal_value=0 0.0347937 0.0672102 0.153751 0.202026 -0.011694 -0.200529 -0.331672 0.279022 0.160271 -0.184782 -0.273523 -0 -0 -0.113668 -0.299056 0.00151022
internal_count=3200 2583 2468 877 653 224 190 163 582 522 617 592 73 1591 218 163 1373
cat_boundaries=0 1 2 3
cat_threshold=4236920 29 5
shrinkage=0.169796


Tree=14
num_leaves=23
num_cat=6
split_feature=1 16 5 1 16 11 14 11 14 11 9 1 5 14 10 11 8 4 9 16 14 5
split_gain=1.42495 1.18267 1.39322 1.41722 0.786522 1.82197 1.9168 1.70366 1.62454 1.84212 0.778032 0.543751 0.745403 0.341192 0.459617 0.308583 0.257116 0.177057 0.0592028 0.045451 0.0295371 0.0208064
threshold=0 1 213853.50000000003 2 3 24356.500000000004 3102.2500000000005 217.00000000000003 27.250000000000004 28827.250000000004 655.00000000000011 4 7876.0000000000009 3076.0000000000005 18157.000000000004 15788.500000000002 1759.0000000000002 29.500000000000004 37561.750000000007 5 1.7500000000000002 48532.750000000007
decision_type=5 5 2 5 5 2 2 2 2 2 2 5 2 2 2 2 2 2 2 5 2 2
left_child=1 2 3 19 5 7 -7 10 -6 11 -2 18 -13 14 -11 -9 -5 -15 -10 -1 -3 -14
right_child=4 20 -4 16 8 6 -8 15 9 13 -12 12 21 17 -16 -17 -18 -19 -20 -21 -22 -23
leaf_value=0.0052066860283106909 -0.021946885468952827 -0.021421974546447391 0.075550876497054456 -0.083047042793516823 -0.036717737392844361 0.10593636481360352 -0 -0.10664238710847736 -0.018027728082364542 0 0.072411412284704255 0.09162140937695458 -0 0.030918274124044447 -0.068332932178497757 -0 -0 -0 0 -0 -0.096497488385609231 0.012318462738925678
leaf_count=820 71 387 37 276 78 33 34 113 91 20 27 340 60 30 23 38 21 28 41 460 147 25
internal_value=0 -0.0797194 -0 -0.0478901 0.0827979 -0.0216022 0.221239 -0.278514 0.146715 0.237502 0 0.345531 0.350868 -0 -0.218826 -0.533438 -0.253668 0.0287498 -0 0.0089341 -0.240707 0
internal_count=3200 2148 1614 1577 1052 316 67 249 736 658 98 557 425 101 43 151 297 58 132 1280 534 85
cat_boundaries=0 3 4 5 6 8 9
cat_threshold=1682049245 16785562 512 20503 536870977 4625 529920 268435456 22
shrinkage=0.169796


end of trees

feature importances:
n_table_1.n_20=37
n_table_1.n_15=31
n_table_1.n_9=30
n_table_1.n_18=26
n_table_1.n_16=21
n_table_1.n_17=21
n_table_1.n_19=19
c_table_2.c_5=19
n_table_1.n_5=17
n_table_1.n_12=14
c_table_1.c_2=11
n_table_1.n_11=9
n_table_2.n_14=9
n_table_1.n_3=4
n_table_1.n_10=4
c_table_1.c_6=3
n_table_1.n_26=2
c_table_1.c_1=1

parameters:
[boosting: gbdt]
[objective: binary]
[metric: auc]
[tree_learner: serial]
[device_type: cpu]
[data: ]
[valid: ]
[num_iterations: 100]
[learning_rate: 0.169796]
[num_leaves: 100]
[num_threads: 4]
[max_depth: 7]
[min_data_in_leaf: 20]
[min_sum_hessian_in_leaf: 2.00646]
[bagging_fraction: 0.8]
[bagging_freq: 88]
[bagging_seed: 3]
[feature_fraction: 0.8]
[feature_fraction_seed: 2]
[early_stopping_round: 0]
[max_delta_step: 0]
[lambda_l1: 1.57558]
[lambda_l2: 1.35787]
[min_gain_to_split: 0]
[drop_rate: 0.1]
[max_drop: 50]
[skip_drop: 0.5]
[xgboost_dart_mode: 0]
[uniform_drop: 0]
[drop_seed: 4]
[top_rate: 0.2]
[other_rate: 0.1]
[min_data_per_group: 100]
[max_cat_threshold: 32]
[cat_l2: 10]
[cat_smooth: 10]
[max_cat_to_onehot: 4]
[top_k: 20]
[monotone_constraints: ]
[feature_contri: ]
[forcedsplits_filename: ]
[refit_decay_rate: 0.9]
[verbosity: -1]
[max_bin: 255]
[min_data_in_bin: 3]
[bin_construct_sample_cnt: 200000]
[histogram_pool_size: -1]
[data_random_seed: 1]
[output_model: LightGBM_model.txt]
[snapshot_freq: -1]
[input_model: ]
[output_result: LightGBM_predict_result.txt]
[initscore_filename: ]
[valid_data_initscores: ]
[pre_partition: 0]
[enable_bundle: 1]
[max_conflict_rate: 0]
[is_enable_sparse: 1]
[sparse_threshold: 0.8]
[use_missing: 1]
[zero_as_missing: 0]
[two_round: 0]
[save_binary: 0]
[enable_load_from_binary_file: 1]
[header: 0]
[label_column: ]
[weight_column: ]
[group_column: ]
[ignore_column: ]
[categorical_feature: ]
[predict_raw_score: 0]
[predict_leaf_index: 0]
[predict_contrib: 0]
[num_iteration_predict: -1]
[pred_early_stop: 0]
[pred_early_stop_freq: 10]
[pred_early_stop_margin: 10]
[convert_model_language: ]
[convert_model: gbdt_prediction.cpp]
[num_class: 1]
[is_unbalance: 0]
[scale_pos_weight: 1]
[sigmoid: 1]
[boost_from_average: 1]
[reg_sqrt: 0]
[alpha: 0.9]
[fair_c: 1]
[poisson_max_delta_step: 0.7]
[tweedie_variance_power: 1.5]
[max_position: 20]
[label_gain: ]
[metric_freq: 1]
[is_provide_training_metric: 0]
[eval_at: ]
[num_machines: 1]
[local_listen_port: 12400]
[time_out: 120]
[machine_list_filename: ]
[machines: ]
[gpu_platform_id: -1]
[gpu_device_id: -1]
[gpu_use_dp: 0]

end of parameters

pandas_categorical:[[0, 1, 2], [0, 1, 2, 3, 4, 5, 6, 7, 8, 9, 10, 11, 12, 13, 14, 15, 16, 17, 18, 19, 20, 21, 22, 23, 24, 25, 26, 27, 28, 29, 30, 31, 32, 33, 34, 35, 36, 37, 38, 39, 40, 41, 42, 43, 44, 45, 46, 47, 48, 49, 50, 51, 52, 53, 54, 55, 56, 57, 58, 59, 60, 61, 62, 63, 64, 65, 66, 67, 68, 69, 70, 71, 72, 73, 74, 75, 76, 77, 78, 79, 80, 81, 82, 83, 84, 85, 86, 87, 88, 89, 90, 91, 92, 93, 94, 95, 96, 97, 98, 99, 100, 101, 102, 103, 104, 105, 106, 107, 108, 109, 110, 111, 112, 113, 114, 115, 116, 117, 118, 119, 120, 121, 122, 123, 124, 125, 126, 127, 128, 129, 130, 131, 132, 133, 134, 135, 136, 137, 138, 139, 140, 141, 142, 143, 144, 145, 146, 147, 148, 149, 150, 151, 152, 153, 154, 155, 156, 157, 158, 159, 160, 161, 162, 163, 164, 165, 166, 167, 168, 169, 170, 171, 172, 173, 174, 175], [0, 1, 2, 3, 4, 5, 6, 7, 8, 9, 10, 11, 12, 13, 14, 15], [0, 1, 2, 3, 4, 5, 6, 7, 8, 9, 10, 11, 12, 13, 14, 15, 16, 17, 18, 19, 20, 21, 22, 23, 24, 25, 26, 27, 28, 29, 30]]
