tree
version=v2
num_class=1
num_tree_per_iteration=1
label_index=0
max_feature_idx=13
objective=binary sigmoid:1
feature_names=c_table_1.c_2 c_table_1.c_3 c_table_1.c_5 n_table_1.n_3 n_table_1.n_10 n_table_1.n_12 n_table_1.n_15 n_table_1.n_16 n_table_1.n_17 n_table_1.n_18 n_table_1.n_19 n_table_1.n_26 n_table_1.n_27 c_table_2.c_4
feature_infos=49:0:5:3:8:19:33:31:47:159:129:39:41:26:141:36:21:78:84:6:74:88:176:90:29:189:30:106:75:110:57:65:77:28:73:197:89:107:155:43:147:40:46:67:69:146:167:10:66:101:11:99:2:48:200:12:13:71:9:60:140:198:52:85:93:154:17:32:34:50:58:64:83:100:117:148:161:175:196:4:59:72:87:91:95:187:20:35:56:98:102:111:116:120:128:144:168:179:185:1:25:42:55:76:92:94:104:112:126:139:162:164:190:15:18:37:51:115:118:127:133:149:158:169:180:182:191:194:203 46:0:74:18:55:6:64:102:68:3:87:45:36:37:84:147:5:48:121:81:86:22:181:10:2:16:92:52:71:56:79:148:109:101:115:169:42:98:19:95:93:188:27:40:114:126:135:53:151:62:106:150:9:33:39:54:94:123:11:14:30:213:8:70:130:146:154:207:23:24:72:120:155:80:100:118:158:166:186:187:200:210:211:34:89:201:1:75:82:111:119:153:163:191:208:20:21:29:58:61:66:116:162:174:183:185:197:212:13:41:43:49:83:85:107:117:127:134:167:170:176:190:193:50:63:78:88:97:122:136:137:168:175:182:203:217:218 2:0:7:8:9:3:10:1:6:17:20:4:22:26:25:12:47:14:5:33:29:11:18:42:24:16:41:19:31:38:13:30:36:43:54:55 [1:175] [1:68.5] [1:8524] [1:263222] [1:249100] [1:418837] [1:574087] [1:1285890] [1:121640] [1:151] 18:0:70:6:20:32:21:40:12:38:10:4:9:46:78:27:60:23:31:7:59:67:11:24:68:107:93:16:55:49:81:131:48:30:72:114:90:51:66:101:104:119:87:15:5:29:111:82:96:89:14:88:100:41:79:80:28:97:113:1:8:33:35:39:61:98:108:120:140:17:45:50:91:25:64:105:106:133:13:19:26:37:42:54:58:69:71:83:95:99:102:118:148
tree_sizes=835 715 805 648 670 691 694

Tree=0
num_leaves=9
num_cat=2
split_feature=10 3 0 0 8 6 9 3
split_gain=24.1978 3.24321 2.89321 2.80613 2.74759 1.10173 0.687147 0.510861
threshold=119585.00000000001 1.7500000000000002 0 1 36604.000000000007 5305.7500000000009 33567.250000000007 37.750000000000007
decision_type=2 2 5 5 2 2 2 2
left_child=1 3 -2 -1 -4 -5 -3 -6
right_child=2 6 4 5 7 -7 -8 -9
leaf_value=-3.2215212875006394 -3.226624434095275 -3.2303371126152416 -3.2191297174000328 -3.2269342352152637 -3.1958114086662244 -3.2232597881935869 -3.2246109813598598 -3.2168796465653577
leaf_count=150 110 619 124 1390 103 131 83 90
internal_value=0 -0.210051 1.09925 -0.0593652 0.996539 -0.148806 -0.507147 2.24855
internal_count=2800 2373 427 1671 317 1521 702 193
cat_boundaries=0 6 9
cat_threshold=64 131072 84934656 16384 0 536870912 524320 164352 8192
shrinkage=1


Tree=1
num_leaves=8
num_cat=1
split_feature=10 13 9 8 6 6 6
split_gain=23.6108 6.42058 2.76629 2.73006 2.30219 2.13754 0.401098
threshold=119585.00000000001 0 1.7500000000000002 36604.000000000007 5305.7500000000009 9748.0000000000018 64271.500000000007
decision_type=2 5 2 2 2 2 2
left_child=1 2 -1 6 -3 -6 -2
right_child=3 4 -4 -5 5 -7 -8
leaf_value=0.010998262000183565 0.004323004081708685 -0.0041274132344448237 -0 0.014453006638962622 0.0067447008681313977 -0.0017937533027349401 -0
leaf_count=149 80 1794 84 264 81 265 83
internal_value=0 -0.207993 0.3517 1.08103 -0.295113 0 0.216868
internal_count=2800 2373 233 427 2140 346 163
cat_boundaries=0 3
cat_threshold=8651328 268517377 272
shrinkage=0.0101398


Tree=2
num_leaves=8
num_cat=2
split_feature=1 9 3 9 13 3 11
split_gain=25.943 35.4614 7.85075 4.71087 2.92068 2.67839 1.19511
threshold=0 84005.500000000015 1.7500000000000002 303.25000000000006 1 36.250000000000007 19.750000000000004
decision_type=5 2 2 2 5 2 2
left_child=3 2 6 4 -1 -4 -2
right_child=1 -3 5 -5 -6 -7 -8
leaf_value=0.0025848296707855403 0.0033580390147959906 0.033774996064363579 -0.0049138491519319857 -0.0083725534972400473 -0.0026304038870310575 0.0022319648549297012 0.013562212234019223
leaf_count=104 227 98 232 520 1229 250 140
internal_value=0 0.597136 0.319548 -0.347293 -0.191083 -0.0636913 0.870255
internal_count=2800 947 849 1853 1333 482 367
cat_boundaries=0 6 11
cat_threshold=134480973 8413184 2160100497 1074274304 1572864 2097664 263744 256 0 0 8
shrinkage=0.0101398


Tree=3
num_leaves=6
num_cat=2
split_feature=1 8 0 6 6
split_gain=25.4801 20.8878 6.77333 6.5661 4.06902
threshold=0 36604.000000000007 1 961.00000000000011 10.750000000000002
decision_type=5 2 5 2 2
left_child=4 2 -2 -4 -1
right_child=1 -3 3 -5 -6
leaf_value=-0.0019645477165626504 -0.0029187582716469953 0.022431938056747269 -0 0.011533886990859757 -0.0079669939767660347
leaf_count=1308 232 179 193 343 545
internal_value=0 0.590311 0.287866 0.495924 -0.344993
internal_count=2800 947 768 536 1853
cat_boundaries=0 6 13
cat_threshold=265293 8413184 2160100497 1074274304 1572864 2097664 69206280 33554946 0 0 134217730 0 32
shrinkage=0.0101398


Tree=4
num_leaves=7
num_cat=2
split_feature=7 1 13 7 8 7
split_gain=26.9319 11.0503 4.69411 3.67584 2.80121 1.7832
threshold=38517.250000000007 0 1 2746.7500000000005 1.7500000000000002 7072.7500000000009
decision_type=2 5 5 2 2 2
left_child=1 3 4 -1 -3 -4
right_child=-2 2 5 -5 -6 -7
leaf_value=0.017049412646799936 0.018938965698078257 0.0091533718614522294 -0.0045103667696499887 2.1721260319934494e-05 -0 0
leaf_count=129 160 137 1922 96 101 255
internal_value=0 -0.136738 -0.257813 0.567166 0.234735 -0.347508
internal_count=2800 2640 2415 225 238 2177
cat_boundaries=0 5 7
cat_threshold=4784128 22086656 806354944 262144 128 2156134992 82176
shrinkage=0.0101398


Tree=5
num_leaves=7
num_cat=2
split_feature=7 1 13 10 7 10
split_gain=26.088 10.8597 4.61992 3.57561 3.48475 2.25721
threshold=38517.250000000007 0 1 2353.0000000000005 2746.7500000000005 86419.000000000015
decision_type=2 5 5 2 2 2
left_child=1 4 3 -3 -1 -4
right_child=-2 2 5 -5 -6 -7
leaf_value=0.016692273808065095 0.018498823462668929 0.009462627938172815 -0.0045413088585002544 -0.00067246898277383037 2.1551531438669002e-05 0
leaf_count=129 160 147 1942 91 96 235
internal_value=0 -0.135064 -0.255747 0.231899 0.560788 -0.345138
internal_count=2800 2640 2415 238 225 2177
cat_boundaries=0 5 7
cat_threshold=4784128 22086656 806354944 262144 128 2156134992 82176
shrinkage=0.0101398


Tree=6
num_leaves=7
num_cat=3
split_feature=7 0 2 13 6 6
split_gain=25.2764 4.56928 4.19789 3.40111 2.26164 0.464273
threshold=38517.250000000007 0 1 2 25779.250000000004 4602.2500000000009
decision_type=2 5 5 5 2 2
left_child=1 2 5 -3 -5 -1
right_child=-2 3 -4 4 -6 -7
leaf_value=-0.003864170228214702 0.01807448716489566 0.0018654888166622021 0.0057176628719145224 -0.0042200752530134203 0.0016067070812030421 0
leaf_count=194 160 237 210 1799 103 97
internal_value=0 -0.133374 0.221889 -0.233372 -0.319524 -0.133089
internal_count=2800 2640 501 2139 1902 291
cat_boundaries=0 6 7 10
cat_threshold=805830688 180240 50340874 2048 0 65536 67126534 2156134976 268500992 64
shrinkage=0.0101398


end of trees

feature importances:
n_table_1.n_15=8
n_table_1.n_16=6
c_table_2.c_4=5
c_table_1.c_2=4
c_table_1.c_3=4
n_table_1.n_3=4
n_table_1.n_17=4
n_table_1.n_18=4
n_table_1.n_19=4
c_table_1.c_5=1
n_table_1.n_26=1

parameters:
[boosting: gbdt]
[objective: binary]
[metric: auc]
[tree_learner: serial]
[device_type: cpu]
[data: ]
[valid: ]
[num_iterations: 100]
[learning_rate: 0.0101398]
[num_leaves: 10]
[num_threads: 4]
[max_depth: 4]
[min_data_in_leaf: 20]
[min_sum_hessian_in_leaf: 2.94761]
[bagging_fraction: 0.7]
[bagging_freq: 77]
[bagging_seed: 3]
[feature_fraction: 0.5]
[feature_fraction_seed: 2]
[early_stopping_round: 0]
[max_delta_step: 0]
[lambda_l1: 1.20179]
[lambda_l2: 1.09025]
[min_gain_to_split: 0]
[drop_rate: 0.1]
[max_drop: 50]
[skip_drop: 0.5]
[xgboost_dart_mode: 0]
[uniform_drop: 0]
[drop_seed: 4]
[top_rate: 0.2]
[other_rate: 0.1]
[min_data_per_group: 100]
[max_cat_threshold: 32]
[cat_l2: 10]
[cat_smooth: 10]
[max_cat_to_onehot: 4]
[top_k: 20]
[monotone_constraints: ]
[feature_contri: ]
[forcedsplits_filename: ]
[refit_decay_rate: 0.9]
[verbosity: -1]
[max_bin: 255]
[min_data_in_bin: 3]
[bin_construct_sample_cnt: 200000]
[histogram_pool_size: -1]
[data_random_seed: 1]
[output_model: LightGBM_model.txt]
[snapshot_freq: -1]
[input_model: ]
[output_result: LightGBM_predict_result.txt]
[initscore_filename: ]
[valid_data_initscores: ]
[pre_partition: 0]
[enable_bundle: 1]
[max_conflict_rate: 0]
[is_enable_sparse: 1]
[sparse_threshold: 0.8]
[use_missing: 1]
[zero_as_missing: 0]
[two_round: 0]
[save_binary: 0]
[enable_load_from_binary_file: 1]
[header: 0]
[label_column: ]
[weight_column: ]
[group_column: ]
[ignore_column: ]
[categorical_feature: ]
[predict_raw_score: 0]
[predict_leaf_index: 0]
[predict_contrib: 0]
[num_iteration_predict: -1]
[pred_early_stop: 0]
[pred_early_stop_freq: 10]
[pred_early_stop_margin: 10]
[convert_model_language: ]
[convert_model: gbdt_prediction.cpp]
[num_class: 1]
[is_unbalance: 0]
[scale_pos_weight: 1]
[sigmoid: 1]
[boost_from_average: 1]
[reg_sqrt: 0]
[alpha: 0.9]
[fair_c: 1]
[poisson_max_delta_step: 0.7]
[tweedie_variance_power: 1.5]
[max_position: 20]
[label_gain: ]
[metric_freq: 1]
[is_provide_training_metric: 0]
[eval_at: ]
[num_machines: 1]
[local_listen_port: 12400]
[time_out: 120]
[machine_list_filename: ]
[machines: ]
[gpu_platform_id: -1]
[gpu_device_id: -1]
[gpu_use_dp: 0]

end of parameters

pandas_categorical:[[0, 1, 2, 3, 4, 5, 6, 7, 8, 9, 10, 11, 12, 13, 14, 15, 16, 17, 18, 19, 20, 21, 22, 23, 24, 25, 26, 27, 28, 29, 30, 31, 32, 33, 34, 35, 36, 37, 38, 39, 40, 41, 42, 43, 44, 45, 46, 47, 48, 49, 50, 51, 52, 53, 54, 55, 56, 57, 58, 59, 60, 61, 62, 63, 64, 65, 66, 67, 68, 69, 70, 71, 72, 73, 74, 75, 76, 77, 78, 79, 80, 81, 82, 83, 84, 85, 86, 87, 88, 89, 90, 91, 92, 93, 94, 95, 96, 97, 98, 99, 100, 101, 102, 103, 104, 105, 106, 107, 108, 109, 110, 111, 112, 113, 114, 115, 116, 117, 118, 119, 120, 121, 122, 123, 124, 125, 126, 127, 128, 129, 130, 131, 132, 133, 134, 135, 136, 137, 138, 139, 140, 141, 142, 143, 144, 145, 146, 147, 148, 149, 150, 151, 152, 153, 154, 155, 156, 157, 158, 159, 160, 161, 162, 163, 164, 165, 166, 167, 168, 169, 170, 171, 172, 173, 174, 175, 176, 177, 178, 179, 180, 181, 182, 183, 184, 185, 186, 187, 188, 189, 190, 191, 192, 193, 194, 195, 196, 197, 198, 199, 200, 201, 202, 203, 204, 205, 206], [0, 1, 2, 3, 4, 5, 6, 7, 8, 9, 10, 11, 12, 13, 14, 15, 16, 17, 18, 19, 20, 21, 22, 23, 24, 25, 26, 27, 28, 29, 30, 31, 32, 33, 34, 35, 36, 37, 38, 39, 40, 41, 42, 43, 44, 45, 46, 47, 48, 49, 50, 51, 52, 53, 54, 55, 56, 57, 58, 59, 60, 61, 62, 63, 64, 65, 66, 67, 68, 69, 70, 71, 72, 73, 74, 75, 76, 77, 78, 79, 80, 81, 82, 83, 84, 85, 86, 87, 88, 89, 90, 91, 92, 93, 94, 95, 96, 97, 98, 99, 100, 101, 102, 103, 104, 105, 106, 107, 108, 109, 110, 111, 112, 113, 114, 115, 116, 117, 118, 119, 120, 121, 122, 123, 124, 125, 126, 127, 128, 129, 130, 131, 132, 133, 134, 135, 136, 137, 138, 139, 140, 141, 142, 143, 144, 145, 146, 147, 148, 149, 150, 151, 152, 153, 154, 155, 156, 157, 158, 159, 160, 161, 162, 163, 164, 165, 166, 167, 168, 169, 170, 171, 172, 173, 174, 175, 176, 177, 178, 179, 180, 181, 182, 183, 184, 185, 186, 187, 188, 189, 190, 191, 192, 193, 194, 195, 196, 197, 198, 199, 200, 201, 202, 203, 204, 205, 206, 207, 208, 209, 210, 211, 212, 213, 214, 215, 216, 217, 218, 219, 220], [0, 1, 2, 3, 4, 5, 6, 7, 8, 9, 10, 11, 12, 13, 14, 15, 16, 17, 18, 19, 20, 21, 22, 23, 24, 25, 26, 27, 28, 29, 30, 31, 32, 33, 34, 35, 36, 37, 38, 39, 40, 41, 42, 43, 44, 45, 46, 47, 48, 49, 50, 51, 52, 53, 54, 55, 56], [0, 1, 2, 3, 4, 5, 6, 7, 8, 9, 10, 11, 12, 13, 14, 15, 16, 17, 18, 19, 20, 21, 22, 23, 24, 25, 26, 27, 28, 29, 30, 31, 32, 33, 34, 35, 36, 37, 38, 39, 40, 41, 42, 43, 44, 45, 46, 47, 48, 49, 50, 51, 52, 53, 54, 55, 56, 57, 58, 59, 60, 61, 62, 63, 64, 65, 66, 67, 68, 69, 70, 71, 72, 73, 74, 75, 76, 77, 78, 79, 80, 81, 82, 83, 84, 85, 86, 87, 88, 89, 90, 91, 92, 93, 94, 95, 96, 97, 98, 99, 100, 101, 102, 103, 104, 105, 106, 107, 108, 109, 110, 111, 112, 113, 114, 115, 116, 117, 118, 119, 120, 121, 122, 123, 124, 125, 126, 127, 128, 129, 130, 131, 132, 133, 134, 135, 136, 137, 138, 139, 140, 141, 142, 143, 144, 145, 146, 147, 148, 149, 150]]
