tree
version=v2
num_class=1
num_tree_per_iteration=1
label_index=0
max_feature_idx=17
objective=binary sigmoid:1
feature_names=c_table_1.c_1 c_table_1.c_2 n_table_1.n_3 c_table_1.c_6 n_table_1.n_5 n_table_1.n_9 n_table_1.n_10 n_table_1.n_11 n_table_1.n_12 n_table_1.n_15 n_table_1.n_16 n_table_1.n_17 n_table_1.n_18 n_table_1.n_19 n_table_1.n_20 n_table_1.n_26 c_table_2.c_5 n_table_2.n_14
feature_infos=1:0 2:0:6:10:16:17:29:9:7:24:13:37:14:15:12:11:18:45:33:19:56:63:60:26:73:38:3:55:54:64:4:70:83:20:22:34:30:21:36:39:58:65:68:74:35:47:71:57:114:1:32:44:59:134:31:53:78:139:8:48:81:85:94:111:119:27:28:42:69:82:90:92:104:105:106:115:128:144:23:46:49:50:52:75:79:80:98:103:116:122:25:40:43:72:86:93:96:97:99:107:112:118:127:129:133:146:152:164 [1:175] 1:0:2:3:4:7:8:9:13:5:6:10:11:12 [1:24272.5] [1:2481850] [1:70] [1:6121] [1:7070.5] [1:423494] [1:313693] [1:372140] [1:441384] [1:1178200] [1:18856] [1:121640] 1:0:6:7:9:10:15:11:4:14:12:2:13:5:16:22:3:8:18:17:20:23:19:28 [1:92.5]
tree_sizes=873 790 840 824 847 954 891 868 918 952 981 900 807 981 989 978 922 833 925 965 956 998 955 892 954 941 843 992 1007 991 969 1048

Tree=0
num_leaves=10
num_cat=1
split_feature=13 5 5 16 13 12 9 17 5
split_gain=29.6565 3.42722 3.10903 2.58658 1.9445 1.3602 1.13785 0.905878 0.503497
threshold=92375.500000000015 16.750000000000004 45517.000000000007 0 287502.50000000006 866.50000000000011 2884.7500000000005 1.7500000000000002 4201.7500000000009
decision_type=2 2 2 5 2 2 2 2 2
left_child=1 5 4 6 -2 7 -3 -1 -5
right_child=2 3 -4 8 -6 -7 -8 -9 -10
leaf_value=-2.6234181201586759 -2.5970125023710979 -2.6159579453981534 -2.5812692805337583 -2.6202372713701378 -2.6157455559282066 -2.6355224611651487 -2.6022680522419681 -2.6327925155742373 -2.6306480852656011
leaf_count=1288 148 168 96 175 99 117 98 118 93
internal_value=0 -0.254199 0.99527 0.0015949 0.658061 -0.350049 0.230261 -0.301338 -0.204081
internal_count=2400 2057 343 534 247 1523 266 1406 268
cat_boundaries=0 1
cat_threshold=2
shrinkage=1


Tree=1
num_leaves=9
num_cat=0
split_feature=13 4 13 5 4 13 17 2
split_gain=28.1719 9.02679 3.77167 6.30024 3.75159 3.57421 0.631203 0.364157
threshold=92375.500000000015 19.750000000000004 11783.500000000002 152.50000000000003 46.750000000000007 16582.750000000004 1.7500000000000002 30.250000000000004
decision_type=2 2 2 2 2 2 2 2
left_child=1 2 3 6 -2 -3 7 -1
right_child=4 5 -4 -5 -6 -7 -8 -9
leaf_value=-0.006032830088417809 0.028200000282287287 0 -0.019784508490187414 0.012104190581383185 0.0064681125049572156 0.020705678602403702 -0.015303567482886639 -0.013760949375473161
leaf_count=1268 215 146 188 118 128 109 125 103
internal_value=0 -0.250115 -0.352756 -0.279109 0.959302 0.424229 -0.353776 -0.31213
internal_count=2400 2057 1802 1614 343 255 1496 1371
shrinkage=0.0219009


Tree=2
num_leaves=9
num_cat=1
split_feature=11 1 14 11 8 2 14 17
split_gain=26.5982 12.3988 6.5644 9.57444 5.68184 2.28541 1.51064 1.00779
threshold=24356.500000000004 0 28.750000000000004 415.75000000000006 72.250000000000014 36.250000000000007 1.7500000000000002 1.7500000000000002
decision_type=2 5 2 2 2 2 2 2
left_child=1 6 -3 -4 -5 -2 7 -1
right_child=5 2 3 4 -6 -7 -8 -9
leaf_value=-0.0060757624847120649 0.014333102791461225 -0.012958791770080106 0.026022532303500323 -0.0086112999914876327 0.013725204534392986 0.037223181491824242 -0.014825946283095089 -0.016747306100220485
leaf_count=1098 133 95 188 183 147 96 357 103
internal_value=0 -0.210532 0.237948 0.485117 0.0413615 1.16939 -0.38076 -0.330883
internal_count=2400 2171 613 518 330 229 1558 1201
cat_boundaries=0 3
cat_threshold=72897749 8388610 512
shrinkage=0.0219009


Tree=3
num_leaves=9
num_cat=1
split_feature=1 15 14 5 15 10 10 14
split_gain=24.8272 14.0668 8.14608 5.64041 10.0732 3.19888 1.73393 1.55066
threshold=0 391.75000000000006 28.750000000000004 16.750000000000004 15.250000000000002 200.50000000000003 9514.7500000000018 48.250000000000007
decision_type=5 2 2 2 2 2 2 2
left_child=7 2 -2 5 -5 -4 -6 -1
right_child=1 -3 3 4 6 -7 -8 -9
leaf_value=-0.0068449276446882557 -0.014192437722898807 0.042327638915643291 0.0090431822536291787 0.034304072308171979 -0 -0.011320778207048418 0.012013784317130948 -0.014786063099562454
leaf_count=1222 110 87 108 144 151 111 150 317
internal_value=0 0.421574 0.301058 0.472299 0.720764 -0.0111113 0.262202 -0.359571
internal_count=2400 861 774 664 445 219 301 1539
cat_boundaries=0 3
cat_threshold=72929489 25174018 512
shrinkage=0.0219009


Tree=4
num_leaves=10
num_cat=0
split_feature=13 2 14 14 13 10 2 13 17
split_gain=24.3268 8.47824 5.14352 4.03042 5.60755 1.0571 1.82487 2.44075 1.03042
threshold=92375.500000000015 37.750000000000007 2043.2500000000002 547.75000000000011 48817.000000000007 1083.2500000000002 31.750000000000004 660.25000000000011 1.7500000000000002
decision_type=2 2 2 2 2 2 2 2 2
left_child=3 2 -2 5 -5 6 7 8 -1
right_child=1 -3 -4 4 -6 -7 -8 -9 -10
leaf_value=-0.0062612638460662123 0.024762354012462129 0.041485952214033513 0 0.014549903423867038 -0.0092785455821153863 0 -0.016154304834166144 0.0030639884102193695 -0.016883500704932688
leaf_count=1206 93 85 165 163 120 111 190 159 108
internal_value=0 0.864799 0.440378 -0.238506 0.177377 -0.31189 -0.337692 -0.276191 -0.336263
internal_count=2400 343 258 2057 283 1774 1663 1473 1314
shrinkage=0.0219009


Tree=5
num_leaves=11
num_cat=1
split_feature=1 11 4 11 11 9 8 2 10 11
split_gain=23.1569 13.1942 4.94313 4.18026 1.85021 2.30049 1.3922 1.31192 1.11058 0.022673
threshold=0 24356.500000000004 13.000000000000002 17.500000000000004 5778.2500000000009 2436.2500000000005 12.250000000000002 36.250000000000007 200.50000000000003 29.500000000000004
decision_type=5 2 2 2 2 2 2 2 2 2
left_child=6 2 3 -2 5 -4 9 -3 -5 -1
right_child=1 7 4 8 -6 -7 -8 -9 -10 -11
leaf_value=-0.0076116675539732899 0.0087368184469954133 0.017238367044238589 0.0037989801794449394 -0 0 0.026329197300203527 -0.018210604727620941 0.039200974110196678 -0.014189939506680941 -0.0016395204094007297
leaf_count=1300 142 110 91 96 91 99 131 85 147 108
internal_value=0 0.402805 0.177392 -0.0971272 0.568913 0.786782 -0.350471 1.32154 -0.431212 -0.33422
internal_count=2400 861 666 385 281 190 1539 195 243 1408
cat_boundaries=0 3
cat_threshold=72929489 25174018 512
shrinkage=0.0219009


Tree=6
num_leaves=10
num_cat=1
split_feature=13 4 2 4 14 13 5 17 16
split_gain=22.1647 7.93033 7.11224 5.53748 4.69784 3.81257 5.72639 0.624016 0.926942
threshold=92375.500000000015 19.750000000000004 37.750000000000007 1.7500000000000002 547.75000000000011 11783.500000000002 152.50000000000003 1.7500000000000002 0
decision_type=2 2 2 2 2 2 2 2 5
left_child=1 5 3 -2 -3 6 7 8 -1
right_child=2 4 -4 -5 -6 -7 -8 -9 -10
leaf_value=0.0016399557800642027 0.022897905670447961 -0 0.037827470148775029 -0.00035581745904254342 0.022235661972200664 -0.019562712514346371 0.011583838310949954 -0.014823134653766886 -0.0065617622496795518
leaf_count=108 107 155 85 151 100 188 118 125 1263
internal_value=0 -0.230812 0.811227 0.415935 0.391768 -0.330576 -0.256337 -0.33026 -0.288994
internal_count=2400 2057 343 258 255 1802 1614 1496 1371
cat_boundaries=0 1
cat_threshold=6276
shrinkage=0.0219009


Tree=7
num_leaves=10
num_cat=0
split_feature=13 4 2 4 13 5 13 17 2
split_gain=21.0686 7.62302 6.43929 5.19115 3.75341 5.50728 3.01546 0.611277 0.389626
threshold=92375.500000000015 19.750000000000004 37.750000000000007 1.7500000000000002 11783.500000000002 152.50000000000003 16582.750000000004 1.7500000000000002 30.250000000000004
decision_type=2 2 2 2 2 2 2 2 2
left_child=1 4 3 -2 5 7 -3 8 -1
right_child=2 6 -4 -5 -6 -7 -8 -9 -10
leaf_value=-0.005426576100245409 0.022009196732425892 -0 0.035952477240739786 -0.00034843366305470418 -0.019470481812904568 0.011235088059539945 0.018459564080832061 -0.014696650550848666 -0.013242476558537688
leaf_count=1268 107 146 85 151 188 118 109 125 103
internal_value=0 -0.227113 0.783085 0.403243 -0.325812 -0.25228 0.380046 -0.325539 -0.284575
internal_count=2400 2057 343 258 1802 1614 255 1496 1371
shrinkage=0.0219009


Tree=8
num_leaves=10
num_cat=2
split_feature=1 15 1 8 10 11 4 8 17
split_gain=21.0893 12.664 5.76045 4.16954 1.8691 2.14707 1.54207 1.44738 0.376316
threshold=0 412.00000000000006 1 9.2500000000000018 9017.5000000000018 5537.5000000000009 9.2500000000000018 12.250000000000002 1.7500000000000002
decision_type=5 2 5 2 2 2 2 2 2
left_child=7 2 3 -2 5 6 -4 8 -1
right_child=1 -3 4 -5 -6 -7 -8 -9 -10
leaf_value=-0.0061830570804854122 0.0086115194579048596 0.038752647054288304 -0.00481065565282786 0.034108099320299609 0.0069436840792722826 -0.014368915425616665 0.0080349455309894034 -0.018099865796741606 -0.013924256772955512
leaf_count=1292 145 83 204 93 128 111 97 131 116
internal_value=0 0.379346 0.259964 0.585487 -0.0368179 -0.197337 -0 -0.338339 -0.320546
internal_count=2400 861 778 238 540 412 301 1539 1408
cat_boundaries=0 3 5
cat_threshold=72929489 25174018 512 553984000 2420113472
shrinkage=0.0219009


Tree=9
num_leaves=11
num_cat=1
split_feature=1 11 14 11 4 4 14 7 11 7
split_gain=20.2563 10.0872 5.85708 10.061 5.47782 2.09017 1.65748 1.62842 1.59273 0.164516
threshold=0 24356.500000000004 28.750000000000004 17.500000000000004 13.000000000000002 22.750000000000004 48.250000000000007 9.2500000000000018 5778.2500000000009 43.750000000000007
decision_type=5 2 2 2 2 2 2 2 2 2
left_child=6 2 -2 -4 7 -3 -1 -5 -6 -8
right_child=1 5 3 4 8 -7 9 -9 -10 -11
leaf_value=-0.0061824877378566625 -0.013953344854632186 0.032679644339506798 0.028653600219144384 -0.014980765646069566 0.016714718873593177 0.010083691454500584 -0.016928976515224819 -0 0 -0.0056911224866259356
leaf_count=1222 110 116 118 126 118 79 219 103 91 98
internal_value=0 0.369458 0.166406 0.337498 0.0304679 1.143 -0.333398 -0.380073 0.482534 -0.657148
internal_count=2400 861 666 556 438 195 1539 229 209 317
cat_boundaries=0 3
cat_threshold=72929489 25174018 512
shrinkage=0.0219009


Tree=10
num_leaves=11
num_cat=1
split_feature=12 10 14 8 11 14 2 11 16 10
split_gain=18.6106 6.85005 6.38188 4.59429 2.75939 4.62198 3.79004 5.04697 1.20377 0.894325
threshold=15357.250000000002 8437.0000000000018 4157.5000000000009 72.250000000000014 1292.5000000000002 28.750000000000004 36.250000000000007 97.750000000000014 0 33568.000000000007
decision_type=2 2 2 2 2 2 2 2 5 2
left_child=3 -2 9 4 5 8 7 -7 -1 -3
right_child=1 2 -4 -5 -6 6 -8 -9 -10 -11
leaf_value=0.0014450609969275524 -0.00037107460879099813 0.040152833184593215 0.0026125143789377807 0.010273728495210242 -0.0163095663749004 0.019530155805294241 -0.008801589660303229 -0.0030060933324659203 -0.0077179677923473475 0.017623777614453436
leaf_count=142 118 85 99 114 207 149 118 113 1176 79
internal_value=0 0.680561 1.00312 -0.22561 -0.280034 -0.216001 0.148563 0.42451 -0.335165 1.43395
internal_count=2400 381 263 2019 1905 1698 380 262 1318 164
cat_boundaries=0 1
cat_threshold=7316
shrinkage=0.0219009


Tree=11
num_leaves=10
num_cat=1
split_feature=1 15 14 11 13 14 14 14 7
split_gain=18.8843 10.8101 6.48285 5.78169 6.26191 5.67677 1.67703 1.30514 0.16905
threshold=0 412.00000000000006 28.750000000000004 17.500000000000004 29643.250000000004 1650.2500000000002 48.250000000000007 274.00000000000006 43.750000000000007
decision_type=5 2 2 2 2 2 2 2 2
left_child=6 2 -2 -4 7 -6 -1 -5 -8
right_child=1 -3 3 4 5 -7 8 -9 -10
leaf_value=-0.0059736464200016342 -0.013760416652747669 0.035023585836658967 0.025144172482682709 -0.013814759427505425 0.027727848264117592 0.0032061445254513762 -0.016799292823633308 -0 -0.0055420225607535978
leaf_count=1222 110 83 116 106 94 247 219 105 98
internal_value=0 0.352996 0.239081 0.383454 0.19094 0.501895 -0.32488 -0.329226 -0.650524
internal_count=2400 861 778 668 552 341 1539 211 317
cat_boundaries=0 3
cat_threshold=72929489 25174018 512
shrinkage=0.0219009


Tree=12
num_leaves=9
num_cat=1
split_feature=13 4 8 8 13 5 13 16
split_gain=16.8953 6.5197 3.96233 4.29925 3.71039 5.1226 3.70969 0.438899
threshold=92375.500000000015 19.750000000000004 1603.0000000000002 265.00000000000006 11783.500000000002 152.50000000000003 29643.250000000004 0
decision_type=2 2 2 2 2 2 2 5
left_child=1 4 3 -2 5 7 -3 -1
right_child=2 6 -4 -5 -6 -7 -8 -9
leaf_value=0.00079933241149421114 0.017045158907895968 -0 0.030163170865764571 -0.0024952727111121594 -0.019206330367526159 0.011016746688068634 0.020948440310255261 -0.0066987262972287307
leaf_count=105 156 173 80 107 188 118 82 1391
internal_value=0 -0.210101 0.674854 0.3845 -0.304759 -0.231691 0.341052 -0.304535
internal_count=2400 2057 343 263 1802 1614 255 1496
cat_boundaries=0 1
cat_threshold=7188
shrinkage=0.0219009


Tree=13
num_leaves=11
num_cat=1
split_feature=12 10 10 5 7 11 12 16 12 5
split_gain=16.3477 6.08782 5.1282 3.34559 1.874 2.583 1.4234 1.32719 1.03747 0.38843
threshold=15357.250000000002 8437.0000000000018 33568.000000000007 9016.0000000000018 12.250000000000002 217.00000000000003 2.5000000000000004 0 623.50000000000011 320.50000000000006
decision_type=2 2 2 2 2 2 2 5 2 2
left_child=3 -2 -3 4 5 6 7 -1 -6 -4
right_child=1 2 9 -5 8 -7 -8 -9 -10 -11
leaf_value=0.0022328164709614065 -0.00064554809942337992 0.03512842005455203 0.014003961150444163 0.0090636256558501872 0.0075923571721488439 -0.016517521724198386 0.0036337849945992378 -0.006475287042681935 -0.0030761899701884591 0.0022138393321300708
leaf_count=118 118 92 89 101 97 215 96 1222 170 82
internal_value=0 0.624111 0.920139 -0.215503 -0.259813 -0.313312 -0.237439 -0.276103 0.0134745 0.436705
internal_count=2400 381 263 2019 1918 1651 1436 1340 267 171
cat_boundaries=0 1
cat_threshold=23572
shrinkage=0.0219009


Tree=14
num_leaves=11
num_cat=3
split_feature=1 15 1 5 15 4 7 9 16 11
split_gain=17.357 8.63802 4.39683 2.8821 3.87111 3.08465 1.34411 1.19255 0.877457 0.0539031
threshold=0 412.00000000000006 1 144.25000000000003 15.250000000000002 45.250000000000007 1.7500000000000002 4474.0000000000009 2 97.750000000000014
decision_type=5 2 5 2 2 2 2 2 5 2
left_child=6 2 7 9 -5 -6 8 -2 -1 -4
right_child=1 -3 3 4 5 -7 -8 -9 -10 -11
leaf_value=0.001567734574400545 0.010870046175806499 0.033127562911385224 -0.0022255669416495968 0.01812170389765335 -0.013332002368681923 0.0062845539954377765 -0.01494930316681178 0.027777162544271081 -0.0063689231475643681 -0.010758397099612578
leaf_count=112 164 72 96 92 93 118 211 74 1227 141
internal_value=0 0.339435 0.24594 -0.0200551 0.191881 -0.0594108 -0.311269 0.521932 -0.279471 -0.381416
internal_count=2400 850 778 540 303 211 1550 238 1339 237
cat_boundaries=0 3 5 6
cat_threshold=73027793 25174018 512 553984000 2420113472 6276
shrinkage=0.0219009


Tree=15
num_leaves=11
num_cat=1
split_feature=1 11 4 7 11 13 14 14 17 5
split_gain=16.6721 8.19278 3.03001 5.45863 1.98552 1.91623 1.52398 1.34273 1.33204 0.45573
threshold=0 24356.500000000004 13.000000000000002 12.250000000000002 6895.7500000000009 20934.250000000004 48.250000000000007 159.25000000000003 1.7500000000000002 45517.000000000007
decision_type=5 2 2 2 2 2 2 2 2 2
left_child=6 2 3 7 5 -4 8 -2 -1 -3
right_child=1 9 4 -5 -6 -7 -8 -9 -10 -11
leaf_value=-0.0044104111013004215 -0.0015812012282571933 0.014417200178741232 0.0042998279943900737 0.010808799292529795 -0 0.023627980459783052 -0.013741415822971207 -0.017254699728206299 -0.016166963708600084 0.030702830888619904
leaf_count=1140 127 117 120 134 86 79 302 120 108 67
internal_value=0 0.330648 0.145976 -0.0735591 0.434696 0.635107 -0.306702 -0.467392 -0.258029 1.01925
internal_count=2400 850 666 381 285 199 1550 247 1248 184
cat_boundaries=0 3
cat_threshold=73027793 25174018 512
shrinkage=0.0219009


Tree=16
num_leaves=10
num_cat=1
split_feature=1 8 5 12 15 12 13 7 7
split_gain=16.0151 8.47955 3.97959 2.46177 6.33903 2.26382 1.91408 1.29844 0.0461591
threshold=0 1603.0000000000002 16.750000000000004 296.50000000000006 15.250000000000002 36539.500000000007 3982.7500000000005 1.7500000000000002 43.750000000000007
decision_type=5 2 2 2 2 2 2 2 2
left_child=7 2 6 -4 -5 -6 -2 -1 -9
right_child=1 -3 3 4 5 -7 -8 8 -10
leaf_value=-0.0059271943515087546 0.0021755579168467646 0.032245849975818294 -0.00065808014313183442 0.02782033494620113 0.011153287381359263 -0.0021346049622399848 -0.01180339314650612 -0.019597856174827368 -0.0074086933654668105
leaf_count=1339 138 71 110 115 162 131 123 102 109
internal_value=0 0.322262 0.227655 0.412396 0.541688 0.203649 -0.15724 -0.302085 -0.671346
internal_count=2400 850 779 518 408 293 261 1550 211
cat_boundaries=0 3
cat_threshold=73027793 25174018 512
shrinkage=0.0219009


Tree=17
num_leaves=9
num_cat=2
split_feature=1 14 15 11 14 5 14 16
split_gain=15.3642 8.03024 5.61663 5.43062 5.44042 3.30136 1.69094 1.51112
threshold=0 28.750000000000004 412.00000000000006 17.500000000000004 274.00000000000006 16.750000000000004 48.250000000000007 1
decision_type=5 2 2 2 2 2 2 5
left_child=6 -2 3 -3 -5 -6 7 -1
right_child=1 2 -4 4 5 -7 -8 -9
leaf_value=0.0027709263489177926 -0.01361827598655482 0.023343721519822478 0.028823257029874719 -0.013632708319363441 -0.0056487677295345411 0.010985737130103247 -0.013779545969434622 -0.0059812208573214298
leaf_count=114 110 116 83 106 98 348 317 1108
internal_value=0 0.309756 0.494588 0.340865 0.156359 0.340583 -0.300275 -0.246102
internal_count=2400 861 751 668 552 446 1539 1222
cat_boundaries=0 3 4
cat_threshold=72929489 25174018 512 7300
shrinkage=0.0219009


Tree=18
num_leaves=10
num_cat=1
split_feature=1 8 5 10 14 15 12 14 12
split_gain=14.7704 7.41027 3.63681 3.46343 2.47291 4.2609 2.81409 1.46454 0.00557084
threshold=0 1603.0000000000002 16.750000000000004 271.75000000000006 274.00000000000006 21.250000000000004 36539.500000000007 48.250000000000007 11903.500000000002
decision_type=5 2 2 2 2 2 2 2 2
left_child=7 2 3 -2 -4 -6 -7 -1 -9
right_child=1 -3 4 -5 5 6 -8 8 -10
leaf_value=-0.0053671600903647679 0.0047414677117860867 0.029759829484746106 -4.6092606114504634e-05 -0.014609174340580898 0.025424626617484507 0.013025986733623736 -0.0020619284357823306 -0.015822878487446193 -0.005589825896344173
leaf_count=1248 134 71 141 127 104 144 129 209 93
internal_value=0 0.305678 0.215123 -0.153593 0.389729 0.533982 0.242368 -0.293274 -0.611783
internal_count=2400 850 779 261 518 377 273 1550 302
cat_boundaries=0 3
cat_threshold=73027793 25174018 512
shrinkage=0.0219009


Tree=19
num_leaves=11
num_cat=2
split_feature=1 11 11 14 11 14 11 14 16 5
split_gain=14.174 6.81799 2.67862 3.9079 3.16479 2.32326 2.21048 1.43913 1.32804 0.264301
threshold=0 24356.500000000004 17.500000000000004 274.00000000000006 5537.5000000000009 79.750000000000014 14216.500000000002 48.250000000000007 1 45517.000000000007
decision_type=5 2 2 2 2 2 2 2 5 2
left_child=7 2 5 -4 -5 -2 -6 8 -1 -3
right_child=1 9 3 4 6 -7 -8 -9 -10 -11
leaf_value=0.0024516833997017596 0 0.012826968931162667 -0.013196452864684847 0.012505189348953267 -0.012772404818926761 0.019866697945629501 0.0044531039297733711 -0.013275479607426534 -0.0058155723162008881 0.027031539712244902
leaf_count=118 98 117 138 152 98 88 92 302 1130 67
internal_value=0 0.297677 0.125189 -0.0131925 0.177552 0.507444 -0.129071 -0.288788 -0.240868 0.90704
internal_count=2400 850 666 480 342 186 190 1550 1248 184
cat_boundaries=0 3 4
cat_threshold=73027793 25174018 512 7300
shrinkage=0.0219009


Tree=20
num_leaves=11
num_cat=3
split_feature=1 8 14 11 1 15 13 14 16 15
split_gain=13.9158 6.42674 3.06376 3.78405 1.69476 2.53831 1.71486 1.04558 1.30237 0.378157
threshold=0 1603.0000000000002 274.00000000000006 17.500000000000004 1 21.250000000000004 20934.250000000004 48.250000000000007 2 109.75000000000001
decision_type=5 2 2 2 5 2 2 2 5 2
left_child=7 2 3 -2 -4 6 -6 8 -1 -7
right_child=1 -3 4 -5 5 9 -8 -9 -10 -11
leaf_value=0.0024280671269979698 0.006111508461634471 0.027844349425605007 -0.001844037677445486 -0.014545790509915398 0.0080809200075468001 0 0.02949524059962123 -0.011990232368488616 -0.0057313815234360608 0.0081970597106935175
leaf_count=118 128 71 134 121 91 90 73 338 1130 106
internal_value=0 0.302765 0.215508 -0.12478 0.378028 0.42255 0.923395 -0.280761 -0.236936 0.231702
internal_count=2400 814 743 249 494 360 164 1586 1248 196
cat_boundaries=0 3 5 6
cat_threshold=73060561 25174018 512 524 32 7300
shrinkage=0.0219009


Tree=21
num_leaves=12
num_cat=0
split_feature=10 6 4 4 8 11 14 10 17 2 14
split_gain=12.38 3.83973 3.36012 2.68595 2.07883 1.50438 2.83779 2.12094 1.11407 1.10574 0.531268
threshold=8437.0000000000018 1.7500000000000002 19.750000000000004 88.750000000000014 25.750000000000004 542.50000000000011 28.750000000000004 1201.0000000000002 1.7500000000000002 33.250000000000007 481.75000000000006
decision_type=2 2 2 2 2 2 2 2 2 2 2
left_child=2 4 5 10 -2 6 8 -7 -1 -8 -4
right_child=1 -3 3 -5 -6 7 9 -9 -10 -11 -12
leaf_value=-0.0048537118403738826 0.015480691953817686 0.02575848994295505 0.0025395521745827606 -0.0054516901798583985 -0 -0 0.0085112714392444489 -0.018691151462848409 -0.015995041154299925 -0.0019694662981155847 0.015705464190065063
leaf_count=1181 81 85 95 101 158 98 149 166 110 100 76
internal_value=0 0.585482 -0.178832 0.185041 0.260937 -0.252178 -0.18923 -0.559625 -0.274842 0.171898 0.479128
internal_count=2400 324 2076 272 239 1804 1540 264 1291 249 171
shrinkage=0.0219009


Tree=22
num_leaves=11
num_cat=1
split_feature=10 14 6 14 11 2 14 10 2 16
split_gain=11.8224 3.6086 3.76078 2.38788 5.26464 5.98107 2.76547 2.41846 2.38246 1.22428
threshold=8437.0000000000018 4157.5000000000009 1.7500000000000002 28.750000000000004 97.750000000000014 31.750000000000004 274.00000000000006 3109.0000000000005 30.250000000000004 0
decision_type=2 2 2 2 2 2 2 2 2 5
left_child=3 2 -2 9 5 -5 -6 8 -8 -1
right_child=1 -3 -4 4 6 -7 7 -9 -10 -11
leaf_value=0.0017198678117178506 0.0081347649642926102 0 0.03225967764485161 0.019773713850558431 -0.01575004986229335 -0.00582960990717535 -0.0037136764481247109 -0.010519441060397651 0.012292628512693126 -0.0067681911285395286
leaf_count=142 146 113 65 152 149 101 112 131 113 1176
internal_value=0 0.568374 0.823528 -0.175793 -0 0.449784 -0.239124 -0.0296705 0.174204 -0.287763
internal_count=2400 324 211 2076 758 253 505 356 225 1318
cat_boundaries=0 1
cat_threshold=7316
shrinkage=0.0219009


Tree=23
num_leaves=10
num_cat=2
split_feature=1 14 8 11 9 14 7 16 11
split_gain=12.6665 7.18679 4.13804 3.48492 4.71438 1.87362 1.74517 1.34057 0.229733
threshold=0 28.750000000000004 1603.0000000000002 17.500000000000004 1086.2500000000002 48.250000000000007 10.750000000000002 1 15788.500000000002
decision_type=5 2 2 2 2 2 2 5 2
left_child=5 -2 3 -3 -5 7 -6 -1 -7
right_child=1 2 -4 4 6 8 -8 -9 -10
leaf_value=0.0027057636117079572 -0.013370909801673147 0.019675443868612762 0.025536451691036532 -0.011450531803634955 0.011319067649834978 -0.016096230282179252 0 -0.0052358844635070605 -0.005442172181666937
leaf_count=116 110 112 76 114 280 225 145 1110 112
internal_value=0 0.282085 0.45498 0.319093 0.163412 -0.273086 0.344638 -0.210317 -0.598759
internal_count=2400 837 727 651 539 1563 425 1226 337
cat_boundaries=0 3 4
cat_threshold=72897241 25174018 512 19588
shrinkage=0.0219009


Tree=24
num_leaves=11
num_cat=3
split_feature=1 10 4 16 11 11 13 8 16 13
split_gain=12.1658 6.7518 3.38625 3.0439 3.3 2.88187 1.85087 1.21309 0.540639 0.655016
threshold=0 8652.2500000000018 27.250000000000004 1 217.00000000000003 5537.5000000000009 2202.2500000000005 12.250000000000002 2 2282.5000000000005
decision_type=5 2 2 5 2 2 2 2 5 2
left_child=7 3 -3 5 -5 6 -2 8 -1 -10
right_child=1 2 -4 4 -6 -7 -8 -9 9 -11
leaf_value=0.000736943095710646 0.0028992452305330102 0.025774948762337348 0.0055227512208653688 0.0030936835339697329 -0.013860683284729522 -0.0022907536841666231 0.021529330767904978 -0.015467887125261386 -0.0070727816902768081 0
leaf_count=140 103 116 125 124 168 86 112 143 1164 119
internal_value=0 0.274917 0.780635 0.0593136 -0.177885 0.269959 0.639835 -0.268962 -0.246717 -0.2567
internal_count=2400 834 241 593 292 301 215 1566 1423 1283
cat_boundaries=0 3 4 5
cat_threshold=73027801 25174018 512 2 6292
shrinkage=0.0219009


Tree=25
num_leaves=11
num_cat=0
split_feature=12 10 14 8 11 14 5 7 14 12
split_gain=10.545 4.25582 4.05035 2.7114 2.67923 3.4395 3.44072 1.20472 0.611904 0.378152
threshold=15357.250000000002 8437.0000000000018 4157.5000000000009 72.250000000000014 1292.5000000000002 28.750000000000004 49.750000000000007 34.750000000000007 1.7500000000000002 4.7500000000000009
decision_type=2 2 2 2 2 2 2 2 2 2
left_child=3 -2 7 4 5 8 9 -3 -1 -7
right_child=1 2 -4 -5 -6 6 -8 -9 -10 -11
leaf_value=-0.0049963125544646618 -0.0014055799546186128 0.012479427582732516 0.0003149780774536437 0.00694953234099948 -0.01544147298548814 0 0.014014562155526912 0.031430714168888985 -0.013650846831466001 -0.0059523889114093259
leaf_count=1203 118 101 99 114 207 117 133 63 115 130
internal_value=0 0.472861 0.703244 -0.181389 -0.228149 -0.164951 0.144877 1.00616 -0.275267 -0.109548
internal_count=2400 381 263 2019 1905 1698 380 164 1318 247
shrinkage=0.0219009


Tree=26
num_leaves=9
num_cat=1
split_feature=1 14 5 11 13 11 14 9
split_gain=11.4657 5.7993 4.26397 3.38682 5.22965 1.72418 1.71036 0.952401
threshold=0 28.750000000000004 16.750000000000004 415.75000000000006 29643.250000000004 69.250000000000014 48.250000000000007 25468.000000000004
decision_type=5 2 2 2 2 2 2 2
left_child=6 -2 5 -4 -5 -3 -1 -6
right_child=1 2 3 4 7 -7 -8 -9
leaf_value=-0.0044344720079120209 -0.012483045858083167 0.0072656427183467867 0.027591335281860571 -0.0071597687303036929 0.0063945158693503737 -0.0076960597975648404 -0.012723066265528927 0.01754145356015957
leaf_count=1233 103 79 84 100 148 142 332 179
internal_value=0 0.265847 0.41701 0.578291 0.413715 -0.0200064 -0.262115 0.606465
internal_count=2400 835 732 511 427 221 1565 327
cat_boundaries=0 3
cat_threshold=72897753 25174018 512
shrinkage=0.0219009


Tree=27
num_leaves=11
num_cat=1
split_feature=1 14 5 10 11 10 14 11 11 11
split_gain=10.8446 6.19138 5.59741 2.90318 2.13985 5.87941 1.45229 1.40726 0.581679 0.41349
threshold=0 28.750000000000004 16.750000000000004 200.50000000000003 415.75000000000006 8652.2500000000018 48.250000000000007 5537.5000000000009 55739.500000000007 15788.500000000002
decision_type=5 2 2 2 2 2 2 2 2 2
left_child=6 -2 3 -3 -4 7 -1 -6 -7 -8
right_child=1 2 4 -5 5 8 9 -9 -10 -11
leaf_value=-0.0044855895707097294 -0.01300356913089303 0.0065248861434350118 0.024690711728931551 -0.011944437525001839 0.0059117953585688639 0.011171824780642995 -0.015598867085235772 -0.0066871250375200812 0.025450688694102341 -0.0039621171133797286
leaf_count=1222 110 108 95 129 127 111 220 99 74 105
internal_value=0 0.253184 0.405474 -0.0842988 0.59543 0.444705 -0.259184 0 0.843517 -0.563901
internal_count=2400 853 743 237 506 411 1547 226 185 325
cat_boundaries=0 3
cat_threshold=72897233 25174018 512
shrinkage=0.0219009


Tree=28
num_leaves=12
num_cat=0
split_feature=10 2 7 8 4 4 13 5 9 2 13
split_gain=9.22972 3.5732 3.24658 3.67637 2.7961 2.28274 1.66182 3.48847 0.951452 0.407501 0.41715
threshold=8437.0000000000018 37.750000000000007 43.750000000000007 25.750000000000004 19.750000000000004 88.750000000000014 7870.0000000000009 152.50000000000003 2107.0000000000005 4.0000000000000009 1.7500000000000002
decision_type=2 2 2 2 2 2 2 2 2 2 2
left_child=4 2 3 -2 6 8 7 9 -6 10 -1
right_child=1 -3 -4 -5 5 -7 -8 -9 -10 -11 -12
leaf_value=-0.0047904371298118052 0.011356766750183291 0.02554439803106557 0.017866758172634455 -0.010403775412290666 0.0010157096545087663 -0.0051459418929622478 -0.012923005857706237 0.0098164242664058824 0.015821632556354999 -0.011402339980777445 0
leaf_count=1242 79 61 66 118 96 101 216 108 75 130 108
internal_value=0 0.486736 0.236104 -0 -0.159528 0.167997 -0.22868 -0.169281 0.433839 -0.234118 -0.195752
internal_count=2400 324 263 197 2076 272 1804 1588 171 1480 1350
shrinkage=0.0219009


Tree=29
num_leaves=11
num_cat=2
split_feature=1 10 14 10 4 14 4 16 5 5
split_gain=10.3738 6.53235 3.29107 4.07153 5.40322 1.89011 1.64455 1.32359 0.87049 0.198707
threshold=0 8652.2500000000018 28.750000000000004 271.75000000000006 29.500000000000004 48.250000000000007 27.250000000000004 1 49.750000000000007 193.75000000000003
decision_type=5 2 2 2 2 2 2 5 2 2
left_child=5 2 -2 8 -5 7 -3 -1 -4 -7
right_child=1 6 3 4 -6 9 -8 -9 -10 -11
leaf_value=0.0028730574666754535 -0.012855208487049897 0.022534118159280168 0.0052004651925755645 -0.012244302101874946 0.010088171699964826 -0.0063897573272312337 0.0060845100285261099 -0.0047824770744397836 0.019183396754349762 -0.016560205978893464
leaf_count=116 110 116 134 196 102 159 93 1110 86 178
internal_value=0 0.250643 0.0492667 0.17971 -0.0954744 -0.251425 0.762854 -0.186474 0.556956 -0.579854
internal_count=2400 837 628 518 298 1563 209 1226 220 337
cat_boundaries=0 3 4
cat_threshold=72897241 25174018 512 19588
shrinkage=0.0219009


Tree=30
num_leaves=11
num_cat=1
split_feature=12 10 14 16 14 11 14 10 7 13
split_gain=8.6475 3.50853 3.46025 2.94786 6.28028 3.09849 2.46959 1.41776 0.896908 0.783336
threshold=15357.250000000002 8437.0000000000018 4157.5000000000009 0 720.25000000000011 217.00000000000003 79.750000000000014 35.500000000000007 34.750000000000007 1.7500000000000002
decision_type=2 2 2 5 2 2 2 2 2 2
left_child=3 -2 8 4 7 6 -5 9 -3 -1
right_child=1 2 -4 5 -6 -7 -8 -9 -10 -11
leaf_value=-0.0021788110828869427 -0.0014509005910045053 0.010974129460840308 0 -0.0070382311271203202 0.018947615120725073 -0.018017031976543123 0.0062134465195657082 0.0044554320718455317 0.027584836205819013 -0.010618384713253878
leaf_count=620 118 101 99 686 107 204 104 152 63 146
internal_value=0 0.41899 0.621573 -0.167186 0.00460771 -0.304581 -0.212792 -0.107375 0.890801 -0.194031
internal_count=2400 381 263 2019 1025 994 790 918 164 766
cat_boundaries=0 1
cat_threshold=18438
shrinkage=0.0219009


Tree=31
num_leaves=12
num_cat=2
split_feature=1 10 14 11 9 14 10 16 2 11 10
split_gain=9.76615 5.83178 3.14538 5.87033 2.54611 1.89813 1.34926 1.30206 1.28068 0.211198 0.200164
threshold=0 8652.2500000000018 28.750000000000004 17.500000000000004 15843.250000000002 48.250000000000007 271.75000000000006 1 37.750000000000007 15788.500000000002 36979.750000000007
decision_type=5 2 2 2 2 2 2 5 2 2 2
left_child=5 2 -2 -4 6 7 -5 -1 10 -7 -3
right_child=1 8 3 4 -6 9 -8 -9 -10 -11 -12
leaf_value=0.002892741086183257 -0.012652168059101018 0.014456438456635535 0.018577483513614945 0 0.00637592268074614 -0.015578457370662347 -0.012089118345665067 -0.0046406505768098669 0.025949343994594851 -0.0050467734143944225 0.0041626656333392936
leaf_count=116 110 66 114 99 148 225 157 1110 55 112 88
internal_value=0 0.242186 0.0498685 0.176638 -0.0428283 -0.244968 -0.318912 -0.179267 0.721058 -0.57433 0.453755
internal_count=2400 837 628 518 404 1563 256 1226 209 337 154
cat_boundaries=0 3 4
cat_threshold=72897241 25174018 512 19588
shrinkage=0.0219009


end of trees

feature importances:
n_table_1.n_20=48
n_table_1.n_17=39
n_table_1.n_16=26
n_table_1.n_19=26
c_table_1.c_2=22
n_table_1.n_9=22
n_table_1.n_5=20
c_table_2.c_5=16
n_table_1.n_3=15
n_table_1.n_12=15
n_table_1.n_11=12
n_table_1.n_18=12
n_table_1.n_26=11
n_table_2.n_14=9
n_table_1.n_15=7
n_table_1.n_10=2

parameters:
[boosting: gbdt]
[objective: binary]
[metric: auc]
[tree_learner: serial]
[device_type: cpu]
[data: ]
[valid: ]
[num_iterations: 100]
[learning_rate: 0.0219009]
[num_leaves: 55]
[num_threads: 4]
[max_depth: 6]
[min_data_in_leaf: 20]
[min_sum_hessian_in_leaf: 5.77642]
[bagging_fraction: 0.6]
[bagging_freq: 44]
[bagging_seed: 3]
[feature_fraction: 0.7]
[feature_fraction_seed: 2]
[early_stopping_round: 0]
[max_delta_step: 0]
[lambda_l1: 0.633368]
[lambda_l2: 0.409417]
[min_gain_to_split: 0]
[drop_rate: 0.1]
[max_drop: 50]
[skip_drop: 0.5]
[xgboost_dart_mode: 0]
[uniform_drop: 0]
[drop_seed: 4]
[top_rate: 0.2]
[other_rate: 0.1]
[min_data_per_group: 100]
[max_cat_threshold: 32]
[cat_l2: 10]
[cat_smooth: 10]
[max_cat_to_onehot: 4]
[top_k: 20]
[monotone_constraints: ]
[feature_contri: ]
[forcedsplits_filename: ]
[refit_decay_rate: 0.9]
[verbosity: -1]
[max_bin: 255]
[min_data_in_bin: 3]
[bin_construct_sample_cnt: 200000]
[histogram_pool_size: -1]
[data_random_seed: 1]
[output_model: LightGBM_model.txt]
[snapshot_freq: -1]
[input_model: ]
[output_result: LightGBM_predict_result.txt]
[initscore_filename: ]
[valid_data_initscores: ]
[pre_partition: 0]
[enable_bundle: 1]
[max_conflict_rate: 0]
[is_enable_sparse: 1]
[sparse_threshold: 0.8]
[use_missing: 1]
[zero_as_missing: 0]
[two_round: 0]
[save_binary: 0]
[enable_load_from_binary_file: 1]
[header: 0]
[label_column: ]
[weight_column: ]
[group_column: ]
[ignore_column: ]
[categorical_feature: ]
[predict_raw_score: 0]
[predict_leaf_index: 0]
[predict_contrib: 0]
[num_iteration_predict: -1]
[pred_early_stop: 0]
[pred_early_stop_freq: 10]
[pred_early_stop_margin: 10]
[convert_model_language: ]
[convert_model: gbdt_prediction.cpp]
[num_class: 1]
[is_unbalance: 0]
[scale_pos_weight: 1]
[sigmoid: 1]
[boost_from_average: 1]
[reg_sqrt: 0]
[alpha: 0.9]
[fair_c: 1]
[poisson_max_delta_step: 0.7]
[tweedie_variance_power: 1.5]
[max_position: 20]
[label_gain: ]
[metric_freq: 1]
[is_provide_training_metric: 0]
[eval_at: ]
[num_machines: 1]
[local_listen_port: 12400]
[time_out: 120]
[machine_list_filename: ]
[machines: ]
[gpu_platform_id: -1]
[gpu_device_id: -1]
[gpu_use_dp: 0]

end of parameters

pandas_categorical:[[0, 1, 2], [0, 1, 2, 3, 4, 5, 6, 7, 8, 9, 10, 11, 12, 13, 14, 15, 16, 17, 18, 19, 20, 21, 22, 23, 24, 25, 26, 27, 28, 29, 30, 31, 32, 33, 34, 35, 36, 37, 38, 39, 40, 41, 42, 43, 44, 45, 46, 47, 48, 49, 50, 51, 52, 53, 54, 55, 56, 57, 58, 59, 60, 61, 62, 63, 64, 65, 66, 67, 68, 69, 70, 71, 72, 73, 74, 75, 76, 77, 78, 79, 80, 81, 82, 83, 84, 85, 86, 87, 88, 89, 90, 91, 92, 93, 94, 95, 96, 97, 98, 99, 100, 101, 102, 103, 104, 105, 106, 107, 108, 109, 110, 111, 112, 113, 114, 115, 116, 117, 118, 119, 120, 121, 122, 123, 124, 125, 126, 127, 128, 129, 130, 131, 132, 133, 134, 135, 136, 137, 138, 139, 140, 141, 142, 143, 144, 145, 146, 147, 148, 149, 150, 151, 152, 153, 154, 155, 156, 157, 158, 159, 160, 161, 162, 163, 164, 165, 166, 167, 168, 169, 170, 171, 172, 173, 174, 175], [0, 1, 2, 3, 4, 5, 6, 7, 8, 9, 10, 11, 12, 13, 14, 15], [0, 1, 2, 3, 4, 5, 6, 7, 8, 9, 10, 11, 12, 13, 14, 15, 16, 17, 18, 19, 20, 21, 22, 23, 24, 25, 26, 27, 28, 29, 30]]
