tree
version=v2
num_class=1
num_tree_per_iteration=1
label_index=0
max_feature_idx=17
objective=binary sigmoid:1
feature_names=c_table_1.c_1 c_table_1.c_2 n_table_1.n_3 c_table_1.c_6 n_table_1.n_5 n_table_1.n_9 n_table_1.n_10 n_table_1.n_11 n_table_1.n_12 n_table_1.n_15 n_table_1.n_16 n_table_1.n_17 n_table_1.n_18 n_table_1.n_19 n_table_1.n_20 n_table_1.n_26 c_table_2.c_5 n_table_2.n_14
feature_infos=1:0 2:0:6:10:16:17:29:9:7:24:13:37:14:15:12:11:18:45:33:19:56:63:60:26:73:38:3:55:54:64:4:70:83:20:22:34:30:21:36:39:58:65:68:74:35:47:71:57:114:1:32:44:59:134:31:53:78:139:8:48:81:85:94:111:119:27:28:42:69:82:90:92:104:105:106:115:128:144:23:46:49:50:52:75:79:80:98:103:116:122:25:40:43:72:86:93:96:97:99:107:112:118:127:129:133:146:152:164 [1:175] 1:0:2:3:4:7:8:9:13:5:6:10:11:12 [1:24272.5] [1:2481850] [1:70] [1:6121] [1:7070.5] [1:423494] [1:313693] [1:372140] [1:441384] [1:1178200] [1:18856] [1:121640] 1:0:6:7:9:10:15:11:4:14:12:2:13:5:16:22:3:8:18:17:20:23:19:28 [1:92.5]
tree_sizes=1224 1401 1211 1544 1847 1645

Tree=0
num_leaves=15
num_cat=0
split_feature=13 12 5 5 10 8 12 12 17 13 8 8 10 17
split_gain=29.8237 5.01121 4.16624 3.93531 6.23099 2.83635 2.20948 1.54464 1.48036 1.35078 1.00639 2.27159 1.83316 0.697816
threshold=92375.500000000015 299551.00000000006 256398.50000000003 152.50000000000003 8652.2500000000018 72.250000000000014 12279.250000000002 56242.000000000007 7.7500000000000009 29643.250000000004 37.750000000000007 7.7500000000000009 200.50000000000003 4.7500000000000009
decision_type=2 2 2 2 2 2 2 2 2 2 2 2 2 2
left_child=2 3 5 7 -5 8 9 -2 10 -7 11 13 -13 -1
right_child=1 -3 -4 4 -6 6 -8 -9 -10 -11 -12 12 -14 -15
leaf_value=-2.6614210546958343 -2.5062270271591904 -2.6613938061843165 -2.4959202593035177 -2.5871734630488219 -2.3465024527739788 -2.614677148271547 -2.6590281696517915 -2.6184908657986448 -2.734142388249333 -2.4702011582720127 -2.7252361576242539 -2.4959202593035177 -2.6414161562049632 -2.5952857368920461
leaf_count=1659 66 32 30 56 128 41 51 61 79 33 59 30 41 34
internal_value=0 0.974482 -0.256149 1.12377 1.48201 -0.282691 0.254811 0.448559 -0.321557 0.630783 -0.289386 -0.263503 0.346943 -0.294392
internal_count=2400 343 2057 311 184 2027 125 127 1902 74 1823 1764 71 1693
shrinkage=1


Tree=1
num_leaves=17
num_cat=0
split_feature=12 8 2 5 9 9 11 5 15 9 13 2 12 11 9 11
split_gain=21.2745 5.31525 4.15542 6.78352 4.91886 4.10481 3.07362 5.37304 3.03329 2.20791 1.63393 1.21345 3.09446 4.70081 1.54252 0.632534
threshold=15357.250000000002 72.250000000000014 37.750000000000007 5371.7500000000009 123650.00000000001 22272.250000000004 1292.5000000000002 2833.7500000000005 574.00000000000011 15989.500000000002 113826.00000000001 31.750000000000004 296.50000000000006 415.75000000000006 2830.0000000000005 17.500000000000004
decision_type=2 2 2 2 2 2 2 2 2 2 2 2 2 2 2 2
left_child=1 6 3 4 5 -2 7 11 -5 -3 -4 12 15 -14 -13 -1
right_child=2 9 10 8 -6 -7 -8 -9 -10 -11 -12 14 13 -15 -16 -17
leaf_value=-0.035247716262890742 0.074226746386384435 -0.012188500902213947 0.032454829688526657 -0.095248920969514914 -0.0020031884516899024 0.31430710499456083 -0.10523142714419079 0.11109097663907207 0.06023619510789803 0.12460915896761898 0.22165877957885727 -0.12203600797478735 0.17280125079944178 -0.055406553542920331 -0.0067115366942987684 -0.098237393961534469
leaf_count=1345 76 52 30 75 59 28 207 58 37 62 76 103 37 40 67 48
internal_value=0 -0.236873 0.729552 0.415198 0.881199 1.30621 -0.292214 -0.22728 -0.259521 0.50248 1.31714 -0.275646 -0.228929 0.462128 -0.593141 -0.275596
internal_count=2400 2019 381 275 163 104 1905 1698 112 114 106 1640 1470 77 170 1393
shrinkage=0.142097


Tree=2
num_leaves=14
num_cat=1
split_feature=1 14 5 11 11 14 14 7 7 8 17 8 14
split_gain=19.7772 9.47738 7.91796 4.13443 3.13336 7.06645 2.90864 2.10718 4.90165 1.86169 1.65037 1.646 0.637688
threshold=0 28.750000000000004 16.750000000000004 17.500000000000004 46.750000000000007 274.00000000000006 48.250000000000007 242.50000000000003 9.2500000000000018 1.7500000000000002 1.7500000000000002 1759.0000000000002 3.2500000000000004
decision_type=5 2 2 2 2 2 2 2 2 2 2 2 2
left_child=6 12 3 -3 -4 -6 10 8 -7 -5 -1 -9 -2
right_child=1 2 4 9 5 7 -8 11 -10 -11 -12 -13 -14
leaf_value=-0.029057436914729132 -0.0064153266342658168 0.092930333450504013 0.23860549536250561 -0.091549101884191506 -0.074808278456019034 0.13227031614465101 -0.10250729834193988 0.068142096152129447 0.0034078425503412373 0.026877467776847467 -0.10229808695688145 0.25971130988595126 -0.11187026133863705
leaf_count=1120 35 66 48 127 58 222 293 44 131 42 106 33 75
internal_value=0 0.363853 0.569026 -0.0607772 0.799148 0.656011 -0.327353 0.80571 0.607743 -0.403526 -0.262695 1.34176 -0.611252
internal_count=2400 881 771 235 536 488 1519 430 353 169 1226 77 110
cat_boundaries=0 3
cat_threshold=72896729 25174018 512
shrinkage=0.142097


Tree=3
num_leaves=19
num_cat=3
split_feature=1 14 5 10 14 14 16 10 14 10 5 5 9 0 14 10 10 9
split_gain=15.1632 7.2943 5.33706 3.98954 2.60536 2.18562 1.71523 1.62566 2.87022 2.51631 2.3207 1.82303 1.39873 0.641495 0.582676 0.451422 0.339787 0.00449163
threshold=0 28.750000000000004 16.750000000000004 200.50000000000003 48.250000000000007 101.50000000000001 1 8652.2500000000018 8196.2500000000018 544.75000000000011 9798.2500000000018 3205.7500000000005 5881.0000000000009 2 3.2500000000000004 3109.0000000000005 2313.2500000000005 25966.000000000004
decision_type=5 2 2 2 2 2 5 2 2 2 2 2 2 1 2 2 2 2
left_child=4 14 3 5 6 -3 -1 9 -9 10 12 16 -4 -6 -2 -13 -11 -5
right_child=1 2 7 17 13 -7 -8 8 -10 11 -12 15 -14 -15 -16 -17 -18 -19
leaf_value=0.022368403860320699 -0.0058870667767081195 -0.039617582537798755 0.17274585315839708 -0.088058511778890888 -0.0095572451592308098 0.10756253079229333 -0.037583465598933753 0.14466778256160279 -0.0010013912046611638 -0.083995403873130953 -0.010703814666934621 0.067401967545601807 0.01865966609323079 -0.10806838152007933 -0.10808057873039321 -0 -0 -0.026671596157499911
leaf_count=115 35 36 74 79 39 72 1111 186 42 31 31 71 35 254 75 36 30 48
internal_value=0 0.307017 0.473881 -0.0505609 -0.296511 0.447417 -0.235801 0.649858 0.869027 0.40584 0.749815 0.0670314 0.979188 -0.684981 -0.581602 0.333211 -0.396244 -0.528331
internal_count=2400 881 771 235 1519 108 1226 536 228 308 140 168 109 293 110 107 61 127
cat_boundaries=0 3 4 5
cat_threshold=72896729 25174018 512 7300 2
shrinkage=0.142097


Tree=4
num_leaves=23
num_cat=0
split_feature=12 10 14 5 14 10 8 12 12 12 2 5 17 2 14 5 2 5 5 11 12 8
split_gain=9.19346 3.34444 3.23695 3.11543 2.70952 6.78881 2.53404 1.99088 1.91488 2.36343 3.21256 1.55221 1.45877 1.30734 0.945875 2.41671 1.02159 0.887028 0.697233 0.495768 0.459523 0.204254
threshold=15357.250000000002 8437.0000000000018 8196.2500000000018 103111.00000000001 720.25000000000011 4159.0000000000009 12.250000000000002 39906.250000000007 296.50000000000006 1948.7500000000002 33.250000000000007 3205.7500000000005 1.7500000000000002 31.750000000000004 1960.0000000000002 160822.00000000003 17.500000000000004 21145.750000000004 5371.7500000000009 5778.2500000000009 30408.250000000004 6.2500000000000009
decision_type=2 2 2 2 2 2 2 2 2 2 2 2 2 2 2 2 2 2 2 2 2 2
left_child=3 7 14 4 6 21 8 20 12 10 -10 -11 13 -1 18 16 -16 -18 -3 -7 -2 -6
right_child=1 2 -4 -5 5 19 -8 -9 9 11 -12 -13 -14 -15 15 -17 17 -19 -20 -21 -22 -23
leaf_value=-0.025345975293275466 -0.0038529988255281197 0.21319342448185277 -0.023896706646517128 0.096093756704605668 0.034067180928342405 -0 -0.11997728702682907 -0.079194724609560632 0.14245327185813408 -0.098207820433492063 -0.022037807871516064 0.032964384365228888 -0.10069682236916892 -0.1041123419377246 0.06616859376299862 0.16572393626366805 -0.059306049379194134 0.036076596055911549 0.049867966580937499 -0.090582958861018192 0.069469591456112853 0.12494356961511598
leaf_count=1254 29 29 59 32 43 27 106 55 52 53 72 29 118 72 71 30 28 23 23 97 34 64
internal_value=0 0.424305 0.611379 -0.173977 -0.203914 0.177389 -0.264319 -0.0959076 -0.213766 0.137061 0.469992 -0.333904 -0.269984 -0.219835 0.767259 0.530278 0.237092 -0.0776501 1.17959 -0.499633 0.289538 0.746035
internal_count=2400 381 263 2019 1987 231 1756 118 1650 206 124 82 1444 1326 204 152 122 51 52 124 63 107
shrinkage=0.142097


Tree=5
num_leaves=20
num_cat=3
split_feature=1 16 11 11 12 11 12 11 8 2 10 13 11 16 12 13 10 12 13
split_gain=9.68881 4.64655 6.91181 4.74396 2.01685 4.72946 1.90869 1.90625 2.00421 1.86227 1.56112 2.68877 1.11922 1.30133 1.2088 0.976851 0.863864 0.474837 0.223242
threshold=0 1 41541.250000000007 5537.5000000000009 8233.7500000000018 32042.500000000004 20428.750000000004 14680.750000000002 265.00000000000006 42.250000000000007 3802.7500000000005 1448.5000000000002 46.750000000000007 2 73261.750000000015 713.50000000000011 25337.500000000004 2.5000000000000004 3743.5000000000005
decision_type=5 5 2 2 2 2 2 2 2 2 2 2 2 5 2 2 2 2 2
left_child=12 2 3 9 15 6 -6 -5 16 10 11 -2 13 -1 -14 -3 -9 -15 -19
right_child=1 4 -4 7 5 -7 -8 8 -10 -11 -12 -13 14 17 -16 -17 -18 18 -20
leaf_value=0.019622469862096596 0.035563207622931726 -0.0071404020216411356 0.16641045776806318 -0.090789145808617702 -0.0081521869814956786 -0.089349034976500111 0.14338853173320981 0.089801732863841424 -0.068084220332865528 -0.025077094587078932 -0.012321481331916764 0.15089814029054707 -0.10847136493961952 -0.042964609689123044 -0 -0.11531251563719602 -0.0017254471594485995 0.029287552990905904 -0.019949252867400607
leaf_count=107 148 46 90 78 32 42 36 38 37 38 33 132 148 1139 40 84 46 34 52
internal_value=0 0.235337 0.386741 0.245919 -0.16324 0.0607079 0.63244 -0.198617 0.0655712 0.512392 0.610022 0.70111 -0.247206 -0.221939 -0.582336 -0.58106 0.370494 -0.243455 0.00496126
internal_count=2400 880 640 550 240 110 68 199 121 351 313 280 1520 1332 188 130 84 1225 86
cat_boundaries=0 3 4 5
cat_threshold=72503513 25165826 512 16387 6276
shrinkage=0.142097


end of trees

feature importances:
n_table_1.n_18=14
n_table_1.n_9=13
n_table_1.n_20=12
n_table_1.n_16=11
n_table_1.n_17=11
n_table_1.n_12=9
n_table_1.n_3=6
n_table_1.n_15=6
n_table_1.n_19=6
n_table_2.n_14=4
c_table_1.c_2=3
c_table_2.c_5=3
n_table_1.n_11=2
c_table_1.c_1=1
n_table_1.n_26=1

parameters:
[boosting: gbdt]
[objective: binary]
[metric: auc]
[tree_learner: serial]
[device_type: cpu]
[data: ]
[valid: ]
[num_iterations: 100]
[learning_rate: 0.142097]
[num_leaves: 77]
[num_threads: 4]
[max_depth: 7]
[min_data_in_leaf: 20]
[min_sum_hessian_in_leaf: 1.88361]
[bagging_fraction: 0.6]
[bagging_freq: 55]
[bagging_seed: 3]
[feature_fraction: 0.6]
[feature_fraction_seed: 2]
[early_stopping_round: 0]
[max_delta_step: 0]
[lambda_l1: 0.123303]
[lambda_l2: 1.40529]
[min_gain_to_split: 0]
[drop_rate: 0.1]
[max_drop: 50]
[skip_drop: 0.5]
[xgboost_dart_mode: 0]
[uniform_drop: 0]
[drop_seed: 4]
[top_rate: 0.2]
[other_rate: 0.1]
[min_data_per_group: 100]
[max_cat_threshold: 32]
[cat_l2: 10]
[cat_smooth: 10]
[max_cat_to_onehot: 4]
[top_k: 20]
[monotone_constraints: ]
[feature_contri: ]
[forcedsplits_filename: ]
[refit_decay_rate: 0.9]
[verbosity: -1]
[max_bin: 255]
[min_data_in_bin: 3]
[bin_construct_sample_cnt: 200000]
[histogram_pool_size: -1]
[data_random_seed: 1]
[output_model: LightGBM_model.txt]
[snapshot_freq: -1]
[input_model: ]
[output_result: LightGBM_predict_result.txt]
[initscore_filename: ]
[valid_data_initscores: ]
[pre_partition: 0]
[enable_bundle: 1]
[max_conflict_rate: 0]
[is_enable_sparse: 1]
[sparse_threshold: 0.8]
[use_missing: 1]
[zero_as_missing: 0]
[two_round: 0]
[save_binary: 0]
[enable_load_from_binary_file: 1]
[header: 0]
[label_column: ]
[weight_column: ]
[group_column: ]
[ignore_column: ]
[categorical_feature: ]
[predict_raw_score: 0]
[predict_leaf_index: 0]
[predict_contrib: 0]
[num_iteration_predict: -1]
[pred_early_stop: 0]
[pred_early_stop_freq: 10]
[pred_early_stop_margin: 10]
[convert_model_language: ]
[convert_model: gbdt_prediction.cpp]
[num_class: 1]
[is_unbalance: 0]
[scale_pos_weight: 1]
[sigmoid: 1]
[boost_from_average: 1]
[reg_sqrt: 0]
[alpha: 0.9]
[fair_c: 1]
[poisson_max_delta_step: 0.7]
[tweedie_variance_power: 1.5]
[max_position: 20]
[label_gain: ]
[metric_freq: 1]
[is_provide_training_metric: 0]
[eval_at: ]
[num_machines: 1]
[local_listen_port: 12400]
[time_out: 120]
[machine_list_filename: ]
[machines: ]
[gpu_platform_id: -1]
[gpu_device_id: -1]
[gpu_use_dp: 0]

end of parameters

pandas_categorical:[[0, 1, 2], [0, 1, 2, 3, 4, 5, 6, 7, 8, 9, 10, 11, 12, 13, 14, 15, 16, 17, 18, 19, 20, 21, 22, 23, 24, 25, 26, 27, 28, 29, 30, 31, 32, 33, 34, 35, 36, 37, 38, 39, 40, 41, 42, 43, 44, 45, 46, 47, 48, 49, 50, 51, 52, 53, 54, 55, 56, 57, 58, 59, 60, 61, 62, 63, 64, 65, 66, 67, 68, 69, 70, 71, 72, 73, 74, 75, 76, 77, 78, 79, 80, 81, 82, 83, 84, 85, 86, 87, 88, 89, 90, 91, 92, 93, 94, 95, 96, 97, 98, 99, 100, 101, 102, 103, 104, 105, 106, 107, 108, 109, 110, 111, 112, 113, 114, 115, 116, 117, 118, 119, 120, 121, 122, 123, 124, 125, 126, 127, 128, 129, 130, 131, 132, 133, 134, 135, 136, 137, 138, 139, 140, 141, 142, 143, 144, 145, 146, 147, 148, 149, 150, 151, 152, 153, 154, 155, 156, 157, 158, 159, 160, 161, 162, 163, 164, 165, 166, 167, 168, 169, 170, 171, 172, 173, 174, 175], [0, 1, 2, 3, 4, 5, 6, 7, 8, 9, 10, 11, 12, 13, 14, 15], [0, 1, 2, 3, 4, 5, 6, 7, 8, 9, 10, 11, 12, 13, 14, 15, 16, 17, 18, 19, 20, 21, 22, 23, 24, 25, 26, 27, 28, 29, 30]]
