tree
version=v2
num_class=1
num_tree_per_iteration=1
label_index=0
max_feature_idx=22
objective=binary sigmoid:1
feature_names=n_1 c_table_1.c_1 c_table_1.c_2 n_table_1.n_2 c_table_1.c_3 c_table_1.c_4 n_table_1.n_5 n_table_1.n_6 n_table_1.n_7 n_table_1.n_8 n_table_1.n_9 n_table_1.n_10 n_table_1.n_11 n_table_1.n_12 n_table_1.n_15 n_table_1.n_16 n_table_1.n_17 n_table_1.n_18 n_table_1.n_19 n_table_1.n_20 n_table_1.n_25 n_table_1.n_26 n_table_1.n_27
feature_infos=[1:62.5] 1:0 3:0:5:36:20:4:21:8:11:62:25:56:33:44:1:31:30:153:18:69:2:28:85:135:6:35:40:43:54:61:98:9:38:49:176:55:87:84:26:42:101:155:80:137:149:19:52:39:51:27:47:177:57:58:59:125:34:63:75:94:102:113:13:29:83:103:132:151:14:15:23:66:76:88:90:99:108:114:169:180:93:126:134:171:24:68:78:95:112:117:121:127:138:139:154:158:159:10:16:53:67:97:107:109:111:123:133:166:175:182 [-49.719499999999996:81.200400000000002] 36:0:3:33:28:13:9:1:42:8:178:19:5:66:24:95:72:2:12:17:14:56:58:139:25:31:70:119:90:112:88:81:83:6:21:50:75:100:204:4:43:64:74:79:116:44:48:49:94:123:67:26:97:22:30:32:122:11:29:46:182:102:158:161:167:206:16:39:60:135:143:10:18:34:57:63:120:128:155:68:71:98:147:159:172:175:212:15:35:54:62:82:99:113:134:140:177:196:23:69:76:89:138:162:166:199:205:27:40:51:65:73:115:168:181:188:193:198:41:45:53:59:61:92:96:108:111:121:129:136:157:163:174:180:184:185:189:191:192:194:195:201 34:0:24:2:8:36:10:1:41:52:77:6:13:31:5:28:78:3:12:15:17:20:32:23:30:35:75:58:18:47:100:14:37:27:61:88:4:7:45:48:64:73:82:133:38:56:62:71:106:115:135:9:40:70:83:85:96:108:125:21:29:46:54:113:132:25:39:42:44:72:97:111:119:122:19:68:76:103:110:117:121:123:124:127:131:138 [1:24272.5] [1:46363] [1:3314.5] [1:703902] [1:2481850] [1:70] [1:6121] [1:7070.5] [1:423494] [1:245767] [1:448222] [1:441384] [1:1178200] [1:18856] [1:38.5] [1:121640] [1:151]
tree_sizes=1509 1590 1531

Tree=0
num_leaves=19
num_cat=0
split_feature=18 10 10 8 6 10 0 21 3 0 3 0 3 3 12 22 9 10
split_gain=47.8551 9.62166 6.08437 9.72106 7.38833 4.69726 3.96884 2.94732 1.03009 0.568467 0.605277 0.401686 0.352093 0.44728 0.238451 0.220157 0.0106622 0.00141119
threshold=30745.750000000004 88.750000000000014 245096.50000000003 568.00000000000011 400.75000000000006 152.50000000000003 16.750000000000004 50.500000000000007 38.624200000000009 1.7500000000000002 69.507800000000017 1.7500000000000002 43.734500000000004 62.603850000000001 450.25000000000006 16.000000000000004 97.750000000000014 7876.0000000000009
decision_type=2 2 2 2 2 2 2 2 2 2 2 2 2 2 2 2 2 2
left_child=6 11 3 4 5 -3 7 9 -8 10 -1 -2 -9 -14 15 -11 -4 -5
right_child=1 2 16 17 -6 -7 8 12 -10 14 -12 -13 13 -15 -16 -17 -18 -19
leaf_value=-3.3130820636663758 -3.2958169705344429 -3.0564716796364348 -3.1523190081791301 -3.1635363144107953 -3.1523190081791301 -2.0362187738992263 -2.9299779310808698 -3.1523190081791301 -3.1523190081791301 -3.4839771635359882 -3.1523190081791301 -3.1200090356008827 -2.8285210273442396 -3.1523190081791301 -3.1523190081791301 -3.1523190081791301 -3.1826185607674988 -3.1523190081791301
leaf_count=1947 103 104 32 44 56 411 186 34 58 746 55 27 36 29 27 28 47 30
internal_value=0 1.03078 1.25033 1.40331 1.61616 1.79266 -0.289339 -0.347872 0.202128 -0.38629 -0.278266 -0 0.219891 0.385859 -0.577484 -0.593288 -0 -0
internal_count=4000 854 724 645 571 515 3146 2902 244 2803 2002 130 99 65 801 774 79 74
shrinkage=1


Tree=1
num_leaves=21
num_cat=2
split_feature=4 0 10 6 18 1 14 14 7 0 3 8 14 18 0 7 18 19 10 14
split_gain=17.3339 4.10045 2.78708 2.44027 2.0543 3.34764 3.80918 1.56305 0.816687 0.67287 0.650929 0.635632 0.631511 0.888033 0.319592 0.275303 0.169936 0.0810543 0.389191 0.0728153
threshold=0 16.750000000000004 49.750000000000007 22.750000000000004 3.2500000000000004 1 47644.000000000007 82963.000000000015 153.25000000000003 25.750000000000004 52.432700000000004 27.250000000000004 67385.500000000015 73584.250000000015 18.250000000000004 1001.5000000000001 277784.50000000006 124.75000000000001 15.250000000000002 131264.50000000003
decision_type=5 2 2 2 2 1 2 2 2 2 2 2 2 2 2 2 2 2 2 2
left_child=2 4 17 9 10 8 -7 -4 11 14 -2 -6 13 -8 -3 -10 -14 -1 -19 -9
right_child=1 3 7 -5 5 6 12 19 15 -11 -12 -13 16 -15 -16 -17 -18 18 -20 -21
leaf_value=-0 -0.098939368903065886 0 0.49228795572593331 0.49575145633230933 -0 -0.39610103181950818 -0 -0 -0.15253149809867342 0.21491860540230601 0.025366676078366554 0.34128262062340914 0 0.25015057704249855 -0.13570835032126632 0 -0.16153644443073453 0.15217737304740925 -0 0.073348729258104262
leaf_count=48 1834 42 330 29 38 804 35 31 64 23 30 40 21 43 151 20 98 130 104 85
internal_value=0 -0.244165 0.446521 0.178178 -0.327393 -0.481399 -0.575606 0.722245 0 -0 -0.148896 0.395301 -0 0.173626 -0.14792 -0.11076 -0.226171 0 0.0915803 0.076828
internal_count=4000 3272 728 245 3027 1163 1001 446 162 216 1864 78 197 78 193 84 119 282 234 116
cat_boundaries=0 6 7
cat_threshold=386021460 409618 1090650368 135331840 2048 262274 2
shrinkage=0.544036


Tree=2
num_leaves=20
num_cat=3
split_feature=2 4 0 11 2 22 9 10 8 17 10 18 8 0 8 10 14 14 8
split_gain=9.7828 6.88108 2.32122 1.93838 2.66436 2.5739 1.79142 1.19187 1.24419 1.0254 0.965896 0.694306 2.41262 0.510225 0.275096 0.257458 0.0747954 0.221892 0.0417569
threshold=0 1 25.750000000000004 3.2500000000000004 2 119.50000000000001 139.75000000000003 7.0000000000000009 364.00000000000006 8536.7500000000018 8452.0000000000018 116261.00000000001 1.7500000000000002 3.2500000000000004 753.25000000000011 427878.50000000006 82963.000000000015 40260.250000000007 3.2500000000000004
decision_type=5 5 2 2 5 2 2 2 2 2 2 2 2 2 2 2 2 2 2
left_child=14 2 11 4 10 7 9 -6 -9 -5 18 12 -2 -12 15 -1 17 -13 -3
right_child=1 3 -4 6 5 -7 -8 8 -10 -11 13 16 -14 -15 -16 -17 -18 -19 -20
leaf_value=-0.3845901378002835 -0.042976428003536155 -0 0.37049615395926178 0 0 -0.054279421697707685 0 0.37125747730512093 -0 0.80445927938632933 -0 -0 -0.35495023684315918 0.19311089861695852 -0 -0 -0 0.15685558685812975 -0.19956181763643899
leaf_count=625 1945 22 20 53 112 33 30 401 33 38 53 64 291 29 24 33 25 30 139
internal_value=0 0.0728351 -0.098909 0.319832 0.233506 0.346032 0.900044 0.542024 0.613513 1.17178 -0.0680531 -0.15892 -0.195514 0 -0.491231 -0.684735 0 0.0948111 -0.340681
internal_count=4000 3318 2375 943 822 579 121 546 434 91 243 2355 2236 82 682 658 119 94 161
cat_boundaries=0 6 13 15
cat_threshold=2215903314 562070616 2162720 4 128 65536 3779617025 83890178 2214625345 80 0 4194304 16384 1073742636 4850048
shrinkage=0.544036


end of trees

feature importances:
n_table_1.n_9=9
n_1=8
n_table_1.n_7=6
n_table_1.n_15=6
n_table_1.n_2=5
n_table_1.n_19=5
c_table_1.c_2=2
c_table_1.c_3=2
n_table_1.n_5=2
n_table_1.n_6=2
n_table_1.n_8=2
n_table_1.n_27=2
c_table_1.c_1=1
n_table_1.n_10=1
n_table_1.n_11=1
n_table_1.n_18=1
n_table_1.n_20=1
n_table_1.n_26=1

parameters:
[boosting: gbdt]
[objective: binary]
[metric: auc]
[tree_learner: serial]
[device_type: cpu]
[data: ]
[valid: ]
[num_iterations: 100]
[learning_rate: 0.544036]
[num_leaves: 55]
[num_threads: 4]
[max_depth: 7]
[min_data_in_leaf: 20]
[min_sum_hessian_in_leaf: 1.04542]
[bagging_fraction: 0.5]
[bagging_freq: 0]
[bagging_seed: 3]
[feature_fraction: 0.6]
[feature_fraction_seed: 2]
[early_stopping_round: 0]
[max_delta_step: 0]
[lambda_l1: 1.73556]
[lambda_l2: 1.58941]
[min_gain_to_split: 0]
[drop_rate: 0.1]
[max_drop: 50]
[skip_drop: 0.5]
[xgboost_dart_mode: 0]
[uniform_drop: 0]
[drop_seed: 4]
[top_rate: 0.2]
[other_rate: 0.1]
[min_data_per_group: 100]
[max_cat_threshold: 32]
[cat_l2: 10]
[cat_smooth: 10]
[max_cat_to_onehot: 4]
[top_k: 20]
[monotone_constraints: ]
[feature_contri: ]
[forcedsplits_filename: ]
[refit_decay_rate: 0.9]
[verbosity: -1]
[max_bin: 255]
[min_data_in_bin: 3]
[bin_construct_sample_cnt: 200000]
[histogram_pool_size: -1]
[data_random_seed: 1]
[output_model: LightGBM_model.txt]
[snapshot_freq: -1]
[input_model: ]
[output_result: LightGBM_predict_result.txt]
[initscore_filename: ]
[valid_data_initscores: ]
[pre_partition: 0]
[enable_bundle: 1]
[max_conflict_rate: 0]
[is_enable_sparse: 1]
[sparse_threshold: 0.8]
[use_missing: 1]
[zero_as_missing: 0]
[two_round: 0]
[save_binary: 0]
[enable_load_from_binary_file: 1]
[header: 0]
[label_column: ]
[weight_column: ]
[group_column: ]
[ignore_column: ]
[categorical_feature: ]
[predict_raw_score: 0]
[predict_leaf_index: 0]
[predict_contrib: 0]
[num_iteration_predict: -1]
[pred_early_stop: 0]
[pred_early_stop_freq: 10]
[pred_early_stop_margin: 10]
[convert_model_language: ]
[convert_model: gbdt_prediction.cpp]
[num_class: 1]
[is_unbalance: 0]
[scale_pos_weight: 1]
[sigmoid: 1]
[boost_from_average: 1]
[reg_sqrt: 0]
[alpha: 0.9]
[fair_c: 1]
[poisson_max_delta_step: 0.7]
[tweedie_variance_power: 1.5]
[max_position: 20]
[label_gain: ]
[metric_freq: 1]
[is_provide_training_metric: 0]
[eval_at: ]
[num_machines: 1]
[local_listen_port: 12400]
[time_out: 120]
[machine_list_filename: ]
[machines: ]
[gpu_platform_id: -1]
[gpu_device_id: -1]
[gpu_use_dp: 0]

end of parameters

pandas_categorical:[[0, 1, 2], [0, 1, 2, 3, 4, 5, 6, 7, 8, 9, 10, 11, 12, 13, 14, 15, 16, 17, 18, 19, 20, 21, 22, 23, 24, 25, 26, 27, 28, 29, 30, 31, 32, 33, 34, 35, 36, 37, 38, 39, 40, 41, 42, 43, 44, 45, 46, 47, 48, 49, 50, 51, 52, 53, 54, 55, 56, 57, 58, 59, 60, 61, 62, 63, 64, 65, 66, 67, 68, 69, 70, 71, 72, 73, 74, 75, 76, 77, 78, 79, 80, 81, 82, 83, 84, 85, 86, 87, 88, 89, 90, 91, 92, 93, 94, 95, 96, 97, 98, 99, 100, 101, 102, 103, 104, 105, 106, 107, 108, 109, 110, 111, 112, 113, 114, 115, 116, 117, 118, 119, 120, 121, 122, 123, 124, 125, 126, 127, 128, 129, 130, 131, 132, 133, 134, 135, 136, 137, 138, 139, 140, 141, 142, 143, 144, 145, 146, 147, 148, 149, 150, 151, 152, 153, 154, 155, 156, 157, 158, 159, 160, 161, 162, 163, 164, 165, 166, 167, 168, 169, 170, 171, 172, 173, 174, 175, 176, 177, 178, 179, 180, 181, 182, 183, 184], [0, 1, 2, 3, 4, 5, 6, 7, 8, 9, 10, 11, 12, 13, 14, 15, 16, 17, 18, 19, 20, 21, 22, 23, 24, 25, 26, 27, 28, 29, 30, 31, 32, 33, 34, 35, 36, 37, 38, 39, 40, 41, 42, 43, 44, 45, 46, 47, 48, 49, 50, 51, 52, 53, 54, 55, 56, 57, 58, 59, 60, 61, 62, 63, 64, 65, 66, 67, 68, 69, 70, 71, 72, 73, 74, 75, 76, 77, 78, 79, 80, 81, 82, 83, 84, 85, 86, 87, 88, 89, 90, 91, 92, 93, 94, 95, 96, 97, 98, 99, 100, 101, 102, 103, 104, 105, 106, 107, 108, 109, 110, 111, 112, 113, 114, 115, 116, 117, 118, 119, 120, 121, 122, 123, 124, 125, 126, 127, 128, 129, 130, 131, 132, 133, 134, 135, 136, 137, 138, 139, 140, 141, 142, 143, 144, 145, 146, 147, 148, 149, 150, 151, 152, 153, 154, 155, 156, 157, 158, 159, 160, 161, 162, 163, 164, 165, 166, 167, 168, 169, 170, 171, 172, 173, 174, 175, 176, 177, 178, 179, 180, 181, 182, 183, 184, 185, 186, 187, 188, 189, 190, 191, 192, 193, 194, 195, 196, 197, 198, 199, 200, 201, 202, 203, 204, 205, 206, 207, 208, 209, 210, 211, 212, 213, 214, 215, 216], [0, 1, 2, 3, 4, 5, 6, 7, 8, 9, 10, 11, 12, 13, 14, 15, 16, 17, 18, 19, 20, 21, 22, 23, 24, 25, 26, 27, 28, 29, 30, 31, 32, 33, 34, 35, 36, 37, 38, 39, 40, 41, 42, 43, 44, 45, 46, 47, 48, 49, 50, 51, 52, 53, 54, 55, 56, 57, 58, 59, 60, 61, 62, 63, 64, 65, 66, 67, 68, 69, 70, 71, 72, 73, 74, 75, 76, 77, 78, 79, 80, 81, 82, 83, 84, 85, 86, 87, 88, 89, 90, 91, 92, 93, 94, 95, 96, 97, 98, 99, 100, 101, 102, 103, 104, 105, 106, 107, 108, 109, 110, 111, 112, 113, 114, 115, 116, 117, 118, 119, 120, 121, 122, 123, 124, 125, 126, 127, 128, 129, 130, 131, 132, 133, 134, 135, 136, 137, 138]]
