tree
version=v2
num_class=1
num_tree_per_iteration=1
label_index=0
max_feature_idx=17
objective=binary sigmoid:1
feature_names=c_table_1.c_1 c_table_1.c_2 n_table_1.n_3 c_table_1.c_6 n_table_1.n_5 n_table_1.n_9 n_table_1.n_10 n_table_1.n_11 n_table_1.n_12 n_table_1.n_15 n_table_1.n_16 n_table_1.n_17 n_table_1.n_18 n_table_1.n_19 n_table_1.n_20 n_table_1.n_26 c_table_2.c_5 n_table_2.n_14
feature_infos=1:0 2:0:6:10:16:17:29:9:7:24:13:37:14:15:12:11:18:45:33:19:56:63:60:26:73:38:3:55:54:64:4:70:83:20:22:34:30:21:36:39:58:65:68:74:35:47:71:57:114:1:32:44:59:134:31:53:78:139:8:48:81:85:94:111:119:27:28:42:69:82:90:92:104:105:106:115:128:144:23:46:49:50:52:75:79:80:98:103:116:122:25:40:43:72:86:93:96:97:99:107:112:118:127:129:133:146:152:164 [1:175] 1:0:2:3:4:7:8:9:13:5:6:10:11:12 [1:24272.5] [1:2481850] [1:70] [1:6121] [1:7070.5] [1:423494] [1:313693] [1:372140] [1:441384] [1:1178200] [1:18856] [1:121640] 1:0:6:7:9:10:15:11:4:14:12:2:13:5:16:22:3:8:18:17:20:23:19:28 [1:92.5]
tree_sizes=2104 1935 2014 1694

Tree=0
num_leaves=27
num_cat=0
split_feature=12 10 8 10 8 12 5 13 5 10 12 13 10 13 8 17 15 9 10 9 12 10 10 12 9 10
split_gain=54.3657 10.2958 9.94964 9.05413 10.8118 5.57517 2.50424 2.46116 2.444 1.74386 1.37084 1.23763 2.14179 1.23505 1.26081 1.09608 1.07891 0.902291 0.766032 0.757761 0.709719 1.89885 0.555661 0.499838 0.414554 0.0155658
threshold=15357.250000000002 97042.000000000015 63.250000000000007 16051.750000000002 4.7500000000000009 43389.250000000007 73567.750000000015 5632.7500000000009 2833.7500000000005 1762.7500000000002 12279.250000000002 3225.2500000000005 7.0000000000000009 4370.5000000000009 1.7500000000000002 1.7500000000000002 65.500000000000014 35354.500000000007 2147.5000000000005 54716.500000000007 299551.00000000006 118302.00000000001 2693.5000000000005 887.50000000000011 2436.2500000000005 5922.2500000000009
decision_type=2 2 2 2 2 2 2 2 2 2 2 2 2 2 2 2 2 2 2 2 2 2 2 2 2 2
left_child=2 3 7 5 -5 6 9 8 13 -2 22 12 -10 14 15 -1 -7 -18 -11 -9 21 -3 -4 -16 -15 -24
right_child=1 20 10 4 -6 16 -8 19 11 18 -12 -13 -14 24 23 -17 17 -19 -20 -21 -22 -23 25 -25 -26 -27
leaf_value=-2.6899412740885125 -1.9470246619193798 -2.6178251095094844 -2.2972504057903551 -2.5266176565646283 -1.8655895524854507 -2.7621654406836642 -2.6178251095094844 -2.8155873513007492 -2.6178251095094844 -2.6178251095094844 -2.6178251095094844 -2.6178251095094844 -2.229086150825065 -2.6178251095094844 -2.5247949558989538 -2.8098729366968711 -2.4465300539155859 -2.6178251095094844 -2.418582354982945 -2.6178251095094844 -2.702122661326273 -2.3170561368925773 -2.6178251095094844 -2.6356660657649469 -2.4769250611957547 -2.587979086479046
leaf_count=2285 30 70 87 86 173 46 30 386 45 20 22 30 22 22 74 202 40 29 74 48 50 20 30 20 23 36
internal_value=0 1.01677 -0.20879 1.26253 1.81687 0.57204 1.02344 -0.265479 -0.206756 1.24043 0.636629 0.294044 0.582734 -0.23463 -0.250456 -0.269965 -0 0.192696 0.46782 -0.565865 0 0.237795 0.762536 0.0540363 0.174624 0.0540161
internal_count=4000 668 3332 528 259 269 154 3157 2723 124 175 97 67 2626 2581 2487 115 69 94 434 140 90 153 94 45 66
shrinkage=1


Tree=1
num_leaves=26
num_cat=0
split_feature=12 8 9 2 11 5 13 4 8 12 9 9 2 12 9 9 17 9 4 12 11 8 9 5 8
split_gain=20.3463 5.25555 4.45142 6.09765 3.73345 4.41954 2.49188 2.46387 3.21105 4.7605 2.28787 2.19913 1.59431 1.99995 1.35163 1.14365 1.07262 1.06698 0.777174 0.727342 0.692058 0.542502 0.303847 0.255018 0.138407
threshold=15357.250000000002 63.250000000000007 67385.500000000015 37.750000000000007 542.50000000000011 2833.7500000000005 700.75000000000011 142.75000000000003 778.75000000000011 57469.000000000007 26372.500000000004 91683.250000000015 31.750000000000004 296.50000000000006 116399.50000000001 2884.7500000000005 1.7500000000000002 79.000000000000014 83.500000000000014 12279.250000000002 94499.500000000015 457.00000000000006 10689.250000000002 311.50000000000006 96.250000000000014
decision_type=2 2 2 2 2 2 2 2 2 2 2 2 2 2 2 2 2 2 2 2 2 2 2 2 2
left_child=1 4 7 14 5 12 -7 8 9 23 -11 -5 13 16 -4 -14 -1 -15 -6 24 -16 -9 -20 -2 -3
right_child=2 19 3 11 18 6 -8 21 -10 10 -12 -13 15 17 20 -17 -18 -19 22 -21 -22 -23 -24 -25 -26
leaf_value=-0.0368372092774754 0.055837771666166706 0 -0.17067329856738919 0 -0.19795600700562185 -0 0.35283056985869549 0.11284804524788444 0.49623964754423094 -0.15685140746143747 0.13726111817205891 0.47506597515015064 -0.19098468171281871 -0 -0.029762171778906679 0 -0.15548280414443541 0.2006139419568885 -0.077916702771575516 -0 0.13462915726853744 -0.06634516953678822 0.067964255950762706 0.32075699422462706 0.1767899639295317
leaf_count=2100 75 33 70 30 401 34 42 23 63 53 38 28 218 40 112 21 189 56 34 22 24 33 22 119 120
internal_value=0 -0.154097 0.529246 0.0761769 -0.201919 -0.132746 0.641325 0.748588 0.847218 0.539444 -0 0.989203 -0.171403 -0.12508 -0.173837 -0.508127 -0.15736 0.342634 -0.561754 0.408685 0 0 -0 0.839461 0.492235
internal_count=4000 3332 668 264 3157 2700 76 404 348 285 91 58 2624 2385 206 239 2289 96 457 175 136 56 56 194 153
shrinkage=0.317716


Tree=2
num_leaves=27
num_cat=1
split_feature=1 14 5 14 11 12 14 11 5 5 11 14 11 10 14 17 2 2 14 11 14 8 11 2 10 10
split_gain=20.3252 4.9487 4.51964 7.44963 4.4737 4.81686 2.49038 3.39438 2.3471 1.90416 1.74653 1.45754 1.38066 0.814266 1.17066 0.77839 0.692874 1.15638 0.508138 0.574447 0.496327 0.455924 0.395897 0.314365 0.271167 0.0588287
threshold=0 27.250000000000004 175774.50000000003 1.7500000000000002 415.75000000000006 14116.000000000002 3902.5000000000005 76588.000000000015 49.750000000000007 21306.250000000004 101132.75000000001 2290.0000000000005 14216.500000000002 1283.5000000000002 221.50000000000003 1.7500000000000002 40.750000000000007 43.750000000000007 1986.2500000000002 3656.5000000000005 3.2500000000000004 694.00000000000011 1050.2500000000002 28.750000000000004 102013.75000000001 188.50000000000003
decision_type=5 2 2 2 2 2 2 2 2 2 2 2 2 2 2 2 2 2 2 2 2 2 2 2 2 2
left_child=2 20 3 15 8 13 7 12 23 -10 24 21 -7 14 25 -1 -5 -18 19 -15 -2 -4 -16 -3 -8 -6
right_child=1 4 11 16 5 6 10 -9 9 -11 -12 -13 -14 18 22 -17 17 -19 -20 -21 -22 -23 -24 -25 -26 -27
leaf_value=-0.025155066123089924 0 0.11777816339521209 0.080488893096277908 -0.22181532579703622 -0.060184355418745873 0.023746099923045782 -0.11690737175995145 -0 0.465984984512543 0 0.15818734374261201 0.2750329710570657 0.28564950193426375 -0 -0 -0.1389349306858042 0.08417682133235857 -0.13281045258750107 0 -0.1852212295979718 -0.1299223963745976 -0.082335161884499991 0.1665582327371723 -0 -0 0
leaf_count=1800 24 153 27 622 53 62 35 34 97 23 36 27 211 56 28 167 26 62 74 82 98 24 65 23 61 30
internal_value=0 0.347378 -0.214609 -0.270562 0.458203 0.288171 0.487678 0.635485 0.884116 1.26462 0 0.437244 0.76022 -0.0370569 0.0846871 -0.119675 -0.635032 -0.032957 -0.242854 -0.39 -0.282494 0 0.393559 0.310851 -0.209945 -0.122363
internal_count=4000 1245 2755 2677 1123 827 439 307 296 120 132 78 273 388 176 1967 710 88 212 138 122 51 93 176 96 83
cat_boundaries=0 3
cat_threshold=1141527765 50339858 512
shrinkage=0.317716


Tree=3
num_leaves=22
num_cat=5
split_feature=1 5 14 14 16 2 9 16 10 5 6 14 14 10 1 10 14 14 5 16 9
split_gain=10.1925 2.69028 4.51681 2.47235 2.67378 2.59546 2.64243 2.4342 2.17032 4.08367 2.00235 1.91035 0.692132 0.610175 0.454262 0.410706 0.369611 0.291381 0.197679 0.146122 0.133014
threshold=0 175774.50000000003 1.7500000000000002 27.250000000000004 1 42.250000000000007 137698.00000000003 2 21551.500000000004 3711.2500000000005 3.2500000000000004 2070.2500000000005 2290.0000000000005 2575.0000000000005 3 6620.5000000000009 3.2500000000000004 832.75000000000011 14424.250000000002 4 594.25000000000011
decision_type=5 2 2 2 5 2 2 5 2 2 2 2 2 2 5 2 2 2 2 5 2
left_child=1 2 7 16 5 6 14 19 9 11 -4 -6 17 -12 -5 -7 -2 -3 -11 -1 -18
right_child=3 12 10 4 8 15 -8 -9 -10 18 13 -13 -14 -15 -16 -17 20 -19 -20 -21 -22
leaf_value=-0.00098605219938655876 0 0.060442286442517444 -0.19669875769901762 -0 -0.19983040177850198 -0.1098643220722328 -0.022955944409696897 -0.093949890397734284 -0.17044007812525958 0.3275779675940097 -0.059914690557359762 0.049386161982842181 0.18166598240284881 0.10825367463371946 0.16740197415548966 0 -0.12682318444825091 -0.070175527967559451 0 0.028540081950562617 0
leaf_count=1366 24 27 583 109 75 33 45 479 65 21 136 31 27 25 637 53 77 24 20 122 21
internal_value=0 -0.164607 -0.211438 0.230182 0.303609 0.3605 0.470609 -0.0903447 -0.0568746 0.107821 -0.506815 -0.241193 0.305296 -0 0.52599 -0.0360351 -0.215153 0 0.86201 0.00146947 -0.338732
internal_count=4000 2789 2711 1211 1089 877 791 1967 212 147 744 106 78 161 746 86 122 51 41 1488 98
cat_boundaries=0 3 4 5 7 8
cat_threshold=1141527765 50339922 528 20547 151 6324224 75497476 3
shrinkage=0.317716


end of trees

feature importances:
n_table_1.n_16=14
n_table_1.n_20=13
n_table_1.n_15=12
n_table_1.n_9=10
n_table_1.n_18=10
n_table_1.n_12=8
n_table_1.n_17=8
n_table_1.n_3=6
n_table_1.n_19=4
c_table_1.c_2=3
c_table_2.c_5=3
n_table_2.n_14=3
n_table_1.n_5=2
n_table_1.n_10=1
n_table_1.n_26=1

parameters:
[boosting: gbdt]
[objective: binary]
[metric: auc]
[tree_learner: serial]
[device_type: cpu]
[data: ]
[valid: ]
[num_iterations: 100]
[learning_rate: 0.317716]
[num_leaves: 55]
[num_threads: 4]
[max_depth: 7]
[min_data_in_leaf: 20]
[min_sum_hessian_in_leaf: 0.898071]
[bagging_fraction: 1]
[bagging_freq: 44]
[bagging_seed: 3]
[feature_fraction: 0.7]
[feature_fraction_seed: 2]
[early_stopping_round: 0]
[max_delta_step: 0]
[lambda_l1: 1.21623]
[lambda_l2: 1.29282]
[min_gain_to_split: 0]
[drop_rate: 0.1]
[max_drop: 50]
[skip_drop: 0.5]
[xgboost_dart_mode: 0]
[uniform_drop: 0]
[drop_seed: 4]
[top_rate: 0.2]
[other_rate: 0.1]
[min_data_per_group: 100]
[max_cat_threshold: 32]
[cat_l2: 10]
[cat_smooth: 10]
[max_cat_to_onehot: 4]
[top_k: 20]
[monotone_constraints: ]
[feature_contri: ]
[forcedsplits_filename: ]
[refit_decay_rate: 0.9]
[verbosity: -1]
[max_bin: 255]
[min_data_in_bin: 3]
[bin_construct_sample_cnt: 200000]
[histogram_pool_size: -1]
[data_random_seed: 1]
[output_model: LightGBM_model.txt]
[snapshot_freq: -1]
[input_model: ]
[output_result: LightGBM_predict_result.txt]
[initscore_filename: ]
[valid_data_initscores: ]
[pre_partition: 0]
[enable_bundle: 1]
[max_conflict_rate: 0]
[is_enable_sparse: 1]
[sparse_threshold: 0.8]
[use_missing: 1]
[zero_as_missing: 0]
[two_round: 0]
[save_binary: 0]
[enable_load_from_binary_file: 1]
[header: 0]
[label_column: ]
[weight_column: ]
[group_column: ]
[ignore_column: ]
[categorical_feature: ]
[predict_raw_score: 0]
[predict_leaf_index: 0]
[predict_contrib: 0]
[num_iteration_predict: -1]
[pred_early_stop: 0]
[pred_early_stop_freq: 10]
[pred_early_stop_margin: 10]
[convert_model_language: ]
[convert_model: gbdt_prediction.cpp]
[num_class: 1]
[is_unbalance: 0]
[scale_pos_weight: 1]
[sigmoid: 1]
[boost_from_average: 1]
[reg_sqrt: 0]
[alpha: 0.9]
[fair_c: 1]
[poisson_max_delta_step: 0.7]
[tweedie_variance_power: 1.5]
[max_position: 20]
[label_gain: ]
[metric_freq: 1]
[is_provide_training_metric: 0]
[eval_at: ]
[num_machines: 1]
[local_listen_port: 12400]
[time_out: 120]
[machine_list_filename: ]
[machines: ]
[gpu_platform_id: -1]
[gpu_device_id: -1]
[gpu_use_dp: 0]

end of parameters

pandas_categorical:[[0, 1, 2], [0, 1, 2, 3, 4, 5, 6, 7, 8, 9, 10, 11, 12, 13, 14, 15, 16, 17, 18, 19, 20, 21, 22, 23, 24, 25, 26, 27, 28, 29, 30, 31, 32, 33, 34, 35, 36, 37, 38, 39, 40, 41, 42, 43, 44, 45, 46, 47, 48, 49, 50, 51, 52, 53, 54, 55, 56, 57, 58, 59, 60, 61, 62, 63, 64, 65, 66, 67, 68, 69, 70, 71, 72, 73, 74, 75, 76, 77, 78, 79, 80, 81, 82, 83, 84, 85, 86, 87, 88, 89, 90, 91, 92, 93, 94, 95, 96, 97, 98, 99, 100, 101, 102, 103, 104, 105, 106, 107, 108, 109, 110, 111, 112, 113, 114, 115, 116, 117, 118, 119, 120, 121, 122, 123, 124, 125, 126, 127, 128, 129, 130, 131, 132, 133, 134, 135, 136, 137, 138, 139, 140, 141, 142, 143, 144, 145, 146, 147, 148, 149, 150, 151, 152, 153, 154, 155, 156, 157, 158, 159, 160, 161, 162, 163, 164, 165, 166, 167, 168, 169, 170, 171, 172, 173, 174, 175], [0, 1, 2, 3, 4, 5, 6, 7, 8, 9, 10, 11, 12, 13, 14, 15], [0, 1, 2, 3, 4, 5, 6, 7, 8, 9, 10, 11, 12, 13, 14, 15, 16, 17, 18, 19, 20, 21, 22, 23, 24, 25, 26, 27, 28, 29, 30]]
