tree
version=v2
num_class=1
num_tree_per_iteration=1
label_index=0
max_feature_idx=13
objective=binary sigmoid:1
feature_names=c_table_1.c_2 c_table_1.c_3 c_table_1.c_5 n_table_1.n_3 n_table_1.n_10 n_table_1.n_12 n_table_1.n_15 n_table_1.n_16 n_table_1.n_17 n_table_1.n_18 n_table_1.n_19 n_table_1.n_26 n_table_1.n_27 c_table_2.c_4
feature_infos=49:0:5:3:8:19:33:31:47:159:129:39:41:26:141:36:21:78:84:6:74:88:176:90:29:189:30:106:75:110:57:65:77:28:73:197:89:107:155:43:147:40:46:67:69:146:167:10:66:101:11:99:2:48:200:12:13:71:9:60:140:198:52:85:93:154:17:32:34:50:58:64:83:100:117:148:161:175:196:4:59:72:87:91:95:187:20:35:56:98:102:111:116:120:128:144:168:179:185:1:25:42:55:76:92:94:104:112:126:139:162:164:190:15:18:37:51:115:118:127:133:149:158:169:180:182:191:194:203 46:0:74:18:55:6:64:102:68:3:87:45:36:37:84:147:5:48:121:81:86:22:181:10:2:16:92:52:71:56:79:148:109:101:115:169:42:98:19:95:93:188:27:40:114:126:135:53:151:62:106:150:9:33:39:54:94:123:11:14:30:213:8:70:130:146:154:207:23:24:72:120:155:80:100:118:158:166:186:187:200:210:211:34:89:201:1:75:82:111:119:153:163:191:208:20:21:29:58:61:66:116:162:174:183:185:197:212:13:41:43:49:83:85:107:117:127:134:167:170:176:190:193:50:63:78:88:97:122:136:137:168:175:182:203:217:218 2:0:7:8:9:3:10:1:6:17:20:4:22:26:25:12:47:14:5:33:29:11:18:42:24:16:41:19:31:38:13:30:36:43:54:55 [1:175] [1:68.5] [1:8524] [1:263222] [1:249100] [1:418837] [1:574087] [1:1285890] [1:121640] [1:151] 18:0:70:6:20:32:21:40:12:38:10:4:9:46:78:27:60:23:31:7:59:67:11:24:68:107:93:16:55:49:81:131:48:30:72:114:90:51:66:101:104:119:87:15:5:29:111:82:96:89:14:88:100:41:79:80:28:97:113:1:8:33:35:39:61:98:108:120:140:17:45:50:91:25:64:105:106:133:13:19:26:37:42:54:58:69:71:83:95:99:102:118:148
tree_sizes=1384 1289 1503 1338

Tree=0
num_leaves=17
num_cat=1
split_feature=9 5 12 13 9 6 5 3 9 3 6 5 12 10 6 6
split_gain=18.2813 6.7705 6.34536 4.72813 4.60303 4.05285 1.80483 3.30661 1.74942 1.27492 0.730718 5.29651 0.649191 0.272532 0.257014 0.157102
threshold=33815.500000000007 126.25000000000001 34.000000000000007 0 10.750000000000002 132478.00000000003 187.75000000000003 25.750000000000004 143229.50000000003 33.250000000000007 2974.0000000000005 6.2500000000000009 1.7500000000000002 268807.50000000006 12519.250000000002 98364.250000000015
decision_type=2 2 2 5 2 2 2 2 2 2 2 2 2 2 2 2
left_child=3 2 -2 4 -1 8 10 -8 9 13 -5 -12 -11 15 -9 -3
right_child=1 5 -4 6 -6 -7 7 14 -10 12 11 -13 -14 -15 -16 -17
leaf_value=-3.1014208518391144 -3.0095410752434217 -3.2509788049124939 -3.2246109813598598 -3.2639875231802646 -3.238008141566656 -3.1070593534847215 -3.1442397507767619 -3.260485493808623 -3.2568248449625963 -3.2246109813598598 -3.1500164456278155 -3.2713379168289425 -3.1516151994533388 -3.2103675186337135 -3.2246109813598598 -3.2246109813598598
leaf_count=72 58 48 30 1179 31 31 35 66 100 27 52 154 53 22 21 21
internal_value=0 0.954118 1.98593 -0.243734 0.34361 0.367623 -0.311396 0.0984204 0 0.340573 -0.422296 -0.0171936 0.685558 -0 -0.324613 -0.214322
internal_count=2000 390 88 1610 103 302 1507 122 271 171 1385 206 80 91 87 69
cat_boundaries=0 2
cat_threshold=8651328 16384
shrinkage=1


Tree=1
num_leaves=16
num_cat=2
split_feature=6 9 9 6 4 6 13 9 1 11 11 12 8 6 4
split_gain=16.2921 6.29098 6.32285 5.039 9.44687 6.93914 4.15996 3.86996 3.03187 2.2703 1.5064 0.914843 0.108239 0.0983438 0.0029812
threshold=140616.00000000003 33815.500000000007 151617.00000000003 59480.500000000007 1.7500000000000002 2328.2500000000005 0 10.750000000000002 1 9.2500000000000018 47.500000000000007 21.250000000000004 57695.500000000007 7099.0000000000009 1.7500000000000002
decision_type=2 2 2 2 2 2 5 2 5 2 2 2 2 2 2
left_child=1 6 3 4 5 -3 7 -1 9 -8 -10 -5 -6 -12 -11
right_child=-2 2 -4 11 12 -7 8 -9 10 14 13 -13 -14 -15 -16
leaf_value=0.10882557391666292 0.20650528322222464 -0.0033507742426116282 -0.032926932394748518 -0.032664925160917922 -0.020147252424273687 0.19212155353407792 0.091212296711666946 -0.013024416950398863 -0.041225878680852618 -0.0028523262623137502 -0 0.026555976617713268 0 0.014553668077656106 0
leaf_count=72 20 21 105 57 37 96 55 31 1325 22 38 34 20 44 23
internal_value=0 -0.0694793 0.477987 0.866127 1.27625 1.90328 -0.225095 0.316189 -0.292214 0.228543 -0.377673 -0 -0.141537 0.0332494 -0
internal_count=2000 1980 370 265 174 117 1610 103 1507 100 1407 91 57 82 45
cat_boundaries=0 2 5
cat_threshold=8651328 16384 32 1114128 1179648
shrinkage=0.0831216


Tree=2
num_leaves=19
num_cat=2
split_feature=6 1 5 13 9 6 5 6 3 11 3 11 6 7 11 9 9 11
split_gain=14.3411 5.49444 5.88971 3.74151 2.75668 2.51354 2.96154 3.15464 0.987115 1.05398 0.751596 0.855529 0.751484 0.630966 0.321264 0.128623 0.0610788 0.0434329
threshold=140616.00000000003 0 12.250000000000002 1 36539.500000000007 59307.250000000007 244.00000000000003 7210.7500000000009 25.750000000000004 3556.0000000000005 16.000000000000004 47.500000000000007 14744.500000000002 42425.500000000007 1368.2500000000002 1.7500000000000002 204740.00000000003 192.25000000000003
decision_type=2 5 2 5 2 2 2 2 2 2 2 2 2 2 2 2 2 2
left_child=1 2 -1 15 10 6 7 -6 17 -10 11 -5 -12 16 -7 -3 -8 -4
right_child=-2 3 8 4 5 14 13 -9 9 -11 12 -13 -14 -15 -16 -17 -18 -19
leaf_value=0.13136010332937753 0.18808717744595624 0.076526240378863755 0.045425636034293067 -0.026785079016893126 -0.0024725306329951556 -0.041668228464547791 -0.030059733589610192 0.12241541912162049 -0.041983355054913817 0.016325055220043717 -0.06682485456413062 0.014372198073714657 -0 0.021015105857091477 0 0 -0 0
leaf_count=76 20 66 21 1025 20 82 50 40 84 20 266 21 61 37 21 38 30 22
internal_value=0 -0.0601557 0.405419 -0.17983 -0.269429 0.0792736 0.442374 1.03488 0 -0.216198 -0.418 -0.284769 -0.691985 -0 -0.396555 0.298636 -0.299283 0.463454
internal_count=2000 1980 223 1757 1653 280 177 60 147 104 1373 1046 327 117 103 104 80 43
cat_boundaries=0 4 6
cat_threshold=4784160 1114128 1179648 33554528 2147745856 16384
shrinkage=0.0831216


Tree=3
num_leaves=16
num_cat=2
split_feature=6 1 0 6 5 4 8 8 8 4 11 8 11 11 6
split_gain=12.5092 7.04836 7.21974 2.10256 3.78572 3.82443 1.68163 1.41722 1.23839 1.65222 0.535355 0.439609 0.216001 0.156626 0.14489
threshold=140616.00000000003 0 1 2328.2500000000005 262.75000000000006 3.2500000000000004 1.7500000000000002 19930.000000000004 69.250000000000014 1.7500000000000002 409.75000000000006 77385.250000000015 379.75000000000006 904.75000000000011 36.250000000000007
decision_type=2 5 5 2 2 2 2 2 2 2 2 2 2 2 2
left_child=1 10 6 8 5 -5 -3 12 14 -10 -1 -9 -6 -12 -4
right_child=-2 2 3 4 7 -7 -8 11 9 -11 13 -13 -14 -15 -16
leaf_value=-0.071219604149793517 0.1707251617765029 -0.0044886985461210947 0.049019692454609888 0.12001625077012427 -0.029849424797694018 -0.0046176615513003703 -0.054741933196962203 0.051807966530061901 -0.044180666495217118 0.02934342634588313 0 -0 0 -0.018636415870808366 0
leaf_count=363 20 822 56 187 57 23 133 65 93 34 36 29 20 36 26
internal_value=0 -0.0494507 0.126677 0.468345 0.867436 1.24769 -0.149726 0.0920675 0.0758766 -0.145812 -0.479467 0.477893 -0.244477 -0.00322409 0.501057
internal_count=2000 1980 1545 590 381 210 955 171 209 127 435 94 77 72 82
cat_boundaries=0 6 13
cat_threshold=1100 8413184 281019537 8192 524288 2097152 2216689921 33554946 67108864 1024 0 0 32
shrinkage=0.0831216


end of trees

feature importances:
n_table_1.n_15=15
n_table_1.n_18=9
n_table_1.n_26=9
n_table_1.n_12=6
n_table_1.n_17=5
n_table_1.n_3=4
n_table_1.n_10=4
c_table_1.c_3=3
n_table_1.n_27=3
c_table_2.c_4=3
c_table_1.c_2=1
n_table_1.n_16=1
n_table_1.n_19=1

parameters:
[boosting: gbdt]
[objective: binary]
[metric: auc]
[tree_learner: serial]
[device_type: cpu]
[data: ]
[valid: ]
[num_iterations: 100]
[learning_rate: 0.0831216]
[num_leaves: 77]
[num_threads: 4]
[max_depth: 8]
[min_data_in_leaf: 20]
[min_sum_hessian_in_leaf: 0.668656]
[bagging_fraction: 0.5]
[bagging_freq: 88]
[bagging_seed: 3]
[feature_fraction: 0.7]
[feature_fraction_seed: 2]
[early_stopping_round: 0]
[max_delta_step: 0]
[lambda_l1: 0.719024]
[lambda_l2: 1.75537]
[min_gain_to_split: 0]
[drop_rate: 0.1]
[max_drop: 50]
[skip_drop: 0.5]
[xgboost_dart_mode: 0]
[uniform_drop: 0]
[drop_seed: 4]
[top_rate: 0.2]
[other_rate: 0.1]
[min_data_per_group: 100]
[max_cat_threshold: 32]
[cat_l2: 10]
[cat_smooth: 10]
[max_cat_to_onehot: 4]
[top_k: 20]
[monotone_constraints: ]
[feature_contri: ]
[forcedsplits_filename: ]
[refit_decay_rate: 0.9]
[verbosity: -1]
[max_bin: 255]
[min_data_in_bin: 3]
[bin_construct_sample_cnt: 200000]
[histogram_pool_size: -1]
[data_random_seed: 1]
[output_model: LightGBM_model.txt]
[snapshot_freq: -1]
[input_model: ]
[output_result: LightGBM_predict_result.txt]
[initscore_filename: ]
[valid_data_initscores: ]
[pre_partition: 0]
[enable_bundle: 1]
[max_conflict_rate: 0]
[is_enable_sparse: 1]
[sparse_threshold: 0.8]
[use_missing: 1]
[zero_as_missing: 0]
[two_round: 0]
[save_binary: 0]
[enable_load_from_binary_file: 1]
[header: 0]
[label_column: ]
[weight_column: ]
[group_column: ]
[ignore_column: ]
[categorical_feature: ]
[predict_raw_score: 0]
[predict_leaf_index: 0]
[predict_contrib: 0]
[num_iteration_predict: -1]
[pred_early_stop: 0]
[pred_early_stop_freq: 10]
[pred_early_stop_margin: 10]
[convert_model_language: ]
[convert_model: gbdt_prediction.cpp]
[num_class: 1]
[is_unbalance: 0]
[scale_pos_weight: 1]
[sigmoid: 1]
[boost_from_average: 1]
[reg_sqrt: 0]
[alpha: 0.9]
[fair_c: 1]
[poisson_max_delta_step: 0.7]
[tweedie_variance_power: 1.5]
[max_position: 20]
[label_gain: ]
[metric_freq: 1]
[is_provide_training_metric: 0]
[eval_at: ]
[num_machines: 1]
[local_listen_port: 12400]
[time_out: 120]
[machine_list_filename: ]
[machines: ]
[gpu_platform_id: -1]
[gpu_device_id: -1]
[gpu_use_dp: 0]

end of parameters

pandas_categorical:[[0, 1, 2, 3, 4, 5, 6, 7, 8, 9, 10, 11, 12, 13, 14, 15, 16, 17, 18, 19, 20, 21, 22, 23, 24, 25, 26, 27, 28, 29, 30, 31, 32, 33, 34, 35, 36, 37, 38, 39, 40, 41, 42, 43, 44, 45, 46, 47, 48, 49, 50, 51, 52, 53, 54, 55, 56, 57, 58, 59, 60, 61, 62, 63, 64, 65, 66, 67, 68, 69, 70, 71, 72, 73, 74, 75, 76, 77, 78, 79, 80, 81, 82, 83, 84, 85, 86, 87, 88, 89, 90, 91, 92, 93, 94, 95, 96, 97, 98, 99, 100, 101, 102, 103, 104, 105, 106, 107, 108, 109, 110, 111, 112, 113, 114, 115, 116, 117, 118, 119, 120, 121, 122, 123, 124, 125, 126, 127, 128, 129, 130, 131, 132, 133, 134, 135, 136, 137, 138, 139, 140, 141, 142, 143, 144, 145, 146, 147, 148, 149, 150, 151, 152, 153, 154, 155, 156, 157, 158, 159, 160, 161, 162, 163, 164, 165, 166, 167, 168, 169, 170, 171, 172, 173, 174, 175, 176, 177, 178, 179, 180, 181, 182, 183, 184, 185, 186, 187, 188, 189, 190, 191, 192, 193, 194, 195, 196, 197, 198, 199, 200, 201, 202, 203, 204, 205, 206], [0, 1, 2, 3, 4, 5, 6, 7, 8, 9, 10, 11, 12, 13, 14, 15, 16, 17, 18, 19, 20, 21, 22, 23, 24, 25, 26, 27, 28, 29, 30, 31, 32, 33, 34, 35, 36, 37, 38, 39, 40, 41, 42, 43, 44, 45, 46, 47, 48, 49, 50, 51, 52, 53, 54, 55, 56, 57, 58, 59, 60, 61, 62, 63, 64, 65, 66, 67, 68, 69, 70, 71, 72, 73, 74, 75, 76, 77, 78, 79, 80, 81, 82, 83, 84, 85, 86, 87, 88, 89, 90, 91, 92, 93, 94, 95, 96, 97, 98, 99, 100, 101, 102, 103, 104, 105, 106, 107, 108, 109, 110, 111, 112, 113, 114, 115, 116, 117, 118, 119, 120, 121, 122, 123, 124, 125, 126, 127, 128, 129, 130, 131, 132, 133, 134, 135, 136, 137, 138, 139, 140, 141, 142, 143, 144, 145, 146, 147, 148, 149, 150, 151, 152, 153, 154, 155, 156, 157, 158, 159, 160, 161, 162, 163, 164, 165, 166, 167, 168, 169, 170, 171, 172, 173, 174, 175, 176, 177, 178, 179, 180, 181, 182, 183, 184, 185, 186, 187, 188, 189, 190, 191, 192, 193, 194, 195, 196, 197, 198, 199, 200, 201, 202, 203, 204, 205, 206, 207, 208, 209, 210, 211, 212, 213, 214, 215, 216, 217, 218, 219, 220], [0, 1, 2, 3, 4, 5, 6, 7, 8, 9, 10, 11, 12, 13, 14, 15, 16, 17, 18, 19, 20, 21, 22, 23, 24, 25, 26, 27, 28, 29, 30, 31, 32, 33, 34, 35, 36, 37, 38, 39, 40, 41, 42, 43, 44, 45, 46, 47, 48, 49, 50, 51, 52, 53, 54, 55, 56], [0, 1, 2, 3, 4, 5, 6, 7, 8, 9, 10, 11, 12, 13, 14, 15, 16, 17, 18, 19, 20, 21, 22, 23, 24, 25, 26, 27, 28, 29, 30, 31, 32, 33, 34, 35, 36, 37, 38, 39, 40, 41, 42, 43, 44, 45, 46, 47, 48, 49, 50, 51, 52, 53, 54, 55, 56, 57, 58, 59, 60, 61, 62, 63, 64, 65, 66, 67, 68, 69, 70, 71, 72, 73, 74, 75, 76, 77, 78, 79, 80, 81, 82, 83, 84, 85, 86, 87, 88, 89, 90, 91, 92, 93, 94, 95, 96, 97, 98, 99, 100, 101, 102, 103, 104, 105, 106, 107, 108, 109, 110, 111, 112, 113, 114, 115, 116, 117, 118, 119, 120, 121, 122, 123, 124, 125, 126, 127, 128, 129, 130, 131, 132, 133, 134, 135, 136, 137, 138, 139, 140, 141, 142, 143, 144, 145, 146, 147, 148, 149, 150]]
