tree
version=v2
num_class=1
num_tree_per_iteration=1
label_index=0
max_feature_idx=13
objective=binary sigmoid:1
feature_names=c_table_1.c_2 c_table_1.c_3 c_table_1.c_5 n_table_1.n_3 n_table_1.n_10 n_table_1.n_12 n_table_1.n_15 n_table_1.n_16 n_table_1.n_17 n_table_1.n_18 n_table_1.n_19 n_table_1.n_26 n_table_1.n_27 c_table_2.c_4
feature_infos=49:0:5:3:8:19:33:31:47:159:129:39:41:26:141:36:21:78:84:6:74:88:176:90:29:189:30:106:75:110:57:65:77:28:73:197:89:107:155:43:147:40:46:67:69:146:167:10:66:101:11:99:2:48:200:12:13:71:9:60:140:198:52:85:93:154:17:32:34:50:58:64:83:100:117:148:161:175:196:4:59:72:87:91:95:187:20:35:56:98:102:111:116:120:128:144:168:179:185:1:25:42:55:76:92:94:104:112:126:139:162:164:190:15:18:37:51:115:118:127:133:149:158:169:180:182:191:194:203 46:0:74:18:55:6:64:102:68:3:87:45:36:37:84:147:5:48:121:81:86:22:181:10:2:16:92:52:71:56:79:148:109:101:115:169:42:98:19:95:93:188:27:40:114:126:135:53:151:62:106:150:9:33:39:54:94:123:11:14:30:213:8:70:130:146:154:207:23:24:72:120:155:80:100:118:158:166:186:187:200:210:211:34:89:201:1:75:82:111:119:153:163:191:208:20:21:29:58:61:66:116:162:174:183:185:197:212:13:41:43:49:83:85:107:117:127:134:167:170:176:190:193:50:63:78:88:97:122:136:137:168:175:182:203:217:218 2:0:7:8:9:3:10:1:6:17:20:4:22:26:25:12:47:14:5:33:29:11:18:42:24:16:41:19:31:38:13:30:36:43:54:55 [1:175] [1:68.5] [1:8524] [1:263222] [1:249100] [1:418837] [1:574087] [1:1285890] [1:121640] [1:151] 18:0:70:6:20:32:21:40:12:38:10:4:9:46:78:27:60:23:31:7:59:67:11:24:68:107:93:16:55:49:81:131:48:30:72:114:90:51:66:101:104:119:87:15:5:29:111:82:96:89:14:88:100:41:79:80:28:97:113:1:8:33:35:39:61:98:108:120:140:17:45:50:91:25:64:105:106:133:13:19:26:37:42:54:58:69:71:83:95:99:102:118:148
tree_sizes=846 782 681 689 734 698

Tree=0
num_leaves=9
num_cat=2
split_feature=10 0 3 0 8 12 6 6
split_gain=22.7909 3.07704 4.74608 2.98376 0.938052 0.835478 0.778492 0.84524
threshold=119585.00000000001 0 16.000000000000004 1 36604.000000000007 3.2500000000000004 6535.0000000000009 10.750000000000002
decision_type=2 5 2 5 2 2 2 2
left_child=1 2 -1 -2 -5 6 7 -3
right_child=3 5 -4 4 -6 -7 -8 -9
leaf_value=-3.0490578586403094 -3.2622693894703345 -3.2541377823112931 -3.2582173970823094 -3.1299737844607116 -2.7939695999318857 -3.3524923503299338 -3.2246109813598598 -3.3429820800865717
leaf_count=161 110 1287 206 124 193 343 126 250
internal_value=0 -0.206158 0.141051 1.03903 0.955037 -0.272493 -0.209759 -0.2466
internal_count=2800 2373 367 427 317 2006 1663 1537
cat_boundaries=0 3 9
cat_threshold=805830688 163840 50340872 64 131072 84934656 16384 0 536870912
shrinkage=1


Tree=1
num_leaves=9
num_cat=1
split_feature=9 13 4 6 6 6 9 4
split_gain=12.762 7.07251 2.43564 4.60719 0.719017 0.614894 1.50759 0.880481
threshold=36334.750000000007 0 1.7500000000000002 59480.500000000007 56389.750000000007 5305.7500000000009 17156.500000000004 1.7500000000000002
decision_type=2 5 2 2 2 2 2 2
left_child=1 -1 3 -2 -4 7 -7 -3
right_child=2 5 4 -5 -6 6 -8 -9
leaf_value=0.077475605596224628 0.27189442630985478 -0.087143372218936838 -0.027877323200706631 0 0.071301945966156063 0.048504837005244411 -0.08565940747620536 0
leaf_count=246 193 1611 88 152 80 155 140 135
internal_value=0 -0.195476 0.62922 0.849336 0 -0.297848 -0 -0.377573
internal_count=2800 2287 513 345 168 2041 295 1746
cat_boundaries=0 3
cat_threshold=8651328 268517633 272
shrinkage=0.212322


Tree=2
num_leaves=7
num_cat=3
split_feature=1 9 2 3 13 9
split_gain=17.7885 22.4396 8.64353 2.0754 2.20718 1.34555
threshold=0 84005.500000000015 1 1.7500000000000002 2 32684.500000000004
decision_type=5 2 5 2 5 2
left_child=-1 2 3 4 -2 -5
right_child=1 -3 -4 5 -6 -7
leaf_value=-0.11874252553598569 0.068637294141401239 0.42391191376277482 0.1289327026885731 -0.13218310108350792 -0.020877047349764685 0
leaf_count=724 109 98 282 262 1246 79
internal_value=0 0.254266 0.0927045 -0.0891783 -0 -0.442043
internal_count=2800 2076 1978 1696 1355 341
cat_boundaries=0 6 7 9
cat_threshold=263244 8413184 2160100497 1074274304 1572864 2097664 67109789 8651328 16385
shrinkage=0.212322


Tree=3
num_leaves=7
num_cat=2
split_feature=1 0 6 6 6 8
split_gain=15.4382 12.5578 8.39049 0.6548 0.225399 0.00143634
threshold=0 1 2328.2500000000005 1.7500000000000002 10924.000000000002 58.750000000000007
decision_type=5 5 2 2 2 2
left_child=-1 3 5 -2 -5 -3
right_child=1 2 -4 4 -6 -7
leaf_value=-0.11593069395041396 -0 0.0034989206841564095 0.25537417002942092 -0.099776707818102828 -0 -0
leaf_count=715 1161 95 410 129 145 145
internal_value=0 0.229432 0.658922 -0.0763226 -0.29475 0
internal_count=2800 2085 650 1435 274 240
cat_boundaries=0 6 13
cat_threshold=263756 1082155008 2160100481 1074274308 1572864 2097664 69207297 33571330 16785408 0 262146 65536 32
shrinkage=0.212322


Tree=4
num_leaves=7
num_cat=3
split_feature=1 7 1 7 13 4
split_gain=11.8483 8.77567 3.73566 4.32434 2.02153 1.0197
threshold=0 26840.500000000004 1 1102.0000000000002 2 1.7500000000000002
decision_type=5 2 5 2 5 2
left_child=-1 2 3 -2 -4 -6
right_child=1 -3 4 -5 5 -7
leaf_value=-0.10992668020322868 0.31059979151701589 0.2236863097563139 0.044057149430020752 0 -0.015707692116385223 -0.11253857919699335
leaf_count=715 89 101 215 123 1411 146
internal_value=0 0.169791 0.0459571 0.426163 -0.0505407 -0.141527
internal_count=2800 2085 1984 212 1772 1557
cat_boundaries=0 6 10 13
cat_threshold=134481484 1075863552 2160100497 1074274308 1572864 2097152 4259840 5309440 537919488 262208 3229876800 147713 536870928
shrinkage=0.212322


Tree=5
num_leaves=7
num_cat=3
split_feature=1 0 4 7 10 13
split_gain=8.49693 6.58511 3.45686 4.04992 2.69242 1.67852
threshold=0 1 4.7500000000000009 19.750000000000004 1062.2500000000002 2
decision_type=5 5 2 2 2 5
left_child=-1 4 3 -3 5 -2
right_child=1 2 -4 -5 -6 -7
leaf_value=-0.096843229720798576 0.057347299756175474 -0 -0 0.16696289794989083 -0.1358895855187652 -0.022640190827521858
leaf_count=710 106 175 128 460 205 1016
internal_value=0 0.136527 0.393948 0.62168 -0.1052 -0
internal_count=2800 2090 763 635 1327 1122
cat_boundaries=0 6 13 16
cat_threshold=134219340 8413184 12616849 1107304452 1572864 2097664 2216690689 33554946 67108864 0 262146 0 32 262720 0 64
shrinkage=0.212322


end of trees

feature importances:
n_table_1.n_15=8
c_table_1.c_3=5
c_table_1.c_2=4
n_table_1.n_10=4
n_table_1.n_18=4
c_table_2.c_4=4
n_table_1.n_16=3
n_table_1.n_3=2
n_table_1.n_17=2
n_table_1.n_19=2
c_table_1.c_5=1
n_table_1.n_27=1

parameters:
[boosting: gbdt]
[objective: binary]
[metric: auc]
[tree_learner: serial]
[device_type: cpu]
[data: ]
[valid: ]
[num_iterations: 100]
[learning_rate: 0.212322]
[num_leaves: 77]
[num_threads: 4]
[max_depth: 5]
[min_data_in_leaf: 20]
[min_sum_hessian_in_leaf: 3.3517]
[bagging_fraction: 0.7]
[bagging_freq: 33]
[bagging_seed: 3]
[feature_fraction: 0.5]
[feature_fraction_seed: 2]
[early_stopping_round: 0]
[max_delta_step: 0]
[lambda_l1: 1.38061]
[lambda_l2: 1.89169]
[min_gain_to_split: 0]
[drop_rate: 0.1]
[max_drop: 50]
[skip_drop: 0.5]
[xgboost_dart_mode: 0]
[uniform_drop: 0]
[drop_seed: 4]
[top_rate: 0.2]
[other_rate: 0.1]
[min_data_per_group: 100]
[max_cat_threshold: 32]
[cat_l2: 10]
[cat_smooth: 10]
[max_cat_to_onehot: 4]
[top_k: 20]
[monotone_constraints: ]
[feature_contri: ]
[forcedsplits_filename: ]
[refit_decay_rate: 0.9]
[verbosity: -1]
[max_bin: 255]
[min_data_in_bin: 3]
[bin_construct_sample_cnt: 200000]
[histogram_pool_size: -1]
[data_random_seed: 1]
[output_model: LightGBM_model.txt]
[snapshot_freq: -1]
[input_model: ]
[output_result: LightGBM_predict_result.txt]
[initscore_filename: ]
[valid_data_initscores: ]
[pre_partition: 0]
[enable_bundle: 1]
[max_conflict_rate: 0]
[is_enable_sparse: 1]
[sparse_threshold: 0.8]
[use_missing: 1]
[zero_as_missing: 0]
[two_round: 0]
[save_binary: 0]
[enable_load_from_binary_file: 1]
[header: 0]
[label_column: ]
[weight_column: ]
[group_column: ]
[ignore_column: ]
[categorical_feature: ]
[predict_raw_score: 0]
[predict_leaf_index: 0]
[predict_contrib: 0]
[num_iteration_predict: -1]
[pred_early_stop: 0]
[pred_early_stop_freq: 10]
[pred_early_stop_margin: 10]
[convert_model_language: ]
[convert_model: gbdt_prediction.cpp]
[num_class: 1]
[is_unbalance: 0]
[scale_pos_weight: 1]
[sigmoid: 1]
[boost_from_average: 1]
[reg_sqrt: 0]
[alpha: 0.9]
[fair_c: 1]
[poisson_max_delta_step: 0.7]
[tweedie_variance_power: 1.5]
[max_position: 20]
[label_gain: ]
[metric_freq: 1]
[is_provide_training_metric: 0]
[eval_at: ]
[num_machines: 1]
[local_listen_port: 12400]
[time_out: 120]
[machine_list_filename: ]
[machines: ]
[gpu_platform_id: -1]
[gpu_device_id: -1]
[gpu_use_dp: 0]

end of parameters

pandas_categorical:[[0, 1, 2, 3, 4, 5, 6, 7, 8, 9, 10, 11, 12, 13, 14, 15, 16, 17, 18, 19, 20, 21, 22, 23, 24, 25, 26, 27, 28, 29, 30, 31, 32, 33, 34, 35, 36, 37, 38, 39, 40, 41, 42, 43, 44, 45, 46, 47, 48, 49, 50, 51, 52, 53, 54, 55, 56, 57, 58, 59, 60, 61, 62, 63, 64, 65, 66, 67, 68, 69, 70, 71, 72, 73, 74, 75, 76, 77, 78, 79, 80, 81, 82, 83, 84, 85, 86, 87, 88, 89, 90, 91, 92, 93, 94, 95, 96, 97, 98, 99, 100, 101, 102, 103, 104, 105, 106, 107, 108, 109, 110, 111, 112, 113, 114, 115, 116, 117, 118, 119, 120, 121, 122, 123, 124, 125, 126, 127, 128, 129, 130, 131, 132, 133, 134, 135, 136, 137, 138, 139, 140, 141, 142, 143, 144, 145, 146, 147, 148, 149, 150, 151, 152, 153, 154, 155, 156, 157, 158, 159, 160, 161, 162, 163, 164, 165, 166, 167, 168, 169, 170, 171, 172, 173, 174, 175, 176, 177, 178, 179, 180, 181, 182, 183, 184, 185, 186, 187, 188, 189, 190, 191, 192, 193, 194, 195, 196, 197, 198, 199, 200, 201, 202, 203, 204, 205, 206], [0, 1, 2, 3, 4, 5, 6, 7, 8, 9, 10, 11, 12, 13, 14, 15, 16, 17, 18, 19, 20, 21, 22, 23, 24, 25, 26, 27, 28, 29, 30, 31, 32, 33, 34, 35, 36, 37, 38, 39, 40, 41, 42, 43, 44, 45, 46, 47, 48, 49, 50, 51, 52, 53, 54, 55, 56, 57, 58, 59, 60, 61, 62, 63, 64, 65, 66, 67, 68, 69, 70, 71, 72, 73, 74, 75, 76, 77, 78, 79, 80, 81, 82, 83, 84, 85, 86, 87, 88, 89, 90, 91, 92, 93, 94, 95, 96, 97, 98, 99, 100, 101, 102, 103, 104, 105, 106, 107, 108, 109, 110, 111, 112, 113, 114, 115, 116, 117, 118, 119, 120, 121, 122, 123, 124, 125, 126, 127, 128, 129, 130, 131, 132, 133, 134, 135, 136, 137, 138, 139, 140, 141, 142, 143, 144, 145, 146, 147, 148, 149, 150, 151, 152, 153, 154, 155, 156, 157, 158, 159, 160, 161, 162, 163, 164, 165, 166, 167, 168, 169, 170, 171, 172, 173, 174, 175, 176, 177, 178, 179, 180, 181, 182, 183, 184, 185, 186, 187, 188, 189, 190, 191, 192, 193, 194, 195, 196, 197, 198, 199, 200, 201, 202, 203, 204, 205, 206, 207, 208, 209, 210, 211, 212, 213, 214, 215, 216, 217, 218, 219, 220], [0, 1, 2, 3, 4, 5, 6, 7, 8, 9, 10, 11, 12, 13, 14, 15, 16, 17, 18, 19, 20, 21, 22, 23, 24, 25, 26, 27, 28, 29, 30, 31, 32, 33, 34, 35, 36, 37, 38, 39, 40, 41, 42, 43, 44, 45, 46, 47, 48, 49, 50, 51, 52, 53, 54, 55, 56], [0, 1, 2, 3, 4, 5, 6, 7, 8, 9, 10, 11, 12, 13, 14, 15, 16, 17, 18, 19, 20, 21, 22, 23, 24, 25, 26, 27, 28, 29, 30, 31, 32, 33, 34, 35, 36, 37, 38, 39, 40, 41, 42, 43, 44, 45, 46, 47, 48, 49, 50, 51, 52, 53, 54, 55, 56, 57, 58, 59, 60, 61, 62, 63, 64, 65, 66, 67, 68, 69, 70, 71, 72, 73, 74, 75, 76, 77, 78, 79, 80, 81, 82, 83, 84, 85, 86, 87, 88, 89, 90, 91, 92, 93, 94, 95, 96, 97, 98, 99, 100, 101, 102, 103, 104, 105, 106, 107, 108, 109, 110, 111, 112, 113, 114, 115, 116, 117, 118, 119, 120, 121, 122, 123, 124, 125, 126, 127, 128, 129, 130, 131, 132, 133, 134, 135, 136, 137, 138, 139, 140, 141, 142, 143, 144, 145, 146, 147, 148, 149, 150]]
