tree
version=v2
num_class=1
num_tree_per_iteration=1
label_index=0
max_feature_idx=17
objective=binary sigmoid:1
feature_names=c_table_1.c_1 c_table_1.c_2 n_table_1.n_3 c_table_1.c_6 n_table_1.n_5 n_table_1.n_9 n_table_1.n_10 n_table_1.n_11 n_table_1.n_12 n_table_1.n_15 n_table_1.n_16 n_table_1.n_17 n_table_1.n_18 n_table_1.n_19 n_table_1.n_20 n_table_1.n_26 c_table_2.c_5 n_table_2.n_14
feature_infos=1:0 2:0:6:10:16:17:29:9:7:24:13:37:14:15:12:11:18:45:33:19:56:63:60:26:73:38:3:55:54:64:4:70:83:20:22:34:30:21:36:39:58:65:68:74:35:47:71:57:114:1:32:44:59:134:31:53:78:139:8:48:81:85:94:111:119:27:28:42:69:82:90:92:104:105:106:115:128:144:23:46:49:50:52:75:79:80:98:103:116:122:25:40:43:72:86:93:96:97:99:107:112:118:127:129:133:146:152:164 [1:175] 1:0:2:3:4:7:8:9:13:5:6:10:11:12 [1:24272.5] [1:2481850] [1:70] [1:6121] [1:7070.5] [1:423494] [1:313693] [1:372140] [1:441384] [1:1178200] [1:18856] [1:121640] 1:0:6:7:9:10:15:11:4:14:12:2:13:5:16:22:3:8:18:17:20:23:19:28 [1:92.5]
tree_sizes=1881 2072 1584 1374 1294 1729 1525

Tree=0
num_leaves=24
num_cat=0
split_feature=12 10 8 10 5 5 5 13 5 12 13 8 13 10 15 10 12 10 13 10 13 12 10
split_gain=52.7901 9.88188 9.14107 7.39133 5.67122 2.54 3.98996 1.86406 2.12802 1.19751 1.09943 1.21649 0.897257 1.31168 0.745842 0.787131 0.272367 1.08993 0.251326 0.199296 0.142379 0.0909718 0.000325134
threshold=15357.250000000002 97042.000000000015 63.250000000000007 14739.250000000002 152.50000000000003 779.50000000000011 63703.000000000007 5632.7500000000009 2833.7500000000005 12279.250000000002 4370.5000000000009 1.7500000000000002 3225.2500000000005 7.0000000000000009 520.75000000000011 6753.2500000000009 299551.00000000006 118302.00000000001 6.2500000000000009 2693.5000000000005 52.750000000000007 1158.2500000000002 9017.5000000000018
decision_type=2 2 2 2 2 2 2 2 2 2 2 2 2 2 2 2 2 2 2 2 2 2 2
left_child=2 3 7 5 -5 22 14 8 10 19 11 18 13 -10 15 -7 17 -3 -1 -4 -13 -12 -2
right_child=1 16 9 4 -6 6 -8 -9 12 -11 21 20 -14 -15 -16 -17 -18 -19 -20 -21 -22 -23 -24
leaf_value=-2.7333214956951544 -2.6232773576997706 -2.6178251095094844 -2.131590327755172 -2.437955121202386 -1.4361602870270951 -1.9301374066519541 -2.6178251095094844 -2.9128270426648819 -2.6178251095094844 -2.6178251095094844 -2.6178251095094844 -2.5143307575128531 -2.6178251095094844 -2.1130344821635396 -2.6178251095094844 -2.6178251095094844 -2.6937951071869044 -2.2551676799451714 -2.860574269607473 -2.6178251095094844 -2.6178251095094844 -2.5210715499848022 -2.6178251095094844
leaf_count=2073 26 70 87 87 179 103 67 434 45 22 20 37 30 22 23 22 50 20 414 66 57 25 21
internal_value=0 0.998084 -0.206058 1.23703 1.74422 0.519319 0.69959 -0.262514 -0.203422 0.580782 -0.231125 -0.246862 0.215648 0.464124 1.02109 1.13174 0 0.156918 -0.2662 0.696481 0 0.0460318 -0
internal_count=4000 668 3332 528 266 262 215 3157 2723 175 2626 2581 97 67 148 125 140 90 2487 153 94 45 47
shrinkage=1


Tree=1
num_leaves=29
num_cat=0
split_feature=5 15 8 13 9 11 2 11 6 13 9 9 9 9 2 2 11 8 15 13 9 11 5 5 8 12 13 11
split_gain=6.48005 2.26955 3.30117 4.15933 2.93745 2.60675 2.80835 2.02576 1.83571 2.12201 1.78259 1.26852 1.24545 1.01639 0.830701 0.658195 1.56958 0.486991 0.353211 0.30991 0.253775 0.186252 0.160209 0.149136 0.104468 0.103953 0.0768968 0.0318458
threshold=41.500000000000007 412.00000000000006 219.25000000000003 16582.750000000004 84058.000000000015 106.00000000000001 33.250000000000007 42511.750000000007 12.250000000000002 6.2500000000000009 5671.0000000000009 54716.500000000007 2736.2500000000005 28981.000000000004 55.750000000000007 36.250000000000007 6228.2500000000009 28.750000000000004 187.75000000000003 1601.5000000000002 152053.50000000003 11538.250000000002 1498.7500000000002 10219.000000000002 392.50000000000006 9087.2500000000018 1.7500000000000002 50483.500000000007
decision_type=2 2 2 2 2 2 2 2 2 2 2 2 2 2 2 2 2 2 2 2 2 2 2 2 2 2 2 2
left_child=8 2 3 5 14 6 -2 13 9 17 23 -11 18 -3 25 16 -12 26 -7 -8 -9 -15 -14 -4 -17 -5 -1 -26
right_child=1 7 10 4 -6 12 19 20 -10 11 15 -13 22 21 -16 24 -18 -19 -20 -21 -22 -23 -24 -25 27 -27 -28 -29
leaf_value=-0.064834861769620736 0.41936352455191106 0.24406140537895554 -0 0 -0 -0.28304353391217585 -0.13059517171457347 0.50893130796312858 0.25420829993526362 -0.27520073908524983 0 0 0.099150156455142413 0 0 0.0043938528402697775 -0.34201683949941053 0.051047476612544794 -0 0 0 -0.13466210639784809 -0.011170098948412074 0.11273094252146312 -0 0.42007668465470083 0 -0.085797776468048384
leaf_count=2045 76 25 35 38 94 173 69 51 27 504 25 72 59 22 28 21 112 26 31 21 33 56 35 23 21 212 29 37
internal_value=0 0.164427 0.0652119 0.218959 0.477556 -0.00627821 0.298971 0.479185 -0.155952 -0.178832 -0.175526 -0.426773 -0.290699 0 0.658802 -0.340801 -0.481228 -0.0971315 -0.453968 -0 0.756367 -0.134161 0 0.0874559 -0 0.726737 -0.115622 -0.1137
internal_count=4000 1297 1110 836 372 464 166 187 2703 2676 274 576 298 103 278 216 137 2100 204 90 84 78 94 58 79 250 2074 58
shrinkage=0.544036


Tree=2
num_leaves=21
num_cat=1
split_feature=1 5 14 14 11 8 12 14 17 6 11 11 12 7 7 12 14 11 5 11
split_gain=13.9797 5.29523 8.61228 3.14063 6.72907 1.93995 2.79893 1.99605 1.73894 1.30077 0.95288 0.645633 0.912086 0.258164 0.880581 0.191176 0.145107 0.0928983 0.0638967 0.00127448
threshold=0 213853.50000000003 1.7500000000000002 27.250000000000004 415.75000000000006 92.500000000000014 151021.00000000003 3902.5000000000005 1.7500000000000002 4.7500000000000009 60318.250000000007 15223.000000000002 4670.5000000000009 160.00000000000003 450.25000000000006 16073.500000000002 3.2500000000000004 129685.50000000001 1686.2500000000002 101132.75000000001
decision_type=5 2 2 2 2 2 2 2 2 2 2 2 2 2 2 2 2 2 2 2
left_child=1 2 8 16 15 11 7 10 -1 -3 -7 12 -6 -4 -15 -5 -2 -8 -13 -9
right_child=3 9 13 4 5 6 17 19 -10 -11 -12 18 -14 14 -16 -17 -18 -19 -20 -21
leaf_value=-0.0034473800304544492 0 0.45466653734622064 -0.3710776826948684 0.52357892549582519 0 0.39060417556595284 -0.06723979377534052 -0 -0.24847114648560406 0 0 0.092762232262423236 -0.21874752175039303 0 -0.22468486615552516 0 -0.15054258325347283 0 0 0.0087591157806617883
leaf_count=1800 24 39 615 265 185 168 47 79 167 34 22 89 118 112 58 22 82 20 33 21
internal_value=0 -0.184483 -0.244431 0.282665 0.371107 0.176844 0.319874 0.462267 -0.0667915 0.518997 0.619995 -0 -0.153208 -0.604452 -0.120453 0.897587 -0.197033 -0.0414716 0.132165 0
internal_count=4000 2825 2752 1175 1069 782 357 290 1967 73 190 425 303 785 170 287 106 67 122 100
cat_boundaries=0 3
cat_threshold=1141527773 58728474 524800
shrinkage=0.544036


Tree=3
num_leaves=18
num_cat=2
split_feature=16 1 5 14 10 2 9 2 6 5 10 10 14 14 14 9 14
split_gain=6.64423 4.41604 4.04547 3.17527 1.47702 1.13072 2.23975 0.867258 0.953239 0.60205 1.30416 0.275539 0.184138 0.169001 0.080069 0.0327355 0.0166153
threshold=0 1 213853.50000000003 28.750000000000004 41659.750000000007 42.250000000000007 69160.000000000015 52.750000000000007 12.250000000000002 7.0000000000000009 23684.500000000004 6620.5000000000009 8403.2500000000018 6.2500000000000009 3.2500000000000004 116399.50000000001 5142.2500000000009
decision_type=5 5 2 2 2 2 2 2 2 2 2 2 2 2 2 2 2
left_child=1 2 4 14 13 6 9 8 12 -5 -11 -7 -2 -1 -3 -8 -17
right_child=7 3 -4 5 -6 11 15 -9 -10 10 -12 -13 -14 -15 -16 16 -18
leaf_value=-0 -0.22757976561535004 0.0086889647294651606 0.17827869560459506 0 0 -0.13696213947449223 -0.035572603180145906 0 0 0.30115701016447599 0.0028335422804928309 0.026626489015809791 -0 -0.30223212339934735 -0.060943534909668452 -0 0.026249499168051072
leaf_count=29 844 1544 42 130 33 37 49 20 22 437 98 56 35 450 72 27 75
internal_value=0 0.0631498 -0.218353 0.136329 -0.466486 0.286581 0.325353 -0.296072 -0.374359 0.412697 0.454809 -0 -0.405979 -0.537633 0 -0 0.0107129
internal_count=4000 3079 554 2525 512 909 816 921 901 665 535 93 879 479 1616 151 102
cat_boundaries=0 1 4
cat_threshold=86407 1147322580 58728530 524288
shrinkage=0.544036


Tree=4
num_leaves=17
num_cat=1
split_feature=17 8 13 3 13 10 13 8 11 14 11 12 11 10 11 5
split_gain=2.11995 1.87102 1.22063 1.16285 2.07873 0.981703 0.872224 0.410055 0.883515 2.02095 1.07991 1.5717 0.966399 0.310137 0.029158 0.00759019
threshold=9.2500000000000018 1780.0000000000002 272606.00000000006 0 1601.5000000000002 41215.000000000007 621316.50000000012 992.50000000000011 24052.750000000004 1960.0000000000002 5778.2500000000009 26854.750000000004 13520.500000000002 200.50000000000003 17.500000000000004 20564.500000000004
decision_type=2 2 2 5 2 2 2 2 2 2 2 2 2 2 2 2
left_child=1 3 -3 4 14 13 -4 8 10 -10 11 -5 -12 -6 -1 -11
right_child=-2 2 6 7 5 -7 -8 -9 9 15 12 -13 -14 -15 -16 -17
leaf_value=0.036356912036409096 -0.25337261677716871 0.3610807791000632 -0.062643465384184874 0 -0 0 0.1966458475386326 -0.11851335049698046 0.34756775935113005 -0 -0.2586734580463329 0.31122867880254307 -0 -0.32902014751862785 -0 0.015060203193301735
leaf_count=47 140 39 56 2796 32 31 33 70 41 109 148 23 150 196 34 55
internal_value=0 0.00174899 0.317966 -0.0159081 -0.190595 -0.472546 0 0.0051019 0.021861 0.191485 -0 0.0221319 -0.236723 -0.548685 0 0
internal_count=4000 3860 128 3732 340 259 89 3392 3322 205 3117 2819 298 228 81 164
cat_boundaries=0 1
cat_threshold=2
shrinkage=0.544036


Tree=5
num_leaves=23
num_cat=6
split_feature=16 1 8 13 11 2 11 8 16 8 2 12 1 2 11 8 1 16 13 11 11 2
split_gain=2.81277 2.34277 0.970816 0.794653 0.565324 0.553731 0.648271 0.516869 0.772861 1.60331 0.765404 0.47346 0.45804 0.372914 0.315131 0.322158 0.246604 0.618276 0.226821 0.213374 0.0317498 0.00984887
threshold=0 1 1780.0000000000002 20934.250000000004 3988.0000000000005 37.750000000000007 106.00000000000001 219.25000000000003 2 1759.0000000000002 37.750000000000007 39906.250000000007 3 33.250000000000007 1050.2500000000002 3.2500000000000004 4 5 16582.750000000004 359.50000000000006 320.50000000000006 42.250000000000007
decision_type=5 5 2 2 2 2 2 2 5 2 2 2 5 2 2 2 5 5 2 2 2 2
left_child=-1 2 4 5 13 6 16 12 10 -10 11 -9 -5 20 18 -16 17 -3 -8 -7 -2 -15
right_child=1 3 -4 7 -6 19 14 8 9 -11 -12 -13 -14 21 15 -17 -18 -19 -20 -21 -22 -23
leaf_value=-0.15262480342103088 -0.15073280531772848 0.049022464873928889 0 -0 -0.32544209790192513 -0.18644035613298487 -0.17534689085560756 0 -0 0.28597908006711509 0 -0.2306389077992439 0.16780307718186158 0.029336972971612665 0.14459667362331213 -0.061459631420321729 0.096698407768713662 -0.024400911838086917 0 0 -0 -0
leaf_count=415 126 1056 24 122 227 65 103 21 73 55 37 59 230 26 43 61 262 786 28 64 67 50
internal_value=0 0.028528 -0.195557 0.0742817 -0.352537 0.0181797 0.0448405 0.173215 0.0176609 0.15079 -0.0708287 -0.296029 0.274817 -0.0487268 -0.117565 0 0.0783265 0.0206216 -0.241692 -0.212237 -0.20803 0
internal_count=4000 3585 520 3065 496 2468 2339 597 245 128 117 80 352 269 235 104 2104 1842 131 129 193 76
cat_boundaries=0 1 4 5 7 10 11
cat_threshold=4498992 1142603804 50339858 528 2 553713664 8388608 4194305 335544384 524288 2182
shrinkage=0.544036


Tree=6
num_leaves=21
num_cat=0
split_feature=17 9 2 9 15 15 14 15 13 14 14 9 13 2 14 9 14 15 5 13
split_gain=0.942756 0.238416 0.988836 0.887077 0.736871 0.68686 0.969896 0.402103 0.741845 0.359265 0.584478 0.354568 0.316 0.284204 0.263061 0.2391 0.384281 0.102647 0.0117923 0.000451941
threshold=9.2500000000000018 25966.000000000004 37.750000000000007 55936.750000000007 3.2500000000000004 574.00000000000011 2131.7500000000005 597.25000000000011 5632.7500000000009 27.250000000000004 48.250000000000007 116399.50000000001 166188.00000000003 33.250000000000007 3.2500000000000004 379.75000000000006 309.25000000000006 6.2500000000000009 183997.50000000003 1.7500000000000002
decision_type=2 2 2 2 2 2 2 2 2 2 2 2 2 2 2 2 2 2 2 2
left_child=1 7 3 5 -5 6 -3 8 9 14 -11 -6 15 -12 19 -10 -17 -4 -13 -1
right_child=-2 2 17 4 11 -7 -8 -9 12 10 13 18 -14 -15 -16 16 -18 -19 -20 -21
leaf_value=-0.0011528959417283723 -0.18379638912401638 0.24687009406933583 0 0 -0.27423421267237752 -0 -0 0.11324779384970628 0 0.19296232800004173 0.045931447507169397 -0.019840144856524973 0 -0.064449603293516594 -0.11780379552389915 0 -0.1317725565829177 0.19223640520279847 0 0
leaf_count=1910 140 53 72 32 74 33 53 27 92 67 288 96 36 205 135 86 450 88 23 40
internal_value=0 0 0.0667352 -0 -0.166408 0.146672 0.288241 -0.0117558 -0.0284533 0 0.0950741 -0.275172 -0.136543 0 -0.0197617 -0.169168 -0.199559 0.280019 -0 -0
internal_count=4000 3860 524 364 225 139 106 3336 3309 2645 560 193 664 493 2085 628 536 160 119 1950
shrinkage=0.544036


end of trees

feature importances:
n_table_1.n_17=19
n_table_1.n_19=17
n_table_1.n_20=15
n_table_1.n_9=13
n_table_1.n_12=12
n_table_1.n_15=12
n_table_1.n_16=12
n_table_1.n_3=11
n_table_1.n_18=10
n_table_1.n_26=7
c_table_1.c_2=5
c_table_2.c_5=4
n_table_1.n_10=3
n_table_2.n_14=3
n_table_1.n_11=2
c_table_1.c_6=1

parameters:
[boosting: gbdt]
[objective: binary]
[metric: auc]
[tree_learner: serial]
[device_type: cpu]
[data: ]
[valid: ]
[num_iterations: 100]
[learning_rate: 0.544036]
[num_leaves: 55]
[num_threads: 4]
[max_depth: 7]
[min_data_in_leaf: 20]
[min_sum_hessian_in_leaf: 1.04542]
[bagging_fraction: 0.5]
[bagging_freq: 0]
[bagging_seed: 3]
[feature_fraction: 0.6]
[feature_fraction_seed: 2]
[early_stopping_round: 0]
[max_delta_step: 0]
[lambda_l1: 1.73556]
[lambda_l2: 1.58941]
[min_gain_to_split: 0]
[drop_rate: 0.1]
[max_drop: 50]
[skip_drop: 0.5]
[xgboost_dart_mode: 0]
[uniform_drop: 0]
[drop_seed: 4]
[top_rate: 0.2]
[other_rate: 0.1]
[min_data_per_group: 100]
[max_cat_threshold: 32]
[cat_l2: 10]
[cat_smooth: 10]
[max_cat_to_onehot: 4]
[top_k: 20]
[monotone_constraints: ]
[feature_contri: ]
[forcedsplits_filename: ]
[refit_decay_rate: 0.9]
[verbosity: -1]
[max_bin: 255]
[min_data_in_bin: 3]
[bin_construct_sample_cnt: 200000]
[histogram_pool_size: -1]
[data_random_seed: 1]
[output_model: LightGBM_model.txt]
[snapshot_freq: -1]
[input_model: ]
[output_result: LightGBM_predict_result.txt]
[initscore_filename: ]
[valid_data_initscores: ]
[pre_partition: 0]
[enable_bundle: 1]
[max_conflict_rate: 0]
[is_enable_sparse: 1]
[sparse_threshold: 0.8]
[use_missing: 1]
[zero_as_missing: 0]
[two_round: 0]
[save_binary: 0]
[enable_load_from_binary_file: 1]
[header: 0]
[label_column: ]
[weight_column: ]
[group_column: ]
[ignore_column: ]
[categorical_feature: ]
[predict_raw_score: 0]
[predict_leaf_index: 0]
[predict_contrib: 0]
[num_iteration_predict: -1]
[pred_early_stop: 0]
[pred_early_stop_freq: 10]
[pred_early_stop_margin: 10]
[convert_model_language: ]
[convert_model: gbdt_prediction.cpp]
[num_class: 1]
[is_unbalance: 0]
[scale_pos_weight: 1]
[sigmoid: 1]
[boost_from_average: 1]
[reg_sqrt: 0]
[alpha: 0.9]
[fair_c: 1]
[poisson_max_delta_step: 0.7]
[tweedie_variance_power: 1.5]
[max_position: 20]
[label_gain: ]
[metric_freq: 1]
[is_provide_training_metric: 0]
[eval_at: ]
[num_machines: 1]
[local_listen_port: 12400]
[time_out: 120]
[machine_list_filename: ]
[machines: ]
[gpu_platform_id: -1]
[gpu_device_id: -1]
[gpu_use_dp: 0]

end of parameters

pandas_categorical:[[0, 1, 2], [0, 1, 2, 3, 4, 5, 6, 7, 8, 9, 10, 11, 12, 13, 14, 15, 16, 17, 18, 19, 20, 21, 22, 23, 24, 25, 26, 27, 28, 29, 30, 31, 32, 33, 34, 35, 36, 37, 38, 39, 40, 41, 42, 43, 44, 45, 46, 47, 48, 49, 50, 51, 52, 53, 54, 55, 56, 57, 58, 59, 60, 61, 62, 63, 64, 65, 66, 67, 68, 69, 70, 71, 72, 73, 74, 75, 76, 77, 78, 79, 80, 81, 82, 83, 84, 85, 86, 87, 88, 89, 90, 91, 92, 93, 94, 95, 96, 97, 98, 99, 100, 101, 102, 103, 104, 105, 106, 107, 108, 109, 110, 111, 112, 113, 114, 115, 116, 117, 118, 119, 120, 121, 122, 123, 124, 125, 126, 127, 128, 129, 130, 131, 132, 133, 134, 135, 136, 137, 138, 139, 140, 141, 142, 143, 144, 145, 146, 147, 148, 149, 150, 151, 152, 153, 154, 155, 156, 157, 158, 159, 160, 161, 162, 163, 164, 165, 166, 167, 168, 169, 170, 171, 172, 173, 174, 175], [0, 1, 2, 3, 4, 5, 6, 7, 8, 9, 10, 11, 12, 13, 14, 15], [0, 1, 2, 3, 4, 5, 6, 7, 8, 9, 10, 11, 12, 13, 14, 15, 16, 17, 18, 19, 20, 21, 22, 23, 24, 25, 26, 27, 28, 29, 30]]
