tree
version=v2
num_class=1
num_tree_per_iteration=1
label_index=0
max_feature_idx=17
objective=binary sigmoid:1
feature_names=c_table_1.c_1 c_table_1.c_2 n_table_1.n_3 c_table_1.c_6 n_table_1.n_5 n_table_1.n_9 n_table_1.n_10 n_table_1.n_11 n_table_1.n_12 n_table_1.n_15 n_table_1.n_16 n_table_1.n_17 n_table_1.n_18 n_table_1.n_19 n_table_1.n_20 n_table_1.n_26 c_table_2.c_5 n_table_2.n_14
feature_infos=1:0 2:0:6:10:16:17:29:9:7:24:13:37:14:15:12:11:18:45:33:19:56:63:60:26:73:38:3:55:54:64:4:70:83:20:22:34:30:21:36:39:58:65:68:74:35:47:71:57:114:1:32:44:59:134:31:53:78:139:8:48:81:85:94:111:119:27:28:42:69:82:90:92:104:105:106:115:128:144:23:46:49:50:52:75:79:80:98:103:116:122:25:40:43:72:86:93:96:97:99:107:112:118:127:129:133:146:152:164 [1:175] 1:0:2:3:4:7:8:9:13:5:6:10:11:12 [1:24272.5] [1:2481850] [1:70] [1:6121] [1:7070.5] [1:423494] [1:313693] [1:372140] [1:441384] [1:1178200] [1:18856] [1:121640] 1:0:6:7:9:10:15:11:4:14:12:2:13:5:16:22:3:8:18:17:20:23:19:28 [1:92.5]
tree_sizes=630 661 635 665 693 655 614 625 654 717 671 649 725

Tree=0
num_leaves=7
num_cat=0
split_feature=13 4 14 14 10 13
split_gain=26.9296 8.08991 6.14384 3.81785 3.25846 1.90269
threshold=92375.500000000015 19.750000000000004 8196.2500000000018 547.75000000000011 8652.2500000000018 11783.500000000002
decision_type=2 2 2 2 2 2
left_child=1 5 4 -3 -2 -1
right_child=2 3 -4 -5 -6 -7
leaf_value=-2.6405708436350324 -2.6138272809332848 -2.6178251095094844 -2.6178251095094844 -2.542783728984519 -2.4988937557356921 -2.683624204770493
leaf_count=1614 76 155 59 100 208 188
internal_value=0 -0.245984 0.927137 0.355017 1.16229 -0.346941
internal_count=2400 2057 343 255 284 1802
shrinkage=1


Tree=1
num_leaves=8
num_cat=0
split_feature=13 4 2 4 14 13 7
split_gain=21.9809 7.04404 5.27746 4.43152 3.067 1.80492 1.02163
threshold=92375.500000000015 19.750000000000004 37.750000000000007 1.7500000000000002 547.75000000000011 11783.500000000002 142.75000000000003
decision_type=2 2 2 2 2 2 2
left_child=1 5 3 -2 -3 -1 -4
right_child=2 4 6 -5 -6 -7 -8
leaf_value=-0.021298470903779471 0.075484586375257373 -0 0.16222352164624948 -0 0.065740051166749566 -0.064174196990102184 0
leaf_count=1614 107 155 61 151 100 188 24
internal_value=0 -0.230306 0.803435 0.362068 0.318653 -0.327893 1.6472
internal_count=2400 2057 343 258 255 1802 85
shrinkage=0.0833459


Tree=2
num_leaves=7
num_cat=1
split_feature=1 14 5 14 4 14
split_gain=21.2086 9.22091 8.17071 0.394713 0.646563 0.289902
threshold=0 28.750000000000004 16.750000000000004 48.250000000000007 63.250000000000007 3.2500000000000004
decision_type=5 2 2 2 2 2
left_child=3 5 -3 -1 -5 -2
right_child=1 2 -4 4 -6 -7
leaf_value=-0.023372866705945884 -0 -0 0.071636831744571527 -0.056864160575735671 -0 -0.049995430938847923
leaf_count=1222 35 219 532 267 50 75
internal_value=0 0.383511 0.614559 -0.333579 -0.599368 -0.473284
internal_count=2400 861 751 1539 317 110
cat_boundaries=0 3
cat_threshold=72929489 25174018 512
shrinkage=0.0833459


Tree=3
num_leaves=7
num_cat=1
split_feature=1 11 14 9 5 14
split_gain=18.1369 9.15583 3.19801 2.16147 2.00666 1.02863
threshold=0 24356.500000000004 28.750000000000004 152053.50000000003 245096.50000000003 3.2500000000000004
decision_type=5 2 2 2 2 2
left_child=4 2 -2 -3 5 -1
right_child=1 3 -4 -5 -6 -7
leaf_value=-0.022617372871438543 -0.038695984011862798 0.10398339531190746 0.021799553791940218 0 0.021756329307050921 -0.054075603067818716
leaf_count=1214 84 154 573 23 23 329
internal_value=0 0.351496 0.131042 1.10799 -0.311709 -0.374656
internal_count=2400 834 657 177 1566 1543
cat_boundaries=0 3
cat_threshold=73027801 25174018 512
shrinkage=0.0833459


Tree=4
num_leaves=8
num_cat=0
split_feature=12 10 14 8 14 7 11
split_gain=13.451 4.70257 5.31984 3.23443 3.3481 1.86265 1.62616
threshold=15357.250000000002 8437.0000000000018 8196.2500000000018 72.250000000000014 556.75000000000011 6.2500000000000009 334.00000000000006
decision_type=2 2 2 2 2 2 2
left_child=3 5 -3 6 -5 -2 -1
right_child=1 2 -4 4 -6 -7 -8
leaf_value=-0.014365249808988482 0.03276751243168078 0.086184548533624672 -0 -0.021857016555370597 0.063766221847620971 -0.037406184270982197 -0.04704102956117192
leaf_count=1605 47 204 59 36 78 71 300
internal_value=0 0.545159 0.793165 -0.201261 0.3076 -0 -0.253481
internal_count=2400 381 263 2019 114 118 1905
shrinkage=0.0833459


Tree=5
num_leaves=7
num_cat=4
split_feature=1 15 1 14 16 0
split_gain=14.0187 6.69464 4.32889 1.24152 1.29262 0.333312
threshold=0 412.00000000000006 1 48.250000000000007 2 3
decision_type=5 2 5 2 5 1
left_child=3 2 -2 4 -1 -5
right_child=1 -3 -4 5 -6 -7
leaf_value=0.0063477822084231899 0.037505652716783779 0.10213236044868419 -0.0035099397701886066 -0 -0.020990818052414692 -0.057616192969617744
leaf_count=115 238 83 560 39 1111 254
internal_value=0 0.286525 0.169723 -0.290889 -0.223261 -0.628298
internal_count=2400 881 798 1519 1226 293
cat_boundaries=0 3 5 6 7
cat_threshold=72896729 25174018 512 553984000 2420113472 7300 2
shrinkage=0.0833459


Tree=6
num_leaves=7
num_cat=3
split_feature=1 5 1 4 5 16
split_gain=12.304 5.04346 3.41391 1.30933 0.845167 0.651175
threshold=0 2422.0000000000005 1 453.25000000000006 159961.00000000003 2
decision_type=5 2 5 2 2 5
left_child=4 2 -2 -3 5 -1
right_child=1 3 -4 -5 -6 -7
leaf_value=0 -0.018228597387675096 0.064795452282261787 0.021166056674547105 -0 0 -0.027102809646497705
leaf_count=123 223 245 357 25 24 1403
internal_value=0 0.272631 0.0536157 0.70246 -0.269988 -0.319112
internal_count=2400 850 580 270 1550 1526
cat_boundaries=0 3 5 6
cat_threshold=73027793 25174018 512 101900 32 6276
shrinkage=0.0833459


Tree=7
num_leaves=7
num_cat=0
split_feature=14 7 8 4 10 11
split_gain=8.72585 3.96576 2.36823 1.69245 1.35796 1.29426
threshold=274.00000000000006 229.00000000000003 1759.0000000000002 4.7500000000000009 2031.2500000000002 69.250000000000014
decision_type=2 2 2 2 2 2
left_child=4 3 -3 -2 5 -1
right_child=1 2 -4 -5 -6 -7
leaf_value=-0.0156461098669122 -0.0018985100326237383 0 0.12240929677832202 0.025244787851534459 0.020838238123955986 -0.057127137072824311
leaf_count=1461 355 57 36 318 27 146
internal_value=0 0.26425 0.916216 0.110386 -0.230547 -0.259046
internal_count=2400 766 93 673 1634 1607
shrinkage=0.0833459


Tree=8
num_leaves=7
num_cat=2
split_feature=1 16 5 5 5 4
split_gain=9.64258 3.12684 3.17662 2.938 1.84452 1.74237
threshold=0 1 7.0000000000000009 213853.50000000003 1.7500000000000002 1.7500000000000002
decision_type=5 5 2 2 2 2
left_child=3 2 -2 4 -1 -3
right_child=1 5 -4 -5 -6 -7
leaf_value=-0.016833301395184592 -0 -0.035322461932994223 0.048383902491708076 0.040351357384398247 -0.055402725080307948 0.0081552393033254966
leaf_count=1223 113 138 490 29 295 112
internal_value=0 0.239821 0.378729 -0.240937 -0.315515 -0.06232
internal_count=2400 853 603 1547 1518 250
cat_boundaries=0 3 4
cat_threshold=72372437 25174018 512 3
shrinkage=0.0833459


Tree=9
num_leaves=8
num_cat=2
split_feature=1 14 5 14 16 14 13
split_gain=8.18149 4.70603 4.26916 0.497168 1.1996 0.85369 0.475586
threshold=0 28.750000000000004 16.750000000000004 38.500000000000007 1 10632.250000000002 39.250000000000007
decision_type=5 2 2 2 5 2 2
left_child=3 6 -3 4 -1 -5 -2
right_child=1 2 -4 5 -6 -7 -8
leaf_value=0.0073944948181319465 0 -0.0018738478356265555 0.042333840806252646 -0.04891374301184237 -0.01742659194741936 0 -0.048374575878538079
leaf_count=116 33 245 528 257 1106 38 77
internal_value=0 0.210423 0.348348 -0.230586 -0.17383 -0.488178 -0.43203
internal_count=2400 883 773 1517 1222 295 110
cat_boundaries=0 3 4
cat_threshold=72372953 25165826 512 19588
shrinkage=0.0833459


Tree=10
num_leaves=7
num_cat=1
split_feature=1 14 11 5 14 13
split_gain=7.54094 3.42221 4.45158 3.16952 0.881282 0.479648
threshold=0 28.750000000000004 415.75000000000006 213853.50000000003 1.7500000000000002 52.750000000000007
decision_type=5 2 2 2 2 2
left_child=3 5 -3 4 -1 -2
right_child=1 2 -4 -5 -6 -7
leaf_value=-0.014652287311210741 0 0.071469676312708771 0.010545479666111895 0.043623020375339383 -0.041922873988446581 -0.041633969955187818
leaf_count=1201 29 188 480 32 404 66
internal_value=0 0.220687 0.352719 -0.207779 -0.281029 -0.331404
internal_count=2400 763 668 1637 1605 95
cat_boundaries=0 3
cat_threshold=72373973 25174018 512
shrinkage=0.0833459


Tree=11
num_leaves=7
num_cat=1
split_feature=1 14 11 14 4 13
split_gain=6.03161 3.52502 3.6972 0.654924 0.881179 0.42175
threshold=0 28.750000000000004 17.500000000000004 48.250000000000007 63.250000000000007 39.250000000000007
decision_type=5 2 2 2 2 2
left_child=3 5 -3 -1 -5 -2
right_child=1 2 -4 4 -6 -7
leaf_value=-0.012273273131640812 0 0.073382403801267204 0.011579400668233255 -0.049791396228052696 0 -0.045389534709234479
leaf_count=1222 33 118 657 244 49 77
internal_value=0 0.1709 0.284166 -0.206797 -0.483943 -0.397382
internal_count=2400 885 775 1515 293 110
cat_boundaries=0 3
cat_threshold=72405201 25174018 512
shrinkage=0.0833459


Tree=12
num_leaves=8
num_cat=1
split_feature=10 12 15 16 14 11 15
split_gain=5.49575 2.34928 2.31306 2.30161 1.62756 1.48959 0.0694625
threshold=8437.0000000000018 16073.500000000002 23.500000000000004 0 28.750000000000004 217.00000000000003 3.2500000000000004
decision_type=2 2 2 5 2 2 2
left_child=3 6 -3 4 -1 -5 -2
right_child=1 2 -4 5 -6 -7 -8
leaf_value=-0.0095230709227109561 -0.015814242561613265 0.1103273338220416 0.020427309884680226 -0.012058430646849116 0.016735625058177835 -0.051782428987311085 0
leaf_count=684 41 35 228 763 420 209 20
internal_value=0 0.354806 0.485587 -0.127533 0 -0.254003 -0.0928015
internal_count=2400 324 263 2076 1104 972 61
cat_boundaries=0 1
cat_threshold=18454
shrinkage=0.0833459


end of trees

feature importances:
n_table_1.n_20=20
c_table_1.c_2=10
n_table_1.n_9=9
n_table_1.n_5=8
n_table_1.n_19=7
n_table_1.n_17=6
c_table_2.c_5=5
n_table_1.n_16=4
n_table_1.n_11=3
n_table_1.n_26=3
n_table_1.n_12=2
n_table_1.n_18=2
c_table_1.c_1=1
n_table_1.n_3=1
n_table_1.n_15=1

parameters:
[boosting: gbdt]
[objective: binary]
[metric: auc]
[tree_learner: serial]
[device_type: cpu]
[data: ]
[valid: ]
[num_iterations: 100]
[learning_rate: 0.0833459]
[num_leaves: 100]
[num_threads: 4]
[max_depth: 3]
[min_data_in_leaf: 20]
[min_sum_hessian_in_leaf: 1.60855]
[bagging_fraction: 0.6]
[bagging_freq: 88]
[bagging_seed: 3]
[feature_fraction: 0.9]
[feature_fraction_seed: 2]
[early_stopping_round: 0]
[max_delta_step: 0]
[lambda_l1: 1.55072]
[lambda_l2: 1.04753]
[min_gain_to_split: 0]
[drop_rate: 0.1]
[max_drop: 50]
[skip_drop: 0.5]
[xgboost_dart_mode: 0]
[uniform_drop: 0]
[drop_seed: 4]
[top_rate: 0.2]
[other_rate: 0.1]
[min_data_per_group: 100]
[max_cat_threshold: 32]
[cat_l2: 10]
[cat_smooth: 10]
[max_cat_to_onehot: 4]
[top_k: 20]
[monotone_constraints: ]
[feature_contri: ]
[forcedsplits_filename: ]
[refit_decay_rate: 0.9]
[verbosity: -1]
[max_bin: 255]
[min_data_in_bin: 3]
[bin_construct_sample_cnt: 200000]
[histogram_pool_size: -1]
[data_random_seed: 1]
[output_model: LightGBM_model.txt]
[snapshot_freq: -1]
[input_model: ]
[output_result: LightGBM_predict_result.txt]
[initscore_filename: ]
[valid_data_initscores: ]
[pre_partition: 0]
[enable_bundle: 1]
[max_conflict_rate: 0]
[is_enable_sparse: 1]
[sparse_threshold: 0.8]
[use_missing: 1]
[zero_as_missing: 0]
[two_round: 0]
[save_binary: 0]
[enable_load_from_binary_file: 1]
[header: 0]
[label_column: ]
[weight_column: ]
[group_column: ]
[ignore_column: ]
[categorical_feature: ]
[predict_raw_score: 0]
[predict_leaf_index: 0]
[predict_contrib: 0]
[num_iteration_predict: -1]
[pred_early_stop: 0]
[pred_early_stop_freq: 10]
[pred_early_stop_margin: 10]
[convert_model_language: ]
[convert_model: gbdt_prediction.cpp]
[num_class: 1]
[is_unbalance: 0]
[scale_pos_weight: 1]
[sigmoid: 1]
[boost_from_average: 1]
[reg_sqrt: 0]
[alpha: 0.9]
[fair_c: 1]
[poisson_max_delta_step: 0.7]
[tweedie_variance_power: 1.5]
[max_position: 20]
[label_gain: ]
[metric_freq: 1]
[is_provide_training_metric: 0]
[eval_at: ]
[num_machines: 1]
[local_listen_port: 12400]
[time_out: 120]
[machine_list_filename: ]
[machines: ]
[gpu_platform_id: -1]
[gpu_device_id: -1]
[gpu_use_dp: 0]

end of parameters

pandas_categorical:[[0, 1, 2], [0, 1, 2, 3, 4, 5, 6, 7, 8, 9, 10, 11, 12, 13, 14, 15, 16, 17, 18, 19, 20, 21, 22, 23, 24, 25, 26, 27, 28, 29, 30, 31, 32, 33, 34, 35, 36, 37, 38, 39, 40, 41, 42, 43, 44, 45, 46, 47, 48, 49, 50, 51, 52, 53, 54, 55, 56, 57, 58, 59, 60, 61, 62, 63, 64, 65, 66, 67, 68, 69, 70, 71, 72, 73, 74, 75, 76, 77, 78, 79, 80, 81, 82, 83, 84, 85, 86, 87, 88, 89, 90, 91, 92, 93, 94, 95, 96, 97, 98, 99, 100, 101, 102, 103, 104, 105, 106, 107, 108, 109, 110, 111, 112, 113, 114, 115, 116, 117, 118, 119, 120, 121, 122, 123, 124, 125, 126, 127, 128, 129, 130, 131, 132, 133, 134, 135, 136, 137, 138, 139, 140, 141, 142, 143, 144, 145, 146, 147, 148, 149, 150, 151, 152, 153, 154, 155, 156, 157, 158, 159, 160, 161, 162, 163, 164, 165, 166, 167, 168, 169, 170, 171, 172, 173, 174, 175], [0, 1, 2, 3, 4, 5, 6, 7, 8, 9, 10, 11, 12, 13, 14, 15], [0, 1, 2, 3, 4, 5, 6, 7, 8, 9, 10, 11, 12, 13, 14, 15, 16, 17, 18, 19, 20, 21, 22, 23, 24, 25, 26, 27, 28, 29, 30]]
