tree
version=v2
num_class=1
num_tree_per_iteration=1
label_index=0
max_feature_idx=13
objective=binary sigmoid:1
feature_names=c_table_1.c_2 c_table_1.c_3 c_table_1.c_5 n_table_1.n_3 n_table_1.n_10 n_table_1.n_12 n_table_1.n_15 n_table_1.n_16 n_table_1.n_17 n_table_1.n_18 n_table_1.n_19 n_table_1.n_26 n_table_1.n_27 c_table_2.c_4
feature_infos=49:0:5:3:8:19:33:31:47:159:129:39:41:26:141:36:21:78:84:6:74:88:176:90:29:189:30:106:75:110:57:65:77:28:73:197:89:107:155:43:147:40:46:67:69:146:167:10:66:101:11:99:2:48:200:12:13:71:9:60:140:198:52:85:93:154:17:32:34:50:58:64:83:100:117:148:161:175:196:4:59:72:87:91:95:187:20:35:56:98:102:111:116:120:128:144:168:179:185:1:25:42:55:76:92:94:104:112:126:139:162:164:190:15:18:37:51:115:118:127:133:149:158:169:180:182:191:194:203 46:0:74:18:55:6:64:102:68:3:87:45:36:37:84:147:5:48:121:81:86:22:181:10:2:16:92:52:71:56:79:148:109:101:115:169:42:98:19:95:93:188:27:40:114:126:135:53:151:62:106:150:9:33:39:54:94:123:11:14:30:213:8:70:130:146:154:207:23:24:72:120:155:80:100:118:158:166:186:187:200:210:211:34:89:201:1:75:82:111:119:153:163:191:208:20:21:29:58:61:66:116:162:174:183:185:197:212:13:41:43:49:83:85:107:117:127:134:167:170:176:190:193:50:63:78:88:97:122:136:137:168:175:182:203:217:218 2:0:7:8:9:3:10:1:6:17:20:4:22:26:25:12:47:14:5:33:29:11:18:42:24:16:41:19:31:38:13:30:36:43:54:55 [1:175] [1:68.5] [1:8524] [1:263222] [1:249100] [1:418837] [1:574087] [1:1285890] [1:121640] [1:151] 18:0:70:6:20:32:21:40:12:38:10:4:9:46:78:27:60:23:31:7:59:67:11:24:68:107:93:16:55:49:81:131:48:30:72:114:90:51:66:101:104:119:87:15:5:29:111:82:96:89:14:88:100:41:79:80:28:97:113:1:8:33:35:39:61:98:108:120:140:17:45:50:91:25:64:105:106:133:13:19:26:37:42:54:58:69:71:83:95:99:102:118:148
tree_sizes=642 758 737 658 640 823 736 674 852

Tree=0
num_leaves=6
num_cat=2
split_feature=7 13 0 5 10
split_gain=36.2346 12.361 3.76819 1.38375 0.663546
threshold=16913.500000000004 0 1 6.2500000000000009 1.7500000000000002
decision_type=2 5 5 2 2
left_child=1 4 -3 -4 -1
right_child=-2 2 3 -5 -6
leaf_value=-3.1103585279658121 -3.0436744643320917 -3.1990776241198278 -3.2731851046200515 -3.3174941892516276 -3.1866265834542986
leaf_count=235 417 232 1834 651 231
internal_value=0 -0.22264 -0.345995 -0.414683 0.41204
internal_count=3600 3183 2717 2485 466
cat_boundaries=0 4 11
cat_threshold=2175042112 268517440 8388892 8388864 805306368 33587200 50339850 2048 0 65536 32
shrinkage=1


Tree=1
num_leaves=7
num_cat=3
split_feature=1 7 10 1 8 13
split_gain=35.3986 29.4315 7.75065 5.30272 4.07706 3.30616
threshold=0 20461.750000000004 1.7500000000000002 1 645.25000000000011 2
decision_type=5 2 2 5 2 5
left_child=2 3 5 -2 -5 -1
right_child=1 -3 -4 4 -6 -7
leaf_value=-0.041809578383587301 0.085153615968032642 0.29601284684234247 -0.10849582563909574 -0.077427530271806322 0.026123232360485367 0.01824203769847714
leaf_count=1007 239 214 871 257 486 526
internal_value=0 0.616023 -0.378652 0.278934 -0.0575389 -0.176954
internal_count=3600 1196 2404 982 743 1533
cat_boundaries=0 6 11 14
cat_threshold=134481481 1084252418 2160100497 1073750016 5242880 270533120 32 22086784 537919488 134479872 128 3145729 268435456 16448
shrinkage=0.135166


Tree=2
num_leaves=7
num_cat=2
split_feature=1 7 7 10 10 13
split_gain=27.5697 18.0159 7.72425 10.5415 7.00673 2.82363
threshold=0 7072.7500000000009 1922.5000000000002 8182.7500000000009 1.7500000000000002 1
decision_type=5 2 2 2 2 5
left_child=4 2 3 -2 5 -1
right_child=1 -3 -4 -5 -6 -7
leaf_value=-0.038813271523546237 -0.022050984189071792 0.18838597849544153 -0.060590619729816116 0.16753285857170619 -0.10479282467598543 0.016654812285656226
leaf_count=1007 281 350 328 237 871 526
internal_value=0 0.520318 0.129466 0.525003 -0.34872 -0.160549
internal_count=3600 1196 846 518 2404 1533
cat_boundaries=0 6 9
cat_threshold=134483529 1084252416 2160100497 1073750016 5242880 270533120 2148532225 268435456 16448
shrinkage=0.135166


Tree=3
num_leaves=6
num_cat=2
split_feature=1 0 6 10 4
split_gain=20.9176 12.4811 10.7394 5.94313 5.16785
threshold=0 1 2328.2500000000005 1.7500000000000002 1.7500000000000002
decision_type=5 5 2 2 2
left_child=3 -2 -3 -1 -4
right_child=1 2 4 -5 -6
leaf_value=-0.019672203224374574 -0.037798828242430527 -0 0.20793493556876846 -0.097862966935468185 0.062989283484808006
leaf_count=1533 350 271 355 890 201
internal_value=0 0.433065 0.711031 -0.317989 1.20752
internal_count=3600 1177 827 2423 556
cat_boundaries=0 6 12
cat_threshold=134481481 1084252160 2160231569 1073750016 13631488 270533120 2216694784 786 67108864 0 8194 536936448
shrinkage=0.135166


Tree=4
num_leaves=6
num_cat=3
split_feature=1 13 9 2 3
split_gain=15.7047 9.60888 11.5774 4.22534 1.00846
threshold=0 1 40406.500000000007 2 16.000000000000004
decision_type=5 5 2 5 2
left_child=-1 -2 4 -4 -3
right_child=1 2 3 -5 -6
leaf_value=0.095692063902113336 0.05768969347598512 -0.049355082616505883 0.072043871337180446 -0.022710051414871271 -0.090583129826303982
leaf_count=274 344 1820 210 244 708
internal_value=0 -0.158986 -0.272034 0.343074 -0.463467
internal_count=3600 3326 2982 454 2528
cat_boundaries=0 5 9 10
cat_threshold=4718848 22085760 1074790400 134479904 128 562299456 81984 260 8388864 1048964
shrinkage=0.135166


Tree=5
num_leaves=8
num_cat=3
split_feature=1 7 10 4 1 13 7
split_gain=15.0349 7.47254 6.35586 5.97945 5.42819 3.06844 2.16862
threshold=0 7072.7500000000009 1.7500000000000002 1.7500000000000002 1 2 324.25000000000006
decision_type=5 2 2 2 5 5 2
left_child=2 4 5 -3 -2 -1 -6
right_child=1 3 -4 -5 6 -7 -8
leaf_value=-0.033927706968207343 0.06322894499594868 0.16767517997481809 -0.097414690054145242 0.019835673830584617 -0.079536662601791458 0.022741644823227315 0
leaf_count=1003 198 192 881 150 278 530 368
internal_value=0 0.355907 -0.278504 0.839987 0.0834471 -0.0981056 -0.186793
internal_count=3600 1186 2414 342 844 1533 646
cat_boundaries=0 6 10 13
cat_threshold=134483529 1084252434 2160100481 1073750016 13631488 270533120 589824 22086656 537919488 134479872 2150629377 268435712 536887296
shrinkage=0.135166


Tree=6
num_leaves=7
num_cat=2
split_feature=13 0 6 5 6 7
split_gain=12.2475 13.1811 8.45786 2.72364 1.60989 1.22236
threshold=0 1 2328.2500000000005 25.750000000000004 1.7500000000000002 24007.750000000004
decision_type=5 5 2 2 2 2
left_child=-1 4 -3 -4 -2 -6
right_child=1 2 3 -5 5 -7
leaf_value=0.085131983719319251 -0.042403595547925665 -0.041222678123131205 0.13859845680952032 0.044763181105477869 -0.12101740395311131 -0.035045905510553081
leaf_count=339 1467 528 197 500 406 163
internal_value=0 -0.129639 0.237442 0.562351 -0.394009 -0.694725
internal_count=3600 3261 1225 697 2036 569
cat_boundaries=0 4 10
cat_threshold=2684617824 81920 8388868 8388864 3290432833 2194 68175880 17440 2282487810 536870912
shrinkage=0.135166


Tree=7
num_leaves=6
num_cat=3
split_feature=1 13 9 2 9
split_gain=13.4002 12.0524 7.43017 4.51921 0.242216
threshold=0 1 40406.500000000007 2 124838.00000000001
decision_type=5 5 2 5 2
left_child=-1 -2 3 -3 -4
right_child=1 2 4 -5 -6
leaf_value=-0.069683710931323833 -0.066075870073530704 -0.030731480731048453 0.073329287498576451 0.038766303440005825 0.15090433399691308
leaf_count=987 325 393 192 1594 109
internal_value=0 0.173968 0.315718 0.179371 0.866416
internal_count=3600 2613 2288 1987 301
cat_boundaries=0 6 11 13
cat_threshold=134483520 1084252434 2160231617 1107304448 9437184 270533120 135338112 142737665 537018368 264224 8 131228 32768
shrinkage=0.135166


Tree=8
num_leaves=8
num_cat=3
split_feature=13 0 1 7 10 7 9
split_gain=10.1992 10.5115 6.90981 2.93734 1.40252 1.02509 0.828565
threshold=0 1 2 7072.7500000000009 3.2500000000000004 18575.500000000004 303.25000000000006
decision_type=5 5 5 2 2 2 2
left_child=6 4 -3 -4 -2 -6 -1
right_child=1 2 3 -5 5 -7 -8
leaf_value=0.13571425095041198 -0.041438588243072796 -0.045008763446752677 0.02870831891129844 0.10940847783836827 -0.11938656130199171 -0.03690516716238465 0.049195763886753847
leaf_count=221 1337 384 699 185 409 176 189
internal_value=0 -0.135051 0.184887 0.370657 -0.386537 -0.679913 0.517031
internal_count=3600 3190 1268 884 1922 585 410
cat_boundaries=0 4 10 16
cat_threshold=2684650592 81984 8388876 8388864 3290431809 16530 68175880 17408 2147491840 536870912 134483520 16640 2415920257 1073750016 4194304 270532608
shrinkage=0.135166


end of trees

feature importances:
c_table_1.c_3=9
n_table_1.n_16=9
c_table_2.c_4=8
n_table_1.n_19=7
c_table_1.c_2=4
n_table_1.n_18=4
n_table_1.n_15=3
c_table_1.c_5=2
n_table_1.n_10=2
n_table_1.n_12=2
n_table_1.n_3=1
n_table_1.n_17=1

parameters:
[boosting: gbdt]
[objective: binary]
[metric: auc]
[tree_learner: serial]
[device_type: cpu]
[data: ]
[valid: ]
[num_iterations: 100]
[learning_rate: 0.135166]
[num_leaves: 10]
[num_threads: 4]
[max_depth: 4]
[min_data_in_leaf: 20]
[min_sum_hessian_in_leaf: 8.16864]
[bagging_fraction: 0.9]
[bagging_freq: 55]
[bagging_seed: 3]
[feature_fraction: 0.8]
[feature_fraction_seed: 2]
[early_stopping_round: 0]
[max_delta_step: 0]
[lambda_l1: 0.314167]
[lambda_l2: 1.64411]
[min_gain_to_split: 0]
[drop_rate: 0.1]
[max_drop: 50]
[skip_drop: 0.5]
[xgboost_dart_mode: 0]
[uniform_drop: 0]
[drop_seed: 4]
[top_rate: 0.2]
[other_rate: 0.1]
[min_data_per_group: 100]
[max_cat_threshold: 32]
[cat_l2: 10]
[cat_smooth: 10]
[max_cat_to_onehot: 4]
[top_k: 20]
[monotone_constraints: ]
[feature_contri: ]
[forcedsplits_filename: ]
[refit_decay_rate: 0.9]
[verbosity: -1]
[max_bin: 255]
[min_data_in_bin: 3]
[bin_construct_sample_cnt: 200000]
[histogram_pool_size: -1]
[data_random_seed: 1]
[output_model: LightGBM_model.txt]
[snapshot_freq: -1]
[input_model: ]
[output_result: LightGBM_predict_result.txt]
[initscore_filename: ]
[valid_data_initscores: ]
[pre_partition: 0]
[enable_bundle: 1]
[max_conflict_rate: 0]
[is_enable_sparse: 1]
[sparse_threshold: 0.8]
[use_missing: 1]
[zero_as_missing: 0]
[two_round: 0]
[save_binary: 0]
[enable_load_from_binary_file: 1]
[header: 0]
[label_column: ]
[weight_column: ]
[group_column: ]
[ignore_column: ]
[categorical_feature: ]
[predict_raw_score: 0]
[predict_leaf_index: 0]
[predict_contrib: 0]
[num_iteration_predict: -1]
[pred_early_stop: 0]
[pred_early_stop_freq: 10]
[pred_early_stop_margin: 10]
[convert_model_language: ]
[convert_model: gbdt_prediction.cpp]
[num_class: 1]
[is_unbalance: 0]
[scale_pos_weight: 1]
[sigmoid: 1]
[boost_from_average: 1]
[reg_sqrt: 0]
[alpha: 0.9]
[fair_c: 1]
[poisson_max_delta_step: 0.7]
[tweedie_variance_power: 1.5]
[max_position: 20]
[label_gain: ]
[metric_freq: 1]
[is_provide_training_metric: 0]
[eval_at: ]
[num_machines: 1]
[local_listen_port: 12400]
[time_out: 120]
[machine_list_filename: ]
[machines: ]
[gpu_platform_id: -1]
[gpu_device_id: -1]
[gpu_use_dp: 0]

end of parameters

pandas_categorical:[[0, 1, 2, 3, 4, 5, 6, 7, 8, 9, 10, 11, 12, 13, 14, 15, 16, 17, 18, 19, 20, 21, 22, 23, 24, 25, 26, 27, 28, 29, 30, 31, 32, 33, 34, 35, 36, 37, 38, 39, 40, 41, 42, 43, 44, 45, 46, 47, 48, 49, 50, 51, 52, 53, 54, 55, 56, 57, 58, 59, 60, 61, 62, 63, 64, 65, 66, 67, 68, 69, 70, 71, 72, 73, 74, 75, 76, 77, 78, 79, 80, 81, 82, 83, 84, 85, 86, 87, 88, 89, 90, 91, 92, 93, 94, 95, 96, 97, 98, 99, 100, 101, 102, 103, 104, 105, 106, 107, 108, 109, 110, 111, 112, 113, 114, 115, 116, 117, 118, 119, 120, 121, 122, 123, 124, 125, 126, 127, 128, 129, 130, 131, 132, 133, 134, 135, 136, 137, 138, 139, 140, 141, 142, 143, 144, 145, 146, 147, 148, 149, 150, 151, 152, 153, 154, 155, 156, 157, 158, 159, 160, 161, 162, 163, 164, 165, 166, 167, 168, 169, 170, 171, 172, 173, 174, 175, 176, 177, 178, 179, 180, 181, 182, 183, 184, 185, 186, 187, 188, 189, 190, 191, 192, 193, 194, 195, 196, 197, 198, 199, 200, 201, 202, 203, 204, 205, 206], [0, 1, 2, 3, 4, 5, 6, 7, 8, 9, 10, 11, 12, 13, 14, 15, 16, 17, 18, 19, 20, 21, 22, 23, 24, 25, 26, 27, 28, 29, 30, 31, 32, 33, 34, 35, 36, 37, 38, 39, 40, 41, 42, 43, 44, 45, 46, 47, 48, 49, 50, 51, 52, 53, 54, 55, 56, 57, 58, 59, 60, 61, 62, 63, 64, 65, 66, 67, 68, 69, 70, 71, 72, 73, 74, 75, 76, 77, 78, 79, 80, 81, 82, 83, 84, 85, 86, 87, 88, 89, 90, 91, 92, 93, 94, 95, 96, 97, 98, 99, 100, 101, 102, 103, 104, 105, 106, 107, 108, 109, 110, 111, 112, 113, 114, 115, 116, 117, 118, 119, 120, 121, 122, 123, 124, 125, 126, 127, 128, 129, 130, 131, 132, 133, 134, 135, 136, 137, 138, 139, 140, 141, 142, 143, 144, 145, 146, 147, 148, 149, 150, 151, 152, 153, 154, 155, 156, 157, 158, 159, 160, 161, 162, 163, 164, 165, 166, 167, 168, 169, 170, 171, 172, 173, 174, 175, 176, 177, 178, 179, 180, 181, 182, 183, 184, 185, 186, 187, 188, 189, 190, 191, 192, 193, 194, 195, 196, 197, 198, 199, 200, 201, 202, 203, 204, 205, 206, 207, 208, 209, 210, 211, 212, 213, 214, 215, 216, 217, 218, 219, 220], [0, 1, 2, 3, 4, 5, 6, 7, 8, 9, 10, 11, 12, 13, 14, 15, 16, 17, 18, 19, 20, 21, 22, 23, 24, 25, 26, 27, 28, 29, 30, 31, 32, 33, 34, 35, 36, 37, 38, 39, 40, 41, 42, 43, 44, 45, 46, 47, 48, 49, 50, 51, 52, 53, 54, 55, 56], [0, 1, 2, 3, 4, 5, 6, 7, 8, 9, 10, 11, 12, 13, 14, 15, 16, 17, 18, 19, 20, 21, 22, 23, 24, 25, 26, 27, 28, 29, 30, 31, 32, 33, 34, 35, 36, 37, 38, 39, 40, 41, 42, 43, 44, 45, 46, 47, 48, 49, 50, 51, 52, 53, 54, 55, 56, 57, 58, 59, 60, 61, 62, 63, 64, 65, 66, 67, 68, 69, 70, 71, 72, 73, 74, 75, 76, 77, 78, 79, 80, 81, 82, 83, 84, 85, 86, 87, 88, 89, 90, 91, 92, 93, 94, 95, 96, 97, 98, 99, 100, 101, 102, 103, 104, 105, 106, 107, 108, 109, 110, 111, 112, 113, 114, 115, 116, 117, 118, 119, 120, 121, 122, 123, 124, 125, 126, 127, 128, 129, 130, 131, 132, 133, 134, 135, 136, 137, 138, 139, 140, 141, 142, 143, 144, 145, 146, 147, 148, 149, 150]]
