tree
version=v2
num_class=1
num_tree_per_iteration=1
label_index=0
max_feature_idx=17
objective=binary sigmoid:1
feature_names=c_table_1.c_1 c_table_1.c_2 n_table_1.n_3 c_table_1.c_6 n_table_1.n_5 n_table_1.n_9 n_table_1.n_10 n_table_1.n_11 n_table_1.n_12 n_table_1.n_15 n_table_1.n_16 n_table_1.n_17 n_table_1.n_18 n_table_1.n_19 n_table_1.n_20 n_table_1.n_26 c_table_2.c_5 n_table_2.n_14
feature_infos=1:0 2:0:6:10:16:17:29:9:7:24:13:37:14:15:12:11:18:45:33:19:56:63:60:26:73:38:3:55:54:64:4:70:83:20:22:34:30:21:36:39:58:65:68:74:35:47:71:57:114:1:32:44:59:134:31:53:78:139:8:48:81:85:94:111:119:27:28:42:69:82:90:92:104:105:106:115:128:144:23:46:49:50:52:75:79:80:98:103:116:122:25:40:43:72:86:93:96:97:99:107:112:118:127:129:133:146:152:164 [1:175] 1:0:2:3:4:7:8:9:13:5:6:10:11:12 [1:24272.5] [1:2481850] [1:70] [1:6121] [1:7070.5] [1:423494] [1:313693] [1:372140] [1:441384] [1:1178200] [1:18856] [1:121640] 1:0:6:7:9:10:15:11:4:14:12:2:13:5:16:22:3:8:18:17:20:23:19:28 [1:92.5]
tree_sizes=999 960 1021 1091 977 977 938 1110 1234 718 800 1040 1142 1027 1113 1070

Tree=0
num_leaves=12
num_cat=0
split_feature=12 8 10 10 9 12 13 13 5 17 15
split_gain=43.3535 9.46564 7.28028 17.0464 4.13151 3.57439 1.57653 2.84375 2.38808 0.84865 0.00533935
threshold=20428.750000000004 96.250000000000014 8652.2500000000018 36979.750000000007 63527.500000000007 39906.250000000007 5632.7500000000009 2202.2500000000005 49.750000000000007 1.7500000000000002 244.00000000000003
decision_type=2 2 2 2 2 2 2 2 2 2 2
left_child=1 6 5 -4 -5 -2 7 9 -9 -1 -6
right_child=2 -3 3 4 10 -7 -8 8 -10 -11 -12
leaf_value=-2.6709625899125453 -2.4176774241040957 -2.4207701732534956 -2.0162975757619064 -2.3164334724448978 -2.6095127216806944 -2.6929296423058582 -2.7501325218670334 -2.6284261938897422 -2.4465648876656325 -2.769432148327498 -2.6178251095094844
leaf_count=1832 69 120 141 69 66 72 402 113 83 161 72
internal_value=0 -0.214716 1.06113 1.37489 0.483145 0.112348 -0.272237 -0.211895 0.179661 -0.261617 0
internal_count=3200 2711 489 348 207 141 2591 2189 196 1993 138
shrinkage=1


Tree=1
num_leaves=12
num_cat=0
split_feature=12 8 8 8 5 11 5 2 12 4 12
split_gain=20.3338 4.86487 4.21661 5.84583 3.14323 2.93605 4.48443 1.35395 0.985174 0.892873 0.155642
threshold=15357.250000000002 72.250000000000014 1759.0000000000002 544.75000000000011 152.50000000000003 1180.0000000000002 2833.7500000000005 36.250000000000007 41091.250000000007 25.750000000000004 8141.5000000000009
decision_type=2 2 2 2 2 2 2 2 2 2 2
left_child=1 5 3 4 -2 6 9 -5 -6 -1 -3
right_child=2 10 -4 7 8 -7 -8 -9 -10 -11 -12
leaf_value=-0.057046133554743153 0.00652143685982743 0.14705534191819189 0.31367054892312318 -0.1364760603827142 0.33994862855209979 -0.16124899905143097 0.16879987877855607 0 0.074731812756601124 0 0
leaf_count=2071 121 74 107 60 87 279 75 62 76 120 68
internal_value=0 -0.179122 0.611987 0.364066 0.672039 -0.22986 -0.167223 -0.160362 0.997588 -0.210353 0.433975
internal_count=3200 2687 513 406 284 2545 2266 122 163 2191 142
shrinkage=0.24562


Tree=2
num_leaves=12
num_cat=1
split_feature=1 5 14 5 14 14 10 10 7 17 14
split_gain=21.6374 5.66725 5.61929 4.08712 3.96104 2.99113 1.50689 1.09629 1.03991 0.961967 0.103193
threshold=0 213853.50000000003 1.7500000000000002 16.750000000000004 27.250000000000004 4214.5000000000009 17216.500000000004 271.75000000000006 160.00000000000003 1.7500000000000002 148.00000000000003
decision_type=5 2 2 2 2 2 2 2 2 2 2
left_child=1 2 9 7 -5 6 -6 10 -4 -1 -2
right_child=3 -3 8 4 5 -7 -8 -9 -10 -11 -12
leaf_value=-0.025288905390624165 0 0.17253107786602101 -0.18754943549740896 -0.015572758970586355 0.13137515015036719 0 0.28840604471355069 -0.058257607086437714 -0.026984961172784996 -0.13457132464667823 0.095275740978881196
leaf_count=1451 73 52 464 72 394 88 141 134 125 134 72
internal_value=0 -0.244475 -0.310639 0.406787 0.600504 0.688406 0.783447 0 -0.651072 -0.155252 0.263737
internal_count=3200 2226 2174 974 695 623 535 279 589 1585 145
cat_boundaries=0 3
cat_threshold=1145722069 16785562 512
shrinkage=0.24562


Tree=3
num_leaves=13
num_cat=3
split_feature=1 5 14 16 9 10 10 5 16 8 9 10
split_gain=11.7746 3.67679 4.98502 2.53143 2.72667 3.45878 3.28006 1.63842 0.559428 0.488287 0.0750467 0.0511165
threshold=0 175774.50000000003 6.2500000000000009 1 84058.000000000015 16051.750000000002 2412.2500000000005 311.50000000000006 2 106.00000000000001 4474.0000000000009 44407.750000000007
decision_type=5 2 2 5 2 2 2 2 5 2 2 2
left_child=1 2 8 4 5 6 -2 -5 -1 -9 -7 -6
right_child=3 -3 -4 7 11 10 -8 9 -10 -11 -12 -13
leaf_value=0.011258511398906542 0.12489523016061974 0.10957010773552907 -0.15857089485953402 -0.085188890499106759 -0.022993499038645161 0.072456564444777424 -0.023069830887676411 0.1039208773390712 -0.036311316723405006 0 0.32752277654794104 0.0053925231626166664
leaf_count=115 383 61 520 161 47 41 126 55 1500 77 56 58
internal_value=0 -0.202528 -0.265888 0.267842 0.383032 0.5507 0.32312 -0.00831428 -0.12996 0.168007 1.07138 -0
internal_count=3200 2196 2135 1004 711 606 509 293 1615 132 97 105
cat_boundaries=0 2 3 4
cat_threshold=1145722069 16785554 16387 7188
shrinkage=0.24562


Tree=4
num_leaves=12
num_cat=0
split_feature=10 14 5 17 10 14 11 13 10 12 5
split_gain=4.50558 3.87773 2.65288 1.60251 1.57951 1.1659 1.57826 2.9767 0.503073 0.488008 0.404612
threshold=16051.750000000002 1960.0000000000002 32900.500000000007 1.7500000000000002 42329.500000000007 3102.2500000000005 5537.5000000000009 29643.250000000004 1054.7500000000002 232.75000000000003 1312.7500000000002
decision_type=2 2 2 2 2 2 2 2 2 2 2
left_child=3 -2 4 5 -3 6 7 -1 -8 -5 -6
right_child=1 2 -4 9 10 -7 8 -9 -10 -11 -12
leaf_value=-0.016731873214379415 0.26014391931947062 -0.11380896153185754 0.14318326909743453 -0.1451399639453454 0.057487031594098507 0.084796118694289421 -0 0.13700901829014525 -0.11497927138713752 -0 -0
leaf_count=2210 43 85 63 166 101 71 63 89 185 63 61
internal_value=0 0.316694 0.0984925 -0.0818846 -0.0413878 -0.0437875 -0.0692579 -0.0205189 -0.358968 -0.439665 0.0815994
internal_count=3200 353 310 2847 247 2618 2547 2299 248 229 162
shrinkage=0.24562


Tree=5
num_leaves=12
num_cat=4
split_feature=1 16 4 4 16 9 8 11 9 2 16
split_gain=5.97623 2.09172 1.93335 1.26185 1.21871 1.05512 0.86335 2.97862 2.94202 0.861961 0.1762
threshold=0 1 103.00000000000001 1.7500000000000002 2 4.7500000000000009 422.50000000000006 106.00000000000001 55936.750000000007 45.250000000000007 3
decision_type=5 5 2 2 5 2 2 2 2 2 5
left_child=4 2 6 -3 -1 10 7 -2 -8 -7 -6
right_child=1 3 -4 -5 5 9 8 -9 -10 -11 -12
leaf_value=0.027785177617234921 0.15333277939398449 -0.1243128660119034 -0.0073617323316660984 0 -0.0092481141571846073 -0.11613368935407482 0.2222525242088505 0.00096921677920643143 0 0 -0.053061777621912207
leaf_count=114 193 91 87 70 1324 447 80 370 50 52 322
internal_value=0 0.187301 0.264632 -0.101093 -0.148261 -0.181991 0.369994 0.232401 0.627346 -0.39525 -0.119024
internal_count=3200 941 780 161 2259 2145 693 563 130 499 1646
cat_boundaries=0 3 4 5 6
cat_threshold=1145754837 16785554 512 22595 16660 3203
shrinkage=0.24562


Tree=6
num_leaves=11
num_cat=2
split_feature=16 13 14 17 5 3 13 9 2 9
split_gain=4.59804 4.39274 1.6502 1.24785 1.11897 1.87687 1.11006 0.306647 0.288256 0.0840111
threshold=0 230348.00000000003 3711.2500000000005 9.2500000000000018 16.750000000000004 1 6.2500000000000009 25966.000000000004 27.250000000000004 55936.750000000007
decision_type=5 2 2 2 2 5 2 2 2 2
left_child=1 3 -3 4 6 -6 -1 8 -2 -9
right_child=7 2 -4 -5 5 -7 -8 9 -10 -11
leaf_value=0.0040649089116200944 -0.053101551895880506 0.24148649469791508 0.011821437197866496 -0.11515273869000105 0.060258396066471334 -0.024394633360145055 -0.07015779216627227 0 -0.1570277357595872 -0.029453153746949505
leaf_count=1197 599 49 93 86 447 214 254 57 136 68
internal_value=0 0.0764657 0.60578 0.0141379 0.0422187 0.158358 -0.0195121 -0.246756 -0.34028 -0
internal_count=3200 2340 142 2198 2112 661 1451 860 735 125
cat_boundaries=0 1 2
cat_threshold=20743 153
shrinkage=0.24562


Tree=7
num_leaves=14
num_cat=1
split_feature=17 9 0 11 5 13 4 11 11 15 15 9 4
split_gain=1.9464 1.74643 1.40548 0.797517 2.30921 2.02265 1.21173 2.33936 0.634953 0.720425 0.576081 0.288976 0.169969
threshold=9.2500000000000018 25468.000000000004 0 592.75000000000011 49.750000000000007 2282.5000000000005 32.500000000000007 24052.750000000004 29035.750000000004 412.00000000000006 25.750000000000004 85218.250000000015 10.750000000000002
decision_type=2 2 1 2 2 2 2 2 2 2 2 2 2
left_child=1 3 8 4 12 -6 7 -5 11 -10 -8 -3 -1
right_child=-2 2 -4 6 5 -7 10 -9 9 -11 -12 -13 -14
leaf_value=-0.016943197181351743 -0.14215074675926295 0.074603483970462112 0.17885356186211579 -0.1295804772600255 0 0.18611808108130659 0.071591949946109082 0 -0.076007843590787563 0.02094621595685665 -0.014094373102713463 0 0
leaf_count=1760 115 161 36 304 151 96 86 99 78 68 64 71 111
internal_value=0 0.00389602 0.205014 -0.0353489 0 0.341961 -0.156286 -0.281095 0.074896 -0 0.0102224 0.217057 -0.052145
internal_count=3200 3085 414 2671 2118 247 553 403 378 146 150 232 1871
cat_boundaries=0 1
cat_threshold=1
shrinkage=0.24562


Tree=8
num_leaves=15
num_cat=1
split_feature=1 4 2 15 15 2 10 11 11 11 4 11 17 8
split_gain=2.6029 1.0548 0.945639 1.24236 0.772514 1.33988 1.4276 0.553739 0.547963 0.999089 0.432469 0.85323 0.34608 0.319684
threshold=0 103.00000000000001 4.0000000000000009 304.75000000000006 13.750000000000002 31.750000000000004 1018.7500000000001 15494.500000000002 5408.5000000000009 15223.000000000002 9.2500000000000018 46.750000000000007 1.7500000000000002 16.750000000000004
decision_type=5 2 2 2 2 2 2 2 2 2 2 2 2 2
left_child=2 4 10 -4 5 13 -7 -3 -6 -10 11 12 -1 -2
right_child=1 7 3 -5 8 6 -8 -9 9 -11 -12 -13 -14 -15
leaf_value=-0.0012957691185169534 0.13416848505013865 0 -0.13291450030037805 0 0.066763244115710565 -0.058116534237602144 0.080940395103640345 -0.090532565203900198 -0.10021089168983568 0.013000729717979951 0.038151242385048148 -0.12377500985162819 -0.074260298909648706 0
leaf_count=1523 226 69 261 60 96 119 118 44 63 220 66 121 136 78
internal_value=0 0.114343 -0.105856 -0.348166 0.175483 0.287558 0 -0.0996778 0.034252 -0 -0.0565473 -0.0832432 -0.0401518 0.4568
internal_count=3200 1033 2167 321 920 541 237 113 379 283 1846 1780 1659 304
cat_boundaries=0 3
cat_threshold=1145229525 16785562 512
shrinkage=0.24562


Tree=9
num_leaves=8
num_cat=3
split_feature=16 1 5 14 11 13 16
split_gain=3.24055 2.36111 2.08858 2.24625 2.9184 0.84965 0.130107
threshold=0 1 7.0000000000000009 28.750000000000004 129.25000000000003 91.000000000000014 2
decision_type=5 5 2 2 2 2 5
left_child=1 -1 5 -4 -5 6 -3
right_child=-2 2 3 4 -6 -7 -8
leaf_value=-0.06248219867321686 -0.058967768164568037 0.018028607048337975 -0.064677309747449729 0.19072760696486166 0.039414493046567696 -0.086174669937680651 -0
leaf_count=219 670 408 78 156 616 132 921
internal_value=0 0.0558747 0.100414 0.225439 0.285108 -0 0.0211623
internal_count=3200 2530 2311 850 772 1461 1329
cat_boundaries=0 1 4 5
cat_threshold=22919 1145094288 25165826 512 5
shrinkage=0.24562


Tree=10
num_leaves=9
num_cat=1
split_feature=16 8 11 12 7 6 5 2
split_gain=2.07989 1.49715 1.30119 4.45724 0.747714 0.535203 0.3955 0.341087
threshold=0 1780.0000000000002 32042.500000000004 20428.750000000004 133.75000000000003 7.7500000000000009 162667.50000000003 42.250000000000007
decision_type=5 2 2 2 2 2 2 2
left_child=1 5 3 -2 -3 6 7 -1
right_child=2 4 -4 -5 -6 -7 -8 -9
leaf_value=0.005695703984545066 -0.067637650619389159 0 -0.17098792819550079 0.17438033288686394 0.14249114090895687 -0.075871231688073026 0.067376827331729658 -0.050960386767878861
leaf_count=2117 676 38 71 49 44 63 51 91
internal_value=0 0.0397203 -0.187626 -0.108258 0.380827 0.00369773 0.024248 0.00201086
internal_count=3200 2404 796 725 82 2322 2259 2208
cat_boundaries=0 1
cat_threshold=22791
shrinkage=0.24562


Tree=11
num_leaves=13
num_cat=1
split_feature=1 5 14 11 11 12 11 5 14 14 7 5
split_gain=1.82129 3.14469 1.08984 1.59183 1.35523 0.857977 0.616304 0.538576 0.706365 0.501182 0.160528 0.0531476
threshold=0 213853.50000000003 256.75000000000006 5537.5000000000009 13520.500000000002 34718.500000000007 17.500000000000004 19.000000000000004 1471.7500000000002 28.750000000000004 218.50000000000003 7.0000000000000009
decision_type=5 2 2 2 2 2 2 2 2 2 2 2
left_child=1 10 6 7 -5 -6 9 -4 -9 11 -1 -2
right_child=2 -3 3 4 5 -7 -8 8 -10 -11 -12 -13
leaf_value=-0.16268801925587939 -0 0.045563858001233526 0 -0.10442436760470578 0.094279366230413636 0 -0.062611037850582432 0.13124794518305083 0 0.057714554642088356 -0 -0.034691761966282729
leaf_count=344 1595 44 72 104 85 293 175 165 54 96 98 75
internal_value=0 -0.229203 0.0262595 0.126223 0 0.08126 -0.0282488 0.337285 0.409204 -0 -0.555302 -0.0245296
internal_count=3200 486 2714 773 482 378 1941 291 219 1766 442 1670
cat_boundaries=0 2
cat_threshold=1145192660 16785562
shrinkage=0.24562


Tree=12
num_leaves=15
num_cat=4
split_feature=16 5 5 3 10 11 11 11 13 10 11 16 7 16
split_gain=1.38586 1.19903 0.745961 1.41658 1.0584 0.951983 0.940062 1.16874 0.569311 0.351425 0.72387 0.269192 0.137983 0.0293877
threshold=0 1.7500000000000002 16.750000000000004 1 31468.750000000004 15.250000000000002 5408.5000000000009 24052.750000000004 1448.5000000000002 1.7500000000000002 2158.7500000000005 2 1.7500000000000002 3
decision_type=5 2 2 5 2 2 2 2 2 2 2 5 2 5
left_child=1 -1 9 6 5 -5 8 -8 -4 11 -11 -2 -3 -13
right_child=2 12 3 4 -6 -7 7 -9 -10 10 -12 13 -14 -15
leaf_value=-0 0.01614514367317595 -0 0 0 0.047619388846530102 -0.085611574531995555 -0.039444856255964361 0.051760165866737567 0.11311243049696708 -0.10583357189544769 0 -0 -0.13296558054297475 -0.024024168040362785
leaf_count=290 541 80 87 43 35 203 150 166 240 120 116 816 168 145
internal_value=0 -0.185604 0.024093 0.0985902 -0.064279 -0.225867 0.176547 0.038394 0.365019 -0.0273739 -0.193158 -0 -0.445537 -0.0431439
internal_count=3200 538 2662 924 281 246 643 316 327 1738 236 1502 248 961
cat_boundaries=0 1 2 3 4
cat_threshold=4204144 13 2181 2
shrinkage=0.24562


Tree=13
num_leaves=12
num_cat=1
split_feature=17 16 9 9 12 12 11 7 12 5 5
split_gain=1.42645 1.35849 0.854487 1.00565 0.669667 1.37554 0.997159 0.447858 0.423155 0.399258 0.186172
threshold=9.2500000000000018 0 25468.000000000004 63527.500000000007 2307.2500000000005 1005.2500000000001 24052.750000000004 15.250000000000002 20428.750000000004 1.7500000000000002 320.50000000000006
decision_type=2 5 2 2 2 2 2 2 2 2 2
left_child=1 8 4 7 5 -3 -6 -4 9 -1 -5
right_child=-2 2 3 10 6 -7 -8 -9 -10 -11 -12
leaf_value=-0.012344060700668577 -0.12867632509310442 0.0023969260362678405 0.1743396482724634 0.047219491154667316 -0.067045511169912669 0.14397947503276265 0.0041768615037068267 0.015068201838688592 0 -0.12228589242939805 -0.0066433516346746917
leaf_count=345 115 1722 73 57 275 53 97 75 86 186 116
internal_value=0 0 0.0451477 0.196658 0.000899434 0.0511934 -0.115035 0.393405 -0.159232 -0.27742 0
internal_count=3200 3085 2468 321 2147 1775 372 148 617 531 173
cat_boundaries=0 1
cat_threshold=4236920
shrinkage=0.24562


Tree=14
num_leaves=14
num_cat=3
split_feature=1 16 15 16 5 10 5 10 10 5 10 9 5
split_gain=1.46058 2.17745 2.13999 1.94744 1.65303 1.5209 2.77104 0.955941 0.950829 0.399963 1.47046 0.35717 0.0372479
threshold=0 1 280.75000000000006 2 256398.50000000003 23684.500000000004 320.50000000000006 44407.750000000007 9017.5000000000018 185.50000000000003 2147.5000000000005 1719.2500000000002 13093.000000000002
decision_type=5 5 2 5 2 2 2 2 2 2 2 2 2
left_child=3 2 9 -1 5 8 -7 12 -3 11 -11 -2 -5
right_child=1 4 -4 7 -6 6 -8 -9 -10 10 -12 -13 -14
leaf_value=-0.03078952098809748 0 -0.038070872134120831 0.14394330482289003 0.1284453770332018 0.075664590828750905 0 -0.23438238480859086 -0 0.04158994446368016 -0.13964502208614513 0.0021593164322883007 0.072034751152656062 0
leaf_count=100 539 1687 68 255 42 63 73 52 53 69 67 88 44
internal_value=0 -0.0519127 0.0939438 0.1483 -0.134288 -0.183418 -0.552199 0.279831 -0.11844 0 -0.134098 0.0775461 0.464069
internal_count=3200 2749 831 451 1918 1876 136 351 1740 763 136 627 299
cat_boundaries=0 3 4 5
cat_threshold=369152 2495610980 524354 20757 1
shrinkage=0.24562


Tree=15
num_leaves=13
num_cat=1
split_feature=1 5 14 4 14 9 15 14 9 9 4 13
split_gain=1.18205 2.18262 0.910704 1.32774 1.06245 1.35508 1.53605 0.431235 0.421093 0.358735 0.253982 0.0707663
threshold=0 213853.50000000003 256.75000000000006 1.7500000000000002 869.50000000000011 1818.2500000000002 1.7500000000000002 1177.7500000000002 137698.00000000003 396.25000000000006 46.750000000000007 91.000000000000014
decision_type=5 2 2 2 2 2 2 2 2 2 2 2
left_child=1 10 3 9 5 -4 -7 -6 -9 11 -1 -2
right_child=2 -3 4 -5 7 6 -8 8 -10 -11 -12 -13
leaf_value=-0.095253082313910303 0 0.053796794930146621 -0 -0.099539954686362397 -0.045748846450091654 0 0.23316730640481087 0.032903442018970636 -0.01346653540473312 0.064328024730898645 -0 -0.028816475400537611
leaf_count=514 1629 49 66 106 49 55 43 370 47 78 100 94
internal_value=0 -0.151228 0.0327964 -0.0138084 0.131773 0.375739 0.582884 0.0261149 0.0815979 0.00691683 -0.337894 -0
internal_count=3200 663 2537 1907 630 164 98 466 417 1801 614 1723
cat_boundaries=0 3
cat_threshold=1682620636 16785562 513
shrinkage=0.24562


end of trees

feature importances:
n_table_1.n_9=25
n_table_1.n_17=20
n_table_1.n_16=17
n_table_1.n_15=15
n_table_1.n_20=15
c_table_2.c_5=15
n_table_1.n_18=11
n_table_1.n_5=9
n_table_1.n_19=9
c_table_1.c_2=8
n_table_1.n_12=8
n_table_1.n_26=7
n_table_2.n_14=7
n_table_1.n_3=6
n_table_1.n_11=5
c_table_1.c_6=2
c_table_1.c_1=1
n_table_1.n_10=1

parameters:
[boosting: gbdt]
[objective: binary]
[metric: auc]
[tree_learner: serial]
[device_type: cpu]
[data: ]
[valid: ]
[num_iterations: 100]
[learning_rate: 0.24562]
[num_leaves: 55]
[num_threads: 4]
[max_depth: 5]
[min_data_in_leaf: 20]
[min_sum_hessian_in_leaf: 4.14051]
[bagging_fraction: 0.8]
[bagging_freq: 44]
[bagging_seed: 3]
[feature_fraction: 0.7]
[feature_fraction_seed: 2]
[early_stopping_round: 0]
[max_delta_step: 0]
[lambda_l1: 1.35423]
[lambda_l2: 0.479101]
[min_gain_to_split: 0]
[drop_rate: 0.1]
[max_drop: 50]
[skip_drop: 0.5]
[xgboost_dart_mode: 0]
[uniform_drop: 0]
[drop_seed: 4]
[top_rate: 0.2]
[other_rate: 0.1]
[min_data_per_group: 100]
[max_cat_threshold: 32]
[cat_l2: 10]
[cat_smooth: 10]
[max_cat_to_onehot: 4]
[top_k: 20]
[monotone_constraints: ]
[feature_contri: ]
[forcedsplits_filename: ]
[refit_decay_rate: 0.9]
[verbosity: -1]
[max_bin: 255]
[min_data_in_bin: 3]
[bin_construct_sample_cnt: 200000]
[histogram_pool_size: -1]
[data_random_seed: 1]
[output_model: LightGBM_model.txt]
[snapshot_freq: -1]
[input_model: ]
[output_result: LightGBM_predict_result.txt]
[initscore_filename: ]
[valid_data_initscores: ]
[pre_partition: 0]
[enable_bundle: 1]
[max_conflict_rate: 0]
[is_enable_sparse: 1]
[sparse_threshold: 0.8]
[use_missing: 1]
[zero_as_missing: 0]
[two_round: 0]
[save_binary: 0]
[enable_load_from_binary_file: 1]
[header: 0]
[label_column: ]
[weight_column: ]
[group_column: ]
[ignore_column: ]
[categorical_feature: ]
[predict_raw_score: 0]
[predict_leaf_index: 0]
[predict_contrib: 0]
[num_iteration_predict: -1]
[pred_early_stop: 0]
[pred_early_stop_freq: 10]
[pred_early_stop_margin: 10]
[convert_model_language: ]
[convert_model: gbdt_prediction.cpp]
[num_class: 1]
[is_unbalance: 0]
[scale_pos_weight: 1]
[sigmoid: 1]
[boost_from_average: 1]
[reg_sqrt: 0]
[alpha: 0.9]
[fair_c: 1]
[poisson_max_delta_step: 0.7]
[tweedie_variance_power: 1.5]
[max_position: 20]
[label_gain: ]
[metric_freq: 1]
[is_provide_training_metric: 0]
[eval_at: ]
[num_machines: 1]
[local_listen_port: 12400]
[time_out: 120]
[machine_list_filename: ]
[machines: ]
[gpu_platform_id: -1]
[gpu_device_id: -1]
[gpu_use_dp: 0]

end of parameters

pandas_categorical:[[0, 1, 2], [0, 1, 2, 3, 4, 5, 6, 7, 8, 9, 10, 11, 12, 13, 14, 15, 16, 17, 18, 19, 20, 21, 22, 23, 24, 25, 26, 27, 28, 29, 30, 31, 32, 33, 34, 35, 36, 37, 38, 39, 40, 41, 42, 43, 44, 45, 46, 47, 48, 49, 50, 51, 52, 53, 54, 55, 56, 57, 58, 59, 60, 61, 62, 63, 64, 65, 66, 67, 68, 69, 70, 71, 72, 73, 74, 75, 76, 77, 78, 79, 80, 81, 82, 83, 84, 85, 86, 87, 88, 89, 90, 91, 92, 93, 94, 95, 96, 97, 98, 99, 100, 101, 102, 103, 104, 105, 106, 107, 108, 109, 110, 111, 112, 113, 114, 115, 116, 117, 118, 119, 120, 121, 122, 123, 124, 125, 126, 127, 128, 129, 130, 131, 132, 133, 134, 135, 136, 137, 138, 139, 140, 141, 142, 143, 144, 145, 146, 147, 148, 149, 150, 151, 152, 153, 154, 155, 156, 157, 158, 159, 160, 161, 162, 163, 164, 165, 166, 167, 168, 169, 170, 171, 172, 173, 174, 175], [0, 1, 2, 3, 4, 5, 6, 7, 8, 9, 10, 11, 12, 13, 14, 15], [0, 1, 2, 3, 4, 5, 6, 7, 8, 9, 10, 11, 12, 13, 14, 15, 16, 17, 18, 19, 20, 21, 22, 23, 24, 25, 26, 27, 28, 29, 30]]
