tree
version=v2
num_class=1
num_tree_per_iteration=1
label_index=0
max_feature_idx=13
objective=binary sigmoid:1
feature_names=c_table_1.c_2 c_table_1.c_3 c_table_1.c_5 n_table_1.n_3 n_table_1.n_10 n_table_1.n_12 n_table_1.n_15 n_table_1.n_16 n_table_1.n_17 n_table_1.n_18 n_table_1.n_19 n_table_1.n_26 n_table_1.n_27 c_table_2.c_4
feature_infos=49:0:5:3:8:19:33:31:47:159:129:39:41:26:141:36:21:78:84:6:74:88:176:90:29:189:30:106:75:110:57:65:77:28:73:197:89:107:155:43:147:40:46:67:69:146:167:10:66:101:11:99:2:48:200:12:13:71:9:60:140:198:52:85:93:154:17:32:34:50:58:64:83:100:117:148:161:175:196:4:59:72:87:91:95:187:20:35:56:98:102:111:116:120:128:144:168:179:185:1:25:42:55:76:92:94:104:112:126:139:162:164:190:15:18:37:51:115:118:127:133:149:158:169:180:182:191:194:203 46:0:74:18:55:6:64:102:68:3:87:45:36:37:84:147:5:48:121:81:86:22:181:10:2:16:92:52:71:56:79:148:109:101:115:169:42:98:19:95:93:188:27:40:114:126:135:53:151:62:106:150:9:33:39:54:94:123:11:14:30:213:8:70:130:146:154:207:23:24:72:120:155:80:100:118:158:166:186:187:200:210:211:34:89:201:1:75:82:111:119:153:163:191:208:20:21:29:58:61:66:116:162:174:183:185:197:212:13:41:43:49:83:85:107:117:127:134:167:170:176:190:193:50:63:78:88:97:122:136:137:168:175:182:203:217:218 2:0:7:8:9:3:10:1:6:17:20:4:22:26:25:12:47:14:5:33:29:11:18:42:24:16:41:19:31:38:13:30:36:43:54:55 [1:175] [1:68.5] [1:8524] [1:263222] [1:249100] [1:418837] [1:574087] [1:1285890] [1:121640] [1:151] 18:0:70:6:20:32:21:40:12:38:10:4:9:46:78:27:60:23:31:7:59:67:11:24:68:107:93:16:55:49:81:131:48:30:72:114:90:51:66:101:104:119:87:15:5:29:111:82:96:89:14:88:100:41:79:80:28:97:113:1:8:33:35:39:61:98:108:120:140:17:45:50:91:25:64:105:106:133:13:19:26:37:42:54:58:69:71:83:95:99:102:118:148
tree_sizes=622 538 650 575 681 706 735 653 745 574 633 652

Tree=0
num_leaves=6
num_cat=1
split_feature=10 0 12 8 10
split_gain=31.1713 3.73264 1.84458 0.700263 0.541158
threshold=117038.50000000001 0 3.2500000000000004 892.75000000000011 113.50000000000001
decision_type=2 5 2 2 2
left_child=1 -1 3 4 -3
right_child=-2 2 -4 -5 -6
leaf_value=-3.1988785594018752 -3.0313559758412287 -3.2542792691846261 -3.3367895646573444 -3.2246109813598598 -3.3119736210523438
leaf_count=463 496 1360 375 252 254
internal_value=0 -0.212659 -0.284561 -0.219774 -0.258894
internal_count=3200 2704 2241 1866 1614
cat_boundaries=0 7
cat_threshold=805830688 33718272 50340872 2048 0 0 32
shrinkage=1


Tree=1
num_leaves=5
num_cat=1
split_feature=10 13 6 9
split_gain=19.1183 6.17902 3.35339 2.16953
threshold=117038.50000000001 0 2328.2500000000005 17156.500000000004
decision_type=2 5 2 2
left_child=1 -1 -3 -4
right_child=-2 2 3 -5
leaf_value=0.057533593792447255 0.13706787960637515 -0.068483810741914841 0.053277326592106718 -0.045227322147720704
leaf_count=266 496 1847 316 275
internal_value=0 -0.18593 -0.267566 0.0119509
internal_count=3200 2704 2438 591
cat_boundaries=0 4
cat_threshold=10748480 81984 272 256
shrinkage=0.168364


Tree=2
num_leaves=6
num_cat=2
split_feature=1 9 9 9 13
split_gain=28.3757 18.5652 6.48612 2.5139 2.14912
threshold=0 36334.750000000007 303.25000000000006 11657.500000000002 1
decision_type=5 2 2 2 5
left_child=2 3 4 -2 -1
right_child=1 -3 -4 -5 -6
leaf_value=-0.044595253813448969 0.062743179253314865 0.25730149108094502 -0.13708441310906552 -0.031347914203112462 0.016092890089357867
leaf_count=1004 509 320 583 276 508
internal_value=0 0.573736 -0.345249 0.149088 -0.157683
internal_count=3200 1105 2095 785 1512
cat_boundaries=0 6 9
cat_threshold=134481473 1082155008 2160100497 1107304452 1048576 270533120 3149825 0 16448
shrinkage=0.168364


Tree=3
num_leaves=5
num_cat=2
split_feature=1 0 6 6
split_gain=17.4363 14.1006 9.45596 5.6916
threshold=0 1 2328.2500000000005 10.750000000000002
decision_type=5 5 2 2
left_child=3 -2 -3 -1
right_child=1 2 -4 -5
leaf_value=-0.021287195452033912 -0.0482760575317802 0 0.20258686239218349 -0.13049334655936551
leaf_count=1467 383 257 521 572
internal_value=0 0.40327 0.714176 -0.30294
internal_count=3200 1161 778 2039
cat_boundaries=0 6 12
cat_threshold=134480961 1082155008 2160100497 1073750020 1048576 2097664 2216690944 770 67109888 0 134488066 65536
shrinkage=0.168364


Tree=4
num_leaves=6
num_cat=3
split_feature=1 7 13 0 7
split_gain=15.5163 14.2424 5.78584 2.87684 6.57795
threshold=0 20461.750000000004 1 2 19.750000000000004
decision_type=5 2 5 5 2
left_child=-1 2 -2 -4 -5
right_child=1 -3 3 4 -6
leaf_value=-0.09164695890854585 -0.071658655335800653 0.18579493748318332 -0.032328992817767792 0.0080715194320308218 0.13254891133840133
leaf_count=841 260 189 244 1298 368
internal_value=0 0.194039 0.0322833 0.155329 0.245225
internal_count=3200 2359 2170 1910 1666
cat_boundaries=0 6 9 15
cat_threshold=134483528 1084252176 2160100481 1073750020 1048576 270533120 152116368 142737664 147456 69206272 16642 8192 0 8194 65536
shrinkage=0.168364


Tree=5
num_leaves=7
num_cat=4
split_feature=1 0 7 13 7 13
split_gain=12.2504 6.11014 7.45625 2.72753 1.46509 0.0264489
threshold=0 1 26840.500000000004 2 324.25000000000006 3
decision_type=5 5 2 5 2 5
left_child=-1 -2 3 4 -3 -5
right_child=1 2 -4 5 -6 -7
leaf_value=0.10002329096755044 -0.084225337622181776 -0.063081442989258371 0.12576959082615621 0.032672452592766951 0 0
leaf_count=298 721 1109 130 252 316 374
internal_value=0 -0.158068 -0 -0.117902 -0.229224 0.126679
internal_count=3200 2902 2181 2051 1425 626
cat_boundaries=0 4 9 12 15
cat_threshold=4718592 22086656 1611661312 134479968 3827303528 131202 68173824 17408 2148007936 2284852369 268435712 16400 8653376 16449 64
shrinkage=0.168364


Tree=6
num_leaves=7
num_cat=2
split_feature=13 0 6 5 7 8
split_gain=10.1341 8.6775 4.87355 2.26799 3.68092 0.592535
threshold=0 1 2328.2500000000005 126.25000000000001 18608.500000000004 42.250000000000007
decision_type=5 5 2 2 2 2
left_child=-1 5 -3 -4 -5 -2
right_child=1 2 3 4 -6 -7
leaf_value=0.091145956015988322 -0.048956179750865289 -0.040667777468751477 0.12354194776909158 -0.04347548850430951 0.085673863515968257 -0.10702737879100579
leaf_count=362 1286 458 271 225 134 464
internal_value=0 -0.140162 0.155222 0.406899 0.120686 -0.372291
internal_count=3200 2838 1088 630 359 1750
cat_boundaries=0 4 10
cat_threshold=2684651088 65536 8388892 8388864 3290431809 147602 1067008 17408 2147483648 536870912
shrinkage=0.168364


Tree=7
num_leaves=7
num_cat=2
split_feature=3 9 8 2 9 2
split_gain=4.71754 4.17403 2.5858 1.62826 1.43656 1.06849
threshold=25.750000000000004 36334.750000000007 17547.250000000004 0 69.250000000000014 1
decision_type=2 2 2 5 2 5
left_child=1 3 5 -1 -5 -2
right_child=2 -3 -4 4 -6 -7
leaf_value=-0.036707564101614215 -0.083140908511417075 0.098229898105705329 0 0.00056851970585399252 0.071728021427661492 0.0033027135743302228
leaf_count=296 482 219 333 1320 276 274
internal_value=0 0.141423 -0.264653 0.00452117 0.096029 -0.459592
internal_count=3200 2111 1089 1892 1596 756
cat_boundaries=0 2 3
cat_threshold=37880852 32768 908
shrinkage=0.168364


Tree=8
num_leaves=7
num_cat=3
split_feature=1 13 10 2 9 11
split_gain=10.2247 7.95568 5.28421 5.28288 5.73226 0.646649
threshold=0 1 250395.50000000003 2 69.250000000000014 1.7500000000000002
decision_type=5 5 2 5 2 2
left_child=-1 -2 3 5 -5 -3
right_child=1 2 -4 4 -6 -7
leaf_value=-0.079797133641600973 -0.07140704813811069 -0.07412507131196705 0.15977069628950125 0.018023831458938263 0.13898400941167813 -0.0036831113554813165
leaf_count=809 259 264 104 1181 341 242
internal_value=0 0.142676 0.258059 0.174306 0.315378 -0.17986
internal_count=3200 2391 2132 2028 1522 506
cat_boundaries=0 6 11 13
cat_threshold=263748 10510592 2160100497 1073750020 5242880 2097664 152115328 134217984 537018368 264224 8 67240732 32768
shrinkage=0.168364


Tree=9
num_leaves=6
num_cat=1
split_feature=7 5 6 5 2
split_gain=3.64883 3.44353 2.68186 3.48735 1.58571
threshold=40843.000000000007 262.75000000000006 2328.2500000000005 19.000000000000004 0
decision_type=2 2 2 2 5
left_child=1 2 4 -4 -1
right_child=-2 -3 3 -5 -6
leaf_value=0.0017051110240383653 0.068880327579322886 -0.074919759804491962 0.11420004482688377 -0 -0.047227881271702861
leaf_count=1321 184 424 189 379 703
internal_value=0 -0.0928875 -0 0.258717 -0.116953
internal_count=3200 3016 2592 568 2024
cat_boundaries=0 1
cat_threshold=1048641
shrinkage=0.168364


Tree=10
num_leaves=6
num_cat=2
split_feature=1 4 1 11 8
split_gain=7.72102 3.03072 2.33358 3.81752 0.822625
threshold=0 1.7500000000000002 1 16.000000000000004 1.7500000000000002
decision_type=5 2 5 2 2
left_child=-1 2 -2 4 -4
right_child=1 -3 3 -5 -6
leaf_value=0.075438127232194327 -0.053547642248505327 -0.086406718611609715 0 0.081116051052939744 -0.042936513671109469
leaf_count=288 472 388 1443 234 375
internal_value=0 -0.135673 -0.0558874 0.0259834 -0.0703723
internal_count=3200 2912 2524 2052 1818
cat_boundaries=0 4 10
cat_threshold=4718592 22086656 1611661312 262240 263236 24576 4228225 0 0 2097152
shrinkage=0.168364


Tree=11
num_leaves=6
num_cat=2
split_feature=1 7 0 7 7
split_gain=7.5623 5.55284 3.10611 2.88963 2.45735
threshold=0 26840.500000000004 1 19.750000000000004 1922.5000000000002
decision_type=5 2 5 2 2
left_child=-1 2 -2 -4 -5
right_child=1 -3 3 4 -6
leaf_value=-0.067893501538281512 -0.051759378885240841 0.12260666506471482 -3.0463156139092208e-05 0.12227253046047296 0.0048443379045023105
leaf_count=834 276 100 1528 224 238
internal_value=0 0.117608 0.0212066 0.11213 0.396824
internal_count=3200 2366 2266 1990 462
cat_boundaries=0 6 11
cat_threshold=263748 24848 2428535937 1107828740 5767168 2097664 2216690944 16386 8704 0 2
shrinkage=0.168364


end of trees

feature importances:
n_table_1.n_16=9
c_table_1.c_3=8
n_table_1.n_18=7
c_table_2.c_4=7
c_table_1.c_2=6
n_table_1.n_15=5
c_table_1.c_5=4
n_table_1.n_17=4
n_table_1.n_19=4
n_table_1.n_12=3
n_table_1.n_26=2
n_table_1.n_3=1
n_table_1.n_10=1
n_table_1.n_27=1

parameters:
[boosting: gbdt]
[objective: binary]
[metric: auc]
[tree_learner: serial]
[device_type: cpu]
[data: ]
[valid: ]
[num_iterations: 100]
[learning_rate: 0.168364]
[num_leaves: 77]
[num_threads: 4]
[max_depth: 6]
[min_data_in_leaf: 20]
[min_sum_hessian_in_leaf: 9.19587]
[bagging_fraction: 0.8]
[bagging_freq: 44]
[bagging_seed: 3]
[feature_fraction: 0.5]
[feature_fraction_seed: 2]
[early_stopping_round: 0]
[max_delta_step: 0]
[lambda_l1: 0.862918]
[lambda_l2: 1.93513]
[min_gain_to_split: 0]
[drop_rate: 0.1]
[max_drop: 50]
[skip_drop: 0.5]
[xgboost_dart_mode: 0]
[uniform_drop: 0]
[drop_seed: 4]
[top_rate: 0.2]
[other_rate: 0.1]
[min_data_per_group: 100]
[max_cat_threshold: 32]
[cat_l2: 10]
[cat_smooth: 10]
[max_cat_to_onehot: 4]
[top_k: 20]
[monotone_constraints: ]
[feature_contri: ]
[forcedsplits_filename: ]
[refit_decay_rate: 0.9]
[verbosity: -1]
[max_bin: 255]
[min_data_in_bin: 3]
[bin_construct_sample_cnt: 200000]
[histogram_pool_size: -1]
[data_random_seed: 1]
[output_model: LightGBM_model.txt]
[snapshot_freq: -1]
[input_model: ]
[output_result: LightGBM_predict_result.txt]
[initscore_filename: ]
[valid_data_initscores: ]
[pre_partition: 0]
[enable_bundle: 1]
[max_conflict_rate: 0]
[is_enable_sparse: 1]
[sparse_threshold: 0.8]
[use_missing: 1]
[zero_as_missing: 0]
[two_round: 0]
[save_binary: 0]
[enable_load_from_binary_file: 1]
[header: 0]
[label_column: ]
[weight_column: ]
[group_column: ]
[ignore_column: ]
[categorical_feature: ]
[predict_raw_score: 0]
[predict_leaf_index: 0]
[predict_contrib: 0]
[num_iteration_predict: -1]
[pred_early_stop: 0]
[pred_early_stop_freq: 10]
[pred_early_stop_margin: 10]
[convert_model_language: ]
[convert_model: gbdt_prediction.cpp]
[num_class: 1]
[is_unbalance: 0]
[scale_pos_weight: 1]
[sigmoid: 1]
[boost_from_average: 1]
[reg_sqrt: 0]
[alpha: 0.9]
[fair_c: 1]
[poisson_max_delta_step: 0.7]
[tweedie_variance_power: 1.5]
[max_position: 20]
[label_gain: ]
[metric_freq: 1]
[is_provide_training_metric: 0]
[eval_at: ]
[num_machines: 1]
[local_listen_port: 12400]
[time_out: 120]
[machine_list_filename: ]
[machines: ]
[gpu_platform_id: -1]
[gpu_device_id: -1]
[gpu_use_dp: 0]

end of parameters

pandas_categorical:[[0, 1, 2, 3, 4, 5, 6, 7, 8, 9, 10, 11, 12, 13, 14, 15, 16, 17, 18, 19, 20, 21, 22, 23, 24, 25, 26, 27, 28, 29, 30, 31, 32, 33, 34, 35, 36, 37, 38, 39, 40, 41, 42, 43, 44, 45, 46, 47, 48, 49, 50, 51, 52, 53, 54, 55, 56, 57, 58, 59, 60, 61, 62, 63, 64, 65, 66, 67, 68, 69, 70, 71, 72, 73, 74, 75, 76, 77, 78, 79, 80, 81, 82, 83, 84, 85, 86, 87, 88, 89, 90, 91, 92, 93, 94, 95, 96, 97, 98, 99, 100, 101, 102, 103, 104, 105, 106, 107, 108, 109, 110, 111, 112, 113, 114, 115, 116, 117, 118, 119, 120, 121, 122, 123, 124, 125, 126, 127, 128, 129, 130, 131, 132, 133, 134, 135, 136, 137, 138, 139, 140, 141, 142, 143, 144, 145, 146, 147, 148, 149, 150, 151, 152, 153, 154, 155, 156, 157, 158, 159, 160, 161, 162, 163, 164, 165, 166, 167, 168, 169, 170, 171, 172, 173, 174, 175, 176, 177, 178, 179, 180, 181, 182, 183, 184, 185, 186, 187, 188, 189, 190, 191, 192, 193, 194, 195, 196, 197, 198, 199, 200, 201, 202, 203, 204, 205, 206], [0, 1, 2, 3, 4, 5, 6, 7, 8, 9, 10, 11, 12, 13, 14, 15, 16, 17, 18, 19, 20, 21, 22, 23, 24, 25, 26, 27, 28, 29, 30, 31, 32, 33, 34, 35, 36, 37, 38, 39, 40, 41, 42, 43, 44, 45, 46, 47, 48, 49, 50, 51, 52, 53, 54, 55, 56, 57, 58, 59, 60, 61, 62, 63, 64, 65, 66, 67, 68, 69, 70, 71, 72, 73, 74, 75, 76, 77, 78, 79, 80, 81, 82, 83, 84, 85, 86, 87, 88, 89, 90, 91, 92, 93, 94, 95, 96, 97, 98, 99, 100, 101, 102, 103, 104, 105, 106, 107, 108, 109, 110, 111, 112, 113, 114, 115, 116, 117, 118, 119, 120, 121, 122, 123, 124, 125, 126, 127, 128, 129, 130, 131, 132, 133, 134, 135, 136, 137, 138, 139, 140, 141, 142, 143, 144, 145, 146, 147, 148, 149, 150, 151, 152, 153, 154, 155, 156, 157, 158, 159, 160, 161, 162, 163, 164, 165, 166, 167, 168, 169, 170, 171, 172, 173, 174, 175, 176, 177, 178, 179, 180, 181, 182, 183, 184, 185, 186, 187, 188, 189, 190, 191, 192, 193, 194, 195, 196, 197, 198, 199, 200, 201, 202, 203, 204, 205, 206, 207, 208, 209, 210, 211, 212, 213, 214, 215, 216, 217, 218, 219, 220], [0, 1, 2, 3, 4, 5, 6, 7, 8, 9, 10, 11, 12, 13, 14, 15, 16, 17, 18, 19, 20, 21, 22, 23, 24, 25, 26, 27, 28, 29, 30, 31, 32, 33, 34, 35, 36, 37, 38, 39, 40, 41, 42, 43, 44, 45, 46, 47, 48, 49, 50, 51, 52, 53, 54, 55, 56], [0, 1, 2, 3, 4, 5, 6, 7, 8, 9, 10, 11, 12, 13, 14, 15, 16, 17, 18, 19, 20, 21, 22, 23, 24, 25, 26, 27, 28, 29, 30, 31, 32, 33, 34, 35, 36, 37, 38, 39, 40, 41, 42, 43, 44, 45, 46, 47, 48, 49, 50, 51, 52, 53, 54, 55, 56, 57, 58, 59, 60, 61, 62, 63, 64, 65, 66, 67, 68, 69, 70, 71, 72, 73, 74, 75, 76, 77, 78, 79, 80, 81, 82, 83, 84, 85, 86, 87, 88, 89, 90, 91, 92, 93, 94, 95, 96, 97, 98, 99, 100, 101, 102, 103, 104, 105, 106, 107, 108, 109, 110, 111, 112, 113, 114, 115, 116, 117, 118, 119, 120, 121, 122, 123, 124, 125, 126, 127, 128, 129, 130, 131, 132, 133, 134, 135, 136, 137, 138, 139, 140, 141, 142, 143, 144, 145, 146, 147, 148, 149, 150]]
