tree
version=v2
num_class=1
num_tree_per_iteration=1
label_index=0
max_feature_idx=17
objective=binary sigmoid:1
feature_names=c_table_1.c_1 c_table_1.c_2 n_table_1.n_3 c_table_1.c_6 n_table_1.n_5 n_table_1.n_9 n_table_1.n_10 n_table_1.n_11 n_table_1.n_12 n_table_1.n_15 n_table_1.n_16 n_table_1.n_17 n_table_1.n_18 n_table_1.n_19 n_table_1.n_20 n_table_1.n_26 c_table_2.c_5 n_table_2.n_14
feature_infos=1:0 2:0:6:10:16:17:29:9:7:24:13:37:14:15:12:11:18:45:33:19:56:63:60:26:73:38:3:55:54:64:4:70:83:20:22:34:30:21:36:39:58:65:68:74:35:47:71:57:114:1:32:44:59:134:31:53:78:139:8:48:81:85:94:111:119:27:28:42:69:82:90:92:104:105:106:115:128:144:23:46:49:50:52:75:79:80:98:103:116:122:25:40:43:72:86:93:96:97:99:107:112:118:127:129:133:146:152:164 [1:175] 1:0:2:3:4:7:8:9:13:5:6:10:11:12 [1:24272.5] [1:2481850] [1:70] [1:6121] [1:7070.5] [1:423494] [1:313693] [1:372140] [1:441384] [1:1178200] [1:18856] [1:121640] 1:0:6:7:9:10:15:11:4:14:12:2:13:5:16:22:3:8:18:17:20:23:19:28 [1:92.5]
tree_sizes=1294 1460 1615 1298 1707 1625 1377 1403 1448 1432 1814 1381 1455 1605 1361 1744 1612 1461 1779 1373 1502

Tree=0
num_leaves=16
num_cat=0
split_feature=12 8 10 10 5 7 13 13 5 9 8 17 10 12 5
split_gain=43.8405 9.8525 7.62937 11.5116 10.0525 6.07958 1.84297 3.00938 2.64389 1.48254 1.42082 1.44477 1.19835 0.974632 0.286596
threshold=20428.750000000004 96.250000000000014 142086.00000000003 8652.2500000000018 152.50000000000003 7.7500000000000009 5632.7500000000009 2202.2500000000005 49.750000000000007 131264.50000000003 1.7500000000000002 1.7500000000000002 1968.2500000000002 178905.00000000003 13093.000000000002
decision_type=2 2 2 2 2 2 2 2 2 2 2 2 2 2 2
left_child=1 6 3 5 9 -2 7 10 -9 -5 11 -1 -3 -6 -8
right_child=2 12 -4 4 13 -7 14 8 -10 -11 -12 -13 -14 -15 -16
leaf_value=-2.6426108185650228 -2.4958632222237855 -2.4956440710897554 -2.630682662093951 -2.5276460253226767 -2.350223913034839 -2.6533415933785385 -2.6799003668182966 -2.6272201575006893 -2.543620353040005 -2.6178251095094844 -2.600024439738954 -2.6907296924509052 -2.6139533269109507 -2.5417109520989589 -2.6178251095094844
leaf_count=1779 49 63 51 59 133 92 347 113 83 58 62 152 57 47 55
internal_value=0 -0.216471 1.05883 1.22933 1.66349 0.147711 -0.273918 -0.214075 0.203544 0.49028 -0.263836 -0.286712 0.80717 2.25472 -0.54469
internal_count=3200 2711 489 438 297 141 2591 2189 196 117 1993 1931 120 180 402
shrinkage=1


Tree=1
num_leaves=19
num_cat=0
split_feature=12 8 8 7 5 6 8 11 5 13 13 4 4 17 15 11 9 9
split_gain=33.4784 8.20247 5.1206 9.15577 9.58926 3.70512 3.22746 2.32635 3.4441 3.3981 4.61983 2.02727 1.32302 0.725328 0.709445 0.569217 0.424834 0.38873
threshold=20428.750000000004 96.250000000000014 1759.0000000000002 15.250000000000002 245.50000000000003 3.2500000000000004 432.25000000000006 542.50000000000011 49.750000000000007 2282.5000000000005 6537.2500000000009 83.500000000000014 13.000000000000002 1.7500000000000002 275.50000000000006 43464.250000000007 35.500000000000007 43318.000000000007
decision_type=2 2 2 2 2 2 2 2 2 2 2 2 2 2 2 2 2 2
left_child=1 7 3 4 15 -4 -5 8 12 16 -11 -9 13 -1 -8 -2 -10 -6
right_child=2 -3 5 6 17 -7 14 11 9 10 -12 -13 -14 -15 -16 -17 -18 -19
leaf_value=-0.023555392911696536 -0 0.073801463753489061 0.024080116713474094 0.058013194987078014 0.23792339492675457 0.22866324209751596 -0 -0.069720976331253307 0 0.15628246454837008 -0 0 0.023072730354410424 -0.061982395042642642 -0.073733021461472703 0.040901687285769768 -0.02980910027815285 0.065379292409391429
leaf_count=1737 68 120 44 50 55 63 42 348 46 44 53 70 48 159 67 57 86 43
internal_value=0 -0.198069 0.879874 0.575842 1.05044 1.65042 -0.0560276 -0.253278 -0.187172 0.231224 0.762773 -0.545923 -0.246653 -0.268217 -0.482715 0.135401 -0.0986118 1.82816
internal_count=3200 2711 489 382 223 107 159 2591 2173 229 97 418 1944 1896 109 125 132 98
shrinkage=0.104284


Tree=2
num_leaves=20
num_cat=2
split_feature=1 5 5 10 10 14 16 2 17 5 11 9 11 11 5 10 10 12 7
split_gain=29.1475 10.3957 7.14922 5.60019 9.21529 4.40597 3.48475 4.80437 1.05798 0.905569 0.800898 0.793245 0.756417 0.432995 0.287299 2.2462 0.59642 0.173722 0.858045
threshold=0 2422.0000000000005 213853.50000000003 16051.750000000002 33568.000000000007 1.7500000000000002 1 33.250000000000007 1.7500000000000002 379.00000000000006 1711.0000000000002 1202.5000000000002 13520.500000000002 34.000000000000007 16.750000000000004 283.00000000000006 246.25000000000003 15148.750000000002 6.2500000000000009
decision_type=5 2 2 2 2 2 5 2 2 2 2 2 2 2 2 2 2 2 2
left_child=2 6 5 10 -5 8 7 9 -1 14 -3 -9 -12 -8 15 -2 -16 -7 -19
right_child=1 3 -4 4 -6 17 13 11 -10 -11 12 -13 -14 -15 16 -17 -18 18 -20
leaf_value=-0.01673966370137657 0.077422770670322258 0.090896051663693536 0.1030222628534883 0.25009311118680072 0.0061006073587824483 -0.077287790555067182 -0 -0.045768711941132946 -0.062463369485669336 0.0044142352209198023 -0 0.00073430930894392225 0.042311969991187741 -0.054793231888473376 0.019144285032995742 -0.0048160461365968129 0.12256842182619275 0 -0.048713123740657616
leaf_count=1450 82 81 44 68 44 433 47 63 134 81 60 86 69 99 60 63 111 42 83
internal_value=0 0.479936 -0.276251 1.08734 1.7132 -0.340007 0.228188 0.331505 -0.21041 0.646201 0.525375 -0.102654 0.157007 -0.197022 0.751108 0.334325 0.954815 -0.654719 -0.241115
internal_count=3200 1014 2186 322 112 2142 692 546 1584 397 210 149 129 146 316 145 171 558 125
cat_boundaries=0 3 4
cat_threshold=1145753813 16785554 512 16451
shrinkage=0.104284


Tree=3
num_leaves=16
num_cat=1
split_feature=1 5 8 9 14 5 14 8 4 4 13 13 9 13 9
split_gain=24.273 8.48369 6.67127 8.20046 4.81297 3.53267 3.29631 3.39826 2.28949 2.58693 1.73631 1.31896 0.503196 0.234977 0.0501452
threshold=0 175774.50000000003 422.50000000000006 49935.250000000007 1.7500000000000002 16.750000000000004 27.250000000000004 182.50000000000003 13.000000000000002 103.00000000000001 12045.250000000002 154.75000000000003 54716.500000000007 3982.7500000000005 91683.250000000015
decision_type=5 2 2 2 2 2 2 2 2 2 2 2 2 2 2
left_child=1 4 5 -4 -1 11 -7 8 10 -10 -8 -2 13 -13 -9
right_child=2 -3 3 -5 -6 6 7 14 9 -11 -12 12 -14 -15 -16
leaf_value=-0.020273838554815592 0.034591246163224426 0.093929303225780955 0.17058069030676287 0 -0.069084056594462345 -0.016668179309330584 0.076332694769681977 -0.011337769225095513 0.14002380887310717 0.003008291054570135 0 -0.0012758480714775032 0 -0.062882957373536066 0.00241108744336816
leaf_count=1585 63 61 104 74 569 72 69 42 126 53 121 94 56 58 53
internal_value=0 -0.25335 0.4359 1.09572 -0.328507 0.298344 0.468769 0.585989 0.746264 1.0715 0.299038 -0.0360306 -0.244127 -0.362494 -0
internal_count=3200 2215 985 178 2154 807 536 464 369 179 190 271 208 152 95
cat_boundaries=0 3
cat_threshold=1145722069 16785554 512
shrinkage=0.104284


Tree=4
num_leaves=22
num_cat=0
split_feature=12 14 10 8 11 10 8 14 14 9 9 14 12 11 17 11 12 10 14 12 12
split_gain=18.0057 4.6803 6.22201 4.36651 2.9458 3.82288 2.93003 2.64181 2.26078 1.75779 1.73654 1.54706 1.20128 1.87326 1.73874 0.764851 0.670419 0.473256 0.458295 0.0213195 0.574527
threshold=15357.250000000002 4214.5000000000009 16051.750000000002 72.250000000000014 542.50000000000011 1283.5000000000002 4.7500000000000009 2799.2500000000005 739.75000000000011 116399.50000000001 37561.750000000007 739.75000000000011 296.50000000000006 17.500000000000004 1.7500000000000002 62.500000000000007 733.00000000000011 6753.2500000000009 8196.2500000000018 4670.5000000000009 2226.2500000000005
decision_type=2 2 2 2 2 2 2 2 2 2 2 2 2 2 2 2 2 2 2 2 2
left_child=3 2 8 4 5 12 -4 -8 -2 -3 17 -5 13 14 -1 16 -14 -10 -11 20 -6
right_child=1 9 6 11 19 -7 7 -9 10 18 -12 -13 15 -15 -16 -17 -18 -19 -20 -21 -22
leaf_value=-0.011802971842858632 0.083239692790567005 -0.059908428993275746 0.018248665967183299 -0 -0.048159753654546875 0.077101459658763652 0.20522463892639944 0.059729411904652079 -0.063418392767623344 0.051710506335766571 0.036245931266434474 0.075817277730895166 0.022903643983902745 -0.080492428954978171 -0.064289744774730428 0.048262455083198673 -0.028924475418715394 -0 0 -0.085542436622700876 -0
leaf_count=1683 40 48 62 66 155 53 61 62 50 38 58 76 48 100 150 40 95 39 55 133 88
internal_value=0 0.58018 0.763461 -0.158156 -0.206956 -0.137811 1.16824 1.43211 0.170884 -0 -0 0.415454 -0.175317 -0.209035 -0.164139 0.0749642 -0 -0.387436 0.252021 -0.562772 -0.321575
internal_count=3200 513 372 2687 2545 2169 185 123 187 141 147 142 2116 1933 1833 183 143 89 93 376 243
shrinkage=0.104284


Tree=5
num_leaves=21
num_cat=2
split_feature=1 10 10 4 16 10 8 9 4 9 8 11 12 4 17 13 10 12 12 13
split_gain=17.4434 4.27124 6.26801 4.03769 3.56281 2.50927 2.49539 2.06263 2.8006 1.94132 1.78749 1.52169 1.30994 1.0092 0.925094 0.572691 0.494528 0.388583 0.289265 0.119075
threshold=0 16051.750000000002 25337.500000000004 6.2500000000000009 1 3802.7500000000005 1361.5000000000002 4.7500000000000009 65.500000000000014 41384.500000000007 123.25000000000001 159.25000000000003 20428.750000000004 9.2500000000000018 1.7500000000000002 660.25000000000011 55691.500000000007 88174.750000000015 417.25000000000006 3982.7500000000005
decision_type=5 2 2 2 5 2 2 2 2 2 2 2 2 2 2 2 2 2 2 2
left_child=6 4 -3 17 11 10 7 14 -9 -7 13 15 -13 19 18 -2 -5 -4 -1 -6
right_child=1 2 3 16 5 9 -8 8 -10 -11 -12 12 -14 -15 -16 -17 -18 -19 -20 -21
leaf_value=-0.01628200980514119 -0 0.16606553210601724 0.01640835128051674 -0.038017572329880102 0.013542730563177147 -0.060900436410027167 0.050102912070127299 -0.074839139588339279 0 0.03979597733515506 0.12665380789835004 -0.060604618524482699 0 0.063228882960161298 -0.05879273964495673 0.041455361391229337 0 0.11715013820211252 0 -0
leaf_count=1539 55 52 51 33 121 48 34 362 74 46 60 145 39 137 143 45 78 39 45 54
internal_value=0 0.354232 0.769782 0.330222 0.205693 0.354434 -0.224123 -0.269794 -0.549912 -0 0.602003 -0.117577 -0.397741 0.369865 -0.187585 0.0966237 -0.0538273 0.818761 -0.143121 0.0431979
internal_count=3200 1003 253 201 750 466 2197 2163 436 94 372 284 184 312 1727 100 111 90 1584 175
cat_boundaries=0 3 4
cat_threshold=1145753813 16785562 512 1601
shrinkage=0.104284


Tree=6
num_leaves=17
num_cat=2
split_feature=1 5 14 5 14 9 4 6 11 11 17 16 13 9 13 4
split_gain=14.6022 5.71788 3.97506 3.41698 3.2037 3.18256 2.25125 1.65544 1.39501 5.64055 0.787801 1.17478 0.69171 1.0668 0.237371 0.0540495
threshold=0 175774.50000000003 1.7500000000000002 16.750000000000004 27.250000000000004 131264.50000000003 103.00000000000001 4.7500000000000009 415.75000000000006 24052.750000000004 1.7500000000000002 1 154.75000000000003 25966.000000000004 3982.7500000000005 427.00000000000006
decision_type=5 2 2 2 2 2 2 2 2 2 2 5 2 2 2 2
left_child=1 2 10 12 -5 6 8 -4 -6 -10 11 -1 -2 14 -14 -8
right_child=3 -3 7 4 5 -7 15 -9 9 -11 -12 -13 13 -15 -16 -17
leaf_value=0.0085332194673171657 0.030429482596794635 0.071131804770507581 -0.073688971549612889 -0.015707634268051371 0.12732841256822686 -0 -0 -0 2.8797866057799407e-06 0.097128359363725256 -0.052879171125363424 -0.016412333465669816 -0.00071288917298925993 0.013597382060619773 -0.062075234094799543 0.011836050479484996
leaf_count=306 63 61 466 72 100 89 37 114 194 159 134 1145 94 60 62 44
internal_value=0 -0.203554 -0.271777 0.326466 0.488543 0.563634 0.655137 -0.589048 0.746467 0.549462 -0.147919 -0.104216 -0 -0.135654 -0.355752 0
internal_count=3200 2226 2165 974 695 623 534 580 453 353 1585 1451 279 216 156 81
cat_boundaries=0 3 4
cat_threshold=1145722069 16785562 512 21
shrinkage=0.104284


Tree=7
num_leaves=18
num_cat=0
split_feature=12 14 5 9 17 15 15 12 11 14 9 7 9 14 12 15 9
split_gain=10.1664 2.56586 2.33465 1.31475 1.20111 1.09122 3.58749 2.21684 0.943837 2.51604 1.79272 1.27752 0.936039 1.7695 1.17316 0.667745 0.109431
threshold=15357.250000000002 4214.5000000000009 103111.00000000001 123650.00000000001 6.2500000000000009 21.250000000000004 187.75000000000003 41091.250000000007 5537.5000000000009 720.25000000000011 54716.500000000007 13.750000000000002 1086.2500000000002 48.250000000000007 82.750000000000014 3805.7500000000005 137698.00000000003
decision_type=2 2 2 2 2 2 2 2 2 2 2 2 2 2 2 2 2
left_child=2 3 4 5 8 -2 7 -7 9 12 -10 -11 13 -1 -14 -8 -3
right_child=1 16 -4 -5 -6 6 15 -9 10 11 -12 -13 14 -15 -16 -17 -18
leaf_value=-0.01110338644078173 0.1068416227627242 -0.011338620200124435 0.059262610360197782 -0 -0.063692089037298477 0.033151199713221467 0.086267446457761895 -0.055698683436207166 -0.071992601286885657 0 0 0.070350000590809467 -0.033734656045436143 -0.053848155035410426 0.027007412374619122 0 0.0079178690455336403
leaf_count=1694 79 100 37 36 113 75 96 57 148 104 46 55 57 241 192 29 41
internal_value=0 0.413618 -0.124567 0.537217 -0.149356 0.595804 0.395184 -0 -0.12117 -0.0884063 -0.429782 0.3272 -0.13552 -0.169508 0.0581471 0.711741 -0
internal_count=3200 513 2687 372 2650 336 257 132 2537 2343 194 159 2184 1935 249 125 141
shrinkage=0.104284


Tree=8
num_leaves=18
num_cat=3
split_feature=1 5 5 11 16 4 4 10 2 4 17 16 10 10 11 2 8
split_gain=9.77774 3.42623 3.29534 4.15319 2.92455 1.39279 1.29637 0.929199 1.00205 0.715673 0.71245 1.48797 0.615514 1.15968 5.08965 0.261684 0.261621
threshold=0 16.750000000000004 213853.50000000003 46.750000000000007 1 4.7500000000000009 114.25000000000001 271.75000000000006 30.250000000000004 54.250000000000007 1.7500000000000002 2 97042.000000000015 16051.750000000002 2158.7500000000005 30.250000000000004 146.50000000000003
decision_type=5 2 2 2 5 2 2 2 2 2 2 5 2 2 2 2 2
left_child=2 7 3 10 5 -3 12 15 -9 -7 11 -1 13 14 -6 -2 -8
right_child=1 4 -4 -5 6 9 16 8 -10 -11 -12 -13 -14 -15 -16 -17 -18
leaf_value=0.0074093803515040213 0.020680956546754347 -0.052750092704736268 0.057629458192449023 -0.080616986233664339 0.077548713155018503 0.039858105366392636 0.022983739040247867 -0.059697456900332603 0 -0.011805221038411393 -0.052679034865243037 -0.018886573726398001 0 0.094352349919868836 -0.0046588575294600294 -0 -0.010085137131605989
leaf_count=428 105 72 44 278 214 44 52 99 54 41 146 1190 58 124 151 62 38
internal_value=0 0.2386 -0.186974 -0.243617 0.375663 -0.0839247 0.435142 -0.0658336 -0.322651 0.0478252 -0.155199 -0.115163 0.57464 0.612096 0.397622 0.0646065 0
internal_count=3200 1114 2086 2042 794 157 637 320 153 85 1764 1618 547 489 365 167 90
cat_boundaries=0 2 3 4
cat_threshold=1145716949 16785554 1744 2197
shrinkage=0.104284


Tree=9
num_leaves=18
num_cat=5
split_feature=1 5 14 16 14 5 2 6 11 13 13 16 13 14 17 16 16
split_gain=8.69887 3.624 3.43257 2.68358 2.18567 2.02816 2.02424 1.43076 1.27943 2.40749 0.960172 0.681715 0.450375 0.281523 0.134079 0.765597 0.0403706
threshold=0 175774.50000000003 1.7500000000000002 1 28.750000000000004 1128.2500000000002 42.250000000000007 4.7500000000000009 97.750000000000014 20934.250000000004 419577.50000000006 2 12045.250000000002 1778.5000000000002 1.7500000000000002 3 4
decision_type=5 2 2 5 2 2 2 2 2 2 2 5 2 2 2 5 5
left_child=1 2 11 4 -2 -5 8 -4 -6 12 -11 -1 -10 -3 15 16 -13
right_child=3 13 7 5 6 -7 -8 -9 9 10 -12 14 -14 -15 -16 -17 -18
leaf_value=0.008588874512737061 -0.010679369287448469 0 -0.068511680198588484 -0.059115122463111063 0.088422790190431699 0.012209720101040468 -0.00042953255788737821 -0 0.0045846848524690427 0.055240936535282531 -0 0 -0.034653420063694873 0.073742083456004748 -0.041274541935481919 -0.027515540363183402 -0.0034640197470572932
leaf_count=128 81 34 466 110 144 58 68 114 96 334 35 265 48 27 124 269 799
internal_value=0 -0.166566 -0.226965 0.239323 0.32574 -0.116038 0.432859 -0.537076 0.491284 0.35506 0.478905 -0.111807 -0.00439735 0.488387 -0.135287 -0.117958 -0.0157346
internal_count=3200 2226 2165 974 806 168 725 580 657 513 369 1585 144 61 1457 1333 1064
cat_boundaries=0 3 4 5 6 7
cat_threshold=1145722069 16785562 512 51267 2196 21507 1
shrinkage=0.104284


Tree=10
num_leaves=23
num_cat=1
split_feature=12 16 8 11 12 14 10 12 5 10 14 13 12 14 14 14 11 7 14 14 5 12
split_gain=6.01349 4.24326 4.74108 2.19831 3.62705 2.00574 3.87748 1.73635 2.40767 2.61017 1.66948 1.06942 0.814731 0.424481 0.327794 0.803738 0.304904 0.293288 0.290121 0.107898 0.0758302 0.00800738
threshold=15357.250000000002 0 72.250000000000014 466.00000000000006 577.75000000000011 739.75000000000011 8437.0000000000018 1758.2500000000002 82.750000000000014 35.500000000000007 8196.2500000000018 141145.50000000003 42066.250000000007 3902.5000000000005 976.75000000000011 3.2500000000000004 17.500000000000004 13.750000000000002 28.750000000000004 5316.2500000000009 1686.2500000000002 4670.5000000000009
decision_type=2 5 2 2 2 2 2 2 2 2 2 2 2 2 2 2 2 2 2 2 2 2
left_child=1 2 7 4 14 -2 12 8 16 -10 11 20 -7 -13 15 -3 18 -4 -1 -15 -8 -9
right_child=5 3 17 -5 -6 6 10 21 9 -11 -12 13 -14 19 -16 -17 -18 -19 -20 -21 -22 -23
leaf_value=-0.0026452300132230122 0.090946426549539106 -0.019891669004827642 0.012618445042777997 -0.069543258813453232 0.056421536286249963 -0 0.011480820894300837 -0.00012022585479245582 -0 0.10876838958645653 -0.0033136182784327672 0.076275503762031072 -0.067481226099089922 0 0 -0.065460443712519994 -0.026968496291292835 0.12065316007178641 0.019899923415914605 0.027543198079039377 -0 -0.064219404727201501
leaf_count=843 52 804 44 265 75 55 58 71 68 54 80 107 60 33 47 139 76 29 102 38 30 70
internal_value=0 -0.103543 0.0564511 -0.258386 -0.180022 0.301801 0.186628 -0.00113938 0.0397716 0.536516 0.352309 0.447666 -0.34463 0.577387 -0.267279 -0.28758 -0.0191103 0.838542 0 0.152766 0.018251 -0.45043
internal_count=3200 2687 1357 1330 1065 513 461 1284 1143 122 346 266 115 178 990 943 1021 73 945 71 88 141
cat_boundaries=0 1
cat_threshold=18446
shrinkage=0.104284


Tree=11
num_leaves=17
num_cat=1
split_feature=1 5 14 14 17 5 11 11 4 12 13 12 17 11 13 14
split_gain=6.31173 2.41108 3.43889 2.15357 1.99214 1.80634 0.941716 2.34717 0.696329 1.01291 0.686333 0.610423 0.550785 0.2111 0.86122 0.158978
threshold=0 213853.50000000003 6.2500000000000009 27.250000000000004 6.2500000000000009 16.750000000000004 5408.5000000000009 13520.500000000002 83.500000000000014 296.50000000000006 168676.00000000003 172314.50000000003 1.7500000000000002 97.750000000000014 73036.750000000015 10.750000000000002
decision_type=5 2 2 2 2 2 2 2 2 2 2 2 2 2 2 2
left_child=1 2 12 15 5 13 8 -8 9 -7 -4 -9 -1 -5 -15 -2
right_child=3 -3 10 4 -6 6 7 11 -10 -11 -12 -13 -14 14 -16 -17
leaf_value=-0.006105500734979067 -0 0.047429578801609709 -0.064409047751231338 0.013544073154435825 -0.035831071644495796 0.016100405093345642 -0.028417694478456205 0.041433632712522289 0 0.094512493637931225 -0 -0 -0.043124082344631692 -0.040780221984624401 0.0089908697074103303 -0.039850172164754206
leaf_count=1475 48 44 448 95 40 76 72 259 64 119 50 46 136 111 59 58
internal_value=0 -0.153423 -0.20316 0.189008 0.263871 0.304292 0.383271 0.229396 0.582461 0.681622 -0.551219 0.343989 -0.0955852 0 -0.0918879 -0.253516
internal_count=3200 2153 2109 1047 941 901 636 377 259 195 498 305 1611 265 170 106
cat_boundaries=0 3
cat_threshold=1145721045 16785562 512
shrinkage=0.104284


Tree=12
num_leaves=18
num_cat=1
split_feature=16 11 5 7 5 9 13 11 14 7 10 5 10 5 15 14 5
split_gain=5.25323 5.72087 1.12813 0.89608 4.14235 0.755458 0.940966 0.648583 2.87422 2.49772 2.11027 1.88265 1.50877 1.43521 1.13423 0.816202 0.436382
threshold=0 38417.500000000007 103111.00000000001 4.7500000000000009 328.75000000000006 152053.50000000003 166188.00000000003 5537.5000000000009 367.75000000000006 1.7500000000000002 22844.500000000004 928.00000000000011 670.00000000000011 94.000000000000014 13.750000000000002 3902.5000000000005 2255.5000000000005
decision_type=5 2 2 2 2 2 2 2 2 2 2 2 2 2 2 2 2
left_child=1 2 7 4 -2 6 -3 8 11 -10 14 13 -11 -1 16 -12 -9
right_child=3 5 -4 -5 -6 -7 -8 10 9 12 15 -13 -14 -15 -16 -17 -18
leaf_value=-0.0035327374516178262 -0.036887915817387318 0.012667447220513592 0.043775685243446986 -0.057434899278715701 0.054982125875251767 0 0.092589639435992632 -0.027622811819122631 -0 0.1112718805927598 0.053313112874402255 -0.055761718336673913 0.006252449284597731 0.050374903339695756 -0.079759712109247219 -0 0.0075422748967747403
leaf_count=1474 501 53 54 224 71 34 82 95 95 55 34 102 77 74 85 51 39
internal_value=0 0.0870455 0.0090513 -0.265591 -0.167328 0.589316 0.675349 -0.00438525 0.0196147 0.408212 -0.16959 -0.0410566 0.68803 0 -0.410015 0.188701 -0.0374829
internal_count=3200 2404 2235 796 572 169 135 2181 1877 227 304 1650 132 1548 219 85 134
cat_boundaries=0 1
cat_threshold=22791
shrinkage=0.104284


Tree=13
num_leaves=20
num_cat=1
split_feature=16 11 17 5 11 2 4 11 11 2 12 9 10 9 11 2 4 9 9
split_gain=4.36962 4.59094 1.18704 1.15804 1.79229 1.92918 1.13032 1.64397 1.1993 1.07879 1.07835 1.52694 0.771504 0.242625 1.02695 0.883911 0.898792 0.0846329 0.0496172
threshold=0 38417.500000000007 9.2500000000000018 16.750000000000004 106.00000000000001 31.750000000000004 45.250000000000007 1520.5000000000002 3118.0000000000005 40.750000000000007 67951.000000000015 152053.50000000003 191.50000000000003 25966.000000000004 32042.500000000004 4.0000000000000009 1.7500000000000002 4474.0000000000009 319.00000000000006
decision_type=5 2 2 2 2 2 2 2 2 2 2 2 2 2 2 2 2 2 2
left_child=1 2 3 12 5 -5 7 -6 -8 13 17 -12 18 15 -15 16 -2 -3 -1
right_child=9 10 -4 4 6 -7 8 -9 -10 -11 11 -13 -14 14 -16 -17 -18 -19 -20
leaf_value=-0.00074957765591137607 -0.033750174163632997 0.017940421783450781 -0.048288052877307516 0.079977145754312903 0.02346028365702061 0 -0.00478993392181768 -0.035795087492809997 0.042675049638629448 0.003195379786839792 0.098490200722146939 0 -0.036506981473230747 0.02200099236034225 -0.045729340758603111 -0.083501331203008095 0.0026253385238236655 -0 0.010820274606269546
leaf_count=1295 489 40 89 79 77 107 63 203 131 53 68 34 131 44 42 117 51 27 60
internal_value=0 0.0794143 0.00790555 0.0333419 0.158412 0.453263 0.00326591 -0.132003 0.218874 -0.244883 0.521724 0.735011 -0.0310105 -0.349056 -0 -0.39057 -0.247911 0.0885183 -0
internal_count=3200 2404 2235 2146 660 186 474 280 194 796 169 102 1486 743 86 657 540 67 1355
cat_boundaries=0 1
cat_threshold=22791
shrinkage=0.104284


Tree=14
num_leaves=17
num_cat=4
split_feature=1 14 5 14 16 5 4 9 5 16 11 16 17 7 9 14
split_gain=4.3105 1.73654 1.65214 2.98587 1.31232 1.56961 1.25677 0.825863 0.807958 0.619067 0.429773 0.363548 0.31146 0.247103 0.129063 0.0910963
threshold=0 27.250000000000004 213853.50000000003 3.2500000000000004 1 2422.0000000000005 103.00000000000001 137698.00000000003 7.0000000000000009 2 15494.500000000002 3 1.7500000000000002 188.50000000000003 1086.2500000000002 10.750000000000002
decision_type=5 2 2 2 5 2 2 2 2 5 2 5 2 2 2 2
left_child=2 15 3 9 6 -6 7 8 -3 -1 -8 12 -11 -5 -10 -2
right_child=1 4 -4 13 5 -7 10 -9 14 11 -12 -13 -14 -15 -16 -17
leaf_value=0.010707236513223767 -0 0 0.036509937135738003 -0.059589937670672319 -0.051426091863701909 0.016717142222872731 0.011526469948788087 -0 0.013538631638695984 -0 -0.029448915209603917 -0.023256566270472252 -0.028223424265202187 -0.0058340460788631615 0.048854739373801769 -0.036695798072313615
leaf_count=130 48 121 44 410 98 44 55 36 127 1083 40 281 114 112 399 58
internal_value=0 0.156697 -0.12708 -0.170613 0.223164 -0.0724567 0.255366 0.342389 0.371511 -0.0668627 -0 -0.0960756 -0.0268107 -0.487472 0.416233 -0.241836
internal_count=3200 1026 2174 2130 920 142 778 683 647 1608 95 1478 1197 522 526 106
cat_boundaries=0 3 4 5 6
cat_threshold=1146798293 16785562 512 16579 2196 21507
shrinkage=0.104284


Tree=15
num_leaves=22
num_cat=4
split_feature=1 14 16 5 15 14 5 12 4 12 12 11 4 11 17 16 7 12 11 14 16
split_gain=3.43657 1.56303 1.65579 1.76291 1.82541 1.48562 2.90658 1.17386 2.70588 1.14368 0.974737 1.24989 0.825181 1.06461 0.562378 0.999414 0.372812 0.229188 0.150624 0.13136 0.0773069
threshold=0 27.250000000000004 1 7.0000000000000009 13.750000000000002 44.500000000000007 213853.50000000003 41091.250000000007 45.250000000000007 119020.50000000001 20428.750000000004 32042.500000000004 54.250000000000007 466.00000000000006 1.7500000000000002 2 218.50000000000003 4.7500000000000009 1152.2500000000002 7.7500000000000009 3
decision_type=5 2 5 2 2 2 2 2 2 2 2 2 2 2 2 5 2 2 2 2 5
left_child=5 19 10 17 12 14 16 8 -6 -9 -3 -12 13 -5 15 -1 -7 -4 -14 -2 -17
right_child=1 2 3 4 7 6 -8 9 -10 -11 11 -13 18 -15 -16 20 -18 -19 -20 -21 -22
leaf_value=0.011690727759247148 -0 -0.039843179422145526 0 0.10999727460719008 0 -0.074899530057088756 0.016885635265219801 -0.022765725595637214 0.085202857507942653 0.026244933517852391 0.052052621085209826 -0.022620618579087433 -0 0.030572449834856932 -0.038915409172244862 -0.002209264731482002 -0.0069205241802953116 -0.026253082769673509 0.020561623539734109 -0.038924431515002918 -0.018367585025182459
leaf_count=399 47 137 53 75 138 291 43 110 57 63 34 35 34 143 140 809 101 83 43 62 303
internal_value=0 0.130023 0.188198 0.236262 0.328608 -0.121874 -0.378238 0.150004 0.322472 -0 -0.0826799 0.031314 0.557919 0.685058 -0.059569 -0.0243238 -0.58616 -0.0971476 0.0601291 -0.252141 -0.0957997
internal_count=3200 1114 1005 799 663 2086 435 368 195 173 206 69 295 218 1651 1511 392 136 77 109 1112
cat_boundaries=0 3 4 5 6
cat_threshold=1145192661 16785562 512 7760 2197 5122
shrinkage=0.104284


Tree=16
num_leaves=21
num_cat=3
split_feature=1 5 9 7 9 2 13 13 4 12 12 8 9 4 16 5 12 7 12 16
split_gain=3.14253 2.79929 3.2709 2.01443 1.62797 1.37829 1.67012 1.29142 1.44775 1.03345 0.940821 0.973169 0.710346 0.674727 0.361854 0.219725 0.0628388 0.0488875 0.0768187 0.0363574
threshold=0 213853.50000000003 4.7500000000000009 218.50000000000003 1086.2500000000002 30.250000000000004 262.75000000000006 277784.50000000006 83.500000000000014 88174.750000000015 59008.000000000007 126.25000000000001 319.00000000000006 54.250000000000007 1 283104.50000000006 15175.750000000002 10.750000000000002 172314.50000000003 2
decision_type=5 2 2 2 2 2 2 2 2 2 2 2 2 2 5 2 2 2 2 5
left_child=1 2 14 -4 5 6 -2 8 9 10 11 -6 -7 -8 19 -3 -10 -9 -19 -1
right_child=4 15 3 -5 7 12 13 17 16 -11 -12 -13 -14 -15 -16 -17 -18 18 -20 -21
leaf_value=-0.0015768671872228601 0.041701064930641053 0 -0.07917941632785977 -0 0.014542355918737055 -0.068534128595579474 -0.040943838706658402 9.8245466400338711e-05 0 0.10060473739796018 -2.8042689378593683e-05 0.065310014267902547 -0 0 -0.0135885400015049 0.068496021426219522 -0.013124068073452263 0 -0.018100174561470853 0.003635600714614886
leaf_count=795 106 31 333 102 263 59 84 56 65 20 33 87 63 41 759 26 34 32 37 174
internal_value=0 -0.109249 -0.165388 -0.546676 0.133732 -0.0299632 0.0833248 0.245415 0.322706 0.404651 0.287364 0.349408 -0.389512 -0.152532 -0.0710004 0.440305 -0 -0 -0.0773045 -0
internal_count=3200 2220 2163 435 980 353 231 627 502 403 383 350 122 125 1728 57 99 125 69 969
cat_boundaries=0 3 4 5
cat_threshold=1145226461 16785562 1 3222 2
shrinkage=0.104284


Tree=17
num_leaves=18
num_cat=3
split_feature=16 8 1 5 7 5 8 14 4 17 4 7 5 10 16 5 10
split_gain=3.06602 3.84761 2.44383 1.96797 1.09043 3.05989 0.950806 1.43181 0.902044 0.489453 0.457174 0.445862 0.351691 0.329411 0.431987 0.204727 0.0163015
threshold=0 1759.0000000000002 1 7.0000000000000009 4.7500000000000009 328.75000000000006 243.25000000000003 323.50000000000006 51.250000000000007 1.7500000000000002 46.750000000000007 133.75000000000003 193.75000000000003 1.7500000000000002 2 21145.750000000004 77779.000000000015
decision_type=5 2 5 2 2 2 2 2 2 2 2 2 2 2 5 2 2
left_child=1 2 8 9 5 -2 7 12 -1 13 15 -3 -5 14 -4 -8 -10
right_child=4 11 3 6 -6 -7 10 -9 16 -11 -12 -13 -14 -15 -16 -17 -18
leaf_value=-0.054738471891719855 -0.029223009385479191 0.0033716422231266346 0.01376224305499783 0.020078548824132243 -0.052501415731941947 0.050494951174427059 -0 0.052761605801770008 -0.0056494687902096273 -0.031938283965393645 -0.026481025284486055 0.082932844540881692 -0.0046163086294725977 -0.024932985703834416 -0.0014115331712212242 0.023588293277158102 0
leaf_count=246 501 38 293 133 224 71 46 219 69 126 41 47 117 84 863 43 39
internal_value=0 0.0626429 0.0135573 0.0757963 -0.212696 -0.0992533 0.232965 0.3213 -0.237662 -0.0126764 0 0.613886 0.0283333 0 0.0291152 0.116577 -0
internal_count=3200 2404 2319 1965 796 572 599 469 354 1366 130 85 250 1240 1156 89 108
cat_boundaries=0 1 3 4
cat_threshold=22791 1157677716 25165858 5
shrinkage=0.104284


Tree=18
num_leaves=23
num_cat=1
split_feature=1 5 14 8 9 13 9 14 14 12 12 12 7 9 12 13 17 5 7 9 14 12
split_gain=2.32828 2.17898 2.45383 1.30899 1.30715 1.62011 0.742597 1.12583 0.77469 0.947666 1.83731 1.5611 2.12403 0.500911 0.487432 0.342348 0.340645 0.283211 0.173004 0.132858 0.0859622 0.000392875
threshold=0 283104.50000000006 3.2500000000000004 1361.5000000000002 25468.000000000004 277784.50000000006 9882.2500000000018 869.50000000000011 27.250000000000004 2307.2500000000005 20428.750000000004 296.50000000000006 19.750000000000004 41384.500000000007 54312.250000000007 311.50000000000006 1.7500000000000002 2255.5000000000005 43.750000000000007 48715.750000000007 10.750000000000002 132980.50000000003
decision_type=5 2 2 2 2 2 2 2 2 2 2 2 2 2 2 2 2 2 2 2 2 2
left_child=1 2 16 18 6 13 8 -8 20 11 17 15 -13 -6 -12 -10 -1 -11 -4 -15 -2 -7
right_child=4 -3 3 -5 5 21 7 -9 9 10 14 12 -14 19 -16 -17 -18 -19 -20 -21 -22 -23
leaf_value=-0.0020426732141012173 -0 0.059102345944820202 -0.066803848554214576 0 0.078576062549947576 -0 0.0023513417627263919 -0.051833457202956255 0.019320826987170216 -0.062794633631129762 0.03437837850941667 0.12498828788593466 0 0 -0 -0.0067842996908208915 -0.032360950640958508 -0 -0.007496399974783052 0.025703460426664011 -0.030194557247604906 0.00074760753215384916
leaf_count=1475 45 26 348 28 42 67 42 97 88 67 74 25 57 32 28 127 136 65 125 87 58 61
internal_value=0 -0.100144 -0.143834 -0.444269 0.107885 0.291503 0.0144452 -0.213069 0.078008 0.138019 -0 0.275522 0.627658 0.480063 0.204512 0.0133767 -0.0501264 -0.382235 -0.542568 0.176059 -0.186377 0
internal_count=3200 2138 2112 501 1062 289 773 139 634 531 234 297 82 161 102 215 1611 132 473 119 103 128
cat_boundaries=0 2
cat_threshold=1146245341 16785562
shrinkage=0.104284


Tree=19
num_leaves=17
num_cat=3
split_feature=16 17 9 14 1 5 5 12 14 13 10 10 10 11 15 16
split_gain=2.49687 2.36334 2.19202 1.36718 1.28532 1.63587 0.76765 1.33674 1.49922 1.12561 0.55339 0.45541 0.326447 0.198744 1.13034 0.0948386
threshold=0 9.2500000000000018 25468.000000000004 8196.2500000000018 1 9016.0000000000018 7.0000000000000009 4670.5000000000009 28.750000000000004 33041.500000000007 17216.500000000004 3109.0000000000005 1.7500000000000002 28637.500000000004 37.750000000000007 2
decision_type=5 2 2 2 5 2 2 2 2 2 2 2 2 2 2 5
left_child=1 2 4 10 5 -1 12 8 -8 -9 11 -4 15 14 -2 -6
right_child=13 -3 3 -5 6 -7 7 9 -10 -11 -12 -13 -14 -15 -16 -17
leaf_value=-0.069134980766495921 -0.028890507923041663 -0.058070542673735487 0.0373959598351132 -0.0039699373939619739 0.005958279805041238 0 -0.0050272283179090774 -0.037647701707773047 0.046654823927341334 0.012754397988997902 0.06169473972623269 -0 -0.026300334760755759 -0.060738323448052481 0.014366630134281282 -0
leaf_count=192 548 114 45 60 427 46 66 93 245 132 109 101 87 58 64 813
internal_value=0 0.0504231 0.0819422 0.325801 0.0153792 -0.209352 0.0570415 0.163241 0.325412 -0 0.416016 0.131785 -0 -0.212702 -0.179716 0.0148649
internal_count=3200 2530 2416 315 2101 238 1863 536 311 225 255 146 1327 670 612 1240
cat_boundaries=0 1 3 4
cat_threshold=22919 1145193620 8388608 2181
shrinkage=0.104284


Tree=20
num_leaves=19
num_cat=3
split_feature=16 17 1 14 14 4 11 9 14 9 9 9 9 11 15 16 9 14
split_gain=2.04083 2.02884 1.90888 2.45924 1.78271 1.55123 0.952108 0.851372 0.727127 0.989968 0.483399 0.307947 0.294428 0.185521 0.977444 0.102625 0.0527694 0.0200691
threshold=0 9.2500000000000018 1 309.25000000000006 51.250000000000007 51.250000000000007 17.500000000000004 1086.2500000000002 869.50000000000011 25468.000000000004 7636.0000000000009 396.25000000000006 39.250000000000007 28637.500000000004 37.750000000000007 2 161922.50000000003 12.250000000000002
decision_type=5 2 5 2 2 2 2 2 2 2 2 2 2 2 2 5 2 2
left_child=1 2 4 6 15 12 11 -8 -5 10 -10 17 -6 14 -2 -1 -11 -4
right_child=13 -3 3 8 5 -7 7 -9 9 16 -12 -13 -14 -15 -16 -17 -18 -19
leaf_value=-0.00075893553164573283 -0.026665404249236618 -0.055427004287504335 0 0.061144856109140958 -0 0 -0.057658452519759359 0 0.012641974213522648 0.038687043643338165 -0.023229324793699144 0.023841844823710372 -0.078720274960189296 -0.057802700951906941 0.012984072035953887 0.0052178349776022624 0 -0.007451665164142674
leaf_count=375 548 114 58 146 54 89 103 58 114 177 69 98 148 58 64 846 27 54
internal_value=0 0.0434804 0.0723649 0.176151 -0.02994 -0.340406 -0.0439448 -0.300114 0.318768 0.206692 0 0.0785473 -0.587578 -0.195796 -0.161561 0.0250276 0.343223 -0
internal_count=3200 2530 2416 904 1512 291 371 161 533 387 183 210 202 670 612 1221 204 112
cat_boundaries=0 1 4 5
cat_threshold=22919 1145094809 25174082 513 20481
shrinkage=0.104284


end of trees

feature importances:
n_table_1.n_20=45
n_table_1.n_9=43
n_table_1.n_15=38
n_table_1.n_18=37
n_table_1.n_17=34
n_table_1.n_16=27
c_table_2.c_5=26
n_table_1.n_5=23
n_table_1.n_19=23
n_table_2.n_14=18
n_table_1.n_12=17
n_table_1.n_11=15
c_table_1.c_2=14
n_table_1.n_3=8
n_table_1.n_26=8
n_table_1.n_10=3

parameters:
[boosting: gbdt]
[objective: binary]
[metric: auc]
[tree_learner: serial]
[device_type: cpu]
[data: ]
[valid: ]
[num_iterations: 100]
[learning_rate: 0.104284]
[num_leaves: 77]
[num_threads: 4]
[max_depth: 7]
[min_data_in_leaf: 20]
[min_sum_hessian_in_leaf: 2.85758]
[bagging_fraction: 0.8]
[bagging_freq: 100]
[bagging_seed: 3]
[feature_fraction: 0.8]
[feature_fraction_seed: 2]
[early_stopping_round: 0]
[max_delta_step: 0]
[lambda_l1: 0.955576]
[lambda_l2: 0.923962]
[min_gain_to_split: 0]
[drop_rate: 0.1]
[max_drop: 50]
[skip_drop: 0.5]
[xgboost_dart_mode: 0]
[uniform_drop: 0]
[drop_seed: 4]
[top_rate: 0.2]
[other_rate: 0.1]
[min_data_per_group: 100]
[max_cat_threshold: 32]
[cat_l2: 10]
[cat_smooth: 10]
[max_cat_to_onehot: 4]
[top_k: 20]
[monotone_constraints: ]
[feature_contri: ]
[forcedsplits_filename: ]
[refit_decay_rate: 0.9]
[verbosity: -1]
[max_bin: 255]
[min_data_in_bin: 3]
[bin_construct_sample_cnt: 200000]
[histogram_pool_size: -1]
[data_random_seed: 1]
[output_model: LightGBM_model.txt]
[snapshot_freq: -1]
[input_model: ]
[output_result: LightGBM_predict_result.txt]
[initscore_filename: ]
[valid_data_initscores: ]
[pre_partition: 0]
[enable_bundle: 1]
[max_conflict_rate: 0]
[is_enable_sparse: 1]
[sparse_threshold: 0.8]
[use_missing: 1]
[zero_as_missing: 0]
[two_round: 0]
[save_binary: 0]
[enable_load_from_binary_file: 1]
[header: 0]
[label_column: ]
[weight_column: ]
[group_column: ]
[ignore_column: ]
[categorical_feature: ]
[predict_raw_score: 0]
[predict_leaf_index: 0]
[predict_contrib: 0]
[num_iteration_predict: -1]
[pred_early_stop: 0]
[pred_early_stop_freq: 10]
[pred_early_stop_margin: 10]
[convert_model_language: ]
[convert_model: gbdt_prediction.cpp]
[num_class: 1]
[is_unbalance: 0]
[scale_pos_weight: 1]
[sigmoid: 1]
[boost_from_average: 1]
[reg_sqrt: 0]
[alpha: 0.9]
[fair_c: 1]
[poisson_max_delta_step: 0.7]
[tweedie_variance_power: 1.5]
[max_position: 20]
[label_gain: ]
[metric_freq: 1]
[is_provide_training_metric: 0]
[eval_at: ]
[num_machines: 1]
[local_listen_port: 12400]
[time_out: 120]
[machine_list_filename: ]
[machines: ]
[gpu_platform_id: -1]
[gpu_device_id: -1]
[gpu_use_dp: 0]

end of parameters

pandas_categorical:[[0, 1, 2], [0, 1, 2, 3, 4, 5, 6, 7, 8, 9, 10, 11, 12, 13, 14, 15, 16, 17, 18, 19, 20, 21, 22, 23, 24, 25, 26, 27, 28, 29, 30, 31, 32, 33, 34, 35, 36, 37, 38, 39, 40, 41, 42, 43, 44, 45, 46, 47, 48, 49, 50, 51, 52, 53, 54, 55, 56, 57, 58, 59, 60, 61, 62, 63, 64, 65, 66, 67, 68, 69, 70, 71, 72, 73, 74, 75, 76, 77, 78, 79, 80, 81, 82, 83, 84, 85, 86, 87, 88, 89, 90, 91, 92, 93, 94, 95, 96, 97, 98, 99, 100, 101, 102, 103, 104, 105, 106, 107, 108, 109, 110, 111, 112, 113, 114, 115, 116, 117, 118, 119, 120, 121, 122, 123, 124, 125, 126, 127, 128, 129, 130, 131, 132, 133, 134, 135, 136, 137, 138, 139, 140, 141, 142, 143, 144, 145, 146, 147, 148, 149, 150, 151, 152, 153, 154, 155, 156, 157, 158, 159, 160, 161, 162, 163, 164, 165, 166, 167, 168, 169, 170, 171, 172, 173, 174, 175], [0, 1, 2, 3, 4, 5, 6, 7, 8, 9, 10, 11, 12, 13, 14, 15], [0, 1, 2, 3, 4, 5, 6, 7, 8, 9, 10, 11, 12, 13, 14, 15, 16, 17, 18, 19, 20, 21, 22, 23, 24, 25, 26, 27, 28, 29, 30]]
