tree
version=v2
num_class=1
num_tree_per_iteration=1
label_index=0
max_feature_idx=13
objective=binary sigmoid:1
feature_names=c_table_1.c_2 c_table_1.c_3 c_table_1.c_5 n_table_1.n_3 n_table_1.n_10 n_table_1.n_12 n_table_1.n_15 n_table_1.n_16 n_table_1.n_17 n_table_1.n_18 n_table_1.n_19 n_table_1.n_26 n_table_1.n_27 c_table_2.c_4
feature_infos=49:0:5:3:8:19:33:31:47:159:129:39:41:26:141:36:21:78:84:6:74:88:176:90:29:189:30:106:75:110:57:65:77:28:73:197:89:107:155:43:147:40:46:67:69:146:167:10:66:101:11:99:2:48:200:12:13:71:9:60:140:198:52:85:93:154:17:32:34:50:58:64:83:100:117:148:161:175:196:4:59:72:87:91:95:187:20:35:56:98:102:111:116:120:128:144:168:179:185:1:25:42:55:76:92:94:104:112:126:139:162:164:190:15:18:37:51:115:118:127:133:149:158:169:180:182:191:194:203 46:0:74:18:55:6:64:102:68:3:87:45:36:37:84:147:5:48:121:81:86:22:181:10:2:16:92:52:71:56:79:148:109:101:115:169:42:98:19:95:93:188:27:40:114:126:135:53:151:62:106:150:9:33:39:54:94:123:11:14:30:213:8:70:130:146:154:207:23:24:72:120:155:80:100:118:158:166:186:187:200:210:211:34:89:201:1:75:82:111:119:153:163:191:208:20:21:29:58:61:66:116:162:174:183:185:197:212:13:41:43:49:83:85:107:117:127:134:167:170:176:190:193:50:63:78:88:97:122:136:137:168:175:182:203:217:218 2:0:7:8:9:3:10:1:6:17:20:4:22:26:25:12:47:14:5:33:29:11:18:42:24:16:41:19:31:38:13:30:36:43:54:55 [1:175] [1:68.5] [1:8524] [1:263222] [1:249100] [1:418837] [1:574087] [1:1285890] [1:121640] [1:151] 18:0:70:6:20:32:21:40:12:38:10:4:9:46:78:27:60:23:31:7:59:67:11:24:68:107:93:16:55:49:81:131:48:30:72:114:90:51:66:101:104:119:87:15:5:29:111:82:96:89:14:88:100:41:79:80:28:97:113:1:8:33:35:39:61:98:108:120:140:17:45:50:91:25:64:105:106:133:13:19:26:37:42:54:58:69:71:83:95:99:102:118:148
tree_sizes=1796 1192 1254

Tree=0
num_leaves=22
num_cat=1
split_feature=6 0 6 5 9 3 8 6 3 5 12 5 5 5 10 9 9 9 3 10 10
split_gain=30.3919 15.7406 10.7232 5.79149 5.26762 3.71358 3.14665 2.65975 2.46483 3.07279 0.367037 0.331575 0.245653 1.15339 0.234518 0.210918 0.0962276 0.0945891 0.0846022 0.010106 0.0824353
threshold=140616.00000000003 0 2426.5000000000005 7.7500000000000009 67923.250000000015 25.750000000000004 118373.00000000001 113075.00000000001 1.7500000000000002 73.750000000000014 3.2500000000000004 1653.2500000000002 262.75000000000006 86.500000000000014 2353.0000000000005 164.50000000000003 6760.7500000000009 17156.500000000004 39.250000000000007 832.75000000000011 586.00000000000011
decision_type=2 5 2 2 2 2 2 2 2 2 2 2 2 2 2 2 2 2 2 2 2
left_child=1 5 8 -4 12 10 7 -6 9 14 16 -7 13 -5 15 -3 -1 -18 -14 20 -10
right_child=-2 2 3 4 6 11 -8 -9 19 -11 -12 -13 18 -15 -16 -17 17 -19 -20 -21 -22
leaf_value=-3.3390813201892331 -1.5483176553322893 -3.2246109813598598 -2.2188345034221482 -3.2246109813598598 -2.4044855471591737 -3.6277365265960952 -3.2246109813598598 -3.2246109813598598 -3.304776171336516 -2.5949339123160993 -3.2246109813598598 -3.2246109813598598 -3.3240961296476934 -2.949196816751519 -3.3371176262281979 -3.0769255950427867 -3.1881495245786868 -3.2829220743497975 -3.2246109813598598 -3.462484633493518 -3.2246109813598598
leaf_count=1805 42 42 116 139 148 538 59 47 60 30 87 31 96 96 100 38 53 143 48 245 37
internal_value=0 -0.0656146 0.344852 0.810326 0.4443 -0.291723 0.964846 1.23312 -0.0629547 0.239616 -0.180234 -0.711717 0 0.124648 -0 0.0451072 -0.196844 -0 -0.112164 -0.377257 -0
internal_count=4000 3958 1301 749 633 2657 254 195 552 210 2088 569 379 235 180 80 2001 196 144 342 97
cat_boundaries=0 6
cat_threshold=3290956033 134034 1064960 17408 2281971714 128
shrinkage=1


Tree=1
num_leaves=14
num_cat=3
split_feature=13 1 12 10 1 4 10 10 10 4 8 12 12
split_gain=22.294 14.6076 4.528 4.07626 2.70647 2.65381 1.71498 1.3406 1.27198 0.958212 1.39605 0.0575708 0.114009
threshold=0 1 1.7500000000000002 182320.00000000003 2 3.2500000000000004 18231.250000000004 1.7500000000000002 32107.000000000004 1.7500000000000002 28321.000000000004 21.250000000000004 85.750000000000014
decision_type=5 5 2 2 5 2 2 2 2 2 2 2 2
left_child=2 7 -1 4 8 -5 -6 -2 -3 10 -8 -4 -13
right_child=1 3 11 5 6 -7 9 -9 -10 -11 -12 12 -14
leaf_value=0.77833230855059543 -0.16368277770561127 0.4655456272675681 -0 0.5549705628283802 -0.23340703415806954 0 0.19535239377558844 -0.38725146396860577 0 -0.18340704091051396 -0.079431347734896685 0.12928352442636376 -0
leaf_count=373 1456 151 53 111 342 86 294 862 62 94 49 37 30
internal_value=0 -0.189445 0.763588 0.184171 0 0.662092 -0.120996 -0.443171 0.319306 0 0.162572 0 0.116987
internal_count=4000 3507 493 1189 992 197 779 2318 213 437 343 120 67
cat_boundaries=0 4 10 16
cat_threshold=2684617312 268517441 8388868 8388864 263745 10510352 2428535953 1073750016 14155776 2097664 0 17891584 538050560 262176 0 268435456
shrinkage=0.544036


Tree=2
num_leaves=15
num_cat=4
split_feature=1 13 7 13 3 2 7 7 11 9 9 3 5 9
split_gain=12.0385 11.7381 7.44932 3.3041 2.36386 2.00628 2.87264 1.13895 0.957175 0.363369 0.451187 0.309278 0.226111 0.0783459
threshold=0 1 16913.500000000004 2 16.000000000000004 3 1984.0000000000002 2142.2500000000005 3556.0000000000005 40406.500000000007 1.7500000000000002 1.7500000000000002 143.50000000000003 69.250000000000014
decision_type=5 5 2 5 2 5 2 2 2 2 2 2 2 2
left_child=8 -2 3 5 7 9 13 -5 -1 10 -3 -8 -6 -7
right_child=1 2 -4 4 12 6 11 -9 -10 -11 -12 -13 -14 -15
leaf_value=-0.39861441399023195 -0.25069078019313801 -0.030256759347040793 0.4569280548737501 0.39224971323412555 -0.10276582796804615 0 0 -0 0 0 -0.21299722741635396 -0.1200715915717948 0.062591004160105615 0.38559249011405938
leaf_count=914 495 1093 235 372 99 46 35 23 39 32 301 112 39 165
internal_value=0 0.0892468 0.237446 0.109381 0.352551 -0.0125845 0.188898 0.654558 -0.523576 -0.132849 -0.185193 -0 -0 0.650424
internal_count=4000 3047 2552 2317 533 1784 358 395 953 1426 1394 147 138 211
cat_boundaries=0 6 11 15 16
cat_threshold=1207961160 1084235810 2160100481 1107304448 81264768 2097664 1209079952 134873408 604127296 296960 8 2147746817 268435456 0 32 16733
shrinkage=0.544036


end of trees

feature importances:
n_table_1.n_18=7
n_table_1.n_19=7
n_table_1.n_12=6
n_table_1.n_3=5
n_table_1.n_27=4
c_table_1.c_3=3
n_table_1.n_15=3
n_table_1.n_16=3
c_table_2.c_4=3
n_table_1.n_10=2
n_table_1.n_17=2
c_table_1.c_2=1
c_table_1.c_5=1
n_table_1.n_26=1

parameters:
[boosting: gbdt]
[objective: binary]
[metric: auc]
[tree_learner: serial]
[device_type: cpu]
[data: ]
[valid: ]
[num_iterations: 100]
[learning_rate: 0.544036]
[num_leaves: 55]
[num_threads: 4]
[max_depth: 7]
[min_data_in_leaf: 20]
[min_sum_hessian_in_leaf: 1.04542]
[bagging_fraction: 0.5]
[bagging_freq: 0]
[bagging_seed: 3]
[feature_fraction: 0.6]
[feature_fraction_seed: 2]
[early_stopping_round: 0]
[max_delta_step: 0]
[lambda_l1: 1.73556]
[lambda_l2: 1.58941]
[min_gain_to_split: 0]
[drop_rate: 0.1]
[max_drop: 50]
[skip_drop: 0.5]
[xgboost_dart_mode: 0]
[uniform_drop: 0]
[drop_seed: 4]
[top_rate: 0.2]
[other_rate: 0.1]
[min_data_per_group: 100]
[max_cat_threshold: 32]
[cat_l2: 10]
[cat_smooth: 10]
[max_cat_to_onehot: 4]
[top_k: 20]
[monotone_constraints: ]
[feature_contri: ]
[forcedsplits_filename: ]
[refit_decay_rate: 0.9]
[verbosity: -1]
[max_bin: 255]
[min_data_in_bin: 3]
[bin_construct_sample_cnt: 200000]
[histogram_pool_size: -1]
[data_random_seed: 1]
[output_model: LightGBM_model.txt]
[snapshot_freq: -1]
[input_model: ]
[output_result: LightGBM_predict_result.txt]
[initscore_filename: ]
[valid_data_initscores: ]
[pre_partition: 0]
[enable_bundle: 1]
[max_conflict_rate: 0]
[is_enable_sparse: 1]
[sparse_threshold: 0.8]
[use_missing: 1]
[zero_as_missing: 0]
[two_round: 0]
[save_binary: 0]
[enable_load_from_binary_file: 1]
[header: 0]
[label_column: ]
[weight_column: ]
[group_column: ]
[ignore_column: ]
[categorical_feature: ]
[predict_raw_score: 0]
[predict_leaf_index: 0]
[predict_contrib: 0]
[num_iteration_predict: -1]
[pred_early_stop: 0]
[pred_early_stop_freq: 10]
[pred_early_stop_margin: 10]
[convert_model_language: ]
[convert_model: gbdt_prediction.cpp]
[num_class: 1]
[is_unbalance: 0]
[scale_pos_weight: 1]
[sigmoid: 1]
[boost_from_average: 1]
[reg_sqrt: 0]
[alpha: 0.9]
[fair_c: 1]
[poisson_max_delta_step: 0.7]
[tweedie_variance_power: 1.5]
[max_position: 20]
[label_gain: ]
[metric_freq: 1]
[is_provide_training_metric: 0]
[eval_at: ]
[num_machines: 1]
[local_listen_port: 12400]
[time_out: 120]
[machine_list_filename: ]
[machines: ]
[gpu_platform_id: -1]
[gpu_device_id: -1]
[gpu_use_dp: 0]

end of parameters

pandas_categorical:[[0, 1, 2, 3, 4, 5, 6, 7, 8, 9, 10, 11, 12, 13, 14, 15, 16, 17, 18, 19, 20, 21, 22, 23, 24, 25, 26, 27, 28, 29, 30, 31, 32, 33, 34, 35, 36, 37, 38, 39, 40, 41, 42, 43, 44, 45, 46, 47, 48, 49, 50, 51, 52, 53, 54, 55, 56, 57, 58, 59, 60, 61, 62, 63, 64, 65, 66, 67, 68, 69, 70, 71, 72, 73, 74, 75, 76, 77, 78, 79, 80, 81, 82, 83, 84, 85, 86, 87, 88, 89, 90, 91, 92, 93, 94, 95, 96, 97, 98, 99, 100, 101, 102, 103, 104, 105, 106, 107, 108, 109, 110, 111, 112, 113, 114, 115, 116, 117, 118, 119, 120, 121, 122, 123, 124, 125, 126, 127, 128, 129, 130, 131, 132, 133, 134, 135, 136, 137, 138, 139, 140, 141, 142, 143, 144, 145, 146, 147, 148, 149, 150, 151, 152, 153, 154, 155, 156, 157, 158, 159, 160, 161, 162, 163, 164, 165, 166, 167, 168, 169, 170, 171, 172, 173, 174, 175, 176, 177, 178, 179, 180, 181, 182, 183, 184, 185, 186, 187, 188, 189, 190, 191, 192, 193, 194, 195, 196, 197, 198, 199, 200, 201, 202, 203, 204, 205, 206], [0, 1, 2, 3, 4, 5, 6, 7, 8, 9, 10, 11, 12, 13, 14, 15, 16, 17, 18, 19, 20, 21, 22, 23, 24, 25, 26, 27, 28, 29, 30, 31, 32, 33, 34, 35, 36, 37, 38, 39, 40, 41, 42, 43, 44, 45, 46, 47, 48, 49, 50, 51, 52, 53, 54, 55, 56, 57, 58, 59, 60, 61, 62, 63, 64, 65, 66, 67, 68, 69, 70, 71, 72, 73, 74, 75, 76, 77, 78, 79, 80, 81, 82, 83, 84, 85, 86, 87, 88, 89, 90, 91, 92, 93, 94, 95, 96, 97, 98, 99, 100, 101, 102, 103, 104, 105, 106, 107, 108, 109, 110, 111, 112, 113, 114, 115, 116, 117, 118, 119, 120, 121, 122, 123, 124, 125, 126, 127, 128, 129, 130, 131, 132, 133, 134, 135, 136, 137, 138, 139, 140, 141, 142, 143, 144, 145, 146, 147, 148, 149, 150, 151, 152, 153, 154, 155, 156, 157, 158, 159, 160, 161, 162, 163, 164, 165, 166, 167, 168, 169, 170, 171, 172, 173, 174, 175, 176, 177, 178, 179, 180, 181, 182, 183, 184, 185, 186, 187, 188, 189, 190, 191, 192, 193, 194, 195, 196, 197, 198, 199, 200, 201, 202, 203, 204, 205, 206, 207, 208, 209, 210, 211, 212, 213, 214, 215, 216, 217, 218, 219, 220], [0, 1, 2, 3, 4, 5, 6, 7, 8, 9, 10, 11, 12, 13, 14, 15, 16, 17, 18, 19, 20, 21, 22, 23, 24, 25, 26, 27, 28, 29, 30, 31, 32, 33, 34, 35, 36, 37, 38, 39, 40, 41, 42, 43, 44, 45, 46, 47, 48, 49, 50, 51, 52, 53, 54, 55, 56], [0, 1, 2, 3, 4, 5, 6, 7, 8, 9, 10, 11, 12, 13, 14, 15, 16, 17, 18, 19, 20, 21, 22, 23, 24, 25, 26, 27, 28, 29, 30, 31, 32, 33, 34, 35, 36, 37, 38, 39, 40, 41, 42, 43, 44, 45, 46, 47, 48, 49, 50, 51, 52, 53, 54, 55, 56, 57, 58, 59, 60, 61, 62, 63, 64, 65, 66, 67, 68, 69, 70, 71, 72, 73, 74, 75, 76, 77, 78, 79, 80, 81, 82, 83, 84, 85, 86, 87, 88, 89, 90, 91, 92, 93, 94, 95, 96, 97, 98, 99, 100, 101, 102, 103, 104, 105, 106, 107, 108, 109, 110, 111, 112, 113, 114, 115, 116, 117, 118, 119, 120, 121, 122, 123, 124, 125, 126, 127, 128, 129, 130, 131, 132, 133, 134, 135, 136, 137, 138, 139, 140, 141, 142, 143, 144, 145, 146, 147, 148, 149, 150]]
