tree
version=v2
num_class=1
num_tree_per_iteration=1
label_index=0
max_feature_idx=17
objective=binary sigmoid:1
feature_names=c_table_1.c_1 c_table_1.c_2 n_table_1.n_3 c_table_1.c_6 n_table_1.n_5 n_table_1.n_9 n_table_1.n_10 n_table_1.n_11 n_table_1.n_12 n_table_1.n_15 n_table_1.n_16 n_table_1.n_17 n_table_1.n_18 n_table_1.n_19 n_table_1.n_20 n_table_1.n_26 c_table_2.c_5 n_table_2.n_14
feature_infos=1:0 2:0:6:10:16:17:29:9:7:24:13:37:14:15:12:11:18:45:33:19:56:63:60:26:73:38:3:55:54:64:4:70:83:20:22:34:30:21:36:39:58:65:68:74:35:47:71:57:114:1:32:44:59:134:31:53:78:139:8:48:81:85:94:111:119:27:28:42:69:82:90:92:104:105:106:115:128:144:23:46:49:50:52:75:79:80:98:103:116:122:25:40:43:72:86:93:96:97:99:107:112:118:127:129:133:146:152:164 [1:175] 1:0:2:3:4:7:8:9:13:5:6:10:11:12 [1:24272.5] [1:2481850] [1:70] [1:6121] [1:7070.5] [1:423494] [1:313693] [1:372140] [1:441384] [1:1178200] [1:18856] [1:121640] 1:0:6:7:9:10:15:11:4:14:12:2:13:5:16:22:3:8:18:17:20:23:19:28 [1:92.5]
tree_sizes=708 709 999 891 788 886 899 863 914 965 885 957 832 896 970 1150 877 980 732 887 1130 731

Tree=0
num_leaves=8
num_cat=0
split_feature=12 14 10 8 12 4 5
split_gain=43.6153 12.346 12.7335 9.48015 2.38772 2.58209 1.64448
threshold=20428.750000000004 4214.5000000000009 8652.2500000000018 72.250000000000014 2642.5000000000005 19.750000000000004 94.000000000000014
decision_type=2 2 2 2 2 2 2
left_child=3 2 -2 4 5 6 -1
right_child=1 -3 -4 -5 -6 -7 -8
leaf_value=-2.6372620684067196 -2.6014146582942774 -2.6178251095094844 -2.4882771016880412 -2.5733592470028031 -2.6607902071757423 -2.6048183813061603 -2.6148939994983667
leaf_count=1978 129 141 219 146 256 160 171
internal_value=0 1.04714 1.42841 -0.216632 -0.278087 -0.224641 -0.263869
internal_count=3200 489 348 2711 2565 2309 2149
shrinkage=1


Tree=1
num_leaves=8
num_cat=0
split_feature=12 14 8 11 5 17 5
split_gain=36.9231 9.52352 8.34081 2.95555 3.63357 1.18809 0.0887544
threshold=20428.750000000004 4214.5000000000009 72.250000000000014 542.50000000000011 49.750000000000007 1.7500000000000002 2422.0000000000005
decision_type=2 2 2 2 2 2 2
left_child=2 6 3 4 5 -1 -2
right_child=1 -3 -4 -5 -6 -7 -8
leaf_value=-0.013511221383045398 0.04155029756758697 0 0.040520114202088092 -0.038819601653974509 0.015502949465542667 -0.039777229981078993 0.094771717125858676
leaf_count=1782 120 141 146 394 227 162 228
internal_value=0 0.934007 -0.20468 -0.264277 -0.193468 -0.253405 1.2488
internal_count=3200 489 2711 2565 2171 1944 348
shrinkage=0.0653891


Tree=2
num_leaves=11
num_cat=1
split_feature=1 8 5 12 8 4 14 7 17 11
split_gain=32.6908 13.3525 5.08892 2.14696 1.74756 1.68012 3.27169 2.10202 1.3581 0.688229
threshold=0 422.50000000000006 16.750000000000004 1005.2500000000001 57.250000000000007 46.750000000000007 44.500000000000007 40.750000000000007 1.7500000000000002 106.00000000000001
decision_type=5 2 2 2 2 2 2 2 2 2
left_child=5 2 9 -4 -5 6 8 -8 -1 -2
right_child=1 -3 3 4 -6 -7 7 -9 -10 -11
leaf_value=-0.011930295880306448 0.0040127127516912855 0.095318399307697643 0.003038164232952438 0.064453028634829185 0.017513984309309311 0.0019568768243505455 -0.055647816298997031 -0.0058674267777342488 -0.041323058169078164 -0.017677897232861981
leaf_count=1518 130 187 155 188 175 141 289 129 141 147
internal_value=0 0.520971 0.326343 0.545502 0.703882 -0.284876 -0.33577 -0.66257 -0.235926 -0.0765812
internal_count=3200 982 795 518 363 2218 2077 418 1659 277
cat_boundaries=0 3
cat_threshold=1145753813 25174162 513
shrinkage=0.0653891


Tree=3
num_leaves=10
num_cat=2
split_feature=1 8 5 5 14 4 16 9 7
split_gain=29.1495 8.39703 4.35481 3.26726 3.75368 1.83925 0.61214 0.405256 0.292391
threshold=0 422.50000000000006 16.750000000000004 18397.750000000004 1.7500000000000002 13.000000000000002 1 2884.7500000000005 43.750000000000007
decision_type=5 2 2 2 2 2 5 2 2
left_child=3 2 6 4 -1 7 -2 -4 -6
right_child=1 -3 5 -5 8 -7 -8 -9 -10
leaf_value=-0.014125703756498874 0.0053314929159877797 0.081024232899635187 0 0.015367331263121699 -0.048011484840857759 0.049447372136737208 -0.010571225710757828 0.021445520971431348 -0.014635515733956014
leaf_count=1585 132 178 129 123 388 276 139 115 135
internal_value=0 0.487767 0.334194 -0.271337 -0.333479 0.529613 -0.0448005 0.188759 -0.639321
internal_count=3200 969 791 2231 2108 520 271 244 523
cat_boundaries=0 3 4
cat_threshold=1145722069 25174162 512 130
shrinkage=0.0653891


Tree=4
num_leaves=9
num_cat=0
split_feature=12 14 10 8 11 5 17 10
split_gain=24.4414 6.14977 8.34544 5.67929 2.80851 2.05492 1.1945 1.16448
threshold=15357.250000000002 4214.5000000000009 16051.750000000002 96.250000000000014 3871.7500000000005 49.750000000000007 1.7500000000000002 35.500000000000007
decision_type=2 2 2 2 2 2 2 2
left_child=3 2 -2 4 5 6 -1 -7
right_child=1 -3 -4 -5 -6 7 -8 -9
leaf_value=-0.01230850735252758 0.014881841869617865 -0 0.091643512870032418 0.035495420400729998 -0.046791219577927201 -0.010235427436418807 -0.038589857278114086 0.016696566412237539
leaf_count=1852 187 141 185 116 188 138 170 223
internal_value=0 0.692865 0.912359 -0.181349 -0.229658 -0.180619 -0.233821 0.0640156
internal_count=3200 513 372 2687 2571 2383 2022 361
shrinkage=0.0653891


Tree=5
num_leaves=10
num_cat=2
split_feature=1 12 9 16 11 14 7 10 14
split_gain=21.9283 10.2841 8.0477 5.00809 4.91421 2.19375 1.58405 1.50069 1.14407
threshold=0 15357.250000000002 131264.50000000003 1 466.00000000000006 44.500000000000007 43.750000000000007 16051.750000000002 367.75000000000006
decision_type=5 2 2 5 2 2 2 2 2
left_child=5 3 7 8 -5 -1 -7 -3 -2
right_child=1 2 -4 4 -6 6 -8 -9 -10
leaf_value=-0.012843273470628459 0.010864815308400989 0.035788065647601716 -0 0.0089800355308182599 -0.044515647988802531 -0.047815247715674233 -0.0052186521491170389 0.093065374012820987 0.051513844968419993
leaf_count=1651 177 132 112 194 196 291 144 152 151
internal_value=0 0.376322 0.851175 0.0917569 -0.181969 -0.263145 -0.553558 1.13512 0.360831
internal_count=3200 1114 396 718 390 2086 435 284 328
cat_boundaries=0 2 3
cat_threshold=1145716949 16785554 2
shrinkage=0.0653891


Tree=6
num_leaves=10
num_cat=3
split_feature=1 5 10 1 16 14 14 7 11
split_gain=19.408 8.96002 4.38 4.1726 3.29868 2.07132 1.51644 1.48749 0.688903
threshold=0 2255.5000000000005 16051.750000000002 1 2 44.500000000000007 256.75000000000006 43.750000000000007 3871.7500000000005
decision_type=5 2 2 5 5 2 2 2 2
left_child=5 3 8 -2 6 -1 -5 -7 -3
right_child=1 2 -4 4 -6 7 -8 -9 -10
leaf_value=-0.012153809634058474 -0.020112429401709785 0.039007195821792962 0.087881510648813818 0.006395661000170326 -0.011312116997121332 -0.046752222102812976 0.042776780447582131 -0.0049434619528490199 0.0041935322375157482
leaf_count=1651 133 141 112 192 129 291 290 144 117
internal_value=0 0.349182 0.824063 0.107949 0.234589 -0.251006 0.377006 -0.537126 0.408616
internal_count=3200 1114 370 744 611 2086 482 435 258
cat_boundaries=0 2 5 6
cat_threshold=1145716949 16785554 37896 0 1 16451
shrinkage=0.0653891


Tree=7
num_leaves=10
num_cat=0
split_feature=12 8 14 10 11 10 5 10 17
split_gain=16.4577 4.70348 4.1752 4.62351 2.74479 2.18192 1.64732 1.26321 1.20439
threshold=15357.250000000002 96.250000000000014 4157.5000000000009 8437.0000000000018 3871.7500000000005 36979.750000000007 49.750000000000007 937.00000000000011 1.7500000000000002
decision_type=2 2 2 2 2 2 2 2 2
left_child=1 4 3 -2 6 -5 8 -8 -1
right_child=2 -3 -4 5 -6 -7 7 -9 -10
leaf_value=-0.010457005763227492 0.004292436039049977 0.031901208986243899 -0 0.082119759387828936 -0.045363340281370859 0.021325090200787176 -0.004733621796027673 0.023865168471021513 -0.03688779959204315
leaf_count=1852 142 116 148 137 188 86 235 126 170
internal_value=0 -0.157736 0.538012 0.71269 -0.203976 0.975422 -0.155715 0.0599838 -0.205091
internal_count=3200 2687 513 365 2571 223 2383 361 2022
shrinkage=0.0653891


Tree=8
num_leaves=10
num_cat=2
split_feature=1 5 1 4 10 2 15 12 7
split_gain=16.9391 7.29422 3.69715 2.45505 2.67844 2.44536 1.57516 0.778165 1.34586
threshold=0 2255.5000000000005 1 61.750000000000007 16250.500000000002 33.250000000000007 3.2500000000000004 4.7500000000000009 43.750000000000007
decision_type=5 2 5 2 2 2 2 2 2
left_child=7 2 -2 4 -3 6 -4 -1 -9
right_child=1 3 5 -5 -6 -7 -8 8 -10
leaf_value=-0.012374823131405763 -0.018103299676250042 0.027327230810443647 0.04190685472512741 0.010219730342831445 0.090527977963972647 -0.007302050656383713 0.0070570330735622838 -0.039292841635556179 -0.0014646076050262797
leaf_count=1702 150 149 243 104 86 129 197 289 151
internal_value=0 0.329542 0.108188 0.762308 0.957535 0.230829 0.416093 -0.232716 -0.433143
internal_count=3200 1058 719 339 235 569 440 2142 440
cat_boundaries=0 3 6
cat_threshold=1145721045 16785554 512 33800 32 1
shrinkage=0.0653891


Tree=9
num_leaves=11
num_cat=3
split_feature=1 5 1 2 4 15 14 15 16 2
split_gain=15.2368 6.09759 3.57756 2.36813 2.13344 1.68393 1.53713 3.01868 0.412363 0.148449
threshold=0 2255.5000000000005 1 33.250000000000007 61.750000000000007 3.2500000000000004 1.7500000000000002 120.25000000000001 2 37.750000000000007
decision_type=5 2 5 2 2 2 2 2 5 2
left_child=6 2 -2 5 9 -4 8 -8 -1 -3
right_child=1 4 3 -5 -6 -7 7 -9 -10 -11
leaf_value=0.0010890375670241726 -0.017712349838617945 0.033556332497720109 0.042143069663715532 -0.0069322955513579556 0.0095739717052533372 0.0065970107762008878 -0.039197793679366856 0 -0.010838286067128527 0.078270928906351345
leaf_count=195 150 133 233 129 104 197 456 127 1389 87
internal_value=0 0.313827 0.11105 0.230309 0.715714 0.412979 -0.220148 -0.431546 -0.15064 0.902912
internal_count=3200 1033 709 559 324 430 2167 583 1584 220
cat_boundaries=0 3 6 7
cat_threshold=1146769621 16785562 512 33800 32 1 23700
shrinkage=0.0653891


Tree=10
num_leaves=10
num_cat=1
split_feature=1 5 14 5 4 12 14 12 7
split_gain=13.5463 3.70114 4.43604 3.56198 2.48367 1.69243 0.901833 0.972693 0.421985
threshold=0 19930.750000000004 1.7500000000000002 152.50000000000003 83.500000000000014 23126.500000000004 481.75000000000006 30408.250000000004 42.250000000000007
decision_type=5 2 2 2 2 2 2 2 2
left_child=1 2 -1 6 5 -5 -2 -8 -4
right_child=3 -3 8 4 -6 -7 7 -9 -10
leaf_value=-0.0093638406456344764 -0.0063835829435071097 0.023004627936397896 -0.047251302461581608 0.019201403774148702 0 0.058998023921550152 0.027509717697545608 -0 -0.012405467111831367
leaf_count=1585 210 117 385 223 112 165 141 123 139
internal_value=0 -0.203576 -0.269719 0.302498 0.53221 0.658039 0.0589938 0.20678 -0.61446
internal_count=3200 2226 2109 974 500 388 474 264 524
cat_boundaries=0 3
cat_threshold=1145722069 16785562 512
shrinkage=0.0653891


Tree=11
num_leaves=11
num_cat=1
split_feature=1 5 4 5 14 4 10 10 8 10
split_gain=11.8703 4.95753 1.9419 2.66974 1.52076 2.39908 1.74996 1.52025 1.32443 1.20424
threshold=0 16.750000000000004 103.00000000000001 2422.0000000000005 44.500000000000007 6.2500000000000009 2021.5000000000002 271.75000000000006 40.750000000000007 16051.750000000002
decision_type=5 2 2 2 2 2 2 2 2 2
left_child=4 7 3 8 -1 -6 -7 -2 -3 -5
right_child=1 2 -4 9 5 6 -8 -9 -10 -11
leaf_value=-0.0090297709449476335 0.0068764257896057222 0.027607744102530894 -0 0.025339702469323336 -0.051505296565627995 -0.027880600165322726 0.009075042248364619 -0.025332525495979658 -0 0.070879757587738901
leaf_count=1654 159 214 100 163 218 154 127 153 173 85
internal_value=0 0.268072 0.44147 0.510336 -0.200777 -0.43394 -0.114843 -0.100278 0.244164 0.772191
internal_count=3200 1047 735 635 2153 499 281 312 387 248
cat_boundaries=0 3
cat_threshold=1145721045 16785562 512
shrinkage=0.0653891


Tree=12
num_leaves=9
num_cat=1
split_feature=5 8 16 12 11 8 11 10
split_gain=9.68182 4.88524 2.56904 2.34245 3.56699 1.23059 0.434145 0.0578452
threshold=60854.500000000007 1361.5000000000002 0 16073.500000000002 466.00000000000006 72.250000000000014 17.500000000000004 8652.2500000000018
decision_type=2 2 5 2 2 2 2 2
left_child=1 2 5 4 -4 6 -1 -2
right_child=7 -3 3 -5 -6 -7 -8 -9
leaf_value=0.00058537263286799631 0.020027292741272028 0.039715627703163038 -0.011816918432710601 0.0054731253129399393 -0.048700061452807475 0.020358276849185133 -0.010315312023208928 0.05879822053512293
leaf_count=924 113 78 1146 179 264 142 281 73
internal_value=0 -0.0758467 -0.117037 -0.217029 -0.308574 0.0153075 -0.0234536 0.69223
internal_count=3200 3014 2936 1589 1410 1347 1205 186
cat_boundaries=0 1
cat_threshold=6
shrinkage=0.0653891


Tree=13
num_leaves=10
num_cat=2
split_feature=1 5 9 4 10 10 17 16 2
split_gain=10.2893 4.01896 2.03886 1.50461 1.37207 1.36862 1.03877 2.0439 0.31351
threshold=0 16.750000000000004 121807.00000000001 83.500000000000014 16051.750000000002 271.75000000000006 1.7500000000000002 1 4.0000000000000009
decision_type=5 2 2 2 2 2 2 5 2
left_child=6 5 3 4 -3 -2 7 -1 -9
right_child=1 2 -4 -5 -6 -7 -8 8 -10
leaf_value=0.0042518643782563604 0.0071856321563158838 0.022259875697045642 -0 0.0015725146086383068 0.055029852273757347 -0.023753469696739304 -0.035737439141548762 -0.012574043161419952 -0.029195141670764462
leaf_count=494 159 371 102 119 129 153 176 1256 241
internal_value=0 0.250522 0.405895 0.47755 0.558804 -0.0811787 -0.186452 -0.159827 -0.223973
internal_count=3200 1033 721 619 500 312 2167 1991 1497
cat_boundaries=0 3 4
cat_threshold=1146769621 16785562 512 6165
shrinkage=0.0653891


Tree=14
num_leaves=11
num_cat=2
split_feature=1 5 2 2 14 7 10 16 11 13
split_gain=9.17915 3.85369 2.43395 3.26438 1.62367 3.13827 1.3859 0.814425 0.614262 0.0113959
threshold=0 16.750000000000004 37.750000000000007 17.500000000000004 48.250000000000007 160.00000000000003 271.75000000000006 1 5208.2500000000009 24613.750000000004
decision_type=5 2 2 2 2 2 2 5 2 2
left_child=4 6 3 8 7 9 -2 -1 -3 -6
right_child=1 2 -4 -5 5 -7 -8 -9 -10 -11
leaf_value=-0 0.006877567702236089 0.038985354931843026 0.048127653615771676 -0.008787597049573076 -0.050935354667292779 0.0012539305536224785 -0.024066140245833086 -0.012475263519657902 0.01208593990663958 -0.017700266311064125
leaf_count=888 160 181 167 158 218 132 162 772 203 159
internal_value=0 0.23646 0.388313 0.229557 -0.176399 -0.408463 -0.08732 -0.10986 0.403774 -0.618278
internal_count=3200 1031 709 542 2169 509 322 1660 384 377
cat_boundaries=0 3 4
cat_threshold=1146770641 16785562 513 7190
shrinkage=0.0653891


Tree=15
num_leaves=14
num_cat=4
split_feature=1 5 16 9 5 11 14 4 10 12 16 16 10
split_gain=8.21921 3.04064 3.51457 1.75632 1.73984 1.4854 1.38873 2.31791 1.49531 1.37577 0.366784 0.206214 0.0293188
threshold=0 2422.0000000000005 1 56729.500000000007 16.750000000000004 466.00000000000006 44.500000000000007 6.2500000000000009 2021.5000000000002 20951.500000000004 2 3 2575.0000000000005
decision_type=5 2 5 2 2 2 2 2 2 2 5 5 2
left_child=6 2 4 9 -2 -4 10 -8 -9 -3 -1 -12 -6
right_child=1 3 5 -5 12 -7 7 8 -10 -11 11 -13 -14
leaf_value=0.0019755223416241998 0 0.011666604055181433 0 0 0.045657045218567657 -0.02975264741058202 -0.049696884021756212 -0.025497749209107353 0.0092283387467196713 0.054330191257778729 -0.0035424000903284012 -0.0160729125317964 0.014192359795228735
leaf_count=181 186 134 128 75 112 189 218 154 127 114 1183 290 109
internal_value=0 0.217379 0.0678841 0.481576 0.256546 -0.180645 -0.171787 -0.397474 -0.0856939 0.612506 -0.11071 -0.126752 0.529098
internal_count=3200 1047 724 323 407 317 2153 499 281 248 1654 1473 221
cat_boundaries=0 3 4 5 6
cat_threshold=1145721045 16785562 512 51266 7316 16387
shrinkage=0.0653891


Tree=16
num_leaves=10
num_cat=2
split_feature=1 5 13 9 14 15 15 16 14
split_gain=7.4949 2.72076 1.6181 2.10559 1.38479 2.95666 0.935426 0.698036 0.479179
threshold=0 16.750000000000004 277784.50000000006 25468.000000000004 44.500000000000007 120.25000000000001 21.250000000000004 1 508.00000000000006
decision_type=5 2 2 2 2 2 2 5 2
left_child=4 8 3 6 7 -6 -3 -1 -2
right_child=1 2 -4 -5 5 -7 -8 -9 -10
leaf_value=0 -0.014498810020956564 0.026335754969508348 0 0.052271488422598038 -0.038740051976247129 0.0020991697416522137 0.0022699660192645838 -0.011536609295491135 0.0023692221726037228
leaf_count=890 164 259 134 113 398 124 199 771 148
internal_value=0 0.209743 0.334452 0.41344 -0.162617 -0.381952 0.251027 -0.100616 -0.0617028
internal_count=3200 1017 705 571 2183 522 458 1661 312
cat_boundaries=0 3 4
cat_threshold=1146769621 16785562 513 7190
shrinkage=0.0653891


Tree=17
num_leaves=11
num_cat=4
split_feature=8 1 14 16 14 10 11 5 16 16
split_gain=6.87893 6.46355 3.02823 2.98842 1.63594 4.2942 0.854941 0.784082 0.589513 0.128933
threshold=1759.0000000000002 0 1.7500000000000002 1 309.25000000000006 670.00000000000011 17.500000000000004 8131.7500000000009 2 3
decision_type=2 5 2 5 2 2 2 2 5 5
left_child=1 2 8 4 6 -6 -3 -4 -1 -10
right_child=-2 3 7 -5 5 -7 -8 -9 9 -11
leaf_value=0.0048507495085970825 0.044784400837117266 0.016421076859292085 -0.039065269508101783 -0.0091112656711317026 0.068491746812475801 0.013179665230131175 -0.009543987810747865 -0.0059655710351114661 -0.0018032955980511885 -0.012148751032965938
leaf_count=150 111 125 466 215 99 323 128 148 777 658
internal_value=0 -0.0549266 -0.194388 0.164847 0.274853 0.440584 0.0156782 -0.482557 -0.09849 -0.12228
internal_count=3200 3089 2199 890 675 422 253 614 1585 1435
cat_boundaries=0 3 4 5 6
cat_threshold=1146770645 16785554 512 32899 3220 20482
shrinkage=0.0653891


Tree=18
num_leaves=8
num_cat=2
split_feature=5 1 14 16 5 5 7
split_gain=6.37644 5.19301 5.04829 2.87928 2.29415 1.14529 0.648644
threshold=60854.500000000007 0 6.2500000000000009 1 16.750000000000004 9278.5000000000018 15.250000000000002
decision_type=2 5 2 5 2 2 2
left_child=1 2 -1 -3 -5 -6 -2
right_child=6 3 -4 4 5 -7 -8
leaf_value=-0.0062918269450761037 0.050713345407467407 -0.010786040690592563 -0.043372742387589355 -0.0020449985861635675 0.030175276164191734 0 0.011935886305771738
leaf_count=1612 95 221 410 245 427 99 91
internal_value=0 -0.0641477 -0.198176 0.124881 0.22821 0.37732 0.538709
internal_count=3200 3014 2022 992 771 526 186
cat_boundaries=0 2 3
cat_threshold=1140999389 16785410 1744
shrinkage=0.0653891


Tree=19
num_leaves=10
num_cat=2
split_feature=16 5 1 13 14 9 9 11 7
split_gain=5.73071 6.99971 5.25691 4.99291 2.66014 3.58261 1.03636 0.948435 0.191881
threshold=0 160822.00000000003 1 6.2500000000000009 481.75000000000006 84058.000000000015 25966.000000000004 17.500000000000004 4.7500000000000009
decision_type=5 2 5 2 2 2 2 2 2
left_child=1 2 3 -1 7 -6 8 -4 -2
right_child=6 -3 4 -5 5 -7 -8 -9 -10
leaf_value=-0.00059927008279612255 -0.018101868441006634 0.057530441233424483 0.01430565191338193 -0.04272192288327125 0.039339800986326397 -0.0022608970235901533 -0 -0.010114322018884908 -0.042344397898844199
leaf_count=1230 540 93 169 295 309 99 116 209 140
internal_value=0 0.0909311 0.0316536 -0.127543 0.230876 0.430636 -0.273975 0 -0.401162
internal_count=3200 2404 2311 1525 786 408 796 378 680
cat_boundaries=0 1 3
cat_threshold=22791 1140999317 25174050
shrinkage=0.0653891


Tree=20
num_leaves=13
num_cat=4
split_feature=8 1 14 16 12 11 11 10 14 4 16 16
split_gain=5.25749 4.24793 2.67509 2.56796 1.72943 4.08705 0.863905 1.70358 1.58044 0.447934 0.349758 0.191849
threshold=1759.0000000000002 0 44.500000000000007 1 20428.750000000004 466.00000000000006 5537.5000000000009 17216.500000000004 148.00000000000003 9.2500000000000018 2 3
decision_type=2 5 2 5 2 2 2 2 2 2 5 5
left_child=1 2 10 6 5 -5 8 -8 -3 -4 -1 -12
right_child=-2 3 9 4 -6 -7 7 -9 -10 -11 11 -13
leaf_value=0.002401751207197894 0.037911673048843263 0.004669757187106975 -0.047633598062874039 0.0066801473280712845 0.010609687721460389 -0.042529909409058861 -0.0088861141721972778 0.027550202739152752 0.05110008884491378 -0.014940292917296573 -0.0028373502282143851 -0.014371478506400873
leaf_count=182 111 119 213 180 154 195 100 76 125 260 1193 292
internal_value=0 -0.0514838 -0.170446 0.118396 -0.0454269 -0.23572 0.286017 0.112591 0.522252 -0.494107 -0.0919894 -0.109702
internal_count=3200 3089 2140 949 529 375 420 176 244 473 1667 1485
cat_boundaries=0 2 3 4 5
cat_threshold=1146246357 16785426 2 7316 16387
shrinkage=0.0653891


Tree=21
num_leaves=8
num_cat=0
split_feature=5 8 6 17 9 9 14
split_gain=4.84488 2.89815 2.5526 2.20209 1.37686 2.05949 1.89935
threshold=60854.500000000007 1759.0000000000002 1.7500000000000002 1.7500000000000002 26372.500000000004 8983.7500000000018 2249.5000000000005
decision_type=2 2 2 2 2 2 2
left_child=1 3 -2 4 5 -1 -6
right_child=2 -3 -4 -5 6 -7 -8
leaf_value=-0.0028012238761225229 0.05509126292768303 0.030189641935381019 0.002153492365152972 -0.031298882421710292 0.033548995252678675 -0.030752796066990853 -0.0040271602060856808
leaf_count=2288 90 68 96 241 115 180 122
internal_value=0 -0.0591158 0.456216 -0.0925483 -0.0523284 -0.0889698 0.193919
internal_count=3200 3014 186 2946 2705 2468 237
shrinkage=0.0653891


end of trees

feature importances:
n_table_1.n_9=27
n_table_1.n_20=25
n_table_1.n_16=20
c_table_1.c_2=19
c_table_2.c_5=19
n_table_1.n_17=14
n_table_1.n_12=13
n_table_1.n_18=13
n_table_1.n_5=11
n_table_1.n_11=9
n_table_1.n_15=9
n_table_1.n_3=6
n_table_2.n_14=6
n_table_1.n_26=5
n_table_1.n_19=3
n_table_1.n_10=1

parameters:
[boosting: gbdt]
[objective: binary]
[metric: auc]
[tree_learner: serial]
[device_type: cpu]
[data: ]
[valid: ]
[num_iterations: 100]
[learning_rate: 0.0653891]
[num_leaves: 55]
[num_threads: 4]
[max_depth: 5]
[min_data_in_leaf: 20]
[min_sum_hessian_in_leaf: 8.02072]
[bagging_fraction: 0.8]
[bagging_freq: 88]
[bagging_seed: 3]
[feature_fraction: 0.9]
[feature_fraction_seed: 2]
[early_stopping_round: 0]
[max_delta_step: 0]
[lambda_l1: 0.823146]
[lambda_l2: 1.40688]
[min_gain_to_split: 0]
[drop_rate: 0.1]
[max_drop: 50]
[skip_drop: 0.5]
[xgboost_dart_mode: 0]
[uniform_drop: 0]
[drop_seed: 4]
[top_rate: 0.2]
[other_rate: 0.1]
[min_data_per_group: 100]
[max_cat_threshold: 32]
[cat_l2: 10]
[cat_smooth: 10]
[max_cat_to_onehot: 4]
[top_k: 20]
[monotone_constraints: ]
[feature_contri: ]
[forcedsplits_filename: ]
[refit_decay_rate: 0.9]
[verbosity: -1]
[max_bin: 255]
[min_data_in_bin: 3]
[bin_construct_sample_cnt: 200000]
[histogram_pool_size: -1]
[data_random_seed: 1]
[output_model: LightGBM_model.txt]
[snapshot_freq: -1]
[input_model: ]
[output_result: LightGBM_predict_result.txt]
[initscore_filename: ]
[valid_data_initscores: ]
[pre_partition: 0]
[enable_bundle: 1]
[max_conflict_rate: 0]
[is_enable_sparse: 1]
[sparse_threshold: 0.8]
[use_missing: 1]
[zero_as_missing: 0]
[two_round: 0]
[save_binary: 0]
[enable_load_from_binary_file: 1]
[header: 0]
[label_column: ]
[weight_column: ]
[group_column: ]
[ignore_column: ]
[categorical_feature: ]
[predict_raw_score: 0]
[predict_leaf_index: 0]
[predict_contrib: 0]
[num_iteration_predict: -1]
[pred_early_stop: 0]
[pred_early_stop_freq: 10]
[pred_early_stop_margin: 10]
[convert_model_language: ]
[convert_model: gbdt_prediction.cpp]
[num_class: 1]
[is_unbalance: 0]
[scale_pos_weight: 1]
[sigmoid: 1]
[boost_from_average: 1]
[reg_sqrt: 0]
[alpha: 0.9]
[fair_c: 1]
[poisson_max_delta_step: 0.7]
[tweedie_variance_power: 1.5]
[max_position: 20]
[label_gain: ]
[metric_freq: 1]
[is_provide_training_metric: 0]
[eval_at: ]
[num_machines: 1]
[local_listen_port: 12400]
[time_out: 120]
[machine_list_filename: ]
[machines: ]
[gpu_platform_id: -1]
[gpu_device_id: -1]
[gpu_use_dp: 0]

end of parameters

pandas_categorical:[[0, 1, 2], [0, 1, 2, 3, 4, 5, 6, 7, 8, 9, 10, 11, 12, 13, 14, 15, 16, 17, 18, 19, 20, 21, 22, 23, 24, 25, 26, 27, 28, 29, 30, 31, 32, 33, 34, 35, 36, 37, 38, 39, 40, 41, 42, 43, 44, 45, 46, 47, 48, 49, 50, 51, 52, 53, 54, 55, 56, 57, 58, 59, 60, 61, 62, 63, 64, 65, 66, 67, 68, 69, 70, 71, 72, 73, 74, 75, 76, 77, 78, 79, 80, 81, 82, 83, 84, 85, 86, 87, 88, 89, 90, 91, 92, 93, 94, 95, 96, 97, 98, 99, 100, 101, 102, 103, 104, 105, 106, 107, 108, 109, 110, 111, 112, 113, 114, 115, 116, 117, 118, 119, 120, 121, 122, 123, 124, 125, 126, 127, 128, 129, 130, 131, 132, 133, 134, 135, 136, 137, 138, 139, 140, 141, 142, 143, 144, 145, 146, 147, 148, 149, 150, 151, 152, 153, 154, 155, 156, 157, 158, 159, 160, 161, 162, 163, 164, 165, 166, 167, 168, 169, 170, 171, 172, 173, 174, 175], [0, 1, 2, 3, 4, 5, 6, 7, 8, 9, 10, 11, 12, 13, 14, 15], [0, 1, 2, 3, 4, 5, 6, 7, 8, 9, 10, 11, 12, 13, 14, 15, 16, 17, 18, 19, 20, 21, 22, 23, 24, 25, 26, 27, 28, 29, 30]]
