tree
version=v2
num_class=1
num_tree_per_iteration=1
label_index=0
max_feature_idx=13
objective=binary sigmoid:1
feature_names=c_table_1.c_2 c_table_1.c_3 c_table_1.c_5 n_table_1.n_3 n_table_1.n_10 n_table_1.n_12 n_table_1.n_15 n_table_1.n_16 n_table_1.n_17 n_table_1.n_18 n_table_1.n_19 n_table_1.n_26 n_table_1.n_27 c_table_2.c_4
feature_infos=49:0:5:3:8:19:33:31:47:159:129:39:41:26:141:36:21:78:84:6:74:88:176:90:29:189:30:106:75:110:57:65:77:28:73:197:89:107:155:43:147:40:46:67:69:146:167:10:66:101:11:99:2:48:200:12:13:71:9:60:140:198:52:85:93:154:17:32:34:50:58:64:83:100:117:148:161:175:196:4:59:72:87:91:95:187:20:35:56:98:102:111:116:120:128:144:168:179:185:1:25:42:55:76:92:94:104:112:126:139:162:164:190:15:18:37:51:115:118:127:133:149:158:169:180:182:191:194:203 46:0:74:18:55:6:64:102:68:3:87:45:36:37:84:147:5:48:121:81:86:22:181:10:2:16:92:52:71:56:79:148:109:101:115:169:42:98:19:95:93:188:27:40:114:126:135:53:151:62:106:150:9:33:39:54:94:123:11:14:30:213:8:70:130:146:154:207:23:24:72:120:155:80:100:118:158:166:186:187:200:210:211:34:89:201:1:75:82:111:119:153:163:191:208:20:21:29:58:61:66:116:162:174:183:185:197:212:13:41:43:49:83:85:107:117:127:134:167:170:176:190:193:50:63:78:88:97:122:136:137:168:175:182:203:217:218 2:0:7:8:9:3:10:1:6:17:20:4:22:26:25:12:47:14:5:33:29:11:18:42:24:16:41:19:31:38:13:30:36:43:54:55 [1:175] [1:68.5] [1:8524] [1:263222] [1:249100] [1:418837] [1:574087] [1:1285890] [1:121640] [1:151] 18:0:70:6:20:32:21:40:12:38:10:4:9:46:78:27:60:23:31:7:59:67:11:24:68:107:93:16:55:49:81:131:48:30:72:114:90:51:66:101:104:119:87:15:5:29:111:82:96:89:14:88:100:41:79:80:28:97:113:1:8:33:35:39:61:98:108:120:140:17:45:50:91:25:64:105:106:133:13:19:26:37:42:54:58:69:71:83:95:99:102:118:148
tree_sizes=998 893 913 721 908

Tree=0
num_leaves=11
num_cat=2
split_feature=10 3 13 0 3 6 8 12 8 6
split_gain=31.8974 9.86398 5.91346 2.53521 2.94756 2.246 1.02974 0.904643 1.68931 0.0979196
threshold=117038.50000000001 28.750000000000004 0 1 16.000000000000004 55675.750000000007 1.7500000000000002 3.2500000000000004 645.25000000000011 1342.7500000000002
decision_type=2 2 5 5 2 2 2 2 2 2
left_child=2 -2 6 4 -4 -3 -1 8 -5 -6
right_child=1 5 3 7 9 -7 -8 -9 -10 -11
leaf_value=-3.0408081269979834 -2.7064356403383245 -2.9955475633767765 -3.0786461132973217 -3.3256678721212647 -3.3001573592258553 -3.2246109813598598 -3.2246109813598598 -3.421041554120912 -3.2246109813598598 -3.2246109813598598
leaf_count=202 204 113 189 1365 130 179 117 310 278 113
internal_value=0 1.21085 -0.210841 -0.293965 0.042538 0.398968 0.290087 -0.380788 -0.336351 -0.206037
internal_count=3200 496 2704 2385 432 292 319 1953 1643 243
cat_boundaries=0 4 11
cat_threshold=10748480 268517441 272 256 805830688 33718784 33563656 0 0 0 32
shrinkage=1


Tree=1
num_leaves=9
num_cat=3
split_feature=1 9 1 10 10 6 13 8
split_gain=23.496 20.5608 7.04337 8.0894 6.46772 3.27274 2.09546 0.303051
threshold=0 108774.00000000001 1 8182.7500000000009 1.7500000000000002 49243.750000000007 2 7119.2500000000009
decision_type=5 2 5 2 2 2 5 2
left_child=4 2 7 -4 6 -5 -1 -2
right_child=1 -3 3 5 -6 -7 -8 -9
leaf_value=-0.060117424501969531 -6.6342274166046537e-05 0.58955900706008091 -0.0010719950683945 0.30809999237368513 -0.19318598537777593 0 0.027615067452313371 -0.14727775393878617
leaf_count=886 198 113 225 386 693 88 446 165
internal_value=0 0.497314 0.311088 0.507706 -0.337516 1.02848 -0.12034 -0.222294
internal_count=3200 1175 1062 699 2025 474 1332 363
cat_boundaries=0 6 12 15
cat_threshold=134480961 8413184 2160100497 1073750020 1048576 2097664 68104 1075839282 131072 33554496 4718592 268435456 3149825 268451905 16384
shrinkage=0.24562


Tree=2
num_leaves=10
num_cat=4
split_feature=1 7 9 1 7 2 13 6 7
split_gain=15.9199 12.8984 5.76013 3.98002 6.65298 2.83129 1.87889 1.69072 0.639153
threshold=0 20461.750000000004 303.25000000000006 1 1097.5000000000002 2 3 7099.0000000000009 867.25000000000011
decision_type=5 2 2 5 2 5 5 2 2
left_child=2 3 6 4 -2 7 -1 -5 -7
right_child=1 -3 -4 5 -6 8 -8 -9 -10
leaf_value=0.048973230571171207 0.41714280976522122 0.32863713026523078 -0.19870830942860493 -0.18544963823092261 0 0 -0.048380723391712122 -0 0.13610296233022467
leaf_count=107 105 181 594 248 123 121 1400 198 123
internal_value=0 0.368727 -0.307478 0.113421 0.452368 -0.0889674 -0.133108 -0.300109 0.179855
internal_count=3200 1099 2101 918 228 690 1507 446 244
cat_boundaries=0 6 11 13 18
cat_threshold=134483521 1082155008 2160100497 1074274308 5242880 270533120 32 22086656 536870912 134479936 128 924 32768 262720 256 0 0 8
shrinkage=0.24562


Tree=3
num_leaves=7
num_cat=2
split_feature=0 1 4 6 8 8
split_gain=8.22532 8.79092 3.79451 4.01839 1.83149 1.46932
threshold=0 1 4.7500000000000009 2328.2500000000005 63136.000000000007 1.7500000000000002
decision_type=5 5 2 2 2 2
left_child=-1 5 3 -3 -5 -2
right_child=1 2 -4 4 -6 -7
leaf_value=-0.1001666650001022 -0.010123396285484415 0 -0.00018451462798503356 0.1506154514018255 0.41228390100226658 -0.13722970610599844
leaf_count=787 1347 228 107 401 44 286
internal_value=0 0.128289 0.436341 0.672818 0.860403 -0.125188
internal_count=3200 2413 780 673 445 1633
cat_boundaries=0 5 11
cat_threshold=3290432840 131586 68173824 17408 2281701378 1089 8413440 2147484816 1073741828 4718592 268435456
shrinkage=0.24562


Tree=4
num_leaves=9
num_cat=3
split_feature=13 0 1 4 6 6 8 7
split_gain=9.42763 8.81019 5.79668 3.58391 2.37445 0.352025 0.245295 0.215488
threshold=0 1 2 4.7500000000000009 2328.2500000000005 1.7500000000000002 69.250000000000014 33187.000000000007
decision_type=5 5 5 2 2 2 2 2
left_child=6 5 -3 4 -4 -2 -1 -7
right_child=1 2 3 -5 -6 7 -8 -9
leaf_value=0.29979667813262129 -0.079195559534548945 -0.076686514749339157 0 -0.051936931507594965 0.16177100480473092 -0.21604475750309676 0.08218442201525912 -0.046812218834070322
leaf_count=174 1263 406 226 101 443 313 144 130
internal_value=0 -0.147031 0.12902 0.312491 0.516403 -0.397098 0.535236 -0.688724
internal_count=3200 2882 1176 770 669 1706 318 443
cat_boundaries=0 4 10 16
cat_threshold=2684651072 65536 8388876 8388864 3290431809 18578 68175872 17408 2281701376 536870912 134483008 8405248 2147484801 1107304448 4194304 2097152
shrinkage=0.24562


end of trees

feature importances:
n_table_1.n_15=7
c_table_1.c_3=6
n_table_1.n_17=6
n_table_1.n_16=4
c_table_2.c_4=4
c_table_1.c_2=3
n_table_1.n_19=3
n_table_1.n_3=2
n_table_1.n_10=2
n_table_1.n_18=2
c_table_1.c_5=1
n_table_1.n_27=1

parameters:
[boosting: gbdt]
[objective: binary]
[metric: auc]
[tree_learner: serial]
[device_type: cpu]
[data: ]
[valid: ]
[num_iterations: 100]
[learning_rate: 0.24562]
[num_leaves: 55]
[num_threads: 4]
[max_depth: 5]
[min_data_in_leaf: 20]
[min_sum_hessian_in_leaf: 4.14051]
[bagging_fraction: 0.8]
[bagging_freq: 44]
[bagging_seed: 3]
[feature_fraction: 0.7]
[feature_fraction_seed: 2]
[early_stopping_round: 0]
[max_delta_step: 0]
[lambda_l1: 1.35423]
[lambda_l2: 0.479101]
[min_gain_to_split: 0]
[drop_rate: 0.1]
[max_drop: 50]
[skip_drop: 0.5]
[xgboost_dart_mode: 0]
[uniform_drop: 0]
[drop_seed: 4]
[top_rate: 0.2]
[other_rate: 0.1]
[min_data_per_group: 100]
[max_cat_threshold: 32]
[cat_l2: 10]
[cat_smooth: 10]
[max_cat_to_onehot: 4]
[top_k: 20]
[monotone_constraints: ]
[feature_contri: ]
[forcedsplits_filename: ]
[refit_decay_rate: 0.9]
[verbosity: -1]
[max_bin: 255]
[min_data_in_bin: 3]
[bin_construct_sample_cnt: 200000]
[histogram_pool_size: -1]
[data_random_seed: 1]
[output_model: LightGBM_model.txt]
[snapshot_freq: -1]
[input_model: ]
[output_result: LightGBM_predict_result.txt]
[initscore_filename: ]
[valid_data_initscores: ]
[pre_partition: 0]
[enable_bundle: 1]
[max_conflict_rate: 0]
[is_enable_sparse: 1]
[sparse_threshold: 0.8]
[use_missing: 1]
[zero_as_missing: 0]
[two_round: 0]
[save_binary: 0]
[enable_load_from_binary_file: 1]
[header: 0]
[label_column: ]
[weight_column: ]
[group_column: ]
[ignore_column: ]
[categorical_feature: ]
[predict_raw_score: 0]
[predict_leaf_index: 0]
[predict_contrib: 0]
[num_iteration_predict: -1]
[pred_early_stop: 0]
[pred_early_stop_freq: 10]
[pred_early_stop_margin: 10]
[convert_model_language: ]
[convert_model: gbdt_prediction.cpp]
[num_class: 1]
[is_unbalance: 0]
[scale_pos_weight: 1]
[sigmoid: 1]
[boost_from_average: 1]
[reg_sqrt: 0]
[alpha: 0.9]
[fair_c: 1]
[poisson_max_delta_step: 0.7]
[tweedie_variance_power: 1.5]
[max_position: 20]
[label_gain: ]
[metric_freq: 1]
[is_provide_training_metric: 0]
[eval_at: ]
[num_machines: 1]
[local_listen_port: 12400]
[time_out: 120]
[machine_list_filename: ]
[machines: ]
[gpu_platform_id: -1]
[gpu_device_id: -1]
[gpu_use_dp: 0]

end of parameters

pandas_categorical:[[0, 1, 2, 3, 4, 5, 6, 7, 8, 9, 10, 11, 12, 13, 14, 15, 16, 17, 18, 19, 20, 21, 22, 23, 24, 25, 26, 27, 28, 29, 30, 31, 32, 33, 34, 35, 36, 37, 38, 39, 40, 41, 42, 43, 44, 45, 46, 47, 48, 49, 50, 51, 52, 53, 54, 55, 56, 57, 58, 59, 60, 61, 62, 63, 64, 65, 66, 67, 68, 69, 70, 71, 72, 73, 74, 75, 76, 77, 78, 79, 80, 81, 82, 83, 84, 85, 86, 87, 88, 89, 90, 91, 92, 93, 94, 95, 96, 97, 98, 99, 100, 101, 102, 103, 104, 105, 106, 107, 108, 109, 110, 111, 112, 113, 114, 115, 116, 117, 118, 119, 120, 121, 122, 123, 124, 125, 126, 127, 128, 129, 130, 131, 132, 133, 134, 135, 136, 137, 138, 139, 140, 141, 142, 143, 144, 145, 146, 147, 148, 149, 150, 151, 152, 153, 154, 155, 156, 157, 158, 159, 160, 161, 162, 163, 164, 165, 166, 167, 168, 169, 170, 171, 172, 173, 174, 175, 176, 177, 178, 179, 180, 181, 182, 183, 184, 185, 186, 187, 188, 189, 190, 191, 192, 193, 194, 195, 196, 197, 198, 199, 200, 201, 202, 203, 204, 205, 206], [0, 1, 2, 3, 4, 5, 6, 7, 8, 9, 10, 11, 12, 13, 14, 15, 16, 17, 18, 19, 20, 21, 22, 23, 24, 25, 26, 27, 28, 29, 30, 31, 32, 33, 34, 35, 36, 37, 38, 39, 40, 41, 42, 43, 44, 45, 46, 47, 48, 49, 50, 51, 52, 53, 54, 55, 56, 57, 58, 59, 60, 61, 62, 63, 64, 65, 66, 67, 68, 69, 70, 71, 72, 73, 74, 75, 76, 77, 78, 79, 80, 81, 82, 83, 84, 85, 86, 87, 88, 89, 90, 91, 92, 93, 94, 95, 96, 97, 98, 99, 100, 101, 102, 103, 104, 105, 106, 107, 108, 109, 110, 111, 112, 113, 114, 115, 116, 117, 118, 119, 120, 121, 122, 123, 124, 125, 126, 127, 128, 129, 130, 131, 132, 133, 134, 135, 136, 137, 138, 139, 140, 141, 142, 143, 144, 145, 146, 147, 148, 149, 150, 151, 152, 153, 154, 155, 156, 157, 158, 159, 160, 161, 162, 163, 164, 165, 166, 167, 168, 169, 170, 171, 172, 173, 174, 175, 176, 177, 178, 179, 180, 181, 182, 183, 184, 185, 186, 187, 188, 189, 190, 191, 192, 193, 194, 195, 196, 197, 198, 199, 200, 201, 202, 203, 204, 205, 206, 207, 208, 209, 210, 211, 212, 213, 214, 215, 216, 217, 218, 219, 220], [0, 1, 2, 3, 4, 5, 6, 7, 8, 9, 10, 11, 12, 13, 14, 15, 16, 17, 18, 19, 20, 21, 22, 23, 24, 25, 26, 27, 28, 29, 30, 31, 32, 33, 34, 35, 36, 37, 38, 39, 40, 41, 42, 43, 44, 45, 46, 47, 48, 49, 50, 51, 52, 53, 54, 55, 56], [0, 1, 2, 3, 4, 5, 6, 7, 8, 9, 10, 11, 12, 13, 14, 15, 16, 17, 18, 19, 20, 21, 22, 23, 24, 25, 26, 27, 28, 29, 30, 31, 32, 33, 34, 35, 36, 37, 38, 39, 40, 41, 42, 43, 44, 45, 46, 47, 48, 49, 50, 51, 52, 53, 54, 55, 56, 57, 58, 59, 60, 61, 62, 63, 64, 65, 66, 67, 68, 69, 70, 71, 72, 73, 74, 75, 76, 77, 78, 79, 80, 81, 82, 83, 84, 85, 86, 87, 88, 89, 90, 91, 92, 93, 94, 95, 96, 97, 98, 99, 100, 101, 102, 103, 104, 105, 106, 107, 108, 109, 110, 111, 112, 113, 114, 115, 116, 117, 118, 119, 120, 121, 122, 123, 124, 125, 126, 127, 128, 129, 130, 131, 132, 133, 134, 135, 136, 137, 138, 139, 140, 141, 142, 143, 144, 145, 146, 147, 148, 149, 150]]
