tree
version=v2
num_class=1
num_tree_per_iteration=1
label_index=0
max_feature_idx=11
objective=binary sigmoid:1
feature_names=n_1 c_table_1.c_2 c_table_1.c_4 n_table_1.n_12 n_table_1.n_15 n_table_1.n_16 n_table_1.n_18 n_table_1.n_19 n_table_1.n_26 c_table_2.c_1 n_table_2.n_13 n_table_3.n_3
feature_infos=[1:335.5] 24:0:17:16:10:7:34:23:19:60:18:15:44:28:1:5:8:35:45:38:41:68:4:12:25:13:2:75:49:20:39:48:50:46:21:111:22:92:33:56:57:59:87:27:79:120:9:37:43:62:125:26:47:96:40:61:70:73:3:6:67:72:76:31:42:66:77:85:104:108:124:132:53:54:89:91:93:136:55:64:82:84:94:101:115:121:140:36:51:71:80:81:88:97:98:102:103:119:127:135:147:149:30:52:63:118:123:133:139:144:165:167:32:58:69:74:78:90:99:110:112:114:116:131:134:137:146:161:162:166:174 4:0:10:12:2:11:7:5:45:51:35:8:18:23:33:40:77:30:37:38:41:57:29:28:16:74:62:49:13:21:48:104:6:69:22:26:39:54:19:27:72:87:95:3:31:55:56:106:15:17:60:61:96:103:92:25:66:67:78:80:81:93:94:109:113:117:122:1:24:44:46:47:53:59:65:83:84:99:112:121:133:14:20:36:63:70:82:97:102:116:136:32:34:42:52:58:64:71:75:85:90:98:107:111:115:124:129:130:131:132 [1:8524] [1:274774] [1:249100] [1:574087] [1:1285890] [1:121640] 1:0 [1:395101] [1:509664]
tree_sizes=707 666 727 940 749 727 713 735 685 764 848 665 783 767 903 680 863 772 762 884 845 886 987 829 597 833 697 751 720 727 756 832 786 710 789

Tree=0
num_leaves=8
num_cat=0
split_feature=6 3 3 0 8 8 10
split_gain=13.4692 4.01957 2.57375 2.27316 1.40704 0.144912 0.131027
threshold=83866.750000000015 43.000000000000007 190.75000000000003 15.250000000000002 6.2500000000000009 130.75000000000003 36.250000000000007
decision_type=2 2 2 2 2 2 2
left_child=1 3 -3 4 6 -4 -1
right_child=-2 2 5 -5 -6 -7 -8
leaf_value=-3.1136084497417604 -2.1564334346867362 -2.4211853552394205 -2.9257189542653048 -2.6985904603571269 -2.8106757024829077 -2.8106757024829077 -2.9026138053226576
leaf_count=937 190 160 96 98 87 98 334
internal_value=0 -0.186984 0.175333 -0.293931 -0.347866 -0.0535662 -0.386667
internal_count=2000 1810 354 1456 1358 194 1271
shrinkage=1


Tree=1
num_leaves=7
num_cat=1
split_feature=1 11 10 11 6 11
split_gain=8.79604 6.72868 5.00436 1.7083 1.41108 0.534389
threshold=0 25.000000000000004 152.50000000000003 456.25000000000006 29513.500000000004 84444.250000000015
decision_type=5 2 2 2 2 2
left_child=3 -2 -3 -1 5 -4
right_child=1 2 4 -5 -6 -7
leaf_value=0.7545560178437839 -0.28530316605458056 0.36862644483073465 -0.30238107336975445 0.014062086434650735 0.079618578294442272 -0
leaf_count=146 1087 303 216 84 67 97
internal_value=0 -0.172533 0.10666 0.490364 -0.157637 -0.330474
internal_count=2000 1770 683 230 380 313
cat_boundaries=0 4
cat_threshold=4268034 402915340 16 32768
shrinkage=0.681697


Tree=2
num_leaves=8
num_cat=1
split_feature=0 2 3 3 5 3 3
split_gain=4.30103 2.67476 0.685358 1.4754 1.35551 1.53374 0.309289
threshold=18.250000000000004 0 190.75000000000003 407.50000000000006 22374.250000000004 90.250000000000014 910.00000000000011
decision_type=2 5 2 2 2 2 2
left_child=1 -1 4 -4 5 -3 -5
right_child=-2 2 3 6 -6 -7 -8
leaf_value=0.17861553700610278 0.49651051301564586 -0.14168621975164769 -0.47228348542483828 0 0.18536212587474551 0.17369445599587802 -0.12193845057035214
leaf_count=106 89 1376 119 79 52 59 120
internal_value=0 -0.0993494 -0.154602 -0.348467 -0.0898396 -0.148403 -0.034674
internal_count=2000 1911 1805 318 1487 1435 199
cat_boundaries=0 1
cat_threshold=1082202240
shrinkage=0.681697


Tree=3
num_leaves=11
num_cat=1
split_feature=1 5 11 7 11 11 6 11 5 5
split_gain=6.11067 3.94429 4.64046 3.4613 2.8989 2.37052 1.13916 0.790803 0.545765 0.344522
threshold=0 1.7500000000000002 143.50000000000003 1.7500000000000002 10654.750000000002 19354.750000000004 69.250000000000014 456.25000000000006 2122.7500000000005 18433.000000000004
decision_type=5 2 2 2 2 2 2 2 2 2
left_child=6 3 8 5 -4 7 -1 -2 -3 -10
right_child=1 2 4 -5 -6 -7 -8 -9 9 -11
leaf_value=-0 0.044812167404992449 0.18602801168885047 0.87093613681295723 -0.42444616724823292 0.071066030620180118 0.41948946375444029 -0.38561411986265176 -0.19575437313012306 -0.14767358407207093 0
leaf_count=87 547 140 96 164 108 143 362 164 106 83
internal_value=0 0.151312 0.420141 -0.0128347 0.835749 0.0962829 -0.339913 -0 0.0142598 -0.0216906
internal_count=2000 1551 533 1018 204 854 449 711 329 189
cat_boundaries=0 3
cat_threshold=53252486 16782020 16
shrinkage=0.681697


Tree=4
num_leaves=8
num_cat=2
split_feature=2 8 2 6 8 7 8
split_gain=1.89293 3.19432 0.900448 1.76448 1.51562 3.05918 0.773507
threshold=0 873.25000000000011 1 4995.2500000000009 37.750000000000007 51646.000000000007 87.250000000000014
decision_type=5 2 5 2 2 2 2
left_child=-1 2 4 -4 5 -2 -5
right_child=1 -3 3 6 -6 -7 -8
leaf_value=-0.21561907924178966 -0.07503694698245926 0.49356195493855864 0.31179740671546163 -0.16842387473646561 -0.32550016838774953 0.43183871176265703 0.097572155668128241
leaf_count=111 1190 61 186 117 135 94 106
internal_value=0 0.0297423 -0.00111824 0.109246 -0.0795139 -0 -0
internal_count=2000 1889 1828 409 1419 1284 223
cat_boundaries=0 3 6
cat_threshold=1284 1073742088 8192 805568561 32 1024
shrinkage=0.681697


Tree=5
num_leaves=9
num_cat=0
split_feature=4 4 3 3 3 8 4 4
split_gain=2.17581 1.92882 2.0734 1.64552 1.43309 0.914991 0.349508 0.283929
threshold=129368.50000000001 12943.000000000002 132.25000000000003 129.25000000000003 1.7500000000000002 1138.0000000000002 438.25000000000006 2232.2500000000005
decision_type=2 2 2 2 2 2 2 2
left_child=1 3 -3 4 6 -4 -1 -6
right_child=-2 2 5 -5 7 -7 -8 -9
leaf_value=-0.0089017240507215829 0.36829828691797056 0 -0.42095212207159965 0.2462121542584641 -0 -0 0.13432913185261736 -0.36750833750671291
leaf_count=1060 44 108 190 158 121 52 155 112
internal_value=0 -0.0783903 -0.308411 0 -0.0559689 -0.482493 0 -0.35405
internal_count=2000 1956 350 1606 1448 242 1215 233
shrinkage=0.681697


Tree=6
num_leaves=8
num_cat=1
split_feature=2 5 5 10 11 8 10
split_gain=0.959517 0.856458 1.54794 0.904414 0.717469 0.482825 0.237464
threshold=0 18433.000000000004 1922.5000000000002 1.7500000000000002 469.00000000000006 3.2500000000000004 881.50000000000011
decision_type=5 2 2 2 2 2 2
left_child=-1 2 5 -3 -4 6 -2
right_child=1 3 4 -5 -6 -7 -8
leaf_value=-0.16937209214004045 0.020571564971848703 -0 -0 0.28782486432380838 -0.37002088963933982 0.18143458334978202 -0.099818348898155065
leaf_count=111 1064 124 221 85 96 132 167
internal_value=0 0.00672897 -0.0250983 0.204158 -0.286562 0.0350025 -0
internal_count=2000 1889 1680 209 317 1363 1231
cat_boundaries=0 2
cat_threshold=1316 288
shrinkage=0.681697


Tree=7
num_leaves=8
num_cat=1
split_feature=2 6 6 7 6 0 0
split_gain=1.52777 1.23675 1.32348 0.858065 0.786701 0.337726 0.00161792
threshold=0 133643.50000000003 1.7500000000000002 5403.2500000000009 13700.500000000002 4.7500000000000009 16.750000000000004
decision_type=5 2 2 2 2 2 2
left_child=-1 2 5 -4 -5 -2 -7
right_child=1 -3 3 4 -6 6 -8
leaf_value=-0.17378502170374255 0.1187539354880834 0.24550714157121764 -0.30510312190625988 0.074954245586432433 -0.12099883114276813 -0.0096047238317077625 0
leaf_count=246 707 91 174 243 308 173 58
internal_value=0 0.0181717 -0.00505549 -0.147514 -0.0213037 0.108746 -0
internal_count=2000 1754 1663 725 551 938 231
cat_boundaries=0 3
cat_threshold=263476 532776 8192
shrinkage=0.681697


Tree=8
num_leaves=8
num_cat=1
split_feature=2 4 5 7 5 4 6
split_gain=0.482801 0.642573 2.11432 1.54682 0.401704 0.392223 0.154556
threshold=0 254.50000000000003 727.75000000000011 3.2500000000000004 18433.000000000004 4066.0000000000005 177081.50000000003
decision_type=5 2 2 2 2 2 2
left_child=-1 3 -3 -2 5 -4 -6
right_child=1 2 4 -5 6 -7 -8
leaf_value=-0.12905601959494997 0 0.32734647279522833 0 -0.26819947195866356 0.087512465998978078 -0.15948997339265797 -0
leaf_count=121 882 205 107 258 130 227 70
internal_value=0 0 0.0831045 -0.0811752 -0 -0.13076 0.0638755
internal_count=2000 1879 739 1140 534 334 200
cat_boundaries=0 2
cat_threshold=1316 1073742112
shrinkage=0.681697


Tree=9
num_leaves=9
num_cat=2
split_feature=0 2 3 3 5 9 11 11
split_gain=0.554205 0.85771 0.754848 0.54931 0.391043 0.277411 0.16607 0.0870155
threshold=18.250000000000004 0 1.7500000000000002 15.250000000000002 3843.2500000000005 1 162.25000000000003 472.00000000000006
decision_type=2 5 2 2 2 1 2 2
left_child=1 3 -3 5 -5 -1 -6 -7
right_child=-2 2 -4 4 6 7 -8 -9
leaf_value=-0.086449463505567856 0.12057919560777332 0 -0.19847866639618023 0.26722545009321813 0.10026507369871901 0.056752719621609847 -0.037521334839358676 -0
leaf_count=533 89 161 414 92 107 272 75 257
internal_value=0 -0.0626426 -0.167609 0.00230073 0.172995 -0.0319627 0 0
internal_count=2000 1911 575 1336 274 1062 182 529
cat_boundaries=0 1 2
cat_threshold=1082136705 2
shrinkage=0.681697


Tree=10
num_leaves=10
num_cat=1
split_feature=2 11 11 11 6 10 6 11 6
split_gain=0.85763 0.898382 1.18364 1.69101 0.873166 0.450381 0.386735 0.130543 0.0885743
threshold=0 14005.750000000002 941.50000000000011 25.000000000000004 129145.50000000001 881.50000000000011 33567.250000000007 456.25000000000006 697.00000000000011
decision_type=5 2 2 2 2 2 2 2 2
left_child=1 2 3 -1 6 -3 7 8 -2
right_child=4 5 -4 -5 -6 -7 -8 -9 -10
leaf_value=-0.13444910363675844 0 0.18278145626840198 -0.36785615469241467 0.16411872709058614 0.27723366935237581 -0 -0.08861275577891746 -0 0.152625139440482
leaf_count=871 84 127 161 137 56 155 127 120 162
internal_value=0 -0.0785298 -0.168446 -0.0518751 0.0951489 0.0685023 0 0.104417 0.160662
internal_count=2000 1451 1169 1008 549 282 493 366 246
cat_boundaries=0 3
cat_threshold=328997 296 8192
shrinkage=0.681697


Tree=11
num_leaves=7
num_cat=2
split_feature=1 3 6 6 0 1
split_gain=1.62104 1.1394 1.43672 0.845825 0.334924 0.540308
threshold=0 783.25000000000011 40848.250000000007 97386.250000000015 12.250000000000002 1
decision_type=5 2 2 2 2 5
left_child=3 2 4 -1 5 -2
right_child=1 -3 -4 -5 -6 -7
leaf_value=-0.31641669046450221 -0.045828962893044833 -0.1461802880868007 0.34672791558410887 0 -0.043523414958966687 0.083850402523086412
leaf_count=284 109 108 98 76 140 1185
internal_value=0 0.0608127 0.124964 -0.214091 0.0413503 0.087343
internal_count=2000 1640 1532 360 1434 1294
cat_boundaries=0 2 4
cat_threshold=44667174 16786116 263296 268697600
shrinkage=0.681697


Tree=12
num_leaves=9
num_cat=1
split_feature=1 7 0 6 4 7 4 0
split_gain=0.792579 0.532803 1.0644 0.552176 0.503094 0.276004 0.203659 0.0107391
threshold=0 51646.000000000007 1.7500000000000002 861.25000000000011 16379.500000000002 757.75000000000011 79376.500000000015 4.7500000000000009
decision_type=5 2 2 2 2 2 2 2
left_child=-1 3 4 5 -3 7 -6 -2
right_child=1 2 -4 -5 6 -7 -8 -9
leaf_value=-0.11956275917349383 0 0.14215611190816396 0.34236401445450432 -0.12668769320437401 -0.16004018758515751 0.14660316255487316 0 -0.020538826788037329
leaf_count=325 741 92 68 305 89 111 50 219
internal_value=0 0.017735 0.152986 -0.0106932 0 0.0200067 -0.113072 -0
internal_count=2000 1675 299 1376 231 1071 139 960
cat_boundaries=0 3
cat_threshold=44601652 285217472 16
shrinkage=0.681697


Tree=13
num_leaves=9
num_cat=0
split_feature=10 10 10 5 5 7 7 8
split_gain=0.877702 1.8818 1.87601 1.30463 0.712228 0.529392 0.697135 0.157614
threshold=152.50000000000003 1.7500000000000002 448.75000000000006 22425.250000000004 28.750000000000004 66613.000000000015 2001.2500000000002 32.500000000000007
decision_type=2 2 2 2 2 2 2 2
left_child=1 3 -2 5 -3 6 -1 -4
right_child=2 4 7 -5 -6 -7 -8 -9
leaf_value=0.04695643892035959 -0.37370182795780965 0 -0.031665340738640003 -0.24620354528692379 0.3920436197661179 0.17704386853407209 -0.12558752832289596 0.096930038205712082
leaf_count=747 153 101 235 122 82 118 377 65
internal_value=0 0.0315779 -0.179459 -0.0236741 0.382514 0.0176357 -0 0
internal_count=2000 1547 453 1364 183 1242 1124 300
shrinkage=0.681697


Tree=14
num_leaves=11
num_cat=1
split_feature=1 5 5 8 8 10 8 0 6 10
split_gain=0.671903 1.1995 1.16255 0.453964 0.379202 0.305987 0.362615 0.105216 0.0531962 0.0267578
threshold=0 510.25000000000006 3843.2500000000005 70.750000000000014 542.50000000000011 152.50000000000003 19.750000000000004 12.250000000000002 1.7500000000000002 2140.7500000000005
decision_type=5 2 2 2 2 2 2 2 2 2
left_child=5 8 -3 -4 -5 6 7 -1 -2 -7
right_child=1 2 3 4 -6 9 -8 -9 -10 -11
leaf_value=0.13363639686725448 -0 0.21264976182846629 -0.19805699411106534 0.097744151371128976 -0.10256800765712464 -0.040797112975361351 -0 0 -0.30195959097529579 0
leaf_count=674 145 159 172 110 108 151 72 76 230 103
internal_value=0 -0.0915411 0 -0.112207 -0 0.0589761 0.12201 0.169873 -0.345831 -0
internal_count=2000 924 549 390 218 1076 822 750 375 254
cat_boundaries=0 4
cat_threshold=285221891 402669576 0 32768
shrinkage=0.681697


Tree=15
num_leaves=8
num_cat=0
split_feature=0 0 0 7 6 6 7
split_gain=0.272549 0.311936 0.457858 0.137311 0.197513 0.237488 0.0964427
threshold=18.250000000000004 4.7500000000000009 7.7500000000000009 256617.50000000003 42301.000000000007 17067.250000000004 509778.00000000006
decision_type=2 2 2 2 2 2 2
left_child=1 3 -3 4 5 -1 -5
right_child=-2 2 -4 6 -6 -7 -8
leaf_value=0.0075866052307691145 0.077058722041774358 -0.25777754052047858 -0 -0.1136138147898787 0.11881881106334702 -0.10729095847599651 0
leaf_count=1103 89 151 228 117 93 188 31
internal_value=0 -0.0464841 -0.173225 -0 0.00294019 -0 -0.101432
internal_count=2000 1911 379 1532 1384 1291 148
shrinkage=0.681697


Tree=16
num_leaves=10
num_cat=1
split_feature=2 7 4 11 11 7 11 11 7
split_gain=0.647135 0.656913 0.808261 0.584025 0.334122 0.321981 0.195618 0.430484 0.43223
threshold=0 56427.250000000007 254.50000000000003 14005.750000000002 38638.750000000007 243173.50000000003 941.50000000000011 25.000000000000004 66613.000000000015
decision_type=5 2 2 2 2 2 2 2 2
left_child=3 2 -2 6 -5 -3 7 8 -1
right_child=1 5 -4 4 -6 -7 -8 -9 -10
leaf_value=-0.14257590201688666 -0 -0.099642629633880112 0.3031051160488572 0.16628949756470779 -0 0.064369699808212305 -0.26712579174432294 0.0018722952048980009 0
leaf_count=775 155 157 144 97 186 84 163 138 101
internal_value=0 0.077012 0.253216 -0.0736964 0.0211593 -0 -0.14828 -0.0713167 -0.146735
internal_count=2000 540 299 1460 283 241 1177 1014 876
cat_boundaries=0 3
cat_threshold=268502309 1073742120 8192
shrinkage=0.681697


Tree=17
num_leaves=9
num_cat=3
split_feature=1 5 5 1 5 0 5 9
split_gain=0.51034 0.585633 0.364629 0.738999 0.382449 0.844465 0.437029 0.146007
threshold=0 751.00000000000011 727.75000000000011 1 18433.000000000004 1.7500000000000002 45522.250000000007 2
decision_type=5 2 2 5 2 2 2 1
left_child=1 -1 3 7 5 -4 -6 -2
right_child=2 -3 4 -5 6 -7 -8 -9
leaf_value=-0.32389221905615873 -0.05086608251376587 -0 -0.24008484610297756 0.14645256851701058 0.14478163901234739 0 -0.020848975736829607 0.031014042353738856
leaf_count=167 450 201 172 291 90 110 82 437
internal_value=0 -0.134977 0.0291359 0.0944592 -0.0199106 -0.161366 0.0209978 -0
internal_count=2000 368 1632 1178 454 282 172 887
cat_boundaries=0 2 3 4
cat_threshold=36278676 17044164 8520705 1
shrinkage=0.681697


Tree=18
num_leaves=9
num_cat=0
split_feature=8 7 7 6 6 7 6 0
split_gain=0.134392 0.32159 0.318798 0.295563 0.295 0.356128 0.040433 0.00685729
threshold=7.7500000000000009 346413.00000000006 60783.250000000007 57468.250000000007 861.25000000000011 757.75000000000011 29513.500000000004 4.7500000000000009
decision_type=2 2 2 2 2 2 2 2
left_child=2 3 4 6 5 7 -2 -1
right_child=1 -3 -4 -5 -6 -7 -8 -9
leaf_value=0.0043381943769055364 -0.043417653642487071 0.0038985479727838535 0.16778317430536963 -0.18867319260498031 -0.10037094449343432 0.16271983246794966 0 -0.015639571091913055
leaf_count=752 188 77 66 151 318 126 99 223
internal_value=0 -0.0516065 0.0274528 -0.128551 0 0.038389 -0 -0
internal_count=2000 515 1485 438 1419 1101 287 975
shrinkage=0.681697


Tree=19
num_leaves=11
num_cat=2
split_feature=1 4 11 6 4 3 11 11 9 11
split_gain=0.406914 0.509784 0.723827 0.627054 0.477424 0.316873 0.270063 0.0316128 0.0716209 0.0322149
threshold=0 5054.5000000000009 162.25000000000003 133643.50000000003 438.25000000000006 12.250000000000002 10114.750000000002 14005.750000000002 1 50215.750000000007
decision_type=5 2 2 2 2 2 2 2 1 2
left_child=4 2 5 -3 7 -2 -6 8 -1 -9
right_child=1 3 -4 -5 6 -7 -8 9 -10 -11
leaf_value=0 0 -0.25034336008767344 -0.13037196136747853 0 0.16038304777133452 0.24633825108006474 -0 0.060384287922943619 -0.055297932622931867 -0
leaf_count=432 179 240 135 88 260 88 82 100 316 80
internal_value=0 -0.0695192 0 -0.211552 0.0537499 0.205421 0.177686 -0 -0.025656 0.0358444
internal_count=2000 730 402 328 1270 267 342 928 748 180
cat_boundaries=0 4 5
cat_threshold=298263585 134504456 16 32768 2
shrinkage=0.681697


Tree=20
num_leaves=10
num_cat=1
split_feature=1 11 10 5 5 0 11 5 5
split_gain=0.270018 0.466099 0.313599 0.454659 0.393248 0.364353 0.318451 0.373014 0.0673294
threshold=0 143.50000000000003 84.250000000000014 23140.000000000004 510.25000000000006 3.2500000000000004 63781.000000000007 685.75000000000011 1863.2500000000002
decision_type=5 2 2 2 2 2 2 2 2
left_child=1 8 3 4 5 -2 7 -4 -1
right_child=2 -3 6 -5 -6 -7 -8 -9 -10
leaf_value=-0.25941513608445949 -0 0 0 -0.015981279028854312 0.21076290317793539 0.12831391071923021 0.023922224909779882 -0.20560647896525852 -0
leaf_count=131 600 139 216 105 252 241 118 96 102
internal_value=0 -0.0854909 0.0277829 0.0842859 0.136779 0.022279 -0.0285576 -0.141605 -0.265681
internal_count=2000 372 1628 1198 1093 841 430 312 233
cat_boundaries=0 2
cat_threshold=754066 285213316
shrinkage=0.681697


Tree=21
num_leaves=11
num_cat=0
split_feature=10 10 10 4 7 3 3 5 5 7
split_gain=0.0780329 0.350596 0.415521 0.380949 0.349979 0.46831 0.471722 0.287819 0.180399 0.0229827
threshold=1.7500000000000002 152.50000000000003 448.75000000000006 3298.7500000000005 2819.5000000000005 55.000000000000007 783.25000000000011 18433.000000000004 3324.2500000000005 1.7500000000000002
decision_type=2 2 2 2 2 2 2 2 2 2
left_child=4 8 -3 -4 9 -6 7 -7 -2 -1
right_child=1 2 3 -5 5 6 -8 -9 -10 -11
leaf_value=-0 0 -0.17462180674160904 -0.026282022412612634 0.1508392045497888 -0.20518381193860072 -0 -0.17845774895691016 0.16641501189691774 0.18025415821645502 0.038541010365482742
leaf_count=589 124 153 209 91 246 178 99 66 59 186
internal_value=0 0.0130041 -0.0175662 0 -0.0353365 -0.118583 -0 0.059695 0.15689 0.00381112
internal_count=2000 636 453 300 1364 589 343 244 183 775
shrinkage=0.681697


Tree=22
num_leaves=12
num_cat=1
split_feature=11 11 11 11 11 4 7 5 5 4 9
split_gain=0.169293 0.801414 0.61603 1.20232 0.334626 0.24289 0.623819 0.144959 0.119754 0.0620865 0.019143
threshold=25.000000000000004 456.25000000000006 7720.7500000000009 26478.250000000004 63781.000000000007 2900.5000000000005 60628.000000000007 24007.750000000004 28.750000000000004 295.00000000000006 0
decision_type=2 2 2 2 2 2 2 2 2 2 1
left_child=5 8 -3 -4 -5 9 -7 -8 -2 10 -1
right_child=1 2 3 4 -6 6 7 -9 -10 -11 -12
leaf_value=-0.026317066695316478 0 -0.14476693458690459 0.24420293379368424 -0.15577696806788957 0 -0.27145800860788538 0.051348018786588019 -0.074619370681495628 0.27236239915828048 0.064201507189536933 0
leaf_count=496 60 228 169 136 146 160 125 111 41 133 195
internal_value=0 0.0268105 -0.0103382 0.0401922 -0.0590548 -0.0542083 -0.135849 -0 0.278049 0 -0.0152764
internal_count=2000 780 679 451 282 1220 396 236 101 824 691
cat_boundaries=0 1
cat_threshold=2
shrinkage=0.681697


Tree=23
num_leaves=10
num_cat=2
split_feature=1 5 0 8 8 5 9 0 5
split_gain=0.323199 0.242675 0.191719 0.435794 0.79474 0.27263 0.248063 0.228626 0.246621
threshold=0 2746.7500000000005 4.7500000000000009 307.00000000000006 7.7500000000000009 33751.000000000007 1 18.250000000000004 492.25000000000006
decision_type=5 2 2 2 2 2 1 2 2
left_child=1 -1 3 4 6 -6 -2 8 -4
right_child=2 -3 7 -5 5 -7 -8 -9 -10
leaf_value=-0 0 -0.14634884478216725 -0.16418030017751969 0.22440755528414424 -0.22039599613044714 -0 0.13596715383942584 0.018488753076695959 0
leaf_count=222 458 247 227 73 106 53 457 71 86
internal_value=0 -0.0904903 0.0269579 0.0715176 0.00205322 -0.18565 0.106782 -0.00421644 -0.132524
internal_count=2000 469 1531 1147 1074 159 915 384 313
cat_boundaries=0 3 4
cat_threshold=57508240 285213316 16 1
shrinkage=0.681697


Tree=24
num_leaves=6
num_cat=2
split_feature=2 1 5 5 5
split_gain=0.416773 0.183683 0.238908 0.597789 0.105724
threshold=0 1 1.7500000000000002 7072.7500000000009 21175.750000000004
decision_type=5 5 2 2 2
left_child=-1 -2 -3 -4 -5
right_child=1 2 3 4 -6
leaf_value=-0.10497904426782205 -0.023863256703123926 -0 0.17419375560147635 -0.068685899991364568 0.03122146392506777
leaf_count=169 373 953 262 104 139
internal_value=0 0.0208882 0.0491709 0.112945 -0
internal_count=2000 1831 1458 505 243
cat_boundaries=0 3 5
cat_threshold=805635332 1073742120 8192 296255892 16777284
shrinkage=0.681697


Tree=25
num_leaves=10
num_cat=2
split_feature=1 3 0 11 11 11 4 1 4
split_gain=0.226101 0.363776 0.263551 0.310359 0.755823 0.285101 0.131846 0.124439 0.114075
threshold=0 643.75000000000011 7.7500000000000009 14005.750000000002 42622.000000000007 456.25000000000006 24821.500000000004 1 370.75000000000006
decision_type=5 2 2 2 2 2 2 5 2
left_child=2 6 3 5 -5 7 8 -1 -2
right_child=1 -3 -4 4 -6 -7 -8 -9 -10
leaf_value=-0.03736610672497382 -0 0 0.10662054090856317 0.25477809384320205 -0 -0.17411687576997154 -0 0.031273047645421423 -0.16481957054383858
leaf_count=491 224 132 190 95 102 164 94 119 389
internal_value=0 -0.069303 0.0121765 -0 0.109819 -0.07158 -0.150573 -0 -0.189267
internal_count=2000 839 1161 971 197 774 707 610 613
cat_boundaries=0 4 6
cat_threshold=285484035 134504460 16 32768 16777217 4
shrinkage=0.681697


Tree=26
num_leaves=9
num_cat=3
split_feature=4 4 1 4 9 0 6 9
split_gain=0.105549 0.425941 0.282172 0.312344 0.205796 0.14777 0.0353734 0.0178944
threshold=12943.000000000002 52907.500000000007 0 254.50000000000003 1 10.750000000000002 34203.250000000007 2
decision_type=2 2 5 2 1 2 2 1
left_child=2 6 5 -4 -5 -1 -2 -3
right_child=1 7 3 4 -6 -7 -8 -9
leaf_value=-0 -0 -0 -0 0.19286956655346901 0 -0.11320470389885197 -0.19978970302612165 0.030280625216036083
leaf_count=923 116 77 263 169 136 115 111 90
internal_value=0 -0.0652471 0 0.0758525 0.177099 -0.0348012 -0.2137 0
internal_count=2000 394 1606 568 305 1038 227 167
cat_boundaries=0 2 3 4
cat_threshold=9114885 132 2 2
shrinkage=0.681697


Tree=27
num_leaves=9
num_cat=1
split_feature=10 10 1 0 0 7 5 0
split_gain=0.153046 0.290684 0.53753 0.714646 0.351986 0.254688 0.181847 0.0275679
threshold=261.25000000000006 143.50000000000003 0 1.7500000000000002 1.7500000000000002 757.75000000000011 822.25000000000011 12.250000000000002
decision_type=2 2 5 2 2 2 2 2
left_child=1 2 4 -4 5 -1 -2 -6
right_child=6 -3 3 -5 7 -7 -8 -9
leaf_value=0 -0 0.15256182896314963 -0.16986435310050907 0 -0.041483996117036209 0.17928208478697064 -0.13147681079554524 0
leaf_count=435 271 79 465 189 196 148 132 85
internal_value=0 0 -0.00293837 -0.10446 0.0496403 0.13847 -0.0879055 -0
internal_count=2000 1597 1518 654 864 583 403 281
cat_boundaries=0 3
cat_threshold=8786979 268709896 16
shrinkage=0.681697


Tree=28
num_leaves=9
num_cat=3
split_feature=1 3 3 9 9 7 0 0
split_gain=0.203602 0.171765 0.430453 0.518491 0.165944 0.0587833 0.078846 0.647481
threshold=0 15.250000000000002 783.25000000000011 1 2 2001.2500000000002 3.2500000000000004 13.750000000000002
decision_type=5 2 2 1 1 2 2 2
left_child=4 5 3 -3 -1 6 -2 -8
right_child=1 2 -4 -5 -6 -7 7 -9
leaf_value=-0 -0 -0 -0 0.23519280887609426 -0.14560856255409427 -0.051695938348701877 0.2187652770174234 -0
leaf_count=170 735 135 130 160 175 225 193 77
internal_value=0 0.0218553 0.0918009 0.195834 -0.0778395 -0 0.00527756 0.0799909
internal_count=2000 1655 425 295 345 1230 1005 270
cat_boundaries=0 3 4 5
cat_threshold=36602114 285217416 16 1 1
shrinkage=0.681697


Tree=29
num_leaves=9
num_cat=0
split_feature=6 5 4 6 5 0 0 6
split_gain=0.0855566 0.307735 0.38903 0.698767 0.116316 0.0858059 0.154201 0.00919637
threshold=129145.50000000001 1922.5000000000002 5054.5000000000009 31120.000000000004 510.25000000000006 19.750000000000004 4.7500000000000009 195143.50000000003
decision_type=2 2 2 2 2 2 2 2
left_child=1 4 -3 -4 5 6 -1 -2
right_child=7 2 3 -5 -6 -7 -8 -9
leaf_value=-0 0.037416834615607769 0 0 -0.25665109756400845 0.081851810706375913 0.011346433370115467 -0.1097179408886928 -0
leaf_count=985 47 152 133 172 119 60 257 75
internal_value=0 -0.0329965 -0.129432 -0.227852 0 -0.0101423 -0.0441869 0.0273024
internal_count=2000 1878 457 305 1421 1302 1242 122
shrinkage=0.681697


Tree=30
num_leaves=9
num_cat=4
split_feature=1 6 8 6 1 9 8 9
split_gain=0.0733282 0.181122 0.2781 0.277256 0.0490038 0.0210877 0.0170175 0.00238858
threshold=0 3377.5000000000005 9.2500000000000018 1.7500000000000002 1 2 176.50000000000003 3
decision_type=5 2 2 2 5 1 2 1
left_child=5 3 -3 4 7 -1 -4 -2
right_child=1 2 6 -5 -6 -7 -8 -9
leaf_value=-0 0 0.1600025705465912 -0.0045126856135742173 -0.12864585321736108 0.036062726470398473 -0.086929390223266234 0.023710756925197016 -0.0076124340093327216
leaf_count=194 428 149 150 192 110 173 170 434
internal_value=0 0.0128407 0.0809456 -0 0.00332361 -0.0501884 0 -0
internal_count=2000 1633 469 1164 972 367 320 862
cat_boundaries=0 2 3 4 5
cat_threshold=49058068 285217476 131201 2 2
shrinkage=0.681697


Tree=31
num_leaves=10
num_cat=1
split_feature=2 4 5 5 3 5 11 11 11
split_gain=0.119237 0.185168 0.243044 0.106549 0.119114 0.0728365 0.0145563 0.14289 0.0040417
threshold=0 862.75000000000011 21175.750000000004 40927.750000000007 7.7500000000000009 6836.5000000000009 1441.0000000000002 25.000000000000004 56464.000000000007
decision_type=5 2 2 2 2 2 2 2 2
left_child=1 6 -3 4 -2 -6 7 -1 -8
right_child=3 2 -4 -5 5 -7 8 -9 -10
leaf_value=-0 0.077020920544509472 -0.15431879330670215 0 0.10152774537409238 0 -0.068833522819950935 -0.024595311539262012 0.084502740667996526 0
leaf_count=598 178 272 109 70 225 136 194 138 80
internal_value=0 -0.0302073 -0.123618 0.0367879 0 -0.0266429 0 0.0159655 -0.0237854
internal_count=2000 1391 381 609 539 361 1010 736 274
cat_boundaries=0 2
cat_threshold=66565 1073742112
shrinkage=0.681697


Tree=32
num_leaves=10
num_cat=3
split_feature=2 9 4 6 11 4 9 11 11
split_gain=0.123459 0.0966386 0.735859 0.313737 0.0956749 0.0795203 0.199145 0.0514009 0.109074
threshold=0 1 862.75000000000011 9682.7500000000018 10239.250000000002 254.50000000000003 2 19354.750000000004 190.00000000000003
decision_type=5 1 2 2 2 2 1 2 2
left_child=1 2 -1 7 5 -2 -7 8 -3
right_child=4 3 -4 -5 -6 6 -8 -9 -10
leaf_value=0 -0 0 -0.23490766309649166 0.10764337845025836 -0 0.12780859700060729 -0 0 -0.10712184733353643
leaf_count=511 126 212 212 165 105 193 124 145 207
internal_value=0 -0.0314676 -0.0834232 0 0.0366421 0.0792761 0.106687 -0.0606707 -0.092132
internal_count=2000 1452 723 729 548 443 317 564 419
cat_boundaries=0 3 4 5
cat_threshold=805373189 1073742120 8192 2 2
shrinkage=0.681697


Tree=33
num_leaves=8
num_cat=1
split_feature=2 6 6 6 5 11 11
split_gain=0.0747155 0.452347 0.446368 0.182229 0.0938478 0.0535576 0.303758
threshold=0 1844.5000000000002 31120.000000000004 129145.50000000001 163.00000000000003 25.000000000000004 25500.250000000004
decision_type=5 2 2 2 2 2 2
left_child=2 -2 4 -3 5 -1 -7
right_child=1 3 -4 -5 -6 6 -8
leaf_value=-0.0055937508454835007 0.039276509927459388 -0.13731610430522981 0.13696485509108028 0 -0.075940996745563608 0.10510839601988949 -0
leaf_count=625 144 355 154 62 231 279 150
internal_value=0 -0.0389366 0.01435 -0.14838 -0 0 0.0480226
internal_count=2000 561 1439 417 1285 1054 429
cat_boundaries=0 2
cat_threshold=8392849 8192
shrinkage=0.681697


Tree=34
num_leaves=9
num_cat=2
split_feature=1 11 2 6 7 6 7 11
split_gain=0.0443198 0.0731506 0.0545155 0.285398 0.106137 0.0437262 0.0447228 0.036673
threshold=0 847.00000000000011 1 6723.2500000000009 66613.000000000015 133643.50000000003 70087.750000000015 25500.250000000004
decision_type=5 2 5 2 2 2 2 2
left_child=1 -1 4 -4 -2 6 -5 -3
right_child=2 7 3 5 -6 -7 -8 -9
leaf_value=-0.047981628490486983 -0.066073205500488244 0.045279793873863945 0.11610924779657256 0 0 0.011707877084163328 -0.070149319309554162 -0.012727715315550826
leaf_count=759 369 174 170 93 100 61 116 158
internal_value=0 -0.0292909 0.00504948 0.0368168 -0 -0 -0.0566349 0
internal_count=2000 1091 909 440 469 270 209 332
cat_boundaries=0 2 4
cat_threshold=313033141 16777856 268502273 288
shrinkage=0.681697


end of trees

feature importances:
n_table_3.n_3=42
n_table_1.n_16=38
n_table_1.n_18=33
n_1=26
n_table_1.n_15=23
n_table_1.n_19=23
c_table_1.c_2=20
n_table_1.n_12=19
n_table_1.n_26=16
n_table_2.n_13=16
c_table_1.c_4=14
c_table_2.c_1=13

parameters:
[boosting: gbdt]
[objective: binary]
[metric: auc]
[tree_learner: serial]
[device_type: cpu]
[data: ]
[valid: ]
[num_iterations: 100]
[learning_rate: 0.681697]
[num_leaves: 77]
[num_threads: 4]
[max_depth: 5]
[min_data_in_leaf: 20]
[min_sum_hessian_in_leaf: 4.60071]
[bagging_fraction: 0.5]
[bagging_freq: 66]
[bagging_seed: 3]
[feature_fraction: 0.5]
[feature_fraction_seed: 2]
[early_stopping_round: 0]
[max_delta_step: 0]
[lambda_l1: 1.39392]
[lambda_l2: 1.10719]
[min_gain_to_split: 0]
[drop_rate: 0.1]
[max_drop: 50]
[skip_drop: 0.5]
[xgboost_dart_mode: 0]
[uniform_drop: 0]
[drop_seed: 4]
[top_rate: 0.2]
[other_rate: 0.1]
[min_data_per_group: 100]
[max_cat_threshold: 32]
[cat_l2: 10]
[cat_smooth: 10]
[max_cat_to_onehot: 4]
[top_k: 20]
[monotone_constraints: ]
[feature_contri: ]
[forcedsplits_filename: ]
[refit_decay_rate: 0.9]
[verbosity: -1]
[max_bin: 255]
[min_data_in_bin: 3]
[bin_construct_sample_cnt: 200000]
[histogram_pool_size: -1]
[data_random_seed: 1]
[output_model: LightGBM_model.txt]
[snapshot_freq: -1]
[input_model: ]
[output_result: LightGBM_predict_result.txt]
[initscore_filename: ]
[valid_data_initscores: ]
[pre_partition: 0]
[enable_bundle: 1]
[max_conflict_rate: 0]
[is_enable_sparse: 1]
[sparse_threshold: 0.8]
[use_missing: 1]
[zero_as_missing: 0]
[two_round: 0]
[save_binary: 0]
[enable_load_from_binary_file: 1]
[header: 0]
[label_column: ]
[weight_column: ]
[group_column: ]
[ignore_column: ]
[categorical_feature: ]
[predict_raw_score: 0]
[predict_leaf_index: 0]
[predict_contrib: 0]
[num_iteration_predict: -1]
[pred_early_stop: 0]
[pred_early_stop_freq: 10]
[pred_early_stop_margin: 10]
[convert_model_language: ]
[convert_model: gbdt_prediction.cpp]
[num_class: 1]
[is_unbalance: 0]
[scale_pos_weight: 1]
[sigmoid: 1]
[boost_from_average: 1]
[reg_sqrt: 0]
[alpha: 0.9]
[fair_c: 1]
[poisson_max_delta_step: 0.7]
[tweedie_variance_power: 1.5]
[max_position: 20]
[label_gain: ]
[metric_freq: 1]
[is_provide_training_metric: 0]
[eval_at: ]
[num_machines: 1]
[local_listen_port: 12400]
[time_out: 120]
[machine_list_filename: ]
[machines: ]
[gpu_platform_id: -1]
[gpu_device_id: -1]
[gpu_use_dp: 0]

end of parameters

pandas_categorical:[[0, 1, 2, 3, 4, 5, 6, 7, 8, 9, 10, 11, 12, 13, 14, 15, 16, 17, 18, 19, 20, 21, 22, 23, 24, 25, 26, 27, 28, 29, 30, 31, 32, 33, 34, 35, 36, 37, 38, 39, 40, 41, 42, 43, 44, 45, 46, 47, 48, 49, 50, 51, 52, 53, 54, 55, 56, 57, 58, 59, 60, 61, 62, 63, 64, 65, 66, 67, 68, 69, 70, 71, 72, 73, 74, 75, 76, 77, 78, 79, 80, 81, 82, 83, 84, 85, 86, 87, 88, 89, 90, 91, 92, 93, 94, 95, 96, 97, 98, 99, 100, 101, 102, 103, 104, 105, 106, 107, 108, 109, 110, 111, 112, 113, 114, 115, 116, 117, 118, 119, 120, 121, 122, 123, 124, 125, 126, 127, 128, 129, 130, 131, 132, 133, 134, 135, 136, 137, 138, 139, 140, 141, 142, 143, 144, 145, 146, 147, 148, 149, 150, 151, 152, 153, 154, 155, 156, 157, 158, 159, 160, 161, 162, 163, 164, 165, 166, 167, 168, 169, 170, 171, 172, 173, 174, 175, 176, 177, 178, 179, 180, 181, 182, 183, 184, 185, 186, 187, 188, 189, 190, 191, 192, 193, 194, 195], [0, 1, 2, 3, 4, 5, 6, 7, 8, 9, 10, 11, 12, 13, 14, 15, 16, 17, 18, 19, 20, 21, 22, 23, 24, 25, 26, 27, 28, 29, 30, 31, 32, 33, 34, 35, 36, 37, 38, 39, 40, 41, 42, 43, 44, 45, 46, 47, 48, 49, 50, 51, 52, 53, 54, 55, 56, 57, 58, 59, 60, 61, 62, 63, 64, 65, 66, 67, 68, 69, 70, 71, 72, 73, 74, 75, 76, 77, 78, 79, 80, 81, 82, 83, 84, 85, 86, 87, 88, 89, 90, 91, 92, 93, 94, 95, 96, 97, 98, 99, 100, 101, 102, 103, 104, 105, 106, 107, 108, 109, 110, 111, 112, 113, 114, 115, 116, 117, 118, 119, 120, 121, 122, 123, 124, 125, 126, 127, 128, 129, 130, 131, 132, 133, 134, 135, 136, 137, 138, 139, 140, 141, 142, 143, 144, 145, 146, 147, 148, 149, 150, 151], [0, 1]]
