tree
version=v2
num_class=1
num_tree_per_iteration=1
label_index=0
max_feature_idx=11
objective=binary sigmoid:1
feature_names=n_1 c_table_1.c_2 c_table_1.c_4 n_table_1.n_12 n_table_1.n_15 n_table_1.n_16 n_table_1.n_18 n_table_1.n_19 n_table_1.n_26 c_table_2.c_1 n_table_2.n_13 n_table_3.n_3
feature_infos=[1:335.5] 24:0:17:16:10:7:34:23:19:60:18:15:44:28:1:5:8:35:45:38:41:68:4:12:25:13:2:75:49:20:39:48:50:46:21:111:22:92:33:56:57:59:87:27:79:120:9:37:43:62:125:26:47:96:40:61:70:73:3:6:67:72:76:31:42:66:77:85:104:108:124:132:53:54:89:91:93:136:55:64:82:84:94:101:115:121:140:36:51:71:80:81:88:97:98:102:103:119:127:135:147:149:30:52:63:118:123:133:139:144:165:167:32:58:69:74:78:90:99:110:112:114:116:131:134:137:146:161:162:166:174 4:0:10:12:2:11:7:5:45:51:35:8:18:23:33:40:77:30:37:38:41:57:29:28:16:74:62:49:13:21:48:104:6:69:22:26:39:54:19:27:72:87:95:3:31:55:56:106:15:17:60:61:96:103:92:25:66:67:78:80:81:93:94:109:113:117:122:1:24:44:46:47:53:59:65:83:84:99:112:121:133:14:20:36:63:70:82:97:102:116:136:32:34:42:52:58:64:71:75:85:90:98:107:111:115:124:129:130:131:132 [1:8524] [1:274774] [1:249100] [1:574087] [1:1285890] [1:121640] 1:0 [1:395101] [1:509664]
tree_sizes=625 662 825 817 912 712 828 773 778 854 781 736

Tree=0
num_leaves=7
num_cat=0
split_feature=6 3 3 0 6 0
split_gain=13.1139 3.7692 2.34765 2.12462 0.499464 0.036052
threshold=83866.750000000015 43.000000000000007 190.75000000000003 9.2500000000000018 11620.000000000002 15.250000000000002
decision_type=2 2 2 2 2 2
left_child=1 3 -3 4 -1 -5
right_child=-2 2 -4 5 -6 -7
leaf_value=-3.0010455090536654 -2.3223801688950982 -2.5319813215746714 -2.8111571475161221 -2.8106757024829077 -2.8106757024829077 -2.7703699936743384
leaf_count=1140 190 160 194 104 114 98
internal_value=0 -0.182672 0.152774 -0.289943 -0.359428 0
internal_count=2000 1810 354 1456 1254 202
shrinkage=1


Tree=1
num_leaves=7
num_cat=1
split_feature=1 11 11 8 11 6
split_gain=9.19947 7.24082 2.55992 1.47183 2.79909 0.385795
threshold=0 25.000000000000004 962.50000000000011 32.500000000000007 19354.750000000004 40848.250000000007
decision_type=5 2 2 2 2 2
left_child=-1 5 -3 4 -4 -2
right_child=1 2 3 -5 -6 -7
leaf_value=0.25448639146083873 -0.23089900666717444 0.29411346271330091 -0.297512179599982 0.17553604302134343 0.0061706125498277066 -0
leaf_count=214 976 160 192 104 231 123
internal_value=0 -0.174881 0.11698 -0 -0.167623 -0.424426
internal_count=2000 1786 687 527 423 1099
cat_boundaries=0 4
cat_threshold=4268066 402915336 16 32768
shrinkage=0.491115


Tree=2
num_leaves=10
num_cat=1
split_feature=2 3 5 6 3 3 3 3 0
split_gain=2.83587 1.79687 3.80009 1.42116 1.04389 0.600321 0.241243 0.528956 0.00531346
threshold=0 208.75000000000003 16179.250000000002 1.7500000000000002 15.250000000000002 59.500000000000007 407.50000000000006 941.50000000000011 9.2500000000000018
decision_type=5 2 2 2 2 2 2 2 2
left_child=5 2 3 8 -5 -1 -3 -8 -2
right_child=1 6 -4 4 -6 -7 7 -9 -10
leaf_value=0 -0 -0.31012787585169765 0.39048458925722113 -0.23679896268588885 -0 0.42378147366434321 0 -0.12906471495926353 0.013130032081236219
leaf_count=117 815 105 66 277 207 87 78 113 135
internal_value=0 -0.0829546 -0 -0.0821376 -0.276009 0.316365 -0.353151 -0.0659331 0
internal_count=2000 1796 1500 1434 484 204 296 191 950
cat_boundaries=0 3
cat_threshold=1082202256 8192 1024
shrinkage=0.491115


Tree=3
num_leaves=9
num_cat=1
split_feature=1 5 5 11 11 11 5 5
split_gain=5.01343 4.16696 3.74661 2.47646 3.28601 1.87999 0.497161 0.153374
threshold=0 1.7500000000000002 9.2500000000000018 143.50000000000003 10654.750000000002 14005.750000000002 2122.7500000000005 18433.000000000004
decision_type=5 2 2 2 2 2 2 2
left_child=2 -2 5 6 -5 -1 -3 -8
right_child=1 3 -4 4 -6 -7 7 -9
leaf_value=-0.074979219275716907 -0.082949720950394643 0.15929286873943307 -0.28499655048491279 0.65571657361591107 0.021463973772277718 0.19410872662232062 -0.066336046674969826 0.03532082671744851
leaf_count=711 233 140 349 97 110 167 106 87
internal_value=0 0.213552 -0.195694 0.451866 0.788818 -0 0.0807446 -0
internal_count=2000 773 1227 540 207 878 333 193
cat_boundaries=0 3
cat_threshold=61641093 16782016 16
shrinkage=0.491115


Tree=4
num_leaves=11
num_cat=0
split_feature=0 7 8 8 11 11 7 6 11 7
split_gain=3.95197 1.42503 0.778371 1.68633 0.630958 5.04106 1.07648 0.813855 0.0335339 0.00423706
threshold=18.250000000000004 359479.00000000006 91.000000000000014 873.25000000000011 25.000000000000004 456.25000000000006 60628.000000000007 861.25000000000011 10114.750000000002 2001.2500000000002
decision_type=2 2 2 2 2 2 2 2 2 2
left_child=1 2 4 -4 6 -6 9 8 -7 -1
right_child=-2 -3 3 -5 5 7 -8 -9 -10 -11
leaf_value=-0.029399663965074142 0.39917711054240745 0.14560135491582291 -0.27607673063438254 0 0.46172506096806309 -0 0.024568343456142058 -0.15649561372336632 0.027259975831755736 -0.19532359189384244
leaf_count=618 89 68 170 71 75 155 92 173 220 269
internal_value=0 -0.0674549 -0.118829 -0.336736 -0.0391157 0.0155741 -0.137993 -0.0937582 0 -0.235448
internal_count=2000 1911 1843 241 1602 623 979 548 375 887
shrinkage=0.491115


Tree=5
num_leaves=8
num_cat=0
split_feature=4 0 10 10 0 3 4
split_gain=0.946112 1.02775 1.50146 1.40782 0.742962 0.374833 1.83969
threshold=122460.00000000001 18.250000000000004 152.50000000000003 1.7500000000000002 4.7500000000000009 55.000000000000007 27571.000000000004
decision_type=2 2 2 2 2 2 2
left_child=1 2 3 4 5 -1 -7
right_child=-2 -3 -4 -5 -6 6 -8
leaf_value=-0.042891514527462732 0.18672204406415152 0.12460967686275735 -0.15571821674755723 0.15587396423640251 -0.14822802934509391 0.2385952219669103 -0.028744128138041995
leaf_count=741 49 89 416 175 264 165 101
internal_value=0 -0.0441826 -0.0920421 -0 -0.0791248 -0 0.102861
internal_count=2000 1951 1862 1446 1271 1007 266
shrinkage=0.491115


Tree=6
num_leaves=10
num_cat=1
split_feature=2 11 3 3 10 10 5 5 8
split_gain=1.25997 1.19128 0.471369 0.586076 0.27392 0.60868 0.269093 0.156148 0.0971286
threshold=0 25.000000000000004 783.25000000000011 55.000000000000007 152.50000000000003 448.75000000000006 6836.5000000000009 10.750000000000002 3.2500000000000004
decision_type=5 2 2 2 2 2 2 2 2
left_child=-1 2 3 -2 6 -6 7 -3 -7
right_child=1 4 -4 -5 5 8 -8 -9 -10
leaf_value=0.11406459984104914 -0.085086722849810559 0 -0.27098710737213522 0 -0.14883988349746347 -0 -0 0.17934780718412624 0.065245710665583781
leaf_count=103 855 210 88 210 134 202 59 64 75
internal_value=0 -0.0573036 -0.18035 -0.0818673 0.0168996 -0 0.110613 0.179578 0.0111026
internal_count=2000 1897 1153 1065 744 411 333 274 277
cat_boundaries=0 2
cat_threshold=1082200192 8192
shrinkage=0.491115


Tree=7
num_leaves=9
num_cat=1
split_feature=2 8 5 5 5 7 7 5
split_gain=1.2023 2.04268 0.482528 2.0059 1.14935 1.03512 0.44549 0.313159
threshold=0 873.25000000000011 822.25000000000011 40.750000000000007 21175.750000000004 33877.000000000007 1376.5000000000002 45701.500000000007
decision_type=5 2 2 2 2 2 2 2
left_child=-1 2 3 6 5 -4 -2 -6
right_child=1 -3 4 -5 7 -7 -8 -9
leaf_value=-0.12442836166760998 0.013504149451862582 0.3144507418369612 0 0.27278922074205647 0.097075427036524845 -0.20855579682503844 -0.13761738404625617 -0
leaf_count=103 998 61 127 173 106 237 138 57
internal_value=0 0.044596 0 0.0707555 -0.0812105 -0.266507 -0 0.0263015
internal_count=2000 1897 1836 1309 527 364 1136 163
cat_boundaries=0 3
cat_threshold=263428 256 8192
shrinkage=0.491115


Tree=8
num_leaves=9
num_cat=1
split_feature=2 4 4 7 7 5 4 10
split_gain=1.05083 0.716688 2.19066 0.871203 0.831993 0.993118 0.791797 0.0280899
threshold=0 254.50000000000003 3344.5000000000005 3.2500000000000004 306585.00000000006 2565.2500000000005 16379.500000000002 881.50000000000011
decision_type=5 2 2 2 2 2 2 2
left_child=-1 3 -3 7 5 -4 -7 -2
right_child=1 2 4 -5 -6 6 -8 -9
leaf_value=-0.12266045676468797 0.015135218708819766 0.271716872114593 0.038061613866886682 -0.14503730969420209 0.12711392621947079 0 -0.19293867006762858 -0
leaf_count=114 758 202 137 259 80 135 191 124
internal_value=0 0.0276459 0.12881 -0.0259075 0 -0.0743239 -0.238327 0
internal_count=2000 1886 745 1141 543 463 326 882
cat_boundaries=0 3
cat_threshold=263428 288 8192
shrinkage=0.491115


Tree=9
num_leaves=10
num_cat=3
split_feature=2 2 0 11 11 11 5 9 11
split_gain=0.577686 1.23742 1.06147 0.858574 0.571248 0.689746 0.215901 0.197547 0.135385
threshold=0 1 3.2500000000000004 17563.000000000004 941.50000000000011 25.000000000000004 16913.500000000004 2 42622.000000000007
decision_type=5 5 2 2 2 2 2 1 2
left_child=-1 3 7 4 5 6 -2 -3 -5
right_child=1 2 -4 8 -6 -7 -8 -9 -10
leaf_value=-0.093926654995524078 -0.091612690630564431 -0 0.25805891332973518 0.10494353680262279 -0.21387789879892549 0.04590391436936582 0 0.061234721416289814 0
leaf_count=101 768 169 128 107 183 128 70 211 135
internal_value=0 0.0107413 0.158392 -0.0516006 -0.14125 -0.0344731 -0.146904 0.00203446 0.0979621
internal_count=2000 1899 508 1391 1149 966 838 380 242
cat_boundaries=0 3 5 6
cat_threshold=1284 1073742080 8192 805568545 524328 1
shrinkage=0.491115


Tree=10
num_leaves=9
num_cat=3
split_feature=2 6 6 2 6 2 6 11
split_gain=0.580047 0.41896 0.604804 0.603947 1.05125 0.580754 0.434198 0.0472119
threshold=0 129145.50000000001 912.25000000000011 1 31120.000000000004 2 6723.2500000000009 14005.750000000002
decision_type=5 2 2 5 2 5 2 2
left_child=-1 2 5 4 -4 7 -5 -2
right_child=1 -3 3 6 -6 -7 -8 -9
leaf_value=-0.094143524259870937 -0.017546763705753234 0.10317065397244568 -0.038957488809358162 -0 0.19275622568722808 0.10547364894560789 -0.16739027754892413 0.01684243267427768
leaf_count=113 799 101 254 97 85 113 254 184
internal_value=0 0.00901117 -0 -0.104546 0 0.0651127 -0.179022 -0
internal_count=2000 1887 1786 690 339 1096 351 983
cat_boundaries=0 3 4 5
cat_threshold=263428 1073742080 8192 17 4113
shrinkage=0.491115


Tree=11
num_leaves=9
num_cat=2
split_feature=1 6 3 6 1 6 6 0
split_gain=2.03064 0.764078 1.10504 0.634755 0.564575 0.297283 0.825262 0.139786
threshold=0 3377.5000000000005 783.25000000000011 861.25000000000011 1 113580.00000000001 8247.2500000000018 12.250000000000002
decision_type=5 2 2 2 5 2 2 2
left_child=5 3 4 7 -3 6 -1 -2
right_child=1 2 -4 -5 -6 -7 -8 -9
leaf_value=-0 0.035185700803853547 -0 -0 -0.1641752332312662 0.15875391447078599 -0 -0.37804723812526603 -0
leaf_count=121 945 106 114 123 261 72 153 105
internal_value=0 0.0617299 0.187512 -0 0.308892 -0.248489 -0.502499 0.0286069
internal_count=2000 1654 481 1173 367 346 274 1050
cat_boundaries=0 2 5
cat_threshold=44601636 285225668 16842754 8 16
shrinkage=0.491115


end of trees

feature importances:
n_table_3.n_3=15
n_table_1.n_16=13
n_table_1.n_18=13
n_table_1.n_12=11
c_table_1.c_4=9
n_1=8
n_table_1.n_19=7
n_table_1.n_15=5
n_table_1.n_26=5
n_table_2.n_13=5
c_table_1.c_2=4
c_table_2.c_1=1

parameters:
[boosting: gbdt]
[objective: binary]
[metric: auc]
[tree_learner: serial]
[device_type: cpu]
[data: ]
[valid: ]
[num_iterations: 100]
[learning_rate: 0.491115]
[num_leaves: 32]
[num_threads: 4]
[max_depth: 7]
[min_data_in_leaf: 20]
[min_sum_hessian_in_leaf: 5.14122]
[bagging_fraction: 0.5]
[bagging_freq: 33]
[bagging_seed: 3]
[feature_fraction: 0.5]
[feature_fraction_seed: 2]
[early_stopping_round: 0]
[max_delta_step: 0]
[lambda_l1: 1.99922]
[lambda_l2: 0.106692]
[min_gain_to_split: 0]
[drop_rate: 0.1]
[max_drop: 50]
[skip_drop: 0.5]
[xgboost_dart_mode: 0]
[uniform_drop: 0]
[drop_seed: 4]
[top_rate: 0.2]
[other_rate: 0.1]
[min_data_per_group: 100]
[max_cat_threshold: 32]
[cat_l2: 10]
[cat_smooth: 10]
[max_cat_to_onehot: 4]
[top_k: 20]
[monotone_constraints: ]
[feature_contri: ]
[forcedsplits_filename: ]
[refit_decay_rate: 0.9]
[verbosity: -1]
[max_bin: 255]
[min_data_in_bin: 3]
[bin_construct_sample_cnt: 200000]
[histogram_pool_size: -1]
[data_random_seed: 1]
[output_model: LightGBM_model.txt]
[snapshot_freq: -1]
[input_model: ]
[output_result: LightGBM_predict_result.txt]
[initscore_filename: ]
[valid_data_initscores: ]
[pre_partition: 0]
[enable_bundle: 1]
[max_conflict_rate: 0]
[is_enable_sparse: 1]
[sparse_threshold: 0.8]
[use_missing: 1]
[zero_as_missing: 0]
[two_round: 0]
[save_binary: 0]
[enable_load_from_binary_file: 1]
[header: 0]
[label_column: ]
[weight_column: ]
[group_column: ]
[ignore_column: ]
[categorical_feature: ]
[predict_raw_score: 0]
[predict_leaf_index: 0]
[predict_contrib: 0]
[num_iteration_predict: -1]
[pred_early_stop: 0]
[pred_early_stop_freq: 10]
[pred_early_stop_margin: 10]
[convert_model_language: ]
[convert_model: gbdt_prediction.cpp]
[num_class: 1]
[is_unbalance: 0]
[scale_pos_weight: 1]
[sigmoid: 1]
[boost_from_average: 1]
[reg_sqrt: 0]
[alpha: 0.9]
[fair_c: 1]
[poisson_max_delta_step: 0.7]
[tweedie_variance_power: 1.5]
[max_position: 20]
[label_gain: ]
[metric_freq: 1]
[is_provide_training_metric: 0]
[eval_at: ]
[num_machines: 1]
[local_listen_port: 12400]
[time_out: 120]
[machine_list_filename: ]
[machines: ]
[gpu_platform_id: -1]
[gpu_device_id: -1]
[gpu_use_dp: 0]

end of parameters

pandas_categorical:[[0, 1, 2, 3, 4, 5, 6, 7, 8, 9, 10, 11, 12, 13, 14, 15, 16, 17, 18, 19, 20, 21, 22, 23, 24, 25, 26, 27, 28, 29, 30, 31, 32, 33, 34, 35, 36, 37, 38, 39, 40, 41, 42, 43, 44, 45, 46, 47, 48, 49, 50, 51, 52, 53, 54, 55, 56, 57, 58, 59, 60, 61, 62, 63, 64, 65, 66, 67, 68, 69, 70, 71, 72, 73, 74, 75, 76, 77, 78, 79, 80, 81, 82, 83, 84, 85, 86, 87, 88, 89, 90, 91, 92, 93, 94, 95, 96, 97, 98, 99, 100, 101, 102, 103, 104, 105, 106, 107, 108, 109, 110, 111, 112, 113, 114, 115, 116, 117, 118, 119, 120, 121, 122, 123, 124, 125, 126, 127, 128, 129, 130, 131, 132, 133, 134, 135, 136, 137, 138, 139, 140, 141, 142, 143, 144, 145, 146, 147, 148, 149, 150, 151, 152, 153, 154, 155, 156, 157, 158, 159, 160, 161, 162, 163, 164, 165, 166, 167, 168, 169, 170, 171, 172, 173, 174, 175, 176, 177, 178, 179, 180, 181, 182, 183, 184, 185, 186, 187, 188, 189, 190, 191, 192, 193, 194, 195], [0, 1, 2, 3, 4, 5, 6, 7, 8, 9, 10, 11, 12, 13, 14, 15, 16, 17, 18, 19, 20, 21, 22, 23, 24, 25, 26, 27, 28, 29, 30, 31, 32, 33, 34, 35, 36, 37, 38, 39, 40, 41, 42, 43, 44, 45, 46, 47, 48, 49, 50, 51, 52, 53, 54, 55, 56, 57, 58, 59, 60, 61, 62, 63, 64, 65, 66, 67, 68, 69, 70, 71, 72, 73, 74, 75, 76, 77, 78, 79, 80, 81, 82, 83, 84, 85, 86, 87, 88, 89, 90, 91, 92, 93, 94, 95, 96, 97, 98, 99, 100, 101, 102, 103, 104, 105, 106, 107, 108, 109, 110, 111, 112, 113, 114, 115, 116, 117, 118, 119, 120, 121, 122, 123, 124, 125, 126, 127, 128, 129, 130, 131, 132, 133, 134, 135, 136, 137, 138, 139, 140, 141, 142, 143, 144, 145, 146, 147, 148, 149, 150, 151], [0, 1]]
