tree
version=v2
num_class=1
num_tree_per_iteration=1
label_index=0
max_feature_idx=11
objective=binary sigmoid:1
feature_names=n_1 c_table_1.c_2 c_table_1.c_4 n_table_1.n_12 n_table_1.n_15 n_table_1.n_16 n_table_1.n_18 n_table_1.n_19 n_table_1.n_26 c_table_2.c_1 n_table_2.n_13 n_table_3.n_3
feature_infos=[1:335.5] 24:0:17:16:10:7:34:23:19:60:18:15:44:28:1:5:8:35:45:38:41:68:4:12:25:13:2:75:49:20:39:48:50:46:21:111:22:92:33:56:57:59:87:27:79:120:9:37:43:62:125:26:47:96:40:61:70:73:3:6:67:72:76:31:42:66:77:85:104:108:124:132:53:54:89:91:93:136:55:64:82:84:94:101:115:121:140:36:51:71:80:81:88:97:98:102:103:119:127:135:147:149:30:52:63:118:123:133:139:144:165:167:32:58:69:74:78:90:99:110:112:114:116:131:134:137:146:161:162:166:174 4:0:10:12:2:11:7:5:45:51:35:8:18:23:33:40:77:30:37:38:41:57:29:28:16:74:62:49:13:21:48:104:6:69:22:26:39:54:19:27:72:87:95:3:31:55:56:106:15:17:60:61:96:103:92:25:66:67:78:80:81:93:94:109:113:117:122:1:24:44:46:47:53:59:65:83:84:99:112:121:133:14:20:36:63:70:82:97:102:116:136:32:34:42:52:58:64:71:75:85:90:98:107:111:115:124:129:130:131:132 [1:8524] [1:274774] [1:249100] [1:574087] [1:1285890] [1:121640] 1:0 [1:395101] [1:509664]
tree_sizes=1133 1307 637 1284 647 962 881 877 1086

Tree=0
num_leaves=14
num_cat=0
split_feature=5 6 3 11 11 5 5 3 8 11 11 5 0
split_gain=32.7953 12.3673 7.6259 7.36149 25.2873 4.30055 5.41446 2.949 1.90722 1.47722 3.90028 1.40724 0.391128
threshold=18608.500000000004 102161.00000000001 407.50000000000006 25.000000000000004 456.25000000000006 510.25000000000006 2122.7500000000005 307.75000000000006 188.50000000000003 17563.000000000004 26170.750000000004 19.750000000000004 13.750000000000002
decision_type=2 2 2 2 2 2 2 2 2 2 2 2 2
left_child=3 7 -3 5 -5 12 -7 -2 -8 11 -11 -6 -1
right_child=1 2 -4 4 9 6 8 -9 -10 10 -12 -13 -14
leaf_value=-2.9319688971504392 -2.6142851210301408 -2.7020493206134888 -2.139344488903963 -2.3854283068319999 -2.9282984484112973 -2.6408367844034344 -2.9328265692336215 -2.847862066991389 -2.8045683436097248 -2.6041286549245148 -2.8476696528958807 -2.8106757024829077 -2.8106757024829077
leaf_count=1174 83 80 110 146 308 142 252 91 97 81 399 155 82
internal_value=0 1.20161 1.95905 -0.161462 0.0994514 -0.338188 0 0.180867 -0.284513 -0.14053 0 -0.31354 -0.471463
internal_count=3200 364 190 2836 1089 1747 491 174 349 943 480 463 1256
shrinkage=1


Tree=1
num_leaves=16
num_cat=1
split_feature=1 6 11 3 10 10 8 11 6 3 11 11 0 0 6
split_gain=27.2819 14.4117 4.54436 4.29306 8.42534 2.61553 2.49089 4.0778 5.87717 3.17317 1.16968 1.12234 1.18949 0.760908 0.368807
threshold=0 33567.250000000007 25.000000000000004 783.25000000000011 1.7500000000000002 152.50000000000003 3.2500000000000004 456.25000000000006 2916.2500000000005 43.000000000000007 1441.0000000000002 14005.750000000002 1.7500000000000002 10.750000000000002 11384.500000000002
decision_type=5 2 2 2 2 2 2 2 2 2 2 2 2 2 2
left_child=2 6 -1 -3 -5 10 7 8 -2 -8 13 -7 -13 -4 -11
right_child=1 3 5 4 -6 11 9 -9 -10 14 -12 12 -14 -15 -16
leaf_value=-0.12420902267263703 0.0029091836782563804 0.4010176962813799 0.12603565150368803 -0.02235631617286097 0.3491542789892994 -0.1811879437167635 -0.18348338685929669 -0.027213377319357992 0.341630670452931 0.074473614872552399 -0.0030112578001133014 0 -0.12460899956242284 0 -0
leaf_count=1288 186 208 159 96 71 100 103 147 110 88 133 259 90 62 100
internal_value=0 0.468215 -0.305617 1.15702 0.499619 -0.0524958 0.12624 0.344015 0.644633 -0.125241 0.167491 -0.295461 -0.0868294 0.353318 0.104066
internal_count=3200 1109 2091 375 167 803 734 443 296 291 354 449 349 221 188
cat_boundaries=0 3
cat_threshold=330994049 50467398 32768
shrinkage=0.24562


Tree=2
num_leaves=7
num_cat=1
split_feature=7 2 0 5 0 11
split_gain=21.14 6.91843 5.13419 3.52818 2.42923 1.77476
threshold=553938.00000000012 0 18.250000000000004 9896.5000000000018 10.750000000000002 25.000000000000004
decision_type=2 5 2 2 2 2
left_child=1 3 4 -1 5 -3
right_child=-2 2 -4 -5 -6 -7
leaf_value=0.27431493747855257 0.4809583015203841 -0.062135133263931143 0.15170367374223087 0 -0.16562243369709376 -0
leaf_count=153 44 1634 121 56 201 991
internal_value=0 -0.083253 -0.152488 0.42658 -0.208501 -0.156657
internal_count=3200 3156 2947 209 2826 2625
cat_boundaries=0 2
cat_threshold=1086394368 729632
shrinkage=0.24562


Tree=3
num_leaves=15
num_cat=1
split_feature=1 7 7 11 11 7 11 6 11 11 11 11 11 5
split_gain=11.2539 4.55152 3.3709 3.25481 10.7939 2.15974 1.59178 1.43125 1.10464 1.19183 1.27531 0.37425 1.25627 0.203673
threshold=0 553938.00000000012 3.2500000000000004 456.25000000000006 143.50000000000003 21219.250000000004 7720.7500000000009 29513.500000000004 25.000000000000004 456.25000000000006 14005.750000000002 143.50000000000003 1371.2500000000002 1102.0000000000002
decision_type=5 2 2 2 2 2 2 2 2 2 2 2 2 2
left_child=2 3 8 4 5 -2 -5 -8 -1 -10 -11 -4 -13 -14
right_child=1 -3 11 6 -6 -7 7 -9 9 10 -12 12 13 -15
leaf_value=-0.053136974814610868 -0.021353618689449804 0.27115783842808022 -0.15914635955524989 -0.12352929296795047 0.43568504885074882 0.082484888541562079 -0.043508774238963883 0.087990854062797802 0.10887892251145531 -0.080744396909598004 0.024088113239343678 0.0082089843730568449 -0 -0.14365436403334317
leaf_count=804 307 43 454 108 51 382 156 108 69 213 260 64 90 91
internal_value=0 0.253986 -0.231651 0.183196 0.346774 0.136823 -0.0739399 0.0174091 -0.0868783 0.0151158 -0.0343513 -0.508843 -0.193784 -0.414074
internal_count=3200 1155 2045 1112 740 689 372 264 1346 542 473 699 245 181
cat_boundaries=0 3
cat_threshold=329945473 16914950 32768
shrinkage=0.24562


Tree=4
num_leaves=7
num_cat=1
split_feature=4 0 2 8 0 11
split_gain=6.76401 4.80441 3.59784 1.49496 0.971424 1.68405
threshold=135130.00000000003 18.250000000000004 0 6.2500000000000009 12.250000000000002 25.000000000000004
decision_type=2 2 5 2 2 2
left_child=1 2 3 -1 5 -4
right_child=-2 -3 4 -5 -6 -7
leaf_value=0.19281505640946392 0.2238161760232974 0.15566115161085919 -0.058775191483192241 0 -0.1425943814912069 -0
leaf_count=88 42 127 1668 124 142 1009
internal_value=0 -0.0637248 -0.111404 0.244873 -0.163259 -0.140304
internal_count=3200 3158 3031 212 2819 2677
cat_boundaries=0 3
cat_threshold=1086328832 655970 9216
shrinkage=0.24562


Tree=5
num_leaves=11
num_cat=1
split_feature=2 4 7 3 7 8 3 4 7 4
split_gain=4.0122 5.0598 2.17845 3.19697 2.20698 2.04329 2.70099 2.27606 1.86064 1.35073
threshold=0 1423.0000000000002 2325.2500000000005 40.750000000000007 757.75000000000011 1138.0000000000002 208.75000000000003 25779.250000000004 3.2500000000000004 12943.000000000002
decision_type=5 2 2 2 2 2 2 2 2 2
left_child=-1 2 4 -4 8 6 7 -3 -2 -8
right_child=1 5 3 -5 -6 -7 9 -9 -10 -11
leaf_value=-0.1041841347620467 -0.0017925959323829791 0.030952310638014218 -0.19270127864869757 0 0.12702939036029315 0.1936719197155109 0.061059734520977273 0.19462739709452642 -0.13683150969136657 -0.056108199947676539
leaf_count=215 1398 474 202 83 108 78 109 122 160 251
internal_value=0 0.0366767 -0.107052 -0.464639 -0.0191094 0.247788 0.157739 0.334661 -0.0870497 -0.0516935
internal_count=3200 2985 1951 285 1666 1034 956 596 1558 360
cat_boundaries=0 2
cat_threshold=537142532 33554696
shrinkage=0.24562


Tree=6
num_leaves=10
num_cat=2
split_feature=2 6 2 10 11 6 6 6 11
split_gain=3.21236 2.50927 1.28027 2.38449 2.9308 1.17128 2.73981 1.95415 0.586345
threshold=0 83866.750000000015 1 357.25000000000006 18401.500000000004 177081.50000000003 268776.50000000006 127291.50000000001 106189.00000000001
decision_type=5 2 5 2 2 2 2 2 2
left_child=-1 2 -2 4 -4 7 -7 -3 -5
right_child=1 5 3 8 -6 6 -8 -9 -10
leaf_value=-0.096293443310991392 0.053868429305061673 0.00071008344754071859 -0.0073945128618925051 -0.099561672122151099 0.17367387985925495 -0.055205155394008602 0.16667235164546729 0.24756429667211211 -0
leaf_count=227 139 82 1955 392 86 110 23 59 127
internal_value=0 0.0270692 -0.0174623 -0.0566854 0 0.313218 0 0.53439 -0.319901
internal_count=3200 2973 2699 2560 2041 274 133 141 519
cat_boundaries=0 2 4
cat_threshold=537142564 33554688 1082130448 196608
shrinkage=0.24562


Tree=7
num_leaves=10
num_cat=2
split_feature=1 2 7 6 6 7 11 0 5
split_gain=8.82351 2.82236 4.20859 2.19166 1.33921 3.6397 0.880233 0.161116 0.0665492
threshold=0 1 558.25000000000011 113580.00000000001 861.25000000000011 9667.0000000000018 99332.500000000015 18.250000000000004 31807.750000000004
decision_type=5 5 2 2 2 2 2 2 2
left_child=3 8 6 -1 -4 -6 7 -3 -2
right_child=1 2 4 -5 5 -7 -8 -9 -10
leaf_value=-0.15606517666964273 -0.11746477256350835 -0.017033717752238688 0.23027361995691309 -0 -0.06836320227713219 0.09604342295152099 0.098496012499963329 0.00032195549908583068 -0
leaf_count=610 179 1247 96 117 155 609 84 59 44
internal_value=0 0.107857 0.165389 -0.392303 0.368116 0.276559 -0 -0.0403713 -0.213779
internal_count=3200 2473 2250 727 860 764 1390 1306 223
cat_boundaries=0 3 5
cat_threshold=314151344 50469446 32768 536874112 1074266376
shrinkage=0.24562


Tree=8
num_leaves=13
num_cat=1
split_feature=2 4 5 5 6 7 4 10 11 11 11 10
split_gain=2.24748 1.97013 2.28737 2.76524 1.9944 1.85819 2.01668 1.06573 1.00136 0.605503 0.90775 0.693566
threshold=0 254.50000000000003 2409.2500000000005 527.50000000000011 1.7500000000000002 222467.00000000003 5305.7500000000009 229.00000000000003 143.50000000000003 19354.750000000004 1441.0000000000002 916.75000000000011
decision_type=5 2 2 2 2 2 2 2 2 2 2 2
left_child=-1 4 3 8 9 6 -4 -7 -3 10 -2 -11
right_child=1 2 5 -5 -6 7 -8 -9 -10 11 -12 -13
leaf_value=-0.083961977447720257 -0 -0.023918983663120588 0.033583797732213004 0.19782371296950152 -0.11448576882935645 0.082634403130243048 -0.085867061232002051 -0 0.094772470494484298 0.10331093044450958 -0.095817285512924635 -0
leaf_count=215 1119 184 152 154 261 201 346 69 91 103 157 148
internal_value=0 0.0194215 0.135935 0.394222 -0.0818749 0.00211711 -0.147935 0.205776 0.00887121 -0 -0.0623806 0.168351
internal_count=3200 2985 1197 429 1788 768 498 270 275 1527 1276 251
cat_boundaries=0 2
cat_threshold=537142532 33554696
shrinkage=0.24562


end of trees

feature importances:
n_table_3.n_3=24
n_table_1.n_18=12
n_table_1.n_19=10
n_table_1.n_16=9
n_1=8
c_table_1.c_4=7
n_table_1.n_12=6
n_table_1.n_15=6
n_table_2.n_13=5
n_table_1.n_26=4
c_table_1.c_2=3

parameters:
[boosting: gbdt]
[objective: binary]
[metric: auc]
[tree_learner: serial]
[device_type: cpu]
[data: ]
[valid: ]
[num_iterations: 100]
[learning_rate: 0.24562]
[num_leaves: 55]
[num_threads: 4]
[max_depth: 5]
[min_data_in_leaf: 20]
[min_sum_hessian_in_leaf: 4.14051]
[bagging_fraction: 0.8]
[bagging_freq: 44]
[bagging_seed: 3]
[feature_fraction: 0.7]
[feature_fraction_seed: 2]
[early_stopping_round: 0]
[max_delta_step: 0]
[lambda_l1: 1.35423]
[lambda_l2: 0.479101]
[min_gain_to_split: 0]
[drop_rate: 0.1]
[max_drop: 50]
[skip_drop: 0.5]
[xgboost_dart_mode: 0]
[uniform_drop: 0]
[drop_seed: 4]
[top_rate: 0.2]
[other_rate: 0.1]
[min_data_per_group: 100]
[max_cat_threshold: 32]
[cat_l2: 10]
[cat_smooth: 10]
[max_cat_to_onehot: 4]
[top_k: 20]
[monotone_constraints: ]
[feature_contri: ]
[forcedsplits_filename: ]
[refit_decay_rate: 0.9]
[verbosity: -1]
[max_bin: 255]
[min_data_in_bin: 3]
[bin_construct_sample_cnt: 200000]
[histogram_pool_size: -1]
[data_random_seed: 1]
[output_model: LightGBM_model.txt]
[snapshot_freq: -1]
[input_model: ]
[output_result: LightGBM_predict_result.txt]
[initscore_filename: ]
[valid_data_initscores: ]
[pre_partition: 0]
[enable_bundle: 1]
[max_conflict_rate: 0]
[is_enable_sparse: 1]
[sparse_threshold: 0.8]
[use_missing: 1]
[zero_as_missing: 0]
[two_round: 0]
[save_binary: 0]
[enable_load_from_binary_file: 1]
[header: 0]
[label_column: ]
[weight_column: ]
[group_column: ]
[ignore_column: ]
[categorical_feature: ]
[predict_raw_score: 0]
[predict_leaf_index: 0]
[predict_contrib: 0]
[num_iteration_predict: -1]
[pred_early_stop: 0]
[pred_early_stop_freq: 10]
[pred_early_stop_margin: 10]
[convert_model_language: ]
[convert_model: gbdt_prediction.cpp]
[num_class: 1]
[is_unbalance: 0]
[scale_pos_weight: 1]
[sigmoid: 1]
[boost_from_average: 1]
[reg_sqrt: 0]
[alpha: 0.9]
[fair_c: 1]
[poisson_max_delta_step: 0.7]
[tweedie_variance_power: 1.5]
[max_position: 20]
[label_gain: ]
[metric_freq: 1]
[is_provide_training_metric: 0]
[eval_at: ]
[num_machines: 1]
[local_listen_port: 12400]
[time_out: 120]
[machine_list_filename: ]
[machines: ]
[gpu_platform_id: -1]
[gpu_device_id: -1]
[gpu_use_dp: 0]

end of parameters

pandas_categorical:[[0, 1, 2, 3, 4, 5, 6, 7, 8, 9, 10, 11, 12, 13, 14, 15, 16, 17, 18, 19, 20, 21, 22, 23, 24, 25, 26, 27, 28, 29, 30, 31, 32, 33, 34, 35, 36, 37, 38, 39, 40, 41, 42, 43, 44, 45, 46, 47, 48, 49, 50, 51, 52, 53, 54, 55, 56, 57, 58, 59, 60, 61, 62, 63, 64, 65, 66, 67, 68, 69, 70, 71, 72, 73, 74, 75, 76, 77, 78, 79, 80, 81, 82, 83, 84, 85, 86, 87, 88, 89, 90, 91, 92, 93, 94, 95, 96, 97, 98, 99, 100, 101, 102, 103, 104, 105, 106, 107, 108, 109, 110, 111, 112, 113, 114, 115, 116, 117, 118, 119, 120, 121, 122, 123, 124, 125, 126, 127, 128, 129, 130, 131, 132, 133, 134, 135, 136, 137, 138, 139, 140, 141, 142, 143, 144, 145, 146, 147, 148, 149, 150, 151, 152, 153, 154, 155, 156, 157, 158, 159, 160, 161, 162, 163, 164, 165, 166, 167, 168, 169, 170, 171, 172, 173, 174, 175, 176, 177, 178, 179, 180, 181, 182, 183, 184, 185, 186, 187, 188, 189, 190, 191, 192, 193, 194, 195], [0, 1, 2, 3, 4, 5, 6, 7, 8, 9, 10, 11, 12, 13, 14, 15, 16, 17, 18, 19, 20, 21, 22, 23, 24, 25, 26, 27, 28, 29, 30, 31, 32, 33, 34, 35, 36, 37, 38, 39, 40, 41, 42, 43, 44, 45, 46, 47, 48, 49, 50, 51, 52, 53, 54, 55, 56, 57, 58, 59, 60, 61, 62, 63, 64, 65, 66, 67, 68, 69, 70, 71, 72, 73, 74, 75, 76, 77, 78, 79, 80, 81, 82, 83, 84, 85, 86, 87, 88, 89, 90, 91, 92, 93, 94, 95, 96, 97, 98, 99, 100, 101, 102, 103, 104, 105, 106, 107, 108, 109, 110, 111, 112, 113, 114, 115, 116, 117, 118, 119, 120, 121, 122, 123, 124, 125, 126, 127, 128, 129, 130, 131, 132, 133, 134, 135, 136, 137, 138, 139, 140, 141, 142, 143, 144, 145, 146, 147, 148, 149, 150, 151], [0, 1]]
