tree
version=v2
num_class=1
num_tree_per_iteration=1
label_index=0
max_feature_idx=17
objective=binary sigmoid:1
feature_names=c_table_1.c_1 c_table_1.c_2 n_table_1.n_3 c_table_1.c_6 n_table_1.n_5 n_table_1.n_9 n_table_1.n_10 n_table_1.n_11 n_table_1.n_12 n_table_1.n_15 n_table_1.n_16 n_table_1.n_17 n_table_1.n_18 n_table_1.n_19 n_table_1.n_20 n_table_1.n_26 c_table_2.c_5 n_table_2.n_14
feature_infos=1:0 2:0:6:10:16:17:29:9:7:24:13:37:14:15:12:11:18:45:33:19:56:63:60:26:73:38:3:55:54:64:4:70:83:20:22:34:30:21:36:39:58:65:68:74:35:47:71:57:114:1:32:44:59:134:31:53:78:139:8:48:81:85:94:111:119:27:28:42:69:82:90:92:104:105:106:115:128:144:23:46:49:50:52:75:79:80:98:103:116:122:25:40:43:72:86:93:96:97:99:107:112:118:127:129:133:146:152:164 [1:175] 1:0:2:3:4:7:8:9:13:5:6:10:11:12 [1:24272.5] [1:2481850] [1:70] [1:6121] [1:7070.5] [1:423494] [1:313693] [1:372140] [1:441384] [1:1178200] [1:18856] [1:121640] 1:0:6:7:9:10:15:11:4:14:12:2:13:5:16:22:3:8:18:17:20:23:19:28 [1:92.5]
tree_sizes=731 738 701 685 706 853 876 813 707 915 879 789 802 863 774 809 843

Tree=0
num_leaves=8
num_cat=1
split_feature=12 10 8 13 13 16 13
split_gain=29.6445 4.41077 3.15069 1.77374 2.88578 1.26164 0.0455296
threshold=15357.250000000002 8437.0000000000018 72.250000000000014 5119.0000000000009 660.25000000000011 0 2774.5000000000005
decision_type=2 2 2 2 2 5 2
left_child=2 -2 3 4 5 -1 -6
right_child=1 -3 -4 -5 6 -7 -8
leaf_value=-2.6095114759549651 -2.6124644415150078 -2.3762028295440381 -2.5676848697292907 -2.7441990371139049 -2.5832486638972694 -2.6777889205410919 -2.6178251095094844
leaf_count=113 93 211 97 218 92 1078 98
internal_value=0 1.04782 -0.27609 -0.326116 -0.243099 -0.322024 0.126422
internal_count=2000 304 1696 1599 1381 1191 190
cat_boundaries=0 1
cat_threshold=24068
shrinkage=1


Tree=1
num_leaves=9
num_cat=0
split_feature=12 2 4 13 13 5 13 11
split_gain=18.5575 3.4329 2.7658 1.86954 1.55759 2.91047 0.40188 0.108136
threshold=15357.250000000002 37.750000000000007 19.750000000000004 277784.50000000006 7870.0000000000009 121.75000000000001 660.25000000000011 700.75000000000011
decision_type=2 2 2 2 2 2 2 2
left_child=2 3 4 -2 5 6 -1 -4
right_child=1 -3 7 -5 -6 -7 -8 -9
leaf_value=-0.055910122072602354 0.1147113354374581 0.25606311586762731 0 -0 -0.13312935696546435 0.055224659002106567 -0 0.039398919498079055
leaf_count=1135 121 86 102 97 162 97 108 92
internal_value=0 0.750288 -0.23897 0.351389 -0.304159 -0.228583 -0.293306 0.127965
internal_count=2000 304 1696 218 1502 1340 1243 194
shrinkage=0.176478


Tree=2
num_leaves=8
num_cat=1
split_feature=1 14 2 5 2 11 5
split_gain=13.2693 7.34718 2.70321 1.49055 1.98578 1.36328 0.940418
threshold=0 274.00000000000006 37.750000000000007 82.750000000000014 4.0000000000000009 69.250000000000014 3.2500000000000004
decision_type=5 2 2 2 2 2 2
left_child=6 5 3 -3 -5 -2 -1
right_child=1 2 -4 4 -6 -7 -8
leaf_value=-0.043419793423550943 0 -0 0.20914727497121155 0.12637785249505798 0 -0.084355171671690543 -0.11971692013939633
leaf_count=1029 164 116 105 182 100 106 198
internal_value=0 0.30396 0.620086 0.364237 0.496973 -0.119154 -0.304379
internal_count=2000 773 503 398 282 270 1227
cat_boundaries=0 3
cat_threshold=68174033 25165858 512
shrinkage=0.176478


Tree=3
num_leaves=7
num_cat=3
split_feature=1 5 1 9 15 16
split_gain=9.43313 4.37673 4.92292 1.80815 0.846608 0.760088
threshold=0 2422.0000000000005 1 22168.000000000004 190.00000000000003 2
decision_type=5 2 5 2 2 5
left_child=5 2 -2 -4 -3 -1
right_child=1 4 3 -5 -6 -7
leaf_value=0.0024104761326972229 0.080071170571705624 0.033887577277818076 -0.073922997840316904 0.0025838645620173011 0.16495767391959573 -0.055333995805702592
leaf_count=117 109 135 304 100 115 1120
internal_value=0 0.246993 0.0243652 -0.171299 0.66279 -0.265259
internal_count=2000 763 513 404 250 1237
cat_boundaries=0 3 5 6
cat_threshold=67129553 25165858 512 553910272 2415919168 56324
shrinkage=0.176478


Tree=4
num_leaves=8
num_cat=0
split_feature=13 14 14 11 7 11 14
split_gain=6.11146 2.817 1.83649 2.09486 0.578115 0.465229 3.25503
threshold=92375.500000000015 4157.5000000000009 547.75000000000011 3988.0000000000005 22.750000000000004 69.250000000000014 28.750000000000004
decision_type=2 2 2 2 2 2 2
left_child=2 4 5 -4 -2 6 -1
right_child=1 -3 3 -5 -6 -7 -8
leaf_value=-0.041786600376296341 0.035524427298728983 -0 0.086163057667450638 -0.028123033406882911 0.16265238635890006 -0.07712134239634473 0.063152241179845067
leaf_count=1108 112 83 123 105 80 241 148
internal_value=0 0.40229 -0.142933 0.123166 0.613767 -0.208763 -0.136759
internal_count=2000 275 1725 228 192 1497 1256
shrinkage=0.176478


Tree=5
num_leaves=10
num_cat=3
split_feature=1 16 11 11 8 9 16 4 12
split_gain=7.39029 2.99704 1.23181 5.85973 5.0313 1.10374 0.580104 0.692926 0.712035
threshold=0 1 28301.500000000004 5537.5000000000009 1.7500000000000002 15742.000000000002 2 51.250000000000007 2.5000000000000004
decision_type=5 5 2 2 2 2 5 2 2
left_child=6 2 3 4 -2 -3 -1 8 -8
right_child=1 5 -4 -5 -6 -7 7 -9 -10
leaf_value=0.0020298824569688128 0 -0.069117985152843425 0.1533388256323033 -0.077816528006586894 0.20388875800343087 0.001626381831847031 -0.03890197033875837 0 -0.11729953802192226
leaf_count=104 175 123 102 87 114 65 978 78 174
internal_value=0 0.247492 0.398519 0.269868 0.583505 -0.0783521 -0.213978 -0.252544 -0.323562
internal_count=2000 666 478 376 289 188 1334 1230 1152
cat_boundaries=0 3 4 5
cat_threshold=68309713 25174050 512 3 39940
shrinkage=0.176478


Tree=6
num_leaves=10
num_cat=1
split_feature=16 15 14 9 14 14 9 5 14
split_gain=4.56803 6.03943 2.62036 4.15675 3.13373 2.94358 1.35361 1.59721 1.02255
threshold=0 412.00000000000006 28.750000000000004 5459.5000000000009 547.75000000000011 159.25000000000003 25966.000000000004 7.0000000000000009 1289.5000000000002
decision_type=5 2 2 2 2 2 2 2 2
left_child=1 2 -1 4 5 -4 7 -2 -5
right_child=6 -3 3 8 -6 -7 -8 -9 -10
leaf_value=-0.023945361520881579 -0.024350588634556313 0.18382466262030348 0.10782054448696575 0.016391801218856448 0.17551209312372595 -0.035931580940644123 0 -0.15333841415680149 -0.051629589372402231
leaf_count=862 271 57 112 99 89 137 76 147 150
internal_value=0 0.0954956 0.016564 0.208962 0.503016 0.0851739 -0.302599 -0.512883 -0.073293
internal_count=2000 1506 1449 587 338 249 494 418 249
cat_boundaries=0 1
cat_threshold=53255
shrinkage=0.176478


Tree=7
num_leaves=10
num_cat=0
split_feature=9 12 15 7 7 4 9 17 5
split_gain=2.29903 1.15643 1.11994 0.441912 0.659241 0.862196 0.770853 0.455081 0.159206
threshold=25966.000000000004 172314.50000000003 109.75000000000001 103.00000000000001 3.2500000000000004 19.750000000000004 1226.5000000000002 1.7500000000000002 88.750000000000014
decision_type=2 2 2 2 2 2 2 2 2
left_child=3 2 -2 4 5 7 -6 8 -1
right_child=1 -3 -4 -5 6 -7 -8 -9 -10
leaf_value=-0.013487945329615706 0 -0 0.12574375614893743 0.0023892372856940906 -0 0.033597865935199499 -0.098227757189859072 -0.072171854968153523 0
leaf_count=1057 119 59 68 169 90 115 105 111 107
internal_value=0 0.266637 0.408538 -0.0856173 -0.115424 -0.0525168 -0.345195 -0.106557 -0.0492221
internal_count=2000 246 187 1754 1585 1390 195 1275 1164
shrinkage=0.176478


Tree=8
num_leaves=8
num_cat=1
split_feature=1 7 8 7 2 10 4
split_gain=3.6825 1.93541 1.41798 0.77379 1.42041 0.331512 0.171625
threshold=0 188.50000000000003 9.2500000000000018 1.7500000000000002 37.750000000000007 1201.0000000000002 39.250000000000007
decision_type=5 2 2 2 2 2 2
left_child=2 3 -1 5 6 -2 -5
right_child=1 -3 -4 4 -6 -7 -8
leaf_value=0.0068077807823997763 -0.019244027621785471 0.047334021227174325 0.13601335059555578 -0.11026859887150818 0 0 -0
leaf_count=145 1161 121 85 179 88 146 75
internal_value=0 -0.0980057 0.296449 -0.162659 -0.331815 -0.0727006 -0.497223
internal_count=2000 1770 230 1649 342 1307 254
cat_boundaries=0 3
cat_threshold=553986048 2415919168 1
shrinkage=0.176478


Tree=9
num_leaves=11
num_cat=2
split_feature=16 7 14 1 7 5 14 14 12 4
split_gain=3.47003 3.22557 1.59723 1.11427 1.40408 0.875825 0.790328 2.23375 0.734157 0.473062
threshold=0 87.250000000000014 739.75000000000011 1 1.7500000000000002 1.7500000000000002 28.750000000000004 449.50000000000006 30074.500000000004 43.000000000000007
decision_type=5 2 2 5 2 2 2 2 2 2
left_child=1 3 -3 -1 6 -2 -5 -8 -7 -6
right_child=5 2 -4 4 9 8 7 -9 -10 -11
leaf_value=0.037910041016536764 -0.0057684735941738782 0 0.13442402701409914 -0.0070878179185651508 -0.081075603703501739 -0.14182125523210662 0.12056048490727368 -0 -0.005259194697355106 -0
leaf_count=102 273 100 71 831 154 145 88 91 76 69
internal_value=0 0.0866372 0.508069 0 -0.0476436 -0.266395 0 0.244502 -0.549678 -0.320133
internal_count=2000 1506 171 1335 1233 494 1010 179 221 223
cat_boundaries=0 1 3
cat_threshold=53255 554237952 2147483712
shrinkage=0.176478


Tree=10
num_leaves=10
num_cat=2
split_feature=16 14 11 11 16 14 8 8 12
split_gain=2.58158 1.69972 1.3976 1.48721 0.801316 0.697026 0.243586 1.03148 0.158309
threshold=0 547.75000000000011 7242.2500000000009 28301.500000000004 1 48.250000000000007 1603.0000000000002 63.250000000000007 75.250000000000014
decision_type=5 2 2 2 5 2 2 2 2
left_child=-1 4 -3 -4 5 -2 7 -5 -6
right_child=1 2 3 6 8 -7 -8 -9 -10
leaf_value=-0.052495544896180052 0.028574889097717777 0.095388193184637718 -0.037718548939529896 0.065156711693061559 -0.041406137783417923 -0.014188303693420787 0.079252747345834013 -0.023526898184081754 -0
leaf_count=282 587 122 138 52 428 184 43 57 107
internal_value=0 0.052363 0.228689 0.0396012 -0.0209853 0.0464414 0.241825 0.00686748 -0.140302
internal_count=2000 1718 412 290 1306 771 152 109 535
cat_boundaries=0 1 2
cat_threshold=8816 18438
shrinkage=0.176478


Tree=11
num_leaves=9
num_cat=1
split_feature=1 12 14 13 11 8 14 5
split_gain=12.3503 4.8516 14.7554 2.27989 0.8936 0.644841 0.302762 0.100025
threshold=0 1653.2500000000002 1861.0000000000002 327723.00000000006 1.7500000000000002 34.750000000000007 121.75000000000001 53258.500000000007
decision_type=5 2 2 2 2 2 2 2
left_child=3 4 -3 -1 6 -4 -2 -7
right_child=1 2 5 -5 -6 7 -8 -9
leaf_value=-0.12074236286009789 0.036015770660502072 0.27929239801663747 0.05768071930313335 -0 -0.020628523128521585 -0.019837003107013439 -0 0.00033625655175656091
leaf_count=358 1045 155 66 74 99 78 76 49
internal_value=0 0.289593 0.652902 -0.378393 0.12551 0.0653544 0.177756 -0
internal_count=2000 1568 348 432 1220 193 1121 127
cat_boundaries=0 3
cat_threshold=67296964 16785408 1
shrinkage=0.176478


Tree=12
num_leaves=9
num_cat=1
split_feature=16 15 15 4 5 8 13 13
split_gain=2.82796 2.21778 3.46704 2.00211 1.98352 1.59068 1.09818 1.0774
threshold=0 73.750000000000014 1.7500000000000002 58.750000000000007 45517.000000000007 182.50000000000003 4495.7500000000009 732.25000000000011
decision_type=5 2 2 2 2 2 2 2
left_child=-1 2 3 6 -3 -4 7 -2
right_child=1 4 5 -5 -6 -7 -8 -9
leaf_value=-0.038135836239261506 0.030275802967173103 -0.068964898183309017 0.17261804981408974 -0.058002553982186893 0.026755213940506953 0 0.098263801952848256 -0.028095949126300306
leaf_count=243 1011 135 93 87 76 70 150 135
internal_value=0 0.151672 0.241849 0.122816 -0.069497 0.69838 0.189131 0.102771
internal_count=2000 1757 1546 1383 211 163 1296 1146
cat_boundaries=0 1
cat_threshold=4255264
shrinkage=0.176478


Tree=13
num_leaves=10
num_cat=1
split_feature=16 17 15 9 10 10 9 5 5
split_gain=2.17968 1.61663 1.6673 1.94484 2.3265 1.86859 1.46534 1.27646 0.440881
threshold=0 4.7500000000000009 73.750000000000014 1086.2500000000002 2512.7500000000005 42329.500000000007 91.000000000000014 45517.000000000007 7.0000000000000009
decision_type=5 2 2 2 2 2 2 2 2
left_child=-1 2 3 6 -5 -6 8 -4 -2
right_child=1 -3 7 4 5 -7 -8 -9 -10
leaf_value=-0.035048304512353523 0.036755037498811288 -0.048248800370941577 -0.055216958368180399 0.16687502802400106 -0 0.092208404441560865 -0.049136317782932669 0.024131694980757991 -0
leaf_count=243 875 111 128 145 154 67 97 75 105
internal_value=0 0.123884 0.173176 0.238641 0.470448 0.166896 0.0954759 -0.0212695 0.170235
internal_count=2000 1757 1646 1443 366 221 1077 203 980
cat_boundaries=0 1
cat_threshold=4255264
shrinkage=0.176478


Tree=14
num_leaves=9
num_cat=3
split_feature=1 9 10 10 9 9 16 16
split_gain=8.12997 3.27673 3.85677 1.67817 2.29637 1.00879 0.599771 0.155644
threshold=0 1086.2500000000002 2412.2500000000005 16051.750000000002 7134.2500000000009 67829.500000000015 1 2
decision_type=5 2 2 2 2 2 5 5
left_child=5 6 -3 -4 -5 -1 7 -2
right_child=1 2 3 4 -6 -7 -8 -9
leaf_value=-0.10469522097244172 0.0015964886135287285 0.18975941884381409 -0.001683639999544295 0 0.12491958919532642 -0 -0.016627552314352669 0.035110516079726935
leaf_count=381 830 108 120 56 91 57 174 183
internal_value=0 0.186444 0.446916 0.194989 0.384687 -0.354309 0.0404649 0.0901793
internal_count=2000 1562 375 267 147 438 1187 1013
cat_boundaries=0 3 4 5
cat_threshold=67886784 16785408 1 2259 3
shrinkage=0.176478


Tree=15
num_leaves=9
num_cat=1
split_feature=1 6 9 14 9 13 9 14
split_gain=5.47981 1.94786 1.49953 5.56326 2.07275 0.897822 0.151839 0.0723015
threshold=0 3.2500000000000004 1086.2500000000002 1914.2500000000002 8983.7500000000018 752.50000000000011 25468.000000000004 28.750000000000004
decision_type=5 2 2 2 2 2 2 2
left_child=1 -1 5 4 -4 7 -5 -2
right_child=2 -3 3 6 -6 -7 -8 -9
leaf_value=-0.11353450610131002 0.0075052151120693668 -0 0.21125515980367679 -0.016534252271091253 0.036297172555743933 -0.042485773730585007 0.011665544120439644 0.044378289428976973
leaf_count=269 1011 119 98 93 97 106 104 103
internal_value=0 -0.311393 0.146926 0.322988 0.740839 0.0405347 -0 0.09927
internal_count=2000 388 1612 392 195 1220 197 1114
cat_boundaries=0 2
cat_threshold=67280580 16785408
shrinkage=0.176478


Tree=16
num_leaves=10
num_cat=1
split_feature=1 5 2 12 8 13 4 5 13
split_gain=4.53853 1.42709 2.84721 1.26427 0.974189 0.960675 0.535422 0.96007 0.28324
threshold=0 16.750000000000004 30.250000000000004 1653.2500000000002 33.250000000000007 327723.00000000006 1.7500000000000002 14159.500000000002 752.50000000000011
decision_type=5 2 2 2 2 2 2 2 2
left_child=5 8 3 -3 -5 -1 -4 -8 -2
right_child=1 2 6 4 -6 -7 7 -9 -10
leaf_value=-0.10887551394323274 0.010182307876790241 0 -0.027415059356001033 0.15793254943140742 0.012581621168854662 -0 -0 0.069094258791054464 -0.020066273644881682
leaf_count=291 1056 77 95 89 68 71 65 61 127
internal_value=0 0.125301 0.273441 0.520569 0.657025 -0.308605 0 0.143926 0.0123303
internal_count=2000 1638 455 234 157 362 221 126 1183
cat_boundaries=0 3
cat_threshold=67804864 16785408 1
shrinkage=0.176478


end of trees

feature importances:
n_table_1.n_20=17
n_table_1.n_15=14
n_table_1.n_9=13
n_table_1.n_19=13
c_table_2.c_5=12
c_table_1.c_2=10
n_table_1.n_17=9
n_table_1.n_12=8
n_table_1.n_18=8
n_table_1.n_5=7
n_table_1.n_11=7
n_table_1.n_16=6
n_table_1.n_26=6
n_table_1.n_3=5
n_table_2.n_14=2
n_table_1.n_10=1

parameters:
[boosting: gbdt]
[objective: binary]
[metric: auc]
[tree_learner: serial]
[device_type: cpu]
[data: ]
[valid: ]
[num_iterations: 100]
[learning_rate: 0.176478]
[num_leaves: 77]
[num_threads: 4]
[max_depth: 7]
[min_data_in_leaf: 20]
[min_sum_hessian_in_leaf: 5.6864]
[bagging_fraction: 0.5]
[bagging_freq: 11]
[bagging_seed: 3]
[feature_fraction: 0.7]
[feature_fraction_seed: 2]
[early_stopping_round: 0]
[max_delta_step: 0]
[lambda_l1: 1.47776]
[lambda_l2: 0.632291]
[min_gain_to_split: 0]
[drop_rate: 0.1]
[max_drop: 50]
[skip_drop: 0.5]
[xgboost_dart_mode: 0]
[uniform_drop: 0]
[drop_seed: 4]
[top_rate: 0.2]
[other_rate: 0.1]
[min_data_per_group: 100]
[max_cat_threshold: 32]
[cat_l2: 10]
[cat_smooth: 10]
[max_cat_to_onehot: 4]
[top_k: 20]
[monotone_constraints: ]
[feature_contri: ]
[forcedsplits_filename: ]
[refit_decay_rate: 0.9]
[verbosity: -1]
[max_bin: 255]
[min_data_in_bin: 3]
[bin_construct_sample_cnt: 200000]
[histogram_pool_size: -1]
[data_random_seed: 1]
[output_model: LightGBM_model.txt]
[snapshot_freq: -1]
[input_model: ]
[output_result: LightGBM_predict_result.txt]
[initscore_filename: ]
[valid_data_initscores: ]
[pre_partition: 0]
[enable_bundle: 1]
[max_conflict_rate: 0]
[is_enable_sparse: 1]
[sparse_threshold: 0.8]
[use_missing: 1]
[zero_as_missing: 0]
[two_round: 0]
[save_binary: 0]
[enable_load_from_binary_file: 1]
[header: 0]
[label_column: ]
[weight_column: ]
[group_column: ]
[ignore_column: ]
[categorical_feature: ]
[predict_raw_score: 0]
[predict_leaf_index: 0]
[predict_contrib: 0]
[num_iteration_predict: -1]
[pred_early_stop: 0]
[pred_early_stop_freq: 10]
[pred_early_stop_margin: 10]
[convert_model_language: ]
[convert_model: gbdt_prediction.cpp]
[num_class: 1]
[is_unbalance: 0]
[scale_pos_weight: 1]
[sigmoid: 1]
[boost_from_average: 1]
[reg_sqrt: 0]
[alpha: 0.9]
[fair_c: 1]
[poisson_max_delta_step: 0.7]
[tweedie_variance_power: 1.5]
[max_position: 20]
[label_gain: ]
[metric_freq: 1]
[is_provide_training_metric: 0]
[eval_at: ]
[num_machines: 1]
[local_listen_port: 12400]
[time_out: 120]
[machine_list_filename: ]
[machines: ]
[gpu_platform_id: -1]
[gpu_device_id: -1]
[gpu_use_dp: 0]

end of parameters

pandas_categorical:[[0, 1, 2], [0, 1, 2, 3, 4, 5, 6, 7, 8, 9, 10, 11, 12, 13, 14, 15, 16, 17, 18, 19, 20, 21, 22, 23, 24, 25, 26, 27, 28, 29, 30, 31, 32, 33, 34, 35, 36, 37, 38, 39, 40, 41, 42, 43, 44, 45, 46, 47, 48, 49, 50, 51, 52, 53, 54, 55, 56, 57, 58, 59, 60, 61, 62, 63, 64, 65, 66, 67, 68, 69, 70, 71, 72, 73, 74, 75, 76, 77, 78, 79, 80, 81, 82, 83, 84, 85, 86, 87, 88, 89, 90, 91, 92, 93, 94, 95, 96, 97, 98, 99, 100, 101, 102, 103, 104, 105, 106, 107, 108, 109, 110, 111, 112, 113, 114, 115, 116, 117, 118, 119, 120, 121, 122, 123, 124, 125, 126, 127, 128, 129, 130, 131, 132, 133, 134, 135, 136, 137, 138, 139, 140, 141, 142, 143, 144, 145, 146, 147, 148, 149, 150, 151, 152, 153, 154, 155, 156, 157, 158, 159, 160, 161, 162, 163, 164, 165, 166, 167, 168, 169, 170, 171, 172, 173, 174, 175], [0, 1, 2, 3, 4, 5, 6, 7, 8, 9, 10, 11, 12, 13, 14, 15], [0, 1, 2, 3, 4, 5, 6, 7, 8, 9, 10, 11, 12, 13, 14, 15, 16, 17, 18, 19, 20, 21, 22, 23, 24, 25, 26, 27, 28, 29, 30]]
