tree
version=v2
num_class=1
num_tree_per_iteration=1
label_index=0
max_feature_idx=13
objective=binary sigmoid:1
feature_names=c_table_1.c_2 c_table_1.c_3 c_table_1.c_5 n_table_1.n_3 n_table_1.n_10 n_table_1.n_12 n_table_1.n_15 n_table_1.n_16 n_table_1.n_17 n_table_1.n_18 n_table_1.n_19 n_table_1.n_26 n_table_1.n_27 c_table_2.c_4
feature_infos=49:0:5:3:8:19:33:31:47:159:129:39:41:26:141:36:21:78:84:6:74:88:176:90:29:189:30:106:75:110:57:65:77:28:73:197:89:107:155:43:147:40:46:67:69:146:167:10:66:101:11:99:2:48:200:12:13:71:9:60:140:198:52:85:93:154:17:32:34:50:58:64:83:100:117:148:161:175:196:4:59:72:87:91:95:187:20:35:56:98:102:111:116:120:128:144:168:179:185:1:25:42:55:76:92:94:104:112:126:139:162:164:190:15:18:37:51:115:118:127:133:149:158:169:180:182:191:194:203 46:0:74:18:55:6:64:102:68:3:87:45:36:37:84:147:5:48:121:81:86:22:181:10:2:16:92:52:71:56:79:148:109:101:115:169:42:98:19:95:93:188:27:40:114:126:135:53:151:62:106:150:9:33:39:54:94:123:11:14:30:213:8:70:130:146:154:207:23:24:72:120:155:80:100:118:158:166:186:187:200:210:211:34:89:201:1:75:82:111:119:153:163:191:208:20:21:29:58:61:66:116:162:174:183:185:197:212:13:41:43:49:83:85:107:117:127:134:167:170:176:190:193:50:63:78:88:97:122:136:137:168:175:182:203:217:218 2:0:7:8:9:3:10:1:6:17:20:4:22:26:25:12:47:14:5:33:29:11:18:42:24:16:41:19:31:38:13:30:36:43:54:55 [1:175] [1:68.5] [1:8524] [1:263222] [1:249100] [1:418837] [1:574087] [1:1285890] [1:121640] [1:151] 18:0:70:6:20:32:21:40:12:38:10:4:9:46:78:27:60:23:31:7:59:67:11:24:68:107:93:16:55:49:81:131:48:30:72:114:90:51:66:101:104:119:87:15:5:29:111:82:96:89:14:88:100:41:79:80:28:97:113:1:8:33:35:39:61:98:108:120:140:17:45:50:91:25:64:105:106:133:13:19:26:37:42:54:58:69:71:83:95:99:102:118:148
tree_sizes=998 1084 1005 823 1153 971 1157

Tree=0
num_leaves=11
num_cat=1
split_feature=0 10 3 6 3 8 8 9 10 10
split_gain=28.178 22.4284 14.8936 4.79961 7.08048 4.65716 2.57471 2.12101 0.193558 0.0580638
threshold=0 346413.00000000006 1.7500000000000002 2328.2500000000005 33.250000000000007 1.7500000000000002 25825.750000000004 9511.7500000000018 1376.5000000000002 33.250000000000007
decision_type=5 2 2 2 2 2 2 2 2 2
left_child=5 2 7 8 -5 9 -7 -2 -4 -1
right_child=1 -3 3 4 -6 6 -8 -9 -10 -11
leaf_value=-3.2899425857925206 -3.0369429514798538 -2.215476040086374 -3.2684091865319509 -3.391500610528515 -2.8816339465598069 -3.5294859062261614 -3.2246109813598598 -2.6198276320746849 -3.525162248252812 -3.2246109813598598
leaf_count=1696 225 142 184 150 247 706 130 233 150 137
internal_value=0 0.554841 0.392912 -0.0265533 0.308142 -0.302964 -0.66904 1.12592 -0.521661 -0.160658
internal_count=4000 1331 1189 731 397 2669 836 458 334 1833
cat_boundaries=0 7
cat_threshold=3290436621 199570 1065088 17408 2281971714 128 256
shrinkage=1


Tree=1
num_leaves=13
num_cat=2
split_feature=13 6 6 6 8 8 6 6 6 13 6 6
split_gain=24.4571 6.35807 3.27217 3.34125 0.856107 0.846181 1.66444 1.15282 0.86275 0.593026 0.340969 0.0946792
threshold=0 132478.00000000003 2426.5000000000005 8249.5000000000018 4359.2500000000009 61264.000000000007 25779.250000000004 59480.500000000007 16379.500000000002 1 3344.5000000000005 5054.5000000000009
decision_type=5 2 2 2 2 2 2 2 2 5 2 2
left_child=-1 2 4 10 9 6 8 -8 -5 -2 -4 -12
right_child=1 -3 3 5 -6 -7 7 -9 -10 -11 11 -13
leaf_value=0.33210040942669689 0.011887357044369867 0.28824004316565355 0.227658074967234 -0 0 -0.19654227205312327 0.18898977424483265 -0 -0.21955887376788821 -0.15884030232861224 -0 0.058720319767706468
leaf_count=408 149 66 121 197 121 169 131 130 213 2061 135 99
internal_value=0 -0.197625 -0.264007 -0.0382368 -0.391384 -0.223206 -0.0728014 0.148236 -0.314487 -0.41676 0.3234 0.0455812
internal_count=4000 3592 3526 1195 2331 840 671 261 410 2210 355 234
cat_boundaries=0 4 7
cat_threshold=2684650592 268517376 8388868 8388608 8389120 320 64
shrinkage=0.384869


Tree=2
num_leaves=11
num_cat=3
split_feature=1 13 9 11 11 2 9 9 11 9
split_gain=22.2667 14.7099 12.9478 4.22997 2.60474 2.56784 4.84025 10.6664 1.21213 0.956705
threshold=0 1 40406.500000000007 148.75000000000003 313.75000000000006 2 69.250000000000014 10129.750000000002 409.75000000000006 9682.7500000000018
decision_type=5 5 2 2 2 5 2 2 2 2
left_child=8 -2 5 -4 -5 9 -7 -8 -1 -3
right_child=1 2 3 4 -6 6 7 -9 -10 -11
leaf_value=-0.32733328435620807 -0.1786304288012549 -0.13257643666182767 0.83901082221202616 0 0.42821270389812044 0.053626547471653511 0.67004363026267211 0 -0.037470603421095268 0.0032907298792476903
leaf_count=826 469 303 80 81 123 1392 180 212 175 159
internal_value=0 0.202556 0.369004 1.23353 0.706585 0.218484 0.293898 0.835149 -0.598778 -0.0855389
internal_count=4000 2999 2530 284 204 2246 1784 392 1001 462
cat_boundaries=0 6 11 12
cat_threshold=1207960652 1084252162 2160100497 1074275328 9437184 2097664 1209079952 402784512 604127296 296960 8 4194908
shrinkage=0.384869


Tree=3
num_leaves=8
num_cat=3
split_feature=1 0 8 1 12 11 12
split_gain=11.3565 7.59357 3.00004 1.49138 1.46837 0.515405 0.327329
threshold=0 1 9758.5000000000018 2 3.2500000000000004 82.000000000000014 3.2500000000000004
decision_type=5 5 2 5 2 2 2
left_child=-1 3 -3 -2 5 -4 -5
right_child=1 2 4 6 -6 -7 -8
leaf_value=0.19541236343929241 -0.011514004284724077 -0.26902122323408884 -0.01336999655370409 0.0088893854800239543 -0.14597139108232277 0.12196307687604532 0.20828674700750963
leaf_count=353 1708 1019 117 172 347 121 163
internal_value=0 -0.167511 -0.41158 0.0406402 -0.16492 0.00987218 0.239738
internal_count=4000 3647 1604 2043 585 238 335
cat_boundaries=0 6 11 16
cat_threshold=4210944 22086800 1074790400 134217760 0 268435456 268961857 33554960 50333230 40 8192 262217 0 1024 0 524288
shrinkage=0.384869


Tree=4
num_leaves=13
num_cat=3
split_feature=13 1 0 8 12 12 8 8 8 7 7 7
split_gain=12.771 7.82116 6.18302 1.99468 1.05007 0.744633 0.715322 1.04449 0.423559 0.17063 0.366484 0.25348
threshold=0 1 2 69.250000000000014 10.750000000000002 25.750000000000004 1.7500000000000002 55986.250000000007 74746.750000000015 241.00000000000003 2019.2500000000002 20461.750000000004
decision_type=5 5 5 2 2 2 2 2 2 2 2 2
left_child=3 6 5 -1 9 -3 -2 -8 -6 -4 -11 -12
right_child=1 2 4 -5 8 -7 7 -9 -10 10 11 -13
leaf_value=0.53093540161093755 -0.10013212805759203 -0.24045459967114127 0.055944806485549149 0.11936721017390235 -0.024057201265284794 -0 -0.25771958811025553 -0 0.10528230765965034 0.39401624284742748 0 0.19134875417847169
leaf_count=188 1653 323 273 139 145 73 698 125 47 84 158 94
internal_value=0 -0.147616 0.115612 0.613125 0.318791 -0.285117 -0.343377 -0.568119 0 0.496896 0.602207 0.351902
internal_count=4000 3673 1197 327 801 396 2476 823 192 609 336 252
cat_boundaries=0 4 10 17
cat_threshold=537133664 268500992 8388864 8388864 1212417605 2121776 2160100497 1107829760 5242880 2097664 69207296 17170 33562626 16384 2 0 288
shrinkage=0.384869


Tree=5
num_leaves=10
num_cat=3
split_feature=1 7 13 0 10 7 10 4 7
split_gain=7.64144 6.51441 5.90884 4.9169 1.82567 1.54581 1.58553 1.30254 0.390388
threshold=0 20461.750000000004 1 2 586.00000000000011 2019.2500000000002 24851.500000000004 3.2500000000000004 5964.2500000000009
decision_type=5 2 5 5 2 2 2 2 2
left_child=-1 2 -2 -4 -5 6 -6 -3 -7
right_child=1 7 3 4 5 8 -8 -9 -10
leaf_value=-0.16533166277655995 -0.16317315104640442 0.30753801101219924 -0.12194586500635646 0.032068135144725722 0.34189991481958643 -0.012736551887262469 0.024693913880046429 0 0.10508640612059479
leaf_count=990 452 146 361 1397 215 124 146 58 111
internal_value=0 0.0828237 -0.000109459 0.107013 0.218168 0.45516 0.630545 0.620829 0
internal_count=4000 3010 2806 2354 1993 596 361 204 235
cat_boundaries=0 6 11 17
cat_threshold=1208223296 1084235778 2428535953 1107829760 72351872 2097664 1209343120 143261952 537018368 2080 8 1142949120 17170 1024 8 134225920 128
shrinkage=0.384869


Tree=6
num_leaves=13
num_cat=3
split_feature=13 0 8 5 7 8 7 0 6 7 7 7
split_gain=6.51663 3.5327 2.12525 3.11254 2.06699 2.5109 1.91369 1.02531 1.81376 0.343703 0.266087 0.0459343
threshold=0 1 10816.750000000002 272.50000000000006 1.7500000000000002 99540.250000000015 87.250000000000014 2 2554.0000000000005 685.75000000000011 50557.750000000007 22582.750000000004
decision_type=5 5 2 2 2 2 2 5 2 2 2 2
left_child=6 4 7 -4 -2 -6 -1 -3 -9 -10 11 -5
right_child=1 2 3 10 5 -7 -8 8 9 -11 -12 -13
leaf_value=0.048737938273616485 -0.063511506292867906 0.033159735423178745 0.31540372896146091 0 -0.29088911768292142 0 0.31686615795808465 -0.21990936096663477 0.052851947778724692 -0.07834950252807954 0.064439469592677059 -0.049836863275802307
leaf_count=282 1568 275 127 152 507 67 191 429 78 123 82 119
internal_value=0 -0.150882 0.0233247 0.263733 -0.296096 -0.597927 0.327087 -0.118538 -0.200825 -0 0 -0.0669907
internal_count=4000 3527 1385 480 2142 574 473 905 630 201 353 271
cat_boundaries=0 4 10 17
cat_threshold=2684616800 8470593 8388876 8388864 1143472385 82322 84953228 17408 134488064 536870912 268435456 164352 9248 0 2 0 32
shrinkage=0.384869


end of trees

feature importances:
n_table_1.n_16=11
n_table_1.n_17=11
n_table_1.n_15=10
c_table_1.c_2=6
c_table_2.c_4=6
c_table_1.c_3=5
n_table_1.n_18=5
n_table_1.n_19=5
n_table_1.n_26=4
n_table_1.n_27=4
n_table_1.n_3=2
c_table_1.c_5=1
n_table_1.n_10=1
n_table_1.n_12=1

parameters:
[boosting: gbdt]
[objective: binary]
[metric: auc]
[tree_learner: serial]
[device_type: cpu]
[data: ]
[valid: ]
[num_iterations: 100]
[learning_rate: 0.384869]
[num_leaves: 77]
[num_threads: 4]
[max_depth: 8]
[min_data_in_leaf: 20]
[min_sum_hessian_in_leaf: 4.59933]
[bagging_fraction: 0.6]
[bagging_freq: 0]
[bagging_seed: 3]
[feature_fraction: 0.5]
[feature_fraction_seed: 2]
[early_stopping_round: 0]
[max_delta_step: 0]
[lambda_l1: 1.2403]
[lambda_l2: 0.24082]
[min_gain_to_split: 0]
[drop_rate: 0.1]
[max_drop: 50]
[skip_drop: 0.5]
[xgboost_dart_mode: 0]
[uniform_drop: 0]
[drop_seed: 4]
[top_rate: 0.2]
[other_rate: 0.1]
[min_data_per_group: 100]
[max_cat_threshold: 32]
[cat_l2: 10]
[cat_smooth: 10]
[max_cat_to_onehot: 4]
[top_k: 20]
[monotone_constraints: ]
[feature_contri: ]
[forcedsplits_filename: ]
[refit_decay_rate: 0.9]
[verbosity: -1]
[max_bin: 255]
[min_data_in_bin: 3]
[bin_construct_sample_cnt: 200000]
[histogram_pool_size: -1]
[data_random_seed: 1]
[output_model: LightGBM_model.txt]
[snapshot_freq: -1]
[input_model: ]
[output_result: LightGBM_predict_result.txt]
[initscore_filename: ]
[valid_data_initscores: ]
[pre_partition: 0]
[enable_bundle: 1]
[max_conflict_rate: 0]
[is_enable_sparse: 1]
[sparse_threshold: 0.8]
[use_missing: 1]
[zero_as_missing: 0]
[two_round: 0]
[save_binary: 0]
[enable_load_from_binary_file: 1]
[header: 0]
[label_column: ]
[weight_column: ]
[group_column: ]
[ignore_column: ]
[categorical_feature: ]
[predict_raw_score: 0]
[predict_leaf_index: 0]
[predict_contrib: 0]
[num_iteration_predict: -1]
[pred_early_stop: 0]
[pred_early_stop_freq: 10]
[pred_early_stop_margin: 10]
[convert_model_language: ]
[convert_model: gbdt_prediction.cpp]
[num_class: 1]
[is_unbalance: 0]
[scale_pos_weight: 1]
[sigmoid: 1]
[boost_from_average: 1]
[reg_sqrt: 0]
[alpha: 0.9]
[fair_c: 1]
[poisson_max_delta_step: 0.7]
[tweedie_variance_power: 1.5]
[max_position: 20]
[label_gain: ]
[metric_freq: 1]
[is_provide_training_metric: 0]
[eval_at: ]
[num_machines: 1]
[local_listen_port: 12400]
[time_out: 120]
[machine_list_filename: ]
[machines: ]
[gpu_platform_id: -1]
[gpu_device_id: -1]
[gpu_use_dp: 0]

end of parameters

pandas_categorical:[[0, 1, 2, 3, 4, 5, 6, 7, 8, 9, 10, 11, 12, 13, 14, 15, 16, 17, 18, 19, 20, 21, 22, 23, 24, 25, 26, 27, 28, 29, 30, 31, 32, 33, 34, 35, 36, 37, 38, 39, 40, 41, 42, 43, 44, 45, 46, 47, 48, 49, 50, 51, 52, 53, 54, 55, 56, 57, 58, 59, 60, 61, 62, 63, 64, 65, 66, 67, 68, 69, 70, 71, 72, 73, 74, 75, 76, 77, 78, 79, 80, 81, 82, 83, 84, 85, 86, 87, 88, 89, 90, 91, 92, 93, 94, 95, 96, 97, 98, 99, 100, 101, 102, 103, 104, 105, 106, 107, 108, 109, 110, 111, 112, 113, 114, 115, 116, 117, 118, 119, 120, 121, 122, 123, 124, 125, 126, 127, 128, 129, 130, 131, 132, 133, 134, 135, 136, 137, 138, 139, 140, 141, 142, 143, 144, 145, 146, 147, 148, 149, 150, 151, 152, 153, 154, 155, 156, 157, 158, 159, 160, 161, 162, 163, 164, 165, 166, 167, 168, 169, 170, 171, 172, 173, 174, 175, 176, 177, 178, 179, 180, 181, 182, 183, 184, 185, 186, 187, 188, 189, 190, 191, 192, 193, 194, 195, 196, 197, 198, 199, 200, 201, 202, 203, 204, 205, 206], [0, 1, 2, 3, 4, 5, 6, 7, 8, 9, 10, 11, 12, 13, 14, 15, 16, 17, 18, 19, 20, 21, 22, 23, 24, 25, 26, 27, 28, 29, 30, 31, 32, 33, 34, 35, 36, 37, 38, 39, 40, 41, 42, 43, 44, 45, 46, 47, 48, 49, 50, 51, 52, 53, 54, 55, 56, 57, 58, 59, 60, 61, 62, 63, 64, 65, 66, 67, 68, 69, 70, 71, 72, 73, 74, 75, 76, 77, 78, 79, 80, 81, 82, 83, 84, 85, 86, 87, 88, 89, 90, 91, 92, 93, 94, 95, 96, 97, 98, 99, 100, 101, 102, 103, 104, 105, 106, 107, 108, 109, 110, 111, 112, 113, 114, 115, 116, 117, 118, 119, 120, 121, 122, 123, 124, 125, 126, 127, 128, 129, 130, 131, 132, 133, 134, 135, 136, 137, 138, 139, 140, 141, 142, 143, 144, 145, 146, 147, 148, 149, 150, 151, 152, 153, 154, 155, 156, 157, 158, 159, 160, 161, 162, 163, 164, 165, 166, 167, 168, 169, 170, 171, 172, 173, 174, 175, 176, 177, 178, 179, 180, 181, 182, 183, 184, 185, 186, 187, 188, 189, 190, 191, 192, 193, 194, 195, 196, 197, 198, 199, 200, 201, 202, 203, 204, 205, 206, 207, 208, 209, 210, 211, 212, 213, 214, 215, 216, 217, 218, 219, 220], [0, 1, 2, 3, 4, 5, 6, 7, 8, 9, 10, 11, 12, 13, 14, 15, 16, 17, 18, 19, 20, 21, 22, 23, 24, 25, 26, 27, 28, 29, 30, 31, 32, 33, 34, 35, 36, 37, 38, 39, 40, 41, 42, 43, 44, 45, 46, 47, 48, 49, 50, 51, 52, 53, 54, 55, 56], [0, 1, 2, 3, 4, 5, 6, 7, 8, 9, 10, 11, 12, 13, 14, 15, 16, 17, 18, 19, 20, 21, 22, 23, 24, 25, 26, 27, 28, 29, 30, 31, 32, 33, 34, 35, 36, 37, 38, 39, 40, 41, 42, 43, 44, 45, 46, 47, 48, 49, 50, 51, 52, 53, 54, 55, 56, 57, 58, 59, 60, 61, 62, 63, 64, 65, 66, 67, 68, 69, 70, 71, 72, 73, 74, 75, 76, 77, 78, 79, 80, 81, 82, 83, 84, 85, 86, 87, 88, 89, 90, 91, 92, 93, 94, 95, 96, 97, 98, 99, 100, 101, 102, 103, 104, 105, 106, 107, 108, 109, 110, 111, 112, 113, 114, 115, 116, 117, 118, 119, 120, 121, 122, 123, 124, 125, 126, 127, 128, 129, 130, 131, 132, 133, 134, 135, 136, 137, 138, 139, 140, 141, 142, 143, 144, 145, 146, 147, 148, 149, 150]]
