tree
version=v2
num_class=1
num_tree_per_iteration=1
label_index=0
max_feature_idx=17
objective=binary sigmoid:1
feature_names=c_table_1.c_1 c_table_1.c_2 n_table_1.n_3 c_table_1.c_6 n_table_1.n_5 n_table_1.n_9 n_table_1.n_10 n_table_1.n_11 n_table_1.n_12 n_table_1.n_15 n_table_1.n_16 n_table_1.n_17 n_table_1.n_18 n_table_1.n_19 n_table_1.n_20 n_table_1.n_26 c_table_2.c_5 n_table_2.n_14
feature_infos=1:0 2:0:6:10:16:17:29:9:7:24:13:37:14:15:12:11:18:45:33:19:56:63:60:26:73:38:3:55:54:64:4:70:83:20:22:34:30:21:36:39:58:65:68:74:35:47:71:57:114:1:32:44:59:134:31:53:78:139:8:48:81:85:94:111:119:27:28:42:69:82:90:92:104:105:106:115:128:144:23:46:49:50:52:75:79:80:98:103:116:122:25:40:43:72:86:93:96:97:99:107:112:118:127:129:133:146:152:164 [1:175] 1:0:2:3:4:7:8:9:13:5:6:10:11:12 [1:24272.5] [1:2481850] [1:70] [1:6121] [1:7070.5] [1:423494] [1:313693] [1:372140] [1:441384] [1:1178200] [1:18856] [1:121640] 1:0:6:7:9:10:15:11:4:14:12:2:13:5:16:22:3:8:18:17:20:23:19:28 [1:92.5]
tree_sizes=709 627 681 881 883 990 827 846 759 812 788 867 895 875 923 874 932 880 778 832 827 876

Tree=0
num_leaves=8
num_cat=0
split_feature=12 8 10 13 13 13 17
split_gain=42.9227 9.17514 4.45317 12.9132 2.16931 2.9914 0.901298
threshold=20428.750000000004 72.250000000000014 16051.750000000002 348060.50000000006 5632.7500000000009 2202.2500000000005 1.7500000000000002
decision_type=2 2 2 2 2 2 2
left_child=1 4 -2 -4 5 6 -1
right_child=2 -3 3 -5 -6 -7 -8
leaf_value=-2.6545004815390207 -2.5630595733001931 -2.5093386014884644 -2.2685224552666616 -2.5621895764895228 -2.713918822989152 -2.5848827149884066 -2.716095627206617
leaf_count=1832 175 146 151 163 376 196 161
internal_value=0 -0.215745 1.02913 1.31829 -0.276952 -0.213195 -0.262478
internal_count=3200 2711 489 314 2565 2189 1993
shrinkage=1


Tree=1
num_leaves=7
num_cat=0
split_feature=12 8 2 9 11 5
split_gain=28.237 5.73819 3.47912 4.53341 2.84516 4.51743
threshold=15357.250000000002 72.250000000000014 37.750000000000007 57898.000000000007 1180.0000000000002 49.750000000000007
decision_type=2 2 2 2 2 2
left_child=1 4 3 -2 5 -1
right_child=2 -3 -4 -5 -6 -7
leaf_value=-0.042492430925877137 0.1314353088560109 0.077798706249577923 0.21600789207340981 -0 -0.10734584574493609 0.044960899488556333
leaf_count=2002 205 142 139 169 279 264
internal_value=0 -0.191757 0.756091 0.456122 -0.243977 -0.182945
internal_count=3200 2687 513 374 2545 2266
shrinkage=0.168364


Tree=2
num_leaves=7
num_cat=2
split_feature=1 5 1 14 7 12
split_gain=25.8666 10.4333 3.52535 2.4385 1.38728 0.52579
threshold=0 2422.0000000000005 1 44.500000000000007 43.750000000000007 2307.2500000000005
decision_type=5 2 5 2 2 2
left_child=3 2 -2 -1 -5 -4
right_child=1 -3 5 4 -6 -7
leaf_value=-0.031422373127575814 -0.033883664459353618 0.17014704605210221 0.089297579397771179 -0.11315927477725483 -0.015013823524550338 0.025921692675395888
leaf_count=1661 180 328 271 359 154 247
internal_value=0 0.437746 0.179008 -0.266323 -0.531907 0.296335
internal_count=3200 1026 698 2174 513 518
cat_boundaries=0 3 5
cat_threshold=1145721045 25174162 513 99336 32
shrinkage=0.168364


Tree=3
num_leaves=10
num_cat=3
split_feature=1 10 9 16 10 14 14 10 16
split_gain=18.4272 3.40463 3.35889 2.74309 2.73417 5.06844 1.41449 3.07717 0.395554
threshold=0 17216.500000000004 41384.500000000007 1 2412.2500000000005 238.75000000000003 1.7500000000000002 2047.0000000000002 2
decision_type=5 2 2 5 2 2 2 2 5
left_child=6 3 -3 -2 5 -5 8 -8 -1
right_child=1 2 -4 4 -6 -7 7 -9 -10
leaf_value=0.0015630256825493205 -0.014247187954032339 0.18616899299943795 0.028390657615971832 0.011412497046877988 0 0.18019063065888433 -0.11017716073165867 -0.0040024507213136471 -0.029310287751067414
leaf_count=195 260 108 134 187 147 149 376 254 1390
internal_value=0 0.358774 0.747735 0.226168 0.341108 0.616899 -0.232333 -0.424436 -0.160231
internal_count=3200 985 242 743 483 336 2215 630 1585
cat_boundaries=0 3 4 5
cat_threshold=1145722069 16785554 512 577 23700
shrinkage=0.168364


Tree=4
num_leaves=10
num_cat=0
split_feature=5 12 14 2 5 11 13 11 13
split_gain=12.4413 4.53165 5.47751 1.453 1.94422 4.25083 0.979663 0.366998 0.334921
threshold=60854.500000000007 15357.250000000002 1960.0000000000002 31.750000000000004 16.750000000000004 466.00000000000006 166188.00000000003 196.75000000000003 6.2500000000000009
decision_type=2 2 2 2 2 2 2 2 2
left_child=1 3 -3 4 8 -6 -4 -5 -1
right_child=-2 2 6 7 5 -7 -8 -9 -10
leaf_value=-0.020723671005317513 0.13394187294903978 0.12979909597322845 -0.044632972642453271 -0.09335272207043524 0.10128244745318696 -0.036400131155914957 0.018793900279236546 -0.02261243795091197 -0.058415034731718718
leaf_count=1684 186 116 101 194 137 175 161 214 232
internal_value=0 -0.0867843 0.232965 -0.16235 -0.106901 0.146176 -0.0264237 -0.391438 -0.164039
internal_count=3200 3014 378 2636 2228 312 262 408 1916
shrinkage=0.168364


Tree=5
num_leaves=12
num_cat=4
split_feature=1 10 10 16 11 13 13 12 13 16 16
split_gain=11.704 2.77583 7.56638 2.92779 1.33888 1.72577 1.08258 1.84442 0.629034 0.220928 0.016671
threshold=0 16051.750000000002 33568.000000000007 1 17.500000000000004 20934.250000000004 6.2500000000000009 15148.750000000002 12045.250000000002 2 3
decision_type=5 2 2 5 2 2 2 2 2 5 5
left_child=6 3 -3 8 -5 -6 9 -8 -2 -1 -11
right_child=1 2 -4 4 5 -7 7 -9 -10 10 -12
leaf_value=0 0 0.19691121073672493 0.0075331193039072097 0.11148471984578774 -0.015089255417295411 0.066673695914070602 -0.091834841411152141 -0 -0.056772730130661413 -0.0069617934986975164 -0.034690897513979038
leaf_count=207 156 85 175 144 155 145 410 154 140 756 673
internal_value=0 0.268924 0.572102 0.137861 0.280691 0.144087 -0.197156 -0.381492 -0.124656 -0.135314 -0.14521
internal_count=3200 1000 260 740 444 300 2200 564 296 1636 1429
cat_boundaries=0 3 4 5 6
cat_threshold=1146802389 16785554 512 1617 23700 2
shrinkage=0.168364


Tree=6
num_leaves=9
num_cat=1
split_feature=5 9 14 17 3 5 2 14
split_gain=6.71134 3.27146 3.2157 1.08858 1.45699 3.40469 2.1642 1.59659
threshold=60854.500000000007 25966.000000000004 2196.2500000000005 1.7500000000000002 0 49.750000000000007 30.250000000000004 3.2500000000000004
decision_type=2 2 2 2 5 2 2 2
left_child=1 3 -3 4 5 7 -7 -1
right_child=-2 2 -4 -5 -6 6 -8 -9
leaf_value=-0.0078779188462498699 0.090903576687941273 0.10608498238790176 -0.0033784224188909253 -0.070522364204436236 -0.05062296225410675 0.077541426533942415 -0.004530574523239162 -0.062934992237250853
leaf_count=1483 186 114 203 216 261 218 157 362
internal_value=0 -0.0717738 0.247055 -0.128273 -0.0936688 -0.0302499 0.252778 -0.125085
internal_count=3200 3014 317 2697 2481 2220 375 1845
cat_boundaries=0 1
cat_threshold=21
shrinkage=0.168364


Tree=7
num_leaves=10
num_cat=0
split_feature=5 9 4 11 5 2 11 7 12
split_gain=4.63808 2.39777 1.84172 1.29349 1.53977 1.45332 1.24977 0.0164612 0.00777847
threshold=60854.500000000007 25966.000000000004 15.250000000000002 3871.7500000000005 49.750000000000007 31.750000000000004 24356.500000000004 18.250000000000004 4.7500000000000009
decision_type=2 2 2 2 2 2 2 2 2
left_child=1 3 -3 4 8 -6 -5 -2 -1
right_child=7 2 -4 6 5 -7 -8 -9 -10
leaf_value=-0.016611104676028488 0.095025385056297845 0.080717100671746353 -0 -0.092882553522764422 0.051480036985070872 -0.019353046330185777 -0 0.025339171806899097 -0.040861359068613747
leaf_count=1796 98 137 180 190 235 154 94 88 228
internal_value=0 -0.0663151 0.199598 -0.11622 -0.0690777 0.126306 -0.344216 0.427957 -0.12575
internal_count=3200 3014 317 2697 2413 389 284 186 2024
shrinkage=0.168364


Tree=8
num_leaves=8
num_cat=1
split_feature=1 4 11 11 11 4 11
split_gain=7.02271 2.16762 1.01876 3.08092 0.840306 2.63291 1.60492
threshold=0 103.00000000000001 43464.250000000007 46.750000000000007 24052.750000000004 13.000000000000002 3049.0000000000005
decision_type=5 2 2 2 2 2 2
left_child=2 4 3 -1 5 6 -2
right_child=1 -3 -4 -5 -6 -7 -8
leaf_value=-0.018029616170459149 0.027006556163520067 -0.024076852832099604 0.011508731353262702 -0.093719334688901548 0.08598780806246549 0.077224645901468783 -0.048371092020599644
leaf_count=1786 311 109 103 337 145 248 161
internal_value=0 0.203924 -0.157539 -0.200035 0.295527 0.187672 0
internal_count=3200 974 2226 2123 865 720 472
cat_boundaries=0 3
cat_threshold=1682588885 16785554 512
shrinkage=0.168364


Tree=9
num_leaves=9
num_cat=4
split_feature=16 11 1 14 11 7 16 16
split_gain=6.52217 5.39407 4.36542 2.92366 3.09657 0.769354 0.679495 0.43321
threshold=0 52549.000000000007 1 28.750000000000004 97.750000000000014 4.7500000000000009 2 3
decision_type=5 2 5 2 2 2 5 5
left_child=1 2 -1 7 -5 -2 -6 -4
right_child=5 -3 3 4 6 -7 -8 -9
leaf_value=-0.055269318328032474 -0.032684266008446608 0.11203106466492298 0.011604754917270097 0.11293119579595248 -0.008783695659711906 -0.093933237295798069 0.027800362273293987 -0.011536728183600938
leaf_count=290 572 115 457 218 166 224 306 852
internal_value=0 0.0929271 0.0291207 0.105581 0.290088 -0.291974 0.0998291 -0.00945444
internal_count=3200 2404 2289 1999 690 796 472 1309
cat_boundaries=0 1 3 4 5
cat_threshold=22791 1140871828 8388642 1 2053
shrinkage=0.168364


Tree=10
num_leaves=9
num_cat=1
split_feature=8 16 5 5 5 10 11 14
split_gain=5.14187 3.63616 1.11075 0.787294 1.60397 1.05709 0.694789 0.61934
threshold=1759.0000000000002 0 60854.500000000007 1312.7500000000002 16.750000000000004 1.7500000000000002 3871.7500000000005 274.00000000000006
decision_type=2 5 2 2 2 2 2 2
left_child=1 2 3 4 5 -1 -5 -6
right_child=-2 -3 -4 6 7 -7 -8 -9
leaf_value=0.00099538808624898261 0.093514786640307962 -0.045215946168784264 0.047641523847950659 0 0 -0.049927833012007761 -0.055633831638757202 0.058520963699946263
leaf_count=1325 111 807 114 142 158 208 130 205
internal_value=0 -0.0578714 0.0250398 -0 0.0315879 -0.0311819 -0.174192 0.239298
internal_count=3200 3089 2282 2168 1896 1533 272 363
cat_boundaries=0 1
cat_threshold=135
shrinkage=0.168364


Tree=11
num_leaves=10
num_cat=1
split_feature=1 14 5 14 13 13 11 11 11
split_gain=4.0439 2.66201 2.32773 1.34554 1.34959 0.448595 0.332491 3.43368 0.32173
threshold=0 48.250000000000007 16.750000000000004 3902.5000000000005 1448.5000000000002 2774.5000000000005 24052.750000000004 5408.5000000000009 43464.250000000007
decision_type=5 2 2 2 2 2 2 2 2
left_child=1 -1 5 4 -4 -2 7 -6 -3
right_child=2 8 3 -5 6 -7 -8 -9 -10
leaf_value=-0.0067680403164796015 0 -0.085420522171926583 -0 -0 0.082154378105695647 -0.041112173205039584 0.095418660806428551 -0.028009860843661177 -0.015443307121851532
leaf_count=1646 165 375 131 129 226 190 116 126 96
internal_value=0 -0.132176 0.138957 0.246128 0.314736 -0.110498 0.39096 0.230175 -0.406976
internal_count=3200 2117 1083 728 599 355 468 352 471
cat_boundaries=0 3
cat_threshold=1683640529 16785554 512
shrinkage=0.168364


Tree=12
num_leaves=10
num_cat=1
split_feature=16 8 7 5 5 5 13 15 15
split_gain=4.02909 4.31137 0.898337 0.778015 1.26513 1.78246 1.64424 0.606087 0.587263
threshold=0 1603.0000000000002 4.7500000000000009 73567.750000000015 1312.7500000000002 16.750000000000004 6.2500000000000009 25.750000000000004 18.250000000000004
decision_type=5 2 2 2 2 2 2 2 2
left_child=1 3 -2 4 5 6 -1 -6 -7
right_child=2 -3 -4 -5 7 8 -8 -9 -10
leaf_value=0.0040661052921150929 -0.022816410869645923 0.10341661195195201 -0.085594885848024452 0.042597301830423942 -0 0.064828808168505295 -0.056286053930990371 -0.058799922839218095 0.0024408652304094463
leaf_count=1283 572 90 224 86 150 229 273 151 142
internal_value=0 0.0669204 -0.241326 0.0132867 -0.00305148 0.0369451 -0.0307932 -0.210519 0.250073
internal_count=3200 2404 796 2314 2228 1927 1556 301 371
cat_boundaries=0 1
cat_threshold=22791
shrinkage=0.168364


Tree=13
num_leaves=10
num_cat=3
split_feature=16 10 11 7 5 5 3 5 16
split_gain=3.02152 2.98529 1.90491 1.11913 2.80139 1.0414 0.943899 0.1618 0.0580903
threshold=0 16051.750000000002 5537.5000000000009 24.250000000000004 121.75000000000001 16.750000000000004 1 21145.750000000004 2
decision_type=5 2 2 2 2 2 5 2 5
left_child=1 2 5 4 -2 8 -7 -3 -1
right_child=3 7 -4 -5 -6 6 -8 -9 -10
leaf_value=0.00016111840877273867 -0.049941370458991691 0.027993404032995609 -0.049452998248783166 -0.089967791350683002 0.044024248844641893 0.046342763183703596 -0.0040375549765437301 0.087074156820723378 -0.0068821736322415717
leaf_count=903 549 186 236 167 144 206 222 66 521
internal_value=0 0.0600089 -0 -0.2036 -0.118039 0.0470986 0.19554 0.347573 -0.00837326
internal_count=3200 2340 2088 860 693 1852 428 252 1424
cat_boundaries=0 1 2 3
cat_threshold=20743 1 6
shrinkage=0.168364


Tree=14
num_leaves=11
num_cat=2
split_feature=16 10 11 9 9 11 7 5 10 16
split_gain=2.279 2.13721 1.43685 1.00094 1.0005 0.975336 0.944763 2.10494 0.664228 0.50851
threshold=0 16051.750000000002 5537.5000000000009 63527.500000000007 1086.2500000000002 17.500000000000004 24.250000000000004 121.75000000000001 670.00000000000011 1
decision_type=5 2 2 2 2 2 2 2 2 5
left_child=1 2 4 -3 5 9 7 -2 -6 -1
right_child=6 3 -4 -5 8 -7 -8 -9 -10 -11
leaf_value=0.01451661063319043 -0.044062027262279375 0.073157981033044564 -0.043610606418810087 0 0.065243975520062086 -0.047616344590700278 -0.082674855920618059 0.036610471934851688 0 -0.0096472944286015976
leaf_count=924 549 137 236 115 161 161 167 144 135 471
internal_value=0 0.0527418 -0 0.291954 0.0414798 -0 -0.178383 -0.0977185 0.231907 0.032136
internal_count=3200 2340 2088 252 1852 1556 860 693 296 1395
cat_boundaries=0 1 2
cat_threshold=20743 16390
shrinkage=0.168364


Tree=15
num_leaves=10
num_cat=0
split_feature=17 5 14 13 11 14 15 14 6
split_gain=1.41993 1.60765 1.03247 2.53552 1.41842 1.08612 0.911436 0.586685 0.413126
threshold=3.2500000000000004 162667.50000000003 3902.5000000000005 70985.500000000015 17.500000000000004 256.75000000000006 21.250000000000004 28.750000000000004 1.7500000000000002
decision_type=2 2 2 2 2 2 2 2 2
left_child=1 2 3 4 7 -6 -5 -1 -8
right_child=-2 -3 -4 6 5 -7 8 -9 -10
leaf_value=-0.0020389916226550312 -0.05271276556925511 0.062388813618015106 -0.041401081644351828 0.086949022175286203 -0.073551899860958808 -0.0033895437761704886 -0 0.032520038670261535 0.037472353361328543
leaf_count=1592 216 93 176 122 250 330 119 232 70
internal_value=0 0.0154161 -0.0041534 0.0153401 -0.042289 -0.217467 0.265852 0.0121749 0.0836321
internal_count=3200 2984 2891 2715 2404 580 311 1824 189
shrinkage=0.168364


Tree=16
num_leaves=10
num_cat=3
split_feature=1 8 13 8 1 5 8 13 1
split_gain=3.10922 1.78085 2.19174 0.995413 0.866113 0.861537 0.826192 1.07152 0.495801
threshold=0 92.500000000000014 96960.250000000015 1603.0000000000002 1 193.75000000000003 12.250000000000002 1448.5000000000002 2
decision_type=5 2 2 2 5 2 2 2 5
left_child=5 4 -3 -4 -2 -1 7 8 -6
right_child=1 2 3 -5 6 -7 -8 -9 -10
leaf_value=-0.016541731727402684 0.028617153035775451 0.088293923880845851 -0.016291071668119397 0.040438141795679707 -0.0007471172737795607 -0.10109532371950211 -0.048064787211397404 0.03391766080903915 -0.03297489659115329
leaf_count=236 152 152 163 94 1610 200 155 270 168
internal_value=0 0.045278 0.218791 0.0249563 -0.00585365 -0.277289 -0.0417414 -0.00757815 -0.0591591
internal_count=3200 2764 409 257 2355 436 2203 2048 1778
cat_boundaries=0 2 5 8
cat_threshold=1682063568 16785554 264192 2415919136 2 8193 0 524288
shrinkage=0.168364


Tree=17
num_leaves=10
num_cat=1
split_feature=1 14 10 15 5 12 5 12 5
split_gain=2.37788 1.94682 1.49249 1.19985 2.28943 1.12579 0.942239 0.639499 0.168865
threshold=0 27.250000000000004 35845.750000000007 3.2500000000000004 16.750000000000004 39906.250000000007 4816.7500000000009 115520.00000000001 3711.2500000000005
decision_type=5 2 2 2 2 2 2 2 2
left_child=2 -2 -1 4 -3 8 -6 -7 -5
right_child=1 3 -4 5 6 7 -8 -9 -10
leaf_value=-0.077881615710417407 -0.0092380261952719825 -0 0 0.0008680578924757374 0.11769779094001552 -0.03814484059998479 0.017343508801691793 0.0043915774693851495 0.053118273057496238
leaf_count=417 1690 303 106 114 148 135 90 94 103
internal_value=0 0.0405161 -0.229864 0.154094 0.288645 0.0230562 0.495751 -0.0854235 0.211868
internal_count=3200 2677 523 987 541 446 238 229 217
cat_boundaries=0 2
cat_threshold=1682063572 16785554
shrinkage=0.168364


Tree=18
num_leaves=9
num_cat=3
split_feature=1 5 9 5 13 1 5 1
split_gain=2.08255 4.85315 1.51555 1.58938 0.666166 0.594384 0.174443 0.132774
threshold=0 24969.250000000004 1086.2500000000002 7876.0000000000009 262.75000000000006 1 73567.750000000015 2
decision_type=5 2 2 2 2 5 2 5
left_child=1 -1 4 5 7 -4 -5 -2
right_child=2 -3 3 6 -6 -7 -8 -9
leaf_value=-0.081397023370070487 -0 0.044689903242883758 -0 0.0084252121786815189 -0.03225224167980982 0.060233663663434321 -0.018309590761456798 0.013368499280607399
leaf_count=502 1581 113 198 124 250 239 61 132
internal_value=0 -0.19318 0.045215 0.180787 -0.0155241 0.322083 -0 0.0113533
internal_count=3200 615 2585 622 1963 437 185 1713
cat_boundaries=0 3 4 5
cat_threshold=1682588828 16785562 513 43584 1
shrinkage=0.168364


Tree=19
num_leaves=9
num_cat=1
split_feature=1 10 10 14 14 10 11 11
split_gain=1.83821 1.48019 1.45592 1.60401 1.36063 1.44744 0.905244 0.451432
threshold=0 8437.0000000000018 2512.7500000000005 27.250000000000004 3902.5000000000005 36979.750000000007 97.750000000000014 1462.0000000000002
decision_type=5 2 2 2 2 2 2 2
left_child=-1 2 3 -2 5 -3 -5 -8
right_child=1 4 -4 6 -6 -7 7 -9
leaf_value=-0.041946484079100767 -0.0084559816732429956 0.084605550058096682 -0.049966501186149759 0.057521677469156367 -0.0012288992190398029 0 -0.015402203678731094 0.026108468436323088
leaf_count=352 1701 131 210 259 120 102 167 158
internal_value=0 0.0320679 -0.00863791 0.0206623 0.203763 0.330136 0.182035 0.00728898
internal_count=3200 2848 2495 2285 353 233 584 325
cat_boundaries=0 2
cat_threshold=1145716880 16785562
shrinkage=0.168364


Tree=20
num_leaves=9
num_cat=2
split_feature=1 9 9 4 9 14 1 14
split_gain=1.53344 1.34374 1.30187 0.842574 0.357737 0.608686 0.468474 0.306041
threshold=0 25468.000000000004 121807.00000000001 22.750000000000004 9882.2500000000018 547.75000000000011 1 27.250000000000004
decision_type=5 2 2 2 2 2 5 2
left_child=-1 4 3 -3 5 6 -2 -8
right_child=1 2 -4 -5 -6 -7 7 -9
leaf_value=-0.040820199253863335 -0.026093015615993771 0.086983819640088098 -0.002811326100421967 0.0083189716337420776 -0.027152307001172112 0.02602125120222171 -0.0035239023946870593 0.018856072563606378
leaf_count=329 215 107 127 122 170 205 1663 262
internal_value=0 0.0247915 0.19631 0.324374 -0.0116089 0 -0.0248621 0
internal_count=3200 2871 356 229 2515 2345 2140 1925
cat_boundaries=0 2 3
cat_threshold=1145061584 16785554 16980996
shrinkage=0.168364


Tree=21
num_leaves=10
num_cat=1
split_feature=17 3 8 12 14 12 14 14 14
split_gain=1.08615 1.03466 0.825237 0.78682 0.433473 1.51815 0.588116 0.548846 0.15322
threshold=1.7500000000000002 0 100.00000000000001 67951.000000000015 832.75000000000011 1495.7500000000002 3.2500000000000004 1986.2500000000002 2131.7500000000005
decision_type=2 5 2 2 2 2 2 2 2
left_child=1 3 -3 4 5 6 -1 -6 -4
right_child=-2 2 8 -5 7 -7 -8 -9 -10
leaf_value=0.0080283458484120968 -0.042553684508383864 -0.056160092267694098 0.011416814568774651 0.043536314414452763 -0.041055584652425203 0.057863817293890812 -0.023645862788191863 0 -0.01578215012747488
leaf_count=1495 264 237 94 161 137 187 358 185 82
internal_value=0 0.0139121 -0.118578 0.053512 0.022598 0.0555569 0 -0.0783538 -0
internal_count=3200 2936 413 2523 2362 2040 1853 322 176
cat_boundaries=0 1
cat_threshold=13
shrinkage=0.168364


end of trees

feature importances:
n_table_1.n_9=27
n_table_1.n_17=22
n_table_1.n_20=22
c_table_1.c_2=17
n_table_1.n_19=15
n_table_1.n_16=14
c_table_2.c_5=14
n_table_1.n_15=10
n_table_1.n_18=10
n_table_1.n_12=8
n_table_1.n_11=6
n_table_1.n_3=4
n_table_1.n_5=4
n_table_1.n_26=4
n_table_2.n_14=4
c_table_1.c_6=3
n_table_1.n_10=1

parameters:
[boosting: gbdt]
[objective: binary]
[metric: auc]
[tree_learner: serial]
[device_type: cpu]
[data: ]
[valid: ]
[num_iterations: 100]
[learning_rate: 0.168364]
[num_leaves: 77]
[num_threads: 4]
[max_depth: 6]
[min_data_in_leaf: 20]
[min_sum_hessian_in_leaf: 9.19587]
[bagging_fraction: 0.8]
[bagging_freq: 44]
[bagging_seed: 3]
[feature_fraction: 0.5]
[feature_fraction_seed: 2]
[early_stopping_round: 0]
[max_delta_step: 0]
[lambda_l1: 0.862918]
[lambda_l2: 1.93513]
[min_gain_to_split: 0]
[drop_rate: 0.1]
[max_drop: 50]
[skip_drop: 0.5]
[xgboost_dart_mode: 0]
[uniform_drop: 0]
[drop_seed: 4]
[top_rate: 0.2]
[other_rate: 0.1]
[min_data_per_group: 100]
[max_cat_threshold: 32]
[cat_l2: 10]
[cat_smooth: 10]
[max_cat_to_onehot: 4]
[top_k: 20]
[monotone_constraints: ]
[feature_contri: ]
[forcedsplits_filename: ]
[refit_decay_rate: 0.9]
[verbosity: -1]
[max_bin: 255]
[min_data_in_bin: 3]
[bin_construct_sample_cnt: 200000]
[histogram_pool_size: -1]
[data_random_seed: 1]
[output_model: LightGBM_model.txt]
[snapshot_freq: -1]
[input_model: ]
[output_result: LightGBM_predict_result.txt]
[initscore_filename: ]
[valid_data_initscores: ]
[pre_partition: 0]
[enable_bundle: 1]
[max_conflict_rate: 0]
[is_enable_sparse: 1]
[sparse_threshold: 0.8]
[use_missing: 1]
[zero_as_missing: 0]
[two_round: 0]
[save_binary: 0]
[enable_load_from_binary_file: 1]
[header: 0]
[label_column: ]
[weight_column: ]
[group_column: ]
[ignore_column: ]
[categorical_feature: ]
[predict_raw_score: 0]
[predict_leaf_index: 0]
[predict_contrib: 0]
[num_iteration_predict: -1]
[pred_early_stop: 0]
[pred_early_stop_freq: 10]
[pred_early_stop_margin: 10]
[convert_model_language: ]
[convert_model: gbdt_prediction.cpp]
[num_class: 1]
[is_unbalance: 0]
[scale_pos_weight: 1]
[sigmoid: 1]
[boost_from_average: 1]
[reg_sqrt: 0]
[alpha: 0.9]
[fair_c: 1]
[poisson_max_delta_step: 0.7]
[tweedie_variance_power: 1.5]
[max_position: 20]
[label_gain: ]
[metric_freq: 1]
[is_provide_training_metric: 0]
[eval_at: ]
[num_machines: 1]
[local_listen_port: 12400]
[time_out: 120]
[machine_list_filename: ]
[machines: ]
[gpu_platform_id: -1]
[gpu_device_id: -1]
[gpu_use_dp: 0]

end of parameters

pandas_categorical:[[0, 1, 2], [0, 1, 2, 3, 4, 5, 6, 7, 8, 9, 10, 11, 12, 13, 14, 15, 16, 17, 18, 19, 20, 21, 22, 23, 24, 25, 26, 27, 28, 29, 30, 31, 32, 33, 34, 35, 36, 37, 38, 39, 40, 41, 42, 43, 44, 45, 46, 47, 48, 49, 50, 51, 52, 53, 54, 55, 56, 57, 58, 59, 60, 61, 62, 63, 64, 65, 66, 67, 68, 69, 70, 71, 72, 73, 74, 75, 76, 77, 78, 79, 80, 81, 82, 83, 84, 85, 86, 87, 88, 89, 90, 91, 92, 93, 94, 95, 96, 97, 98, 99, 100, 101, 102, 103, 104, 105, 106, 107, 108, 109, 110, 111, 112, 113, 114, 115, 116, 117, 118, 119, 120, 121, 122, 123, 124, 125, 126, 127, 128, 129, 130, 131, 132, 133, 134, 135, 136, 137, 138, 139, 140, 141, 142, 143, 144, 145, 146, 147, 148, 149, 150, 151, 152, 153, 154, 155, 156, 157, 158, 159, 160, 161, 162, 163, 164, 165, 166, 167, 168, 169, 170, 171, 172, 173, 174, 175], [0, 1, 2, 3, 4, 5, 6, 7, 8, 9, 10, 11, 12, 13, 14, 15], [0, 1, 2, 3, 4, 5, 6, 7, 8, 9, 10, 11, 12, 13, 14, 15, 16, 17, 18, 19, 20, 21, 22, 23, 24, 25, 26, 27, 28, 29, 30]]
