tree
version=v2
num_class=1
num_tree_per_iteration=1
label_index=0
max_feature_idx=17
objective=binary sigmoid:1
feature_names=c_table_1.c_1 c_table_1.c_2 n_table_1.n_3 c_table_1.c_6 n_table_1.n_5 n_table_1.n_9 n_table_1.n_10 n_table_1.n_11 n_table_1.n_12 n_table_1.n_15 n_table_1.n_16 n_table_1.n_17 n_table_1.n_18 n_table_1.n_19 n_table_1.n_20 n_table_1.n_26 c_table_2.c_5 n_table_2.n_14
feature_infos=1:0 2:0:6:10:16:17:29:9:7:24:13:37:14:15:12:11:18:45:33:19:56:63:60:26:73:38:3:55:54:64:4:70:83:20:22:34:30:21:36:39:58:65:68:74:35:47:71:57:114:1:32:44:59:134:31:53:78:139:8:48:81:85:94:111:119:27:28:42:69:82:90:92:104:105:106:115:128:144:23:46:49:50:52:75:79:80:98:103:116:122:25:40:43:72:86:93:96:97:99:107:112:118:127:129:133:146:152:164 [1:175] 1:0:2:3:4:7:8:9:13:5:6:10:11:12 [1:24272.5] [1:2481850] [1:70] [1:6121] [1:7070.5] [1:423494] [1:313693] [1:372140] [1:441384] [1:1178200] [1:18856] [1:121640] 1:0:6:7:9:10:15:11:4:14:12:2:13:5:16:22:3:8:18:17:20:23:19:28 [1:92.5]
tree_sizes=1340 1307 1250 1310 1375 1377 1432 1117 1436 1426 1373 1428 1459 1431 1368 1459 1438 1495 1616 1586 1551 1089 1090 1091 1291 1627 1234 1232 1218 1276 1359 1436 1339 1429 1623 1660 1336 1542

Tree=0
num_leaves=16
num_cat=2
split_feature=12 1 8 4 1 10 5 9 14 13 4 5 17 10 10
split_gain=54.3316 18.7968 9.90781 9.553 5.96303 4.75777 3.89433 6.03269 3.75439 3.24064 2.78101 1.56652 1.47835 0.52178 0.121794
threshold=15357.250000000002 0 63.250000000000007 142.75000000000003 1 393.25000000000006 245.50000000000003 84058.000000000015 556.75000000000011 6.2500000000000009 51.250000000000007 5552.5000000000009 1.7500000000000002 2693.5000000000005 2575.0000000000005
decision_type=2 5 2 2 5 2 2 2 2 2 2 2 2 2 2
left_child=2 10 4 6 5 -1 -3 -8 -4 12 -2 -11 -6 -10 -7
right_child=1 3 8 -5 9 14 7 -9 13 11 -12 -13 -14 -15 -16
leaf_value=-2.6028455519667593 -2.6288724633253655 -2.6081437892203718 -2.6178251095094844 -2.6178251095094844 -2.6206126413288606 -2.6178251095094844 -2.5737454999954461 -2.6038972600201511 -2.5951868421528008 -2.6278172435252598 -2.6170597991079405 -2.6178251095094844 -2.6278779395685761 -2.615453829032834 -2.6206634969140472
leaf_count=117 119 86 57 53 1892 53 197 105 59 772 108 93 169 59 61
internal_value=0 1.01814 -0.208586 1.27129 -0.2653 0.23274 1.9153 2.17568 0.637535 -0.308651 -0.162413 -0.545386 -0.21901 1.0053 -0.0555395
internal_count=4000 668 3332 441 3157 231 388 302 175 2926 227 865 2061 118 114
cat_boundaries=0 2 5
cat_threshold=1073889928 50339842 17039360 2483028128 1025
shrinkage=1


Tree=1
num_leaves=16
num_cat=2
split_feature=12 1 8 4 1 10 14 5 9 13 4 5 17 10 10
split_gain=52.2432 17.8581 9.64606 8.83241 5.80442 4.56821 3.63763 3.2838 5.0043 3.17836 2.7384 1.53813 1.45304 0.42324 0.119509
threshold=15357.250000000002 0 63.250000000000007 142.75000000000003 1 393.25000000000006 556.75000000000011 245.50000000000003 84058.000000000015 6.2500000000000009 51.250000000000007 5552.5000000000009 1.7500000000000002 2693.5000000000005 2575.0000000000005
decision_type=2 5 2 2 5 2 2 2 2 2 2 2 2 2 2
left_child=2 10 4 7 5 -1 -4 -3 -9 12 -2 -11 -6 -8 -7
right_child=1 3 6 -5 9 14 13 8 -10 11 -12 -13 -14 -15 -16
leaf_value=0.01459954205477217 -0.010979990852509832 0.0094830564733908111 -0 0 -0.0027483949972379115 0 0.022018547639112328 0.041915600550437214 0.013590447618928718 -0.0099144331952819437 0.00075404624898870246 -0 -0.0099811740575420776 0.0023376458074417213 -0.002807583567920813
leaf_count=117 119 86 57 53 1892 53 59 197 105 772 108 93 169 59 61
internal_value=0 0.991314 -0.20575 1.23399 -0.262122 0.228064 0.625681 1.84422 2.08559 -0.305177 -0.159793 -0.540757 -0.216289 0.98511 -0.0542945
internal_count=4000 668 3332 441 3157 231 175 388 302 2926 227 865 2061 118 114
cat_boundaries=0 2 5
cat_threshold=1073889928 50339842 17039360 2483028128 1025
shrinkage=0.0165682


Tree=2
num_leaves=15
num_cat=2
split_feature=12 1 8 4 1 11 14 13 5 9 4 5 17 10
split_gain=50.2503 16.9788 9.39134 8.1794 5.64984 4.39099 3.52556 3.11674 2.75133 4.12828 2.69633 1.51006 1.42799 0.332133
threshold=15357.250000000002 0 63.250000000000007 142.75000000000003 1 801.25000000000011 556.75000000000011 6.2500000000000009 245.50000000000003 84058.000000000015 51.250000000000007 5552.5000000000009 1.7500000000000002 2693.5000000000005
decision_type=2 5 2 2 5 2 2 2 2 2 2 2 2 2
left_child=2 10 4 8 5 -1 -4 12 -3 -10 -2 -9 -6 -8
right_child=1 3 6 -5 7 -7 13 11 9 -11 -12 -13 -14 -15
leaf_value=0.013117982229610591 -0.01091271504841719 0.0092899842016655656 -0 0 -0.0027097204722342032 -0.0022635234205773307 0.021422984838854849 -0.009836821716617844 0.039929267917193326 0.013264236629064906 0.00074295427563832953 -0 -0.0099096448633177302 0.0023045252795139476
leaf_count=139 119 86 57 53 1892 92 59 772 197 105 108 93 169 59
internal_value=0 0.965551 -0.202948 1.19838 -0.258976 0.22348 0.614097 -0.301732 1.77745 2.00164 -0.157202 -0.53614 -0.213597 0.965492
internal_count=4000 668 3332 441 3157 231 175 2926 388 302 227 865 2061 118
cat_boundaries=0 2 5
cat_threshold=1073889928 50339842 17039360 2483028128 1025
shrinkage=0.0165682


Tree=3
num_leaves=16
num_cat=2
split_feature=12 1 8 4 1 10 14 13 4 5 9 5 17 10 10
split_gain=48.3503 16.1542 9.14412 7.58621 5.49241 4.25041 3.41795 3.05581 2.65479 2.28592 3.37954 1.4823 1.40321 0.247903 0.113713
threshold=15357.250000000002 0 63.250000000000007 142.75000000000003 1 393.25000000000006 556.75000000000011 6.2500000000000009 51.250000000000007 245.50000000000003 84058.000000000015 5552.5000000000009 1.7500000000000002 2693.5000000000005 2575.0000000000005
decision_type=2 5 2 2 5 2 2 2 2 2 2 2 2 2 2
left_child=2 8 4 9 5 -1 -4 12 -2 -3 -11 -9 -6 -8 -7
right_child=1 3 6 -5 7 14 13 11 -10 10 -12 -13 -14 -15 -16
leaf_value=0.01391642890478342 -0.010845530120067368 0.0091019226377325371 -0 0 -0.0026715045410229121 0 0.020850323538408488 -0.0097593043074541384 0.00073202962657841365 0.038099821813538923 0.012948707651561671 -0 -0.0098382488184072612 0.0022719089997972407 -0.0027524559000362521
leaf_count=117 119 86 57 53 1892 53 59 772 108 197 105 93 169 59 61
internal_value=0 0.94079 -0.20021 1.16437 -0.255891 0.218654 0.602778 -0.298318 -0.154638 1.7146 1.92323 -0.531535 -0.210934 0.946428 -0.0539962
internal_count=4000 668 3332 441 3157 231 175 2926 227 388 302 865 2061 118 114
cat_boundaries=0 2 5
cat_threshold=1073889928 50339842 17039360 2483028128 1025
shrinkage=0.0165682


Tree=4
num_leaves=17
num_cat=2
split_feature=12 1 1 4 14 11 14 5 9 15 4 5 9 10 17 11
split_gain=46.5329 15.38 10.4531 7.04615 5.22298 4.72717 8.54468 4.00913 3.16566 3.01466 2.61378 1.8783 2.73766 1.71832 1.22872 0.897058
threshold=15357.250000000002 0 1 142.75000000000003 1.7500000000000002 106.00000000000001 28.750000000000004 49.750000000000007 4408.7500000000009 217.75000000000003 51.250000000000007 245.50000000000003 84058.000000000015 2412.2500000000005 1.7500000000000002 592.75000000000011
decision_type=2 5 5 2 2 2 2 2 2 2 2 2 2 2 2 2
left_child=2 10 4 11 14 6 -4 -8 15 -6 -2 -3 -13 -10 -1 -7
right_child=1 3 5 -5 9 8 7 -9 13 -11 -12 12 -14 -15 -16 -17
leaf_value=-0.0027390263192422241 -0.010778436992534928 0.0089187015430011989 -0.0039045163062710001 0 -0.012962883175208356 0 0.0054989438730563009 0.027207947543431758 0.00999609396017824 0 0.00072126914112878126 0.036409575419293863 0.012643385407680419 -0 -0.0096813809628092957 -0.0091057681617216606
leaf_count=1800 119 86 108 53 518 58 157 85 93 65 108 197 105 128 167 153
internal_value=0 0.916978 -0.197477 1.13184 -0.313458 0.176607 0.545022 0.947436 -0.0282469 -0.680462 -0.152101 1.65537 1.84986 0.240393 -0.215574 -0.402503
internal_count=4000 668 3332 441 2550 782 350 242 432 583 227 388 302 221 1967 211
cat_boundaries=0 2 4
cat_threshold=1073889928 50339842 68867285 18
shrinkage=0.0165682


Tree=5
num_leaves=17
num_cat=2
split_feature=12 1 1 4 14 11 14 5 9 15 4 10 5 9 17 11
split_gain=44.8025 14.6524 10.1919 6.55339 5.1355 4.55691 8.23167 3.68734 3.07891 2.98386 2.57329 1.65984 1.52063 2.18592 1.20719 0.882234
threshold=15357.250000000002 0 1 142.75000000000003 1.7500000000000002 106.00000000000001 28.750000000000004 49.750000000000007 4408.7500000000009 217.75000000000003 51.250000000000007 2412.2500000000005 245.50000000000003 84058.000000000015 1.7500000000000002 592.75000000000011
decision_type=2 5 5 2 2 2 2 2 2 2 2 2 2 2 2 2
left_child=2 10 4 12 14 6 -4 -8 15 -6 -2 -10 -3 -14 -1 -7
right_child=1 3 5 -5 9 8 7 -9 11 -11 -12 -13 13 -15 -16 -17
leaf_value=-0.0027004926618828568 -0.010711434662148829 0.0087401585064103473 -0.0038606743153609927 0 -0.012896184313026256 0 0.0053940580473806508 0.02631882847890319 0.0097861516549321136 0 0.00071067292149804104 -0 0.034843361137538754 0.01234781646037212 -0.0096103158369580995 -0.0090353339525724111
leaf_count=1800 119 86 108 53 518 58 157 85 93 65 108 128 197 105 167 153
internal_value=0 0.894066 -0.194847 1.10071 -0.309945 0.173681 0.533819 0.925397 -0.0273565 -0.675901 -0.149593 0.235651 1.59944 1.78104 -0.212902 -0.398571
internal_count=4000 668 3332 441 2550 782 350 242 432 583 227 221 388 302 1967 211
cat_boundaries=0 2 4
cat_threshold=1073889928 50339842 68867285 18
shrinkage=0.0165682


Tree=6
num_leaves=18
num_cat=2
split_feature=12 1 1 4 14 11 14 5 9 15 4 10 10 10 9 17 11
split_gain=43.1482 13.9679 9.93652 6.10285 5.04874 4.39329 7.9329 3.39099 2.99447 2.95319 2.53331 1.60368 1.36728 9.98034 2.9978 1.18589 0.867598
threshold=15357.250000000002 0 1 142.75000000000003 1.7500000000000002 106.00000000000001 28.750000000000004 49.750000000000007 4408.7500000000009 217.75000000000003 51.250000000000007 2412.2500000000005 16051.750000000002 33568.000000000007 50292.250000000007 1.7500000000000002 592.75000000000011
decision_type=2 5 5 2 2 2 2 2 2 2 2 2 2 2 2 2 2
left_child=2 10 4 12 15 6 -4 -8 16 -6 -2 -10 14 -14 -3 -1 -7
right_child=1 3 5 -5 9 8 7 -9 11 -11 -12 -13 13 -15 -16 -17 -18
leaf_value=-0.0026624134711332962 -0.010644527930852082 0.019032760471810302 -0.0038172283618017758 0 -0.012829388539556067 0 0.005291574208240492 0.025473593013474825 0.009581898821488459 0 0.00070023762356067796 -0 0.047308493684710129 0.014118064585180628 0 -0.0095394003719593799 -0.0089650967572368172
leaf_count=1800 119 107 108 53 518 58 157 85 93 65 108 128 90 140 51 167 153
internal_value=0 0.872006 -0.192252 1.0709 -0.306462 0.170796 0.522895 0.904087 -0.0264848 -0.671338 -0.147111 0.231002 1.54656 1.87937 0.853007 -0.210257 -0.394662
internal_count=4000 668 3332 441 2550 782 350 242 432 583 227 221 388 230 158 1967 211
cat_boundaries=0 2 4
cat_threshold=1073889928 50339842 68867285 18
shrinkage=0.0165682


Tree=7
num_leaves=13
num_cat=2
split_feature=12 1 8 4 1 11 14 14 4 14 5 9
split_gain=41.6427 13.3458 8.40946 5.71012 5.11952 6.15016 3.22064 3.18006 2.49384 2.45519 1.20687 4.00728
threshold=15357.250000000002 0 63.250000000000007 142.75000000000003 1 466.00000000000006 44.500000000000007 556.75000000000011 51.250000000000007 25.750000000000004 779.50000000000011 69160.000000000015
decision_type=2 5 2 2 5 2 2 2 2 2 2 2
left_child=2 8 4 10 5 -1 9 -4 -2 -6 -3 -12
right_child=1 3 7 -5 6 -7 -8 -9 -10 -11 11 -13
leaf_value=0.013963696927379764 -0.010577716530905277 0.010346720624994662 -0 0 -0.0039615715539177473 -0.0041699860892843183 -0.0092668850858323194 0.014886407541899856 0.00068995868636044055 0.0069606007256528138 0.034824394991061214 0.010883888271740047
leaf_count=138 119 109 57 53 2144 109 710 118 108 56 171 108
internal_value=0 0.851949 -0.18969 1.04374 -0.244372 0.201153 -0.287573 0.571807 -0.144657 -0.209418 1.49895 1.7084
internal_count=4000 668 3332 441 3157 247 2910 175 227 2200 388 279
cat_boundaries=0 2 5
cat_threshold=1073889928 50339842 17041408 2415919264 1025
shrinkage=0.0165682


Tree=8
num_leaves=18
num_cat=2
split_feature=12 1 1 4 14 11 14 5 15 9 4 10 10 10 9 17 11
split_gain=40.1178 12.7394 9.52884 5.33191 4.95513 4.17302 7.52904 3.16801 2.90683 2.85775 2.45488 1.55481 1.33297 8.46248 2.68209 1.18269 0.83785
threshold=15357.250000000002 0 1 142.75000000000003 1.7500000000000002 106.00000000000001 28.750000000000004 49.750000000000007 217.75000000000003 4408.7500000000009 51.250000000000007 2412.2500000000005 16051.750000000002 33568.000000000007 50292.250000000007 1.7500000000000002 592.75000000000011
decision_type=2 5 5 2 2 2 2 2 2 2 2 2 2 2 2 2 2
left_child=2 10 4 12 15 6 -4 -8 -6 16 -2 -11 14 -14 -3 -1 -7
right_child=1 3 5 -5 8 9 7 -9 -10 11 -12 -13 13 -15 -16 -17 -18
leaf_value=-0.0025686528674308128 -0.010511004539929935 0.017672011012447881 -0.0037482507699710217 0 -0.012722569650636792 0 0.0050845724074654805 0.024558087520378271 0 0.0093526808054160311 0.00067983515399076377 -0 0.043865900761919686 0.013369338044781739 0 -0.0094391366629470279 -0.0088398558601371184
leaf_count=1800 119 107 108 53 518 58 157 85 65 93 108 128 90 140 51 167 153
internal_value=0 0.831561 -0.186965 1.01643 -0.299846 0.167168 0.508383 0.875459 -0.664028 -0.0248511 -0.142229 0.223645 1.45163 1.76618 0.794435 -0.204419 -0.388019
internal_count=4000 668 3332 441 2550 782 350 242 583 432 227 221 388 230 158 1967 211
cat_boundaries=0 2 4
cat_threshold=1073889928 50339842 68867285 18
shrinkage=0.0165682


Tree=9
num_leaves=18
num_cat=2
split_feature=12 1 1 4 14 2 11 14 9 15 4 5 17 10 10 9 9
split_gain=38.7308 12.1832 9.28789 4.99782 4.86931 4.06176 5.87969 5.20681 2.96821 2.87648 2.41643 2.00308 1.16139 1.06904 7.47734 2.53949 0.730731
threshold=15357.250000000002 0 1 142.75000000000003 1.7500000000000002 33.250000000000007 129.25000000000003 28.750000000000004 4408.7500000000009 217.75000000000003 51.250000000000007 2255.5000000000005 1.7500000000000002 16051.750000000002 33568.000000000007 50292.250000000007 2884.7500000000005
decision_type=2 5 5 2 2 2 2 2 2 2 2 2 2 2 2 2 2
left_child=2 10 4 13 12 6 7 -4 -8 -6 -2 16 -1 15 -15 -3 -7
right_child=1 3 5 -5 9 11 8 -9 -10 -11 -12 -13 -14 14 -16 -17 -18
leaf_value=-0.0025321548928273862 -0.01044439305922123 0.017190812429773588 -0 0 -0.012655506938095661 -0.0092088589800363441 -0.0073728562835220814 0.017934241477222484 0.0060938566370702116 0 0.00066986484531342001 0.0039644551273959779 -0.0093685899564239453 0.041907325279776031 0.013037506223543905 0 -0
leaf_count=1800 119 107 62 53 518 125 126 194 119 65 108 76 167 90 140 51 80
internal_value=0 0.812796 -0.184471 0.991269 -0.29645 0.164368 0.411896 0.799939 -0 -0.659462 -0.139828 -0.134016 -0.201867 1.4085 1.70635 0.77563 -0.379913
internal_count=4000 668 3332 441 2550 782 501 256 245 583 227 281 1967 388 230 158 205
cat_boundaries=0 2 4
cat_threshold=1073889928 50339842 68867285 18
shrinkage=0.0165682


Tree=10
num_leaves=17
num_cat=2
split_feature=12 1 1 14 4 2 11 14 9 15 4 5 17 5 9 9
split_gain=37.408 11.6565 9.03216 4.78425 4.68866 3.90526 5.59714 4.97032 2.88756 2.84626 2.37847 1.96126 1.14033 0.907363 3.03799 0.716081
threshold=15357.250000000002 0 1 1.7500000000000002 142.75000000000003 33.250000000000007 129.25000000000003 28.750000000000004 4408.7500000000009 217.75000000000003 51.250000000000007 2255.5000000000005 1.7500000000000002 779.50000000000011 69160.000000000015 2884.7500000000005
decision_type=2 5 5 2 2 2 2 2 2 2 2 2 2 2 2 2
left_child=2 10 3 12 13 6 7 -4 -8 -5 -2 15 -1 -3 -15 -7
right_child=1 4 5 9 -6 11 8 -9 -10 -11 -12 -13 -14 14 -16 -17
leaf_value=-0.0024961014705115791 -0.010377883609113899 0.009407822589410763 -0 -0.012588336847713509 0 -0.0091402310983392139 -0.0073076811083831331 0.017412947539572062 0.0059784953136045897 0 0.00066004517617429201 0.0039005384960242775 -0.0092982044126995299 0.031393418986315265 0.0099901568103036922 -0
leaf_count=1800 119 109 62 518 53 125 126 194 119 65 108 76 167 171 108 80
internal_value=0 0.79463 -0.18213 -0.293083 0.967026 0.161054 0.402747 0.778085 -0 -0.654895 -0.137453 -0.131617 -0.199344 1.36736 1.55387 -0.376494
internal_count=4000 668 3332 2550 441 782 501 256 245 583 227 281 1967 388 279 205
cat_boundaries=0 2 4
cat_threshold=1073889928 50339842 68867285 18
shrinkage=0.0165682


Tree=11
num_leaves=18
num_cat=2
split_feature=12 1 1 14 4 2 11 14 15 9 4 5 17 10 9 9 9
split_gain=36.0866 11.1435 8.78308 4.69997 4.39067 3.75517 5.33019 4.74814 2.81617 2.80921 2.341 1.92033 1.11951 1.05311 6.75892 2.28627 0.701649
threshold=15357.250000000002 0 1 1.7500000000000002 142.75000000000003 33.250000000000007 129.25000000000003 28.750000000000004 217.75000000000003 4408.7500000000009 51.250000000000007 2255.5000000000005 1.7500000000000002 16051.750000000002 4474.0000000000009 50292.250000000007 2884.7500000000005
decision_type=2 5 5 2 2 2 2 2 2 2 2 2 2 2 2 2 2
left_child=2 10 3 12 13 6 7 -4 -5 -8 -2 16 -1 15 -15 -3 -7
right_child=1 4 5 8 -6 11 9 -9 -10 -11 -12 -13 -14 14 -16 -17 -18
leaf_value=-0.0024604866116474701 -0.010311478808361292 0.016016430609383191 -0 -0.012521060670679299 0 -0.0090717958820186479 -0.0072428201094851671 0.016913828758142152 0 0.0058657763786444436 0.00065037323735054882 0.0038377882896074842 -0.0092279810882339493 0.0055465741621239118 0.033840426463348096 0 -0
leaf_count=1800 119 107 62 518 53 125 126 194 65 119 108 76 167 81 149 51 80
internal_value=0 0.776219 -0.17982 -0.289746 0.942694 0.157802 0.393837 0.757036 -0.650327 -0 -0.135105 -0.129246 -0.196849 1.32648 1.60924 0.724183 -0.373099
internal_count=4000 668 3332 2550 441 782 501 256 583 245 227 281 1967 388 230 158 205
cat_boundaries=0 2 4
cat_threshold=1073889928 50339842 68867285 18
shrinkage=0.0165682


Tree=12
num_leaves=18
num_cat=2
split_feature=12 1 1 14 4 11 14 5 9 15 4 10 17 10 10 9 14
split_gain=34.8363 10.6625 7.90087 4.3186 4.11876 3.83344 7.3728 5.25982 2.9261 2.72753 2.30402 1.09915 1.09894 0.823776 6.11066 2.17043 0.0349068
threshold=15357.250000000002 0 1 1.7500000000000002 142.75000000000003 592.75000000000011 27.250000000000004 49.750000000000007 4408.7500000000009 217.75000000000003 51.250000000000007 6620.5000000000009 1.7500000000000002 16051.750000000002 33568.000000000007 50292.250000000007 10.750000000000002
decision_type=2 5 5 2 2 2 2 2 2 2 2 2 2 2 2 2 2
left_child=2 10 3 12 13 6 16 -8 -7 -5 -2 -10 -1 15 -15 -3 -4
right_child=1 4 5 9 -6 8 7 -9 11 -11 -12 -13 -14 14 -16 -17 -18
leaf_value=-0.0024253069063807438 -0.010245181403837509 0.015599007026449561 -0 -0.012324040746526039 0 -0.0087663196490846106 0.0022419324795994026 0.021271747903265806 0.0064596647301260616 0 0.00064084482499977553 -0.00051317085438495587 -0.0091579242994330665 0.037772426394800447 0.011903471024056483 0 -0.0065012358431660233
leaf_count=1800 119 107 54 505 53 156 176 130 115 65 108 97 167 90 140 51 67
internal_value=0 0.758695 -0.177539 -0.282919 0.919585 0.140068 0.415508 0.726979 -0.0924477 -0.636567 -0.132783 0.12982 -0.194381 1.28802 1.55594 0.707561 -0.300733
internal_count=4000 668 3332 2537 441 795 427 306 368 570 227 212 1967 388 230 158 121
cat_boundaries=0 2 4
cat_threshold=1073889928 50339842 67818709 18
shrinkage=0.0165682


Tree=13
num_leaves=18
num_cat=2
split_feature=12 1 1 14 4 2 11 14 15 9 4 5 17 9 10 9 9
split_gain=33.6641 10.2144 8.31231 4.53817 3.87292 3.56109 5.00511 4.43717 2.75729 2.67965 2.26752 1.84865 1.07861 0.680649 0.636285 5.76276 2.06139
threshold=15357.250000000002 0 1 1.7500000000000002 142.75000000000003 33.250000000000007 129.25000000000003 28.750000000000004 217.75000000000003 4408.7500000000009 51.250000000000007 2255.5000000000005 1.7500000000000002 2884.7500000000005 16051.750000000002 4474.0000000000009 50292.250000000007
decision_type=2 5 5 2 2 2 2 2 2 2 2 2 2 2 2 2 2
left_child=2 10 3 12 14 6 7 -4 -5 -8 -2 13 -1 -7 16 -16 -3
right_child=1 4 5 8 -6 11 9 -9 -10 -11 -12 -13 -14 -15 15 -17 -18
leaf_value=-0.0023905599363914232 -0.010178994381687796 0.015197052173929767 -0 -0.012388276010519466 0 -0.0089873237354047772 -0.0071575453648004151 0.016221583552711059 0 0.0056331034427526605 0.00063146325534449487 0.0036553934416546558 -0.0090880389302879973 -0 0.0051900276134901986 0.031442618037871906 0
leaf_count=1800 119 107 62 518 53 125 126 194 65 119 108 76 167 80 81 149 51
internal_value=0 0.742208 -0.175293 -0.283212 0.897866 0.151651 0.379937 0.728077 -0.641331 -0 -0.130486 -0.128178 -0.191942 -0.369193 1.25221 1.5071 0.691457
internal_count=4000 668 3332 2550 441 782 501 256 583 245 227 281 1967 205 388 230 158
cat_boundaries=0 2 4
cat_threshold=1073889928 50339842 68867285 18
shrinkage=0.0165682


Tree=14
num_leaves=17
num_cat=3
split_feature=12 1 1 14 4 16 11 14 10 15 14 4 17 9 9 9
split_gain=32.5105 9.78195 8.08204 4.45618 3.63875 3.46933 5.22978 5.18516 3.33142 2.72759 2.54474 2.23151 1.05853 0.57386 2.12168 0.570273
threshold=15357.250000000002 0 1 1.7500000000000002 142.75000000000003 2 466.00000000000006 28.750000000000004 3802.7500000000005 217.75000000000003 79.750000000000014 51.250000000000007 1.7500000000000002 123650.00000000001 4474.0000000000009 44592.250000000007
decision_type=2 5 5 2 2 5 2 2 2 2 2 2 2 2 2 2
left_child=2 11 3 12 13 7 10 -4 -9 -5 -7 -2 -1 14 -3 -8
right_child=1 4 5 9 -6 6 15 8 -10 -11 -12 -13 -14 -15 -16 -17
leaf_value=-0.0023562428569626854 -0.010112918217636111 0.0095073319311165892 -0.0049083840708060338 -0.012320677417290749 0 -0.00090112771625740825 -0.011002954713934228 0.015431609130304081 -0 0 0.010296785929974493 0.00062221967843721757 -0.0090183264997499932 0.0053161729792921553 0.026675121427745602 -0
leaf_count=1800 119 123 56 518 53 99 164 244 53 65 115 108 167 68 197 51
internal_value=0 0.725784 -0.17307 -0.279964 0.87638 0.148574 -0.0645193 0.380205 0.753073 -0.636762 0.264915 -0.128215 -0.18953 1.21708 1.32411 -0.549162
internal_count=4000 668 3332 2550 441 782 429 353 297 583 214 227 1967 388 320 215
cat_boundaries=0 2 4 5
cat_threshold=1073889928 50339842 68867285 18 2
shrinkage=0.0165682


Tree=15
num_leaves=18
num_cat=2
split_feature=12 1 1 14 4 2 10 14 15 9 4 5 17 9 10 10 9
split_gain=31.3919 9.3656 7.83374 4.37498 3.41641 3.35707 4.70135 5.33711 2.69802 2.28973 2.19596 1.79706 1.03869 0.668276 0.627223 5.04716 1.94938
threshold=15357.250000000002 0 1 1.7500000000000002 142.75000000000003 33.250000000000007 393.25000000000006 28.750000000000004 217.75000000000003 4408.7500000000009 51.250000000000007 2255.5000000000005 1.7500000000000002 2884.7500000000005 16051.750000000002 33568.000000000007 50292.250000000007
decision_type=2 5 5 2 2 2 2 2 2 2 2 2 2 2 2 2 2
left_child=2 10 3 12 14 6 7 -4 -5 -8 -2 13 -1 -7 16 -16 -3
right_child=1 4 5 8 -6 11 9 -9 -10 -11 -12 -13 -14 -15 15 -17 -18
leaf_value=-0.0023223516944691188 -0.010046958571590946 0.014306066852886988 -0.0010964728738882712 -0.012252969073613744 0 -0.0089255040744230327 -0.0078521329139322679 0.015430806285181165 0 0.0044368804935876133 0.0006131168080752464 0.0035284062881604772 -0.0089487932381095616 -0 0.034259235213645302 0.010894635899474713 0
leaf_count=1800 119 107 71 518 53 125 105 221 65 104 108 76 167 80 90 140 51
internal_value=0 0.709485 -0.171035 -0.276745 0.855192 0.144852 0.364853 0.662597 -0.632192 -0.00904038 -0.125969 -0.127149 -0.187145 -0.366127 1.18272 1.42512 0.647508
internal_count=4000 668 3332 2550 441 782 501 292 583 209 227 281 1967 205 388 230 158
cat_boundaries=0 2 4
cat_threshold=1073889928 50339842 68867285 18
shrinkage=0.0165682


Tree=16
num_leaves=18
num_cat=4
split_feature=12 1 1 14 16 11 14 4 10 15 14 4 17 16 9 9 5
split_gain=30.3515 8.982 7.61142 4.2946 3.34397 5.04143 4.91123 3.2187 3.12504 2.66858 2.38093 2.16089 1.01909 1.6257 0.552154 0.508972 1.35076
threshold=15357.250000000002 0 1 1.7500000000000002 2 466.00000000000006 28.750000000000004 142.75000000000003 3802.7500000000005 217.75000000000003 79.750000000000014 51.250000000000007 1.7500000000000002 3 44592.250000000007 152053.50000000003 779.50000000000011
decision_type=2 5 5 2 5 2 2 2 2 2 2 2 2 5 2 2 2
left_child=2 11 3 12 6 10 -4 15 -8 -5 -6 -2 13 -1 -7 16 -3
right_child=1 7 4 9 5 14 8 -9 -10 -11 -12 -13 -14 -15 -16 -17 -18
leaf_value=0.00094108750583754141 -0.0099811144429213725 0.0078765626994017051 -0.0048325950393563041 -0.012185152086375307 -0.00089034974214173242 -0.010934568478295782 0.014854413162672499 0 -0 0 0.0098506468154701717 0.00060414925539947382 -0.0088794407794807358 -0.0032184954152728235 -0 0.0024430957105199165 0.023607919180223803
leaf_count=408 119 109 56 518 99 164 244 53 53 65 115 108 167 1392 51 46 233
internal_value=0 0.694462 -0.168899 -0.273556 0.14176 -0.0660286 0.368103 0.835631 0.726337 -0.627623 0.252251 -0.123749 -0.184787 -0.138149 -0.545494 1.15128 1.22378
internal_count=4000 668 3332 2550 782 429 353 441 297 583 214 227 1967 1800 215 388 342
cat_boundaries=0 2 4 5 6
cat_threshold=1073889928 50339842 68867285 18 2 133
shrinkage=0.0165682


Tree=17
num_leaves=19
num_cat=4
split_feature=12 1 1 14 16 11 14 4 10 15 14 4 17 16 10 9 9 9
split_gain=29.3094 8.604 7.37679 4.21475 3.21757 4.91483 4.72844 3.02416 2.98591 2.63928 2.3017 2.12629 0.999616 1.59076 0.671095 4.60769 1.83907 0.540397
threshold=15357.250000000002 0 1 1.7500000000000002 2 466.00000000000006 28.750000000000004 142.75000000000003 3802.7500000000005 217.75000000000003 79.750000000000014 51.250000000000007 1.7500000000000002 3 16051.750000000002 4474.0000000000009 50292.250000000007 44592.250000000007
decision_type=2 5 5 2 5 2 2 2 2 2 2 2 2 5 2 2 2 2
left_child=2 11 3 12 6 10 -4 14 -8 -5 -6 -2 13 -1 16 -16 -3 -7
right_child=1 7 4 9 5 17 8 -9 -10 -11 -12 -13 -14 -15 15 -17 -18 -19
leaf_value=0.00092978988983468303 -0.0099153912485651381 0.013448958753332355 -0.0047881485114594979 -0.01211722528950091 -0.00087849792234926869 -0.010865364752385316 0.014451333013953356 0 -0 0 0.0096365541682075073 0.00059531805405313941 -0.008810274226271491 -0.0031792801220566999 0.0045246903148275074 0.027981233967656477 -0 -0
leaf_count=408 119 107 56 518 99 164 244 53 53 65 115 108 167 1392 81 149 51 51
internal_value=0 0.678983 -0.166927 -0.270404 0.138172 -0.0652865 0.359349 0.815676 0.70752 -0.623053 0.246348 -0.121553 -0.182468 -0.136167 1.11943 1.3525 0.605239 -0.541524
internal_count=4000 668 3332 2550 782 429 353 441 297 583 214 227 1967 1800 388 230 158 215
cat_boundaries=0 2 4 5 6
cat_threshold=1073889928 50339842 68867285 18 2 133
shrinkage=0.0165682


Tree=18
num_leaves=20
num_cat=3
split_feature=12 1 1 14 2 10 14 15 9 10 14 9 9 5 17 16 8 9 9
split_gain=28.3348 8.25182 7.14887 4.13578 3.09986 4.33729 4.82975 2.61011 2.23072 2.02128 4.61583 3.451 3.06669 1.73513 0.980408 1.55655 0.891445 0.657571 0.168377
threshold=15357.250000000002 0 1 1.7500000000000002 33.250000000000007 393.25000000000006 28.750000000000004 217.75000000000003 4408.7500000000009 16051.750000000002 869.50000000000011 4474.0000000000009 137698.00000000003 2255.5000000000005 1.7500000000000002 2 243.25000000000003 2884.7500000000005 37561.750000000007
decision_type=2 5 5 2 2 2 2 2 2 2 2 2 2 2 2 5 2 2 2
left_child=2 16 3 14 5 6 -4 -5 -7 10 -3 -11 -13 17 15 -1 -2 -6 -12
right_child=1 9 4 7 13 8 -8 -9 -10 11 18 12 -14 -15 -16 -17 -18 -19 -20
leaf_value=0.00091863142976350174 0 0.019222236573572485 -0.0010145482399850489 -0.012049188963427566 -0.0088694300244361174 -0.0078318752811332246 0.014521076591674353 0 0.0042440981793969781 0.0044474506441155321 -0.00079267522348010395 0.030898566564132597 0.0051879314561679478 0.0033423977541935275 -0.0087412978270948599 -0.0031404627561831388 -0.0069024019063271208 -0 0.0024305212695478963
leaf_count=408 96 59 71 518 125 105 221 65 104 81 50 114 55 76 167 1392 131 80 82
internal_value=0 0.664459 -0.16498 -0.26728 0.134655 0.34381 0.626317 -0.618484 -0.0131972 0.796954 0.503805 1.26712 1.54317 -0.127299 -0.180173 -0.134208 -0.119382 -0.36331 0
internal_count=4000 668 3332 2550 782 501 292 583 209 441 191 250 169 281 1967 1800 227 205 132
cat_boundaries=0 2 4 5
cat_threshold=1073889928 50339842 68867285 18 133
shrinkage=0.0165682


Tree=19
num_leaves=20
num_cat=4
split_feature=12 1 1 14 16 11 14 10 15 14 10 14 9 9 17 16 8 9 10
split_gain=27.4314 7.94616 6.94551 4.05769 3.10168 4.74054 4.4848 2.80665 2.58109 2.15584 1.8273 4.40528 3.13224 2.67743 0.961468 1.52304 0.875592 0.522784 0.166384
threshold=15357.250000000002 0 1 1.7500000000000002 2 466.00000000000006 28.750000000000004 3802.7500000000005 217.75000000000003 79.750000000000014 16051.750000000002 869.50000000000011 4474.0000000000009 137698.00000000003 1.7500000000000002 3 243.25000000000003 44592.250000000007 8652.2500000000018
decision_type=2 5 5 2 5 2 2 2 2 2 2 2 2 2 2 5 2 2 2
left_child=2 16 3 14 6 9 -4 -8 -5 -6 11 -3 -12 -14 15 -1 -2 -7 -13
right_child=1 10 4 8 5 17 7 -9 -10 -11 12 18 13 -15 -16 -17 -18 -19 -20
leaf_value=0.00090761038935698718 0 0.018721539898827379 -0.0047137597938727042 -0.011981045777151785 -0.00086673133847286294 -0.010796355317199925 0.0139263383648965 -0 0 0.0092265965656045269 0.0043717354322809392 -0.00016330645265361291 0.029777618010561006 0.0051022883758753673 -0.0086725141923045795 -0.0031020415394231162 -0.0068397180578154242 -0 0.0031218590071625447
leaf_count=408 96 59 56 518 99 164 244 53 65 115 81 87 114 55 167 1392 131 51 45
internal_value=0 0.651138 -0.162926 -0.264185 0.13176 -0.0666745 0.348009 0.682989 -0.613916 0.234534 0.780008 0.49412 1.23328 1.49557 -0.177904 -0.132271 -0.117524 -0.537845 0
internal_count=4000 668 3332 2550 782 429 353 297 583 214 441 191 250 169 1967 1800 227 215 132
cat_boundaries=0 2 4 5 6
cat_threshold=1073889928 50339842 68867285 18 2 133
shrinkage=0.0165682


Tree=20
num_leaves=19
num_cat=4
split_feature=12 1 1 16 14 5 14 5 11 10 14 9 9 14 17 16 8 9
split_gain=26.5724 7.65504 6.74802 4.36686 4.84318 4.20812 3.99566 2.8581 2.26045 1.64701 4.2042 2.84129 2.32916 1.00024 0.942796 1.49024 0.859986 0.162728
threshold=15357.250000000002 0 1 2 27.250000000000004 16.750000000000004 1.7500000000000002 9016.0000000000018 154.00000000000003 16051.750000000002 869.50000000000011 4474.0000000000009 137698.00000000003 79.750000000000014 1.7500000000000002 3 243.25000000000003 37561.750000000007
decision_type=2 5 5 5 2 2 2 2 2 2 2 2 2 2 2 5 2 2
left_child=2 16 6 8 -5 -6 14 -8 13 10 -3 -11 -13 -4 15 -1 -2 -12
right_child=1 9 3 4 5 -7 7 -9 -10 11 17 12 -14 -15 -16 -17 -18 -19
leaf_value=0.00089672531419600267 0 0.018239646423559835 -0.0028340166043552702 -0.0043828450477317385 0.00043608526966020558 0.016450765336874715 -0.011990450756544615 0 -0.0081946749036114278 0.0042975049285135063 -0.00079976685884228249 0.02872249438641291 0.0050182854686883363 0.005569104661962471 -0.0086039292206468998 -0.0030640158334990066 -0.0067773618029180671 0.0023818351886767488
leaf_count=408 96 59 62 76 156 209 514 64 198 81 50 114 55 86 167 1392 131 82
internal_value=0 0.638242 -0.161031 0.128742 0.349123 0.650723 -0.261261 -0.610056 -0.141878 0.763644 0.484797 1.20086 1.45032 0.0381215 -0.175659 -0.130357 -0.115689 0
internal_count=4000 668 3332 787 441 365 2545 578 346 441 191 250 169 148 1967 1800 227 132
cat_boundaries=0 2 4 5 6
cat_threshold=1073889928 50339842 68867157 8210 1745 133
shrinkage=0.0165682


Tree=21
num_leaves=13
num_cat=3
split_feature=1 5 5 14 0 12 8 1 11 4 5 17
split_gain=25.8825 9.97081 9.80845 4.53842 3.15886 2.95452 3.16136 2.61431 1.9156 1.8685 1.23163 0.924389
threshold=0 2422.0000000000005 175774.50000000003 1.7500000000000002 1 172314.50000000003 92.500000000000014 2 31144.000000000004 13.000000000000002 121.75000000000001 1.7500000000000002
decision_type=5 2 2 2 1 2 2 5 2 2 2 2
left_child=2 4 3 11 7 6 9 -2 -5 -3 -9 -1
right_child=1 5 -4 8 -6 -7 -8 10 -10 -11 -12 -13
leaf_value=-0.0021284360709576977 0.0046267895825759502 -0 0.015383589958170803 -0.010921746911680371 0.014137880030455052 0 0.022641189270351605 -0.0052850710123838037 0 0.011068668606706973 4.4499990113538685e-05 -0.0085355440665944894
leaf_count=1800 245 69 78 672 73 50 159 277 75 122 213 167
internal_value=0 0.41463 -0.226051 -0.292832 0.1623 0.897143 1.00806 0.0483823 -0.586466 0.431142 -0.103951 -0.173438
internal_count=4000 1208 2792 2714 808 400 350 735 747 191 490 1967
cat_boundaries=0 3 4 7
cat_threshold=1145722069 58728466 512 1 537141248 2415919168 1024
shrinkage=0.0165682


Tree=22
num_leaves=13
num_cat=3
split_feature=1 5 5 14 0 12 8 1 11 4 5 17
split_gain=25.1338 9.50697 9.43075 4.45122 3.01902 2.78424 2.87705 2.54483 1.88891 1.80004 1.20542 0.90627
threshold=0 175774.50000000003 2422.0000000000005 1.7500000000000002 1 172314.50000000003 92.500000000000014 2 31144.000000000004 13.000000000000002 121.75000000000001 1.7500000000000002
decision_type=5 2 2 2 1 2 2 5 2 2 2 2
left_child=1 3 4 11 7 6 9 -2 -5 -4 -9 -1
right_child=2 -3 5 8 -6 -7 -8 10 -10 -11 -12 -13
leaf_value=-0.0020974198145633357 0.0045684510294213554 0.015012113532654929 -0 -0.010847746934314253 0.01381202742568906 0 0.021929176761272054 -0.0052257388671155302 0 0.010816752009028013 4.3815905660884469e-05 -0.0084673641434831869
leaf_count=1800 245 78 69 672 73 50 159 277 75 122 213 167
internal_value=0 -0.223177 0.407679 -0.289529 0.160943 0.87475 0.98128 0.0484827 -0.581867 0.421754 -0.10206 -0.171239
internal_count=4000 2792 1208 2714 808 400 350 735 747 191 490 1967
cat_boundaries=0 3 4 7
cat_threshold=1145722069 58728466 512 1 537141248 2415919168 1024
shrinkage=0.0165682


Tree=23
num_leaves=13
num_cat=3
split_feature=1 5 5 14 0 12 8 1 11 4 5 17
split_gain=24.4082 9.2162 8.92222 4.36503 2.88547 2.6251 2.61773 2.47716 1.86242 1.73468 1.17972 0.888394
threshold=0 175774.50000000003 2422.0000000000005 1.7500000000000002 1 172314.50000000003 92.500000000000014 2 31144.000000000004 13.000000000000002 121.75000000000001 1.7500000000000002
decision_type=5 2 2 2 1 2 2 5 2 2 2 2
left_child=1 3 4 11 7 6 9 -2 -5 -4 -9 -1
right_child=2 -3 5 8 -6 -7 -8 10 -10 -11 -12 -13
leaf_value=-0.0020668017227525003 0.0045109081525963948 0.014652982631780775 -0 -0.010773723204215596 0.013496335586976254 0 0.021251668715394467 -0.0051668561665980366 0 0.01057247012425566 4.3142451066653485e-05 -0.0083993941327557761
leaf_count=1800 245 78 69 672 73 50 159 277 75 122 213 167
internal_value=0 -0.220334 0.400881 -0.286255 0.159593 0.85317 0.955548 0.0485697 -0.577274 0.412605 -0.100191 -0.169067
internal_count=4000 2792 1208 2714 808 400 350 735 747 191 490 1967
cat_boundaries=0 3 4 7
cat_threshold=1145722069 58728466 512 1 537141248 2415919168 1024
shrinkage=0.0165682


Tree=24
num_leaves=16
num_cat=2
split_feature=1 5 5 14 1 14 12 8 6 15 4 8 17 2 13
split_gain=23.705 8.93567 8.44312 4.27986 2.82358 2.68023 2.47623 2.38093 1.85614 1.85008 1.67224 1.22397 0.870761 0.670104 0.333131
threshold=0 175774.50000000003 2422.0000000000005 1.7500000000000002 1 481.75000000000006 172314.50000000003 92.500000000000014 3.2500000000000004 112.75000000000001 13.000000000000002 182.50000000000003 1.7500000000000002 33.250000000000007 4822.7500000000009
decision_type=5 2 2 2 5 2 2 2 2 2 2 2 2 2 2
left_child=1 3 4 12 11 13 7 10 -5 -7 -4 -2 -1 -6 -10
right_child=2 -3 6 8 5 9 -8 -9 14 -11 -12 -13 -14 -15 -16
leaf_value=-0.0020365781905894251 -0.0074177407937185639 0.014305638571698963 -0 -0.011363725069652801 0.0026223300924715903 0.011447720257244267 0 0.020606246939839368 -0.003662162730984585 -0 0.010335503895487095 0 -0.0083316373399655533 -0.0035998739727446799 0.00080373129051470357
leaf_count=1800 166 78 69 582 200 233 50 159 108 51 122 70 167 88 57
internal_value=0 -0.217522 0.394232 -0.283011 0.15825 0.266883 0.832361 0.930808 -0.572686 0.561773 0.403688 -0.146455 -0.16692 0 -0
internal_count=4000 2792 1208 2714 808 572 400 350 747 284 191 236 1967 288 165
cat_boundaries=0 3 6
cat_threshold=1145722069 58728466 512 98824 32 1
shrinkage=0.0165682


Tree=25
num_leaves=20
num_cat=4
split_feature=12 1 1 16 8 14 5 4 11 10 14 9 9 14 14 8 17 16 10
split_gain=22.7627 6.7891 6.47274 3.9449 4.87084 3.70014 2.90065 2.24275 2.1152 1.51197 3.9344 2.48529 1.46377 1.26937 1.07475 0.861001 0.853371 1.46504 0.135251
threshold=15357.250000000002 0 1 2 4.7500000000000009 1.7500000000000002 8131.7500000000009 1.7500000000000002 154.00000000000003 16051.750000000002 869.50000000000011 4474.0000000000009 137698.00000000003 27.250000000000004 79.750000000000014 243.25000000000003 1.7500000000000002 3 8652.2500000000018
decision_type=2 5 5 5 2 2 2 2 2 2 2 2 2 2 2 2 2 5 2
left_child=2 15 5 8 13 16 -7 -6 14 10 -3 -11 -13 -5 -4 -2 17 -1 -12
right_child=1 9 3 4 7 6 -8 -9 -10 11 18 12 -14 -15 -16 -17 -18 -19 -20
leaf_value=0.00098596570912162936 0 0.016698444571385782 -0.0028228375980937919 -0.0042280733353778788 0.0024574682674265431 -0.01178687655326764 0 0.024059167138196485 -0.007855194414729488 0.0036416417614839919 -0.0006929016943411409 0.025703155299802671 0.0047229260346376136 0.0042139681020395619 0.0058780150880570169 -0.0067461890977300589 -0.0082640976217063424 -0.0029236990457260489 0.0026419279808951495
leaf_count=408 96 59 62 75 77 520 81 69 192 81 87 114 55 206 83 131 167 1392 45
internal_value=0 0.581277 -0.150579 0.134947 0.345662 -0.249017 -0.582467 0.980843 -0.126438 0.697475 0.427799 1.09159 1.31731 0.0566221 0.0479906 -0.113805 -0.164798 -0.12112 0
internal_count=4000 668 3332 764 427 2568 601 146 337 441 191 250 169 281 145 227 1967 1800 132
cat_boundaries=0 2 5 6 7
cat_threshold=1073889928 50339842 68867157 8210 512 1745 133
shrinkage=0.0165682


Tree=26
num_leaves=15
num_cat=2
split_feature=1 5 5 14 0 10 14 12 12 13 5 6 17 13
split_gain=22.2926 8.603 7.71662 4.15069 2.74567 2.36255 2.81872 2.32937 2.02897 2.75783 1.99506 1.87745 0.836363 0.302782
threshold=0 175774.50000000003 2422.0000000000005 1.7500000000000002 1 144.25000000000003 79.750000000000014 172314.50000000003 15357.250000000002 3651.2500000000005 19.000000000000004 3.2500000000000004 1.7500000000000002 4822.7500000000009
decision_type=5 2 2 2 1 2 2 2 2 2 2 2 2 2
left_child=1 3 4 12 5 6 -2 8 9 -4 -7 -5 -1 -13
right_child=2 -3 7 11 -6 10 -8 -9 -10 -11 -12 13 -14 -15
leaf_value=-0.0019770472171092919 -0 0.01394524456921147 0.014561899171911622 -0.011251111943324224 0.013026458030240272 -0.0076587074108456568 0.010607769187910628 0 0.018614723482005446 -0 0.00041698313792549644 -0.0034976616365612876 -0.0081967787355633898 0.00085016146204816632
leaf_count=1800 139 78 53 582 73 160 142 50 189 108 294 108 167 57
internal_value=0 -0.212127 0.380177 -0.277096 0.152715 0.0438047 0.322562 0.795289 0.88933 0.308287 -0.10072 -0.564828 -0.162689 -0
internal_count=4000 2792 1208 2714 808 735 281 400 350 161 454 747 1967 165
cat_boundaries=0 3 4
cat_threshold=1145722069 58728466 512 1
shrinkage=0.0165682


Tree=27
num_leaves=15
num_cat=2
split_feature=1 5 5 14 0 10 14 12 5 8 6 4 17 13
split_gain=21.6091 8.34363 7.34692 4.06988 2.63875 2.27059 2.7167 2.20304 1.9531 1.8706 1.8544 1.53429 0.819451 0.295363
threshold=0 175774.50000000003 2422.0000000000005 1.7500000000000002 1 144.25000000000003 79.750000000000014 172314.50000000003 19.000000000000004 92.500000000000014 3.2500000000000004 13.000000000000002 1.7500000000000002 4822.7500000000009
decision_type=5 2 2 2 1 2 2 2 2 2 2 2 2 2
left_child=1 3 4 12 5 6 -2 9 -7 11 -5 -4 -1 -12
right_child=2 -3 7 10 -6 8 -8 -9 -10 -11 13 -13 -14 -15
leaf_value=-0.0019479893465299475 -0 0.013620751549963778 -0 -0.011178651803293835 0.012734891698705807 -0.0075909014734263066 0.010365594540216174 0 0.0004103101014012787 0.019004834982961041 -0.0034590082105315995 0.0097246797825113283 -0.0081296838168996837 0.00083932049897566955
leaf_count=1800 139 78 69 582 73 160 142 50 294 159 108 122 167 57
internal_value=0 -0.209432 0.37326 -0.273963 0.150298 0.0427458 0.315426 0.776568 -0.0988252 0.867189 -0.560318 0.37861 -0.160618 -0
internal_count=4000 2792 1208 2714 808 735 281 400 454 350 747 191 1967 165
cat_boundaries=0 3 4
cat_threshold=1145722069 58728466 512 1
shrinkage=0.0165682


Tree=28
num_leaves=15
num_cat=2
split_feature=1 5 5 14 1 14 12 11 12 13 15 8 17 2
split_gain=20.9456 8.09319 6.99457 3.99008 2.55485 2.48937 2.08364 1.86089 1.70711 3.41253 1.69256 1.16316 0.802781 0.631587
threshold=0 175774.50000000003 2422.0000000000005 1.7500000000000002 1 481.75000000000006 172314.50000000003 31144.000000000004 9087.2500000000018 3651.2500000000005 112.75000000000001 182.50000000000003 1.7500000000000002 33.250000000000007
decision_type=5 2 2 2 5 2 2 2 2 2 2 2 2 2
left_child=1 3 4 12 11 13 8 -5 9 -4 -7 -2 -1 -6
right_child=2 -3 6 7 5 10 -8 -9 -10 -11 -12 -13 -14 -15
leaf_value=-0.0019193095626387827 -0.0072385712698781321 0.013306513157454306 0.014086140539234092 -0.010453395657799803 0.002435670642381631 0.010790559105854847 0 0 0.016911586195547713 -0.0026136250555052949 -0 0 -0.0080628189427496451 -0.0036460046573937969
leaf_count=1800 166 78 53 672 200 233 50 75 221 76 51 70 167 88
internal_value=0 -0.206768 0.36647 -0.270858 0.147921 0.250956 0.758359 -0.555815 0.845707 0.2132 0.529702 -0.140616 -0.158573 0
internal_count=4000 2792 1208 2714 808 572 400 747 350 129 284 236 1967 288
cat_boundaries=0 3 6
cat_threshold=1145722069 58728466 512 98824 32 1
shrinkage=0.0165682


Tree=29
num_leaves=16
num_cat=4
split_feature=1 5 5 14 0 10 14 12 5 6 8 4 16 16 11
split_gain=20.2692 7.8507 6.66647 3.90853 2.53391 2.16225 2.55391 1.96822 1.87899 1.86943 1.64548 1.42389 1.33591 0.16517 0.157906
threshold=0 175774.50000000003 2422.0000000000005 1.7500000000000002 1 144.25000000000003 79.750000000000014 172314.50000000003 19.000000000000004 3.2500000000000004 92.500000000000014 13.000000000000002 2 3 765.25000000000011
decision_type=5 2 2 2 1 2 2 2 2 2 2 2 5 5 2
left_child=1 3 4 12 5 6 -2 10 -7 -5 11 -4 13 -1 -11
right_child=2 -3 7 9 -6 8 -8 -9 -10 14 -12 -13 -14 -15 -16
leaf_value=0.00086126565744028478 -0 0.013002089249264707 -0 -0.011046144275450486 0.012374418585598988 -0.0075017450237912751 0.0099881016457561422 0 0.00033541336845543344 -0.002651694663723361 0.018005113045154817 0.0092293713968264746 -0.0042320646307158977 -0.0007061332841288067 0
leaf_count=122 139 78 69 582 73 160 142 50 294 102 159 122 912 933 63
internal_value=0 -0.204096 0.359345 -0.267744 0.145038 0.0391451 0.304783 0.740242 -0.0988594 -0.55123 0.824381 0.358311 -0.156552 -0.00802203 -0
internal_count=4000 2792 1208 2714 808 735 281 400 454 747 350 191 1967 1055 165
cat_boundaries=0 3 4 5 6
cat_threshold=1145722069 58728466 512 1 2198 148
shrinkage=0.0165682


Tree=30
num_leaves=17
num_cat=4
split_feature=1 5 5 14 16 7 10 10 14 12 12 11 4 16 14 16
split_gain=19.8861 7.60562 6.32109 3.66487 3.084 3.39153 2.43131 3.69207 3.54225 1.89275 1.7964 1.77469 1.50935 1.30862 0.389843 0.161849
threshold=0 175774.50000000003 2422.0000000000005 1.7500000000000002 1 57.250000000000007 271.75000000000006 42329.500000000007 221.50000000000003 172314.50000000003 70539.250000000015 31144.000000000004 202.00000000000003 2 2196.2500000000005 3
decision_type=5 2 2 2 5 2 2 2 2 2 2 2 2 5 2 5
left_child=1 3 4 13 6 14 8 -8 -2 10 12 -5 -4 15 -6 -1
right_child=2 -3 9 11 5 -7 7 -9 -10 -11 -12 -13 -14 -15 -16 -17
leaf_value=0.00085538685350159717 0.00082147966414793615 0.012707061457214071 0.010487493534274745 -0.010076877539764996 -0.01035594233953162 0.0058051737552895335 -0.0029860681392284254 0.010116960434965148 0.019800095235921363 0 0.022529286941725478 0 -0 -0.0041870174843532297 -0 -0.00069675802646035215
leaf_count=122 133 78 227 689 140 59 213 104 76 50 69 75 53 912 67 933
internal_value=0 -0.201066 0.357809 -0.2638 0.145546 -0.136542 0.279653 0.0610531 0.664452 0.728088 0.810129 -0.535844 0.527552 -0.154649 -0.492542 -0.00758012
internal_count=4000 2809 1191 2731 792 266 526 317 209 399 349 764 280 1967 207 1055
cat_boundaries=0 3 4 5 6
cat_threshold=1145722069 58728466 524800 3 2198 148
shrinkage=0.0165682


Tree=31
num_leaves=18
num_cat=4
split_feature=1 5 5 14 16 2 6 8 12 12 10 4 16 12 13 13 16
split_gain=19.6495 7.34959 5.70924 3.26262 2.84371 2.45376 2.35015 2.21182 1.83367 1.54523 1.54338 1.47013 1.28184 0.847955 0.615129 0.247893 0.158581
threshold=0 175774.50000000003 2422.0000000000005 1.7500000000000002 1 42.250000000000007 3.2500000000000004 10.750000000000002 172314.50000000003 70539.250000000015 271.75000000000006 202.00000000000003 2 14116.000000000002 13447.000000000002 915.25000000000011 3
decision_type=5 2 2 2 5 2 2 2 2 2 2 2 5 2 2 2 5
left_child=1 3 4 12 5 10 -5 15 9 11 -2 -4 16 -9 -8 -6 -1
right_child=2 -3 8 6 7 -7 14 13 -10 -11 -12 -13 -14 -15 -16 -17 -18
leaf_value=0.00084954688537308015 0.012093746791892084 0.012421035398560076 0.010361448026582929 -0.010456979804238141 -0 -0.0026362687257325958 -0.0038058149593888802 -0 0 0.021887036969693845 0.0024051654979480057 -0 -0.0041423498448028041 0.0075213248438701719 0.003987352106723005 -0.010300220946436825 -0.00068750361443279968
leaf_count=122 198 78 218 625 52 59 114 52 50 69 254 53 912 45 55 111 933
internal_value=0 -0.197148 0.360344 -0.25852 0.154805 0.281858 -0.510195 -0.122816 0.717802 0.799458 0.462798 0.518987 -0.152766 0.0991509 -0 -0.496672 -0.00714468
internal_count=4000 2839 1161 2761 771 511 794 260 390 340 452 271 1967 97 169 163 1055
cat_boundaries=0 3 4 5 6
cat_threshold=1146770645 125837330 524800 3 2198 148
shrinkage=0.0165682


Tree=32
num_leaves=16
num_cat=3
split_feature=1 5 5 14 9 11 14 6 8 10 16 13 16 14 14
split_gain=19.0276 7.13277 5.48284 5.05977 3.5502 3.45626 3.19083 2.31516 1.8125 1.60764 1.25556 0.599455 0.155367 0.0901784 0.0142403
threshold=0 175774.50000000003 16.750000000000004 27.250000000000004 131264.50000000003 415.75000000000006 1.7500000000000002 3.2500000000000004 28.750000000000004 271.75000000000006 1 13447.000000000002 2 101.50000000000001 9802.0000000000018
decision_type=5 2 2 2 2 2 2 2 2 2 5 2 5 2 2
left_child=1 6 8 -4 5 -5 10 -8 9 13 12 -9 -1 -2 -6
right_child=2 -3 3 4 14 -7 7 11 -10 -11 -12 -13 -14 -15 -16
leaf_value=0.00084374611900392253 -0 0.012143637866704039 -0.0044214438017984477 0.021429353813599596 -0.00059096981208056263 0.0083604179338901997 -0.010382900421663205 -0.0037644379055248745 0.0070923941842856658 -0.0087351796246522753 -0.0040980597721632398 0.0039282577769796699 -0.00067836801442784254 0.001936314212285321 0.00062269862971717975
leaf_count=122 68 78 74 126 51 520 625 114 58 129 912 55 933 71 64
internal_value=0 -0.194659 0.353479 0.531931 0.613011 0.704006 -0.255594 -0.505712 -0 -0.202887 -0.150904 -0 -0.00671558 0 0
internal_count=4000 2839 1161 835 761 646 2761 794 326 268 1967 169 1055 139 115
cat_boundaries=0 3 4 5
cat_threshold=1146770645 125837330 524800 2198 148
shrinkage=0.0165682


Tree=33
num_leaves=18
num_cat=4
split_feature=1 5 5 14 16 2 6 8 12 12 10 4 16 12 8 13 16
split_gain=18.4023 6.92317 5.32745 3.12018 2.74321 2.32303 2.28042 2.1447 1.6843 1.47671 1.43582 1.38224 1.22979 0.824509 0.586693 0.232344 0.152205
threshold=0 175774.50000000003 2422.0000000000005 1.7500000000000002 1 42.250000000000007 3.2500000000000004 10.750000000000002 172314.50000000003 70539.250000000015 271.75000000000006 202.00000000000003 2 14116.000000000002 7.7500000000000009 915.25000000000011 3
decision_type=5 2 2 2 5 2 2 2 2 2 2 2 5 2 2 2 5
left_child=1 3 4 12 5 10 -5 15 9 11 -2 -4 16 -9 -8 -6 -1
right_child=2 -3 8 6 7 -7 14 13 -10 -11 -12 -13 -14 -15 -16 -17 -18
leaf_value=0.0008379847611857485 0.011638984046347505 0.011874515683771118 0.0098742215301655216 -0.010308826677040592 -0 -0.0025767968564303374 -0.00372688276285346 -0 0 0.02101814577002158 0.0022789435640886918 -0 -0.0040541483817701741 0.0073393470425105285 0.003885027339247735 -0.010235410175707808 -0.00066934922350071204
leaf_count=122 198 78 218 625 52 59 115 52 50 69 254 53 912 45 54 111 933
internal_value=0 -0.192196 0.34637 -0.252695 0.146651 0.272038 -0.501243 -0.123442 0.688533 0.765698 0.446359 0.493876 -0.149061 0.0892114 -0 -0.493782 -0.0062927
internal_count=4000 2839 1161 2761 771 511 794 260 390 340 452 271 1967 97 169 163 1055
cat_boundaries=0 3 4 5 6
cat_threshold=1146770645 125837330 524800 3 2198 148
shrinkage=0.0165682


Tree=34
num_leaves=20
num_cat=5
split_feature=12 1 1 14 8 11 14 5 16 8 10 14 9 14 16 8 7 9 16
split_gain=17.8431 5.73148 5.09589 3.24133 2.94161 2.64094 5.21777 4.4247 2.05542 1.96103 1.51975 3.79289 1.80444 3.53959 1.20451 0.832864 0.532813 0.28021 0.149094
threshold=15357.250000000002 0 1 1.7500000000000002 75.250000000000014 592.75000000000011 27.250000000000004 49.750000000000007 2 63.250000000000007 14739.250000000002 869.50000000000011 4474.0000000000009 3711.2500000000005 3 243.25000000000003 188.50000000000003 37561.750000000007 4
decision_type=2 5 5 2 2 2 2 2 5 2 2 2 2 2 5 2 2 2 5
left_child=2 15 3 14 16 6 -4 -8 9 -7 11 -3 -12 -14 18 -2 -5 -13 -1
right_child=1 10 5 4 -6 8 7 -9 -10 -11 12 17 13 -15 -16 -17 -18 -19 -20
leaf_value=0.00083226119850723283 0 0.014631004931956314 -0.0045590358119534146 -0.012992286774839998 0.00046312174192952984 -0 0.00095301326880622549 0.017470683451115913 -0.0045800727562909814 0.012720612833293092 0.0029373603158073126 -0.0036056578959385919 0.026177758145512774 0.006183685927895117 -0.0040106117415352706 -0.0066767551799928109 -0.0017800220138665653 0.0011605554611868751 -0.0006604485150822607
leaf_count=122 96 59 118 409 51 98 170 128 203 48 81 46 85 91 912 131 140 79 933
internal_value=0 0.502041 -0.136356 -0.226389 -0.549317 0.112567 0.332249 0.579033 -0.0856101 0.14881 0.607429 0.334665 0.946452 1.12941 -0.147239 -0.112719 -0.66796 -0 -0.00587612
internal_count=4000 668 3332 2567 600 765 416 298 349 146 441 184 257 176 1967 227 549 125 1055
cat_boundaries=0 2 5 6 7 8
cat_threshold=1073889928 50339842 68342997 8210 512 2 2198 148
shrinkage=0.0165682


Tree=35
num_leaves=20
num_cat=4
split_feature=12 1 1 14 8 11 14 5 9 10 14 9 14 10 16 8 7 9 16
split_gain=17.319 5.54068 4.94819 3.17576 2.91195 2.56506 5.05245 4.16834 2.02772 1.40789 3.64292 1.65125 3.2203 1.20806 1.17971 0.817914 0.521373 0.273498 0.146034
threshold=15357.250000000002 0 1 1.7500000000000002 75.250000000000014 592.75000000000011 27.250000000000004 49.750000000000007 4408.7500000000009 14739.250000000002 869.50000000000011 4474.0000000000009 3711.2500000000005 2412.2500000000005 2 243.25000000000003 188.50000000000003 37561.750000000007 3
decision_type=2 5 5 2 2 2 2 2 2 2 2 2 2 2 5 2 2 2 5
left_child=2 15 3 14 16 6 -4 -8 -7 10 -3 -11 -13 -10 18 -2 -5 -12 -1
right_child=1 9 5 4 -6 8 7 -9 13 11 17 12 -14 -15 -16 -17 -18 -19 -20
leaf_value=0.00082657599815200676 0 0.01429224411158809 -0.0045096780232478451 -0.012932273261042888 0.00045730555138208417 -0.0078512396117227674 0.00093785709230856168 0.016990235293738998 0.0078792663010687942 0.002890022562465362 -0.0035675140789957521 0.025355374788336778 0.0060675625873643259 -0.00041634380627656223 -0.0039674504708816054 -0.0066151944061384983 -0.0017572740264935728 0.0011433340675203916 -0.0006516621995415955
leaf_count=122 96 59 118 409 51 142 170 128 62 81 46 85 91 145 912 131 140 79 933
internal_value=0 0.493122 -0.134794 -0.223812 -0.544984 0.109991 0.325897 0.567519 -0.085324 0.596094 0.328709 0.925293 1.10084 0.0814746 -0.145436 -0.110941 -0.664098 -0 -0.00546563
internal_count=4000 668 3332 2567 600 765 416 298 349 441 184 257 176 207 1967 227 549 125 1055
cat_boundaries=0 2 5 6 7
cat_threshold=1073889928 50339842 68342997 8210 512 2198 148
shrinkage=0.0165682


Tree=36
num_leaves=16
num_cat=3
split_feature=1 5 5 14 9 14 6 11 8 13 10 16 16 14 14
split_gain=16.8219 6.6108 5.01703 4.62848 3.35588 2.99064 2.82439 2.76146 1.63906 1.39709 1.34604 1.15539 0.143024 0.07798 0.0649868
threshold=0 175774.50000000003 16.750000000000004 27.250000000000004 131264.50000000003 1.7500000000000002 3.2500000000000004 415.75000000000006 28.750000000000004 60961.000000000007 271.75000000000006 1 2 101.50000000000001 9802.0000000000018
decision_type=5 2 2 2 2 2 2 2 2 2 2 5 5 2 2
left_child=1 5 8 -4 7 11 -7 -5 10 -8 13 12 -1 -2 -6
right_child=2 -3 3 4 14 6 9 -9 -10 -11 -12 -13 -14 -15 -16
leaf_value=0.00082092897859144698 -0 0.011550805247820805 -0.0043457335655085012 0.01968598455710906 -0.0018718168862470418 -0.010502137796240639 -0.0047314945971251637 0.0078644618853339152 0.0066867100905933256 0.0069381541291635082 -0.0077329876281870295 -0.0039246623002464872 -0.00064298901030772847 0.0017948324181511145 0.00053984010360385356
leaf_count=122 68 78 74 126 44 615 125 516 58 51 143 912 933 71 64
internal_value=0 -0.185433 0.328427 0.498618 0.575843 -0.245271 -0.491214 0.660042 -0 -0 -0.188869 -0.143653 -0.00506115 0 -0
internal_count=4000 2836 1164 824 750 2758 791 642 340 176 282 1967 1055 139 108
cat_boundaries=0 3 4 5
cat_threshold=1146770645 58728474 524800 2198 148
shrinkage=0.0165682


Tree=37
num_leaves=19
num_cat=5
split_feature=12 1 1 16 14 14 5 5 11 10 14 9 14 16 8 14 9 16
split_gain=16.4442 5.27997 4.65883 3.65819 4.1332 3.0693 2.71365 2.71149 1.91584 1.30658 3.48993 1.55039 2.9039 1.13154 0.802394 0.752053 0.271747 0.140063
threshold=15357.250000000002 0 1 2 27.250000000000004 1.7500000000000002 8131.7500000000009 16.750000000000004 154.00000000000003 14739.250000000002 869.50000000000011 4474.0000000000009 3711.2500000000005 3 243.25000000000003 79.750000000000014 37561.750000000007 4
decision_type=2 5 5 5 2 2 2 2 2 2 2 2 2 5 2 2 2 5
left_child=2 14 5 8 -5 13 -7 -6 15 10 -3 -11 -13 17 -2 -4 -12 -1
right_child=1 9 3 4 7 6 -8 -9 -10 11 16 12 -14 -15 -16 -17 -18 -19
leaf_value=0.00081531933403657705 0 0.013837949508806483 -0.002811356943323694 -0.0043220221120879865 0.0005933846438314985 -0.01114439806533446 0 0.01408061597679698 -0.0078519821715159806 0.0027174143906373298 -0.003595493503724683 0.024345352097531674 0.005863564260374151 -0.0038822473738941462 -0.0065522438977191171 0.0045716064062699697 0.0010452930719857664 -0.00063442935358901749
leaf_count=122 96 59 62 76 153 520 81 198 192 81 46 85 91 912 131 83 79 933
internal_value=0 0.47801 -0.132123 0.104463 0.306239 -0.219023 -0.53728 0.578308 -0.139258 0.577869 0.316236 0.894134 1.06291 -0.14189 -0.109147 0.00546448 -0 -0.00466271
internal_count=4000 668 3332 764 427 2568 601 351 337 441 184 257 176 1967 227 145 125 1055
cat_boundaries=0 2 5 6 7 8
cat_threshold=1073889928 50339842 68867157 8210 512 1745 2198 148
shrinkage=0.0165682


end of trees

feature importances:
n_table_1.n_20=91
c_table_1.c_2=68
n_table_1.n_9=63
n_table_1.n_15=62
n_table_1.n_16=53
n_table_1.n_5=46
n_table_1.n_18=43
c_table_2.c_5=35
n_table_1.n_17=32
n_table_1.n_12=29
n_table_2.n_14=28
n_table_1.n_26=17
n_table_1.n_19=14
n_table_1.n_3=10
n_table_1.n_10=8
c_table_1.c_1=6
n_table_1.n_11=3

parameters:
[boosting: gbdt]
[objective: binary]
[metric: auc]
[tree_learner: serial]
[device_type: cpu]
[data: ]
[valid: ]
[num_iterations: 100]
[learning_rate: 0.0165682]
[num_leaves: 32]
[num_threads: 4]
[max_depth: 5]
[min_data_in_leaf: 20]
[min_sum_hessian_in_leaf: 3.26066]
[bagging_fraction: 1]
[bagging_freq: 33]
[bagging_seed: 3]
[feature_fraction: 1]
[feature_fraction_seed: 2]
[early_stopping_round: 0]
[max_delta_step: 0]
[lambda_l1: 1.28599]
[lambda_l2: 1.16581]
[min_gain_to_split: 0]
[drop_rate: 0.1]
[max_drop: 50]
[skip_drop: 0.5]
[xgboost_dart_mode: 0]
[uniform_drop: 0]
[drop_seed: 4]
[top_rate: 0.2]
[other_rate: 0.1]
[min_data_per_group: 100]
[max_cat_threshold: 32]
[cat_l2: 10]
[cat_smooth: 10]
[max_cat_to_onehot: 4]
[top_k: 20]
[monotone_constraints: ]
[feature_contri: ]
[forcedsplits_filename: ]
[refit_decay_rate: 0.9]
[verbosity: -1]
[max_bin: 255]
[min_data_in_bin: 3]
[bin_construct_sample_cnt: 200000]
[histogram_pool_size: -1]
[data_random_seed: 1]
[output_model: LightGBM_model.txt]
[snapshot_freq: -1]
[input_model: ]
[output_result: LightGBM_predict_result.txt]
[initscore_filename: ]
[valid_data_initscores: ]
[pre_partition: 0]
[enable_bundle: 1]
[max_conflict_rate: 0]
[is_enable_sparse: 1]
[sparse_threshold: 0.8]
[use_missing: 1]
[zero_as_missing: 0]
[two_round: 0]
[save_binary: 0]
[enable_load_from_binary_file: 1]
[header: 0]
[label_column: ]
[weight_column: ]
[group_column: ]
[ignore_column: ]
[categorical_feature: ]
[predict_raw_score: 0]
[predict_leaf_index: 0]
[predict_contrib: 0]
[num_iteration_predict: -1]
[pred_early_stop: 0]
[pred_early_stop_freq: 10]
[pred_early_stop_margin: 10]
[convert_model_language: ]
[convert_model: gbdt_prediction.cpp]
[num_class: 1]
[is_unbalance: 0]
[scale_pos_weight: 1]
[sigmoid: 1]
[boost_from_average: 1]
[reg_sqrt: 0]
[alpha: 0.9]
[fair_c: 1]
[poisson_max_delta_step: 0.7]
[tweedie_variance_power: 1.5]
[max_position: 20]
[label_gain: ]
[metric_freq: 1]
[is_provide_training_metric: 0]
[eval_at: ]
[num_machines: 1]
[local_listen_port: 12400]
[time_out: 120]
[machine_list_filename: ]
[machines: ]
[gpu_platform_id: -1]
[gpu_device_id: -1]
[gpu_use_dp: 0]

end of parameters

pandas_categorical:[[0, 1, 2], [0, 1, 2, 3, 4, 5, 6, 7, 8, 9, 10, 11, 12, 13, 14, 15, 16, 17, 18, 19, 20, 21, 22, 23, 24, 25, 26, 27, 28, 29, 30, 31, 32, 33, 34, 35, 36, 37, 38, 39, 40, 41, 42, 43, 44, 45, 46, 47, 48, 49, 50, 51, 52, 53, 54, 55, 56, 57, 58, 59, 60, 61, 62, 63, 64, 65, 66, 67, 68, 69, 70, 71, 72, 73, 74, 75, 76, 77, 78, 79, 80, 81, 82, 83, 84, 85, 86, 87, 88, 89, 90, 91, 92, 93, 94, 95, 96, 97, 98, 99, 100, 101, 102, 103, 104, 105, 106, 107, 108, 109, 110, 111, 112, 113, 114, 115, 116, 117, 118, 119, 120, 121, 122, 123, 124, 125, 126, 127, 128, 129, 130, 131, 132, 133, 134, 135, 136, 137, 138, 139, 140, 141, 142, 143, 144, 145, 146, 147, 148, 149, 150, 151, 152, 153, 154, 155, 156, 157, 158, 159, 160, 161, 162, 163, 164, 165, 166, 167, 168, 169, 170, 171, 172, 173, 174, 175], [0, 1, 2, 3, 4, 5, 6, 7, 8, 9, 10, 11, 12, 13, 14, 15], [0, 1, 2, 3, 4, 5, 6, 7, 8, 9, 10, 11, 12, 13, 14, 15, 16, 17, 18, 19, 20, 21, 22, 23, 24, 25, 26, 27, 28, 29, 30]]
