tree
version=v2
num_class=1
num_tree_per_iteration=1
label_index=0
max_feature_idx=13
objective=binary sigmoid:1
feature_names=c_table_1.c_2 c_table_1.c_3 c_table_1.c_5 n_table_1.n_3 n_table_1.n_10 n_table_1.n_12 n_table_1.n_15 n_table_1.n_16 n_table_1.n_17 n_table_1.n_18 n_table_1.n_19 n_table_1.n_26 n_table_1.n_27 c_table_2.c_4
feature_infos=49:0:5:3:8:19:33:31:47:159:129:39:41:26:141:36:21:78:84:6:74:88:176:90:29:189:30:106:75:110:57:65:77:28:73:197:89:107:155:43:147:40:46:67:69:146:167:10:66:101:11:99:2:48:200:12:13:71:9:60:140:198:52:85:93:154:17:32:34:50:58:64:83:100:117:148:161:175:196:4:59:72:87:91:95:187:20:35:56:98:102:111:116:120:128:144:168:179:185:1:25:42:55:76:92:94:104:112:126:139:162:164:190:15:18:37:51:115:118:127:133:149:158:169:180:182:191:194:203 46:0:74:18:55:6:64:102:68:3:87:45:36:37:84:147:5:48:121:81:86:22:181:10:2:16:92:52:71:56:79:148:109:101:115:169:42:98:19:95:93:188:27:40:114:126:135:53:151:62:106:150:9:33:39:54:94:123:11:14:30:213:8:70:130:146:154:207:23:24:72:120:155:80:100:118:158:166:186:187:200:210:211:34:89:201:1:75:82:111:119:153:163:191:208:20:21:29:58:61:66:116:162:174:183:185:197:212:13:41:43:49:83:85:107:117:127:134:167:170:176:190:193:50:63:78:88:97:122:136:137:168:175:182:203:217:218 2:0:7:8:9:3:10:1:6:17:20:4:22:26:25:12:47:14:5:33:29:11:18:42:24:16:41:19:31:38:13:30:36:43:54:55 [1:175] [1:68.5] [1:8524] [1:263222] [1:249100] [1:418837] [1:574087] [1:1285890] [1:121640] [1:151] 18:0:70:6:20:32:21:40:12:38:10:4:9:46:78:27:60:23:31:7:59:67:11:24:68:107:93:16:55:49:81:131:48:30:72:114:90:51:66:101:104:119:87:15:5:29:111:82:96:89:14:88:100:41:79:80:28:97:113:1:8:33:35:39:61:98:108:120:140:17:45:50:91:25:64:105:106:133:13:19:26:37:42:54:58:69:71:83:95:99:102:118:148
tree_sizes=591 530 574 597 627 615 720 659 724

Tree=0
num_leaves=6
num_cat=1
split_feature=9 13 5 3 6
split_gain=17.5632 4.26845 1.76708 1.52438 2.68745
threshold=33815.500000000007 0 294.25000000000006 16.000000000000004 154.75000000000003
decision_type=2 5 2 2 2
left_child=1 -1 -2 4 -3
right_child=2 3 -4 -5 -6
leaf_value=-3.1755060490356724 -2.9630675578265753 -3.2867746851988358 -3.1638245939607583 -3.347902864175023 -3.1873227218725781
leaf_count=156 168 858 222 392 204
internal_value=0 -0.235632 0.975002 -0.314061 -0.205132
internal_count=2000 1610 390 1454 1062
cat_boundaries=0 3
cat_threshold=8651328 16384 72
shrinkage=1


Tree=1
num_leaves=5
num_cat=2
split_feature=9 13 11 1
split_gain=10.9479 3.63046 3.01367 1.7633
threshold=33815.500000000007 0 459.25000000000006 1
decision_type=2 5 2 5
left_child=1 -1 -2 -3
right_child=2 3 -4 -5
leaf_value=0.045879739087252805 0.18142569410618031 0.017165501718088363 0 -0.063566598284298143
leaf_count=156 246 163 144 1291
internal_value=0 -0.194359 0.716707 -0.276297
internal_count=2000 1610 390 1454
cat_boundaries=0 3 8
cat_threshold=8651344 16384 64 4456480 1114160 1179648 0 1048576
shrinkage=0.176478


Tree=2
num_leaves=6
num_cat=3
split_feature=1 9 2 9 13
split_gain=8.40923 14.8256 1.84507 2.74494 0.920922
threshold=0 36334.750000000007 1 313.00000000000006 2
decision_type=5 2 5 2 5
left_child=-1 2 3 4 -2
right_child=1 -3 -4 -5 -6
leaf_value=-0.083472303026605993 -0.021777741954306443 0.21670403817434247 0.043394328097781702 -0.10777830333719163 0.026200056206288298
leaf_count=393 495 246 239 265 362
internal_value=0 0.198647 -0 -0.119183 0
internal_count=2000 1607 1361 1122 857
cat_boundaries=0 3 4 5
cat_threshold=1100 8413184 281019537 399 1
shrinkage=0.176478


Tree=3
num_leaves=6
num_cat=3
split_feature=1 0 6 12 2
split_gain=7.4685 8.5497 3.80164 3.23166 0.50523
threshold=0 1 2328.2500000000005 3.2500000000000004 2
decision_type=5 5 2 2 5
left_child=-1 4 -3 -4 -2
right_child=1 2 3 -5 -6
leaf_value=-0.081501126919953565 -0 0 0.29112277731280944 0.068071118505353898 -0.046115461948108796
leaf_count=397 815 223 151 205 209
internal_value=0 0.174562 0.552588 1.0542 -0.114161
internal_count=2000 1603 579 356 1024
cat_boundaries=0 6 13 14
cat_threshold=76 8413184 281052177 8192 0 512 2216689921 33686018 67108864 1024 8192 0 32 129
shrinkage=0.176478


Tree=4
num_leaves=6
num_cat=2
split_feature=0 6 13 3 6
split_gain=5.86562 12.4905 2.97103 2.15719 2.7372
threshold=0 47280.250000000007 1 16.000000000000004 154.75000000000003
decision_type=5 2 5 2 2
left_child=-1 2 -2 4 -4
right_child=1 -3 3 -5 -6
leaf_value=-0.074743544855991634 0.066752473782616575 0.26282568673155771 -0.025991546410699892 -0.077278734775938662 0.085793651172444141
leaf_count=406 142 106 774 387 185
internal_value=0 0.138452 0 -0.100694 0
internal_count=2000 1594 1488 1346 959
cat_boundaries=0 6 8
cat_threshold=3290431808 131586 84951040 16384 8192 536870912 2156136000 268451840
shrinkage=0.176478


Tree=5
num_leaves=6
num_cat=2
split_feature=1 7 7 7 13
split_gain=8.36739 6.54742 1.59448 4.2988 0.16083
threshold=0 7072.7500000000009 1642.7500000000002 19.750000000000004 1
decision_type=5 2 2 2 5
left_child=-1 2 3 4 -2
right_child=1 -3 -4 -5 -6
leaf_value=-0.083936576730604395 -0.012088990285843506 0.15390929747307611 -0.060794190881997563 0.14734997465475277 0.0058623529097037623
leaf_count=492 561 197 192 158 400
internal_value=0 0.177489 0.00516347 0.120774 -0
internal_count=2000 1508 1311 1119 961
cat_boundaries=0 6 7
cat_threshold=263244 8413184 281052305 1073750016 0 2097664 1
shrinkage=0.176478


Tree=6
num_leaves=7
num_cat=3
split_feature=1 7 13 0 6 5
split_gain=5.3312 5.12193 2.02371 2.08378 2.05359 6.06931
threshold=0 21735.250000000004 1 2 6.2500000000000009 24.250000000000004
decision_type=5 2 5 5 2 2
left_child=-1 2 -2 -4 -5 -6
right_child=1 -3 3 4 5 -7
leaf_value=-0.073436983724829999 -0.050198938664786828 0.16095291773944201 -0.03302747837863404 0.0039357480927254837 0.23099822838883646 0
leaf_count=443 165 95 173 793 126 205
internal_value=0 0.119275 0.00249795 0.107985 0.21041 0.549538
internal_count=2000 1557 1462 1297 1124 331
cat_boundaries=0 6 9 16
cat_threshold=262220 8404992 281019537 1074274304 0 2097152 137370768 134217985 16384 69206272 33686018 0 0 8192 65536 32
shrinkage=0.176478


Tree=7
num_leaves=7
num_cat=1
split_feature=0 3 9 9 9 8
split_gain=2.9264 3.0891 7.30214 1.41964 0.62427 0.566146
threshold=0 25.750000000000004 11583.250000000002 42301.000000000007 284.50000000000006 1213.0000000000002
decision_type=5 2 2 2 2 2
left_child=-1 2 4 5 -2 -3
right_child=1 3 -4 -5 -6 -7
leaf_value=-0.064902006671592502 0.013301009065720817 -0 0.17235705705213614 0 -0.046670102082926053 -0.11024717399288238
leaf_count=288 853 190 155 161 160 193
internal_value=0 0.0556141 0.234297 -0.198575 0 -0.422068
internal_count=2000 1712 1168 544 1013 383
cat_boundaries=0 6
cat_threshold=2216689920 514 84951040 16384 0 536870912
shrinkage=0.176478


Tree=8
num_leaves=7
num_cat=3
split_feature=13 0 10 2 12 10
split_gain=4.31983 4.87112 3.39696 1.3617 1.09926 0.969719
threshold=0 1 86419.000000000015 2 9.2500000000000018 8536.7500000000018
decision_type=5 5 2 5 2 2
left_child=-1 -2 3 -3 -4 -5
right_child=1 2 4 5 -6 -7
leaf_value=-0.077610466394245819 -0.059921343236597993 -0.024192329706410026 0.17804844710872728 0.010511823039829003 0.013317743921977472 0.10488638878533796
leaf_count=273 323 290 77 815 97 125
internal_value=0 0.0704313 0.208792 0.0652854 0.688567 0.1632
internal_count=2000 1727 1404 1230 174 940
cat_boundaries=0 3 10 11
cat_threshold=154146944 134218049 604127248 3290431808 514 84951040 16384 2147491840 536870912 32 147852
shrinkage=0.176478


end of trees

feature importances:
n_table_1.n_18=7
c_table_2.c_4=7
c_table_1.c_2=5
c_table_1.c_3=5
n_table_1.n_15=5
n_table_1.n_16=4
c_table_1.c_5=3
n_table_1.n_3=3
n_table_1.n_12=2
n_table_1.n_19=2
n_table_1.n_27=2
n_table_1.n_17=1
n_table_1.n_26=1

parameters:
[boosting: gbdt]
[objective: binary]
[metric: auc]
[tree_learner: serial]
[device_type: cpu]
[data: ]
[valid: ]
[num_iterations: 100]
[learning_rate: 0.176478]
[num_leaves: 77]
[num_threads: 4]
[max_depth: 7]
[min_data_in_leaf: 20]
[min_sum_hessian_in_leaf: 5.6864]
[bagging_fraction: 0.5]
[bagging_freq: 11]
[bagging_seed: 3]
[feature_fraction: 0.7]
[feature_fraction_seed: 2]
[early_stopping_round: 0]
[max_delta_step: 0]
[lambda_l1: 1.47776]
[lambda_l2: 0.632291]
[min_gain_to_split: 0]
[drop_rate: 0.1]
[max_drop: 50]
[skip_drop: 0.5]
[xgboost_dart_mode: 0]
[uniform_drop: 0]
[drop_seed: 4]
[top_rate: 0.2]
[other_rate: 0.1]
[min_data_per_group: 100]
[max_cat_threshold: 32]
[cat_l2: 10]
[cat_smooth: 10]
[max_cat_to_onehot: 4]
[top_k: 20]
[monotone_constraints: ]
[feature_contri: ]
[forcedsplits_filename: ]
[refit_decay_rate: 0.9]
[verbosity: -1]
[max_bin: 255]
[min_data_in_bin: 3]
[bin_construct_sample_cnt: 200000]
[histogram_pool_size: -1]
[data_random_seed: 1]
[output_model: LightGBM_model.txt]
[snapshot_freq: -1]
[input_model: ]
[output_result: LightGBM_predict_result.txt]
[initscore_filename: ]
[valid_data_initscores: ]
[pre_partition: 0]
[enable_bundle: 1]
[max_conflict_rate: 0]
[is_enable_sparse: 1]
[sparse_threshold: 0.8]
[use_missing: 1]
[zero_as_missing: 0]
[two_round: 0]
[save_binary: 0]
[enable_load_from_binary_file: 1]
[header: 0]
[label_column: ]
[weight_column: ]
[group_column: ]
[ignore_column: ]
[categorical_feature: ]
[predict_raw_score: 0]
[predict_leaf_index: 0]
[predict_contrib: 0]
[num_iteration_predict: -1]
[pred_early_stop: 0]
[pred_early_stop_freq: 10]
[pred_early_stop_margin: 10]
[convert_model_language: ]
[convert_model: gbdt_prediction.cpp]
[num_class: 1]
[is_unbalance: 0]
[scale_pos_weight: 1]
[sigmoid: 1]
[boost_from_average: 1]
[reg_sqrt: 0]
[alpha: 0.9]
[fair_c: 1]
[poisson_max_delta_step: 0.7]
[tweedie_variance_power: 1.5]
[max_position: 20]
[label_gain: ]
[metric_freq: 1]
[is_provide_training_metric: 0]
[eval_at: ]
[num_machines: 1]
[local_listen_port: 12400]
[time_out: 120]
[machine_list_filename: ]
[machines: ]
[gpu_platform_id: -1]
[gpu_device_id: -1]
[gpu_use_dp: 0]

end of parameters

pandas_categorical:[[0, 1, 2, 3, 4, 5, 6, 7, 8, 9, 10, 11, 12, 13, 14, 15, 16, 17, 18, 19, 20, 21, 22, 23, 24, 25, 26, 27, 28, 29, 30, 31, 32, 33, 34, 35, 36, 37, 38, 39, 40, 41, 42, 43, 44, 45, 46, 47, 48, 49, 50, 51, 52, 53, 54, 55, 56, 57, 58, 59, 60, 61, 62, 63, 64, 65, 66, 67, 68, 69, 70, 71, 72, 73, 74, 75, 76, 77, 78, 79, 80, 81, 82, 83, 84, 85, 86, 87, 88, 89, 90, 91, 92, 93, 94, 95, 96, 97, 98, 99, 100, 101, 102, 103, 104, 105, 106, 107, 108, 109, 110, 111, 112, 113, 114, 115, 116, 117, 118, 119, 120, 121, 122, 123, 124, 125, 126, 127, 128, 129, 130, 131, 132, 133, 134, 135, 136, 137, 138, 139, 140, 141, 142, 143, 144, 145, 146, 147, 148, 149, 150, 151, 152, 153, 154, 155, 156, 157, 158, 159, 160, 161, 162, 163, 164, 165, 166, 167, 168, 169, 170, 171, 172, 173, 174, 175, 176, 177, 178, 179, 180, 181, 182, 183, 184, 185, 186, 187, 188, 189, 190, 191, 192, 193, 194, 195, 196, 197, 198, 199, 200, 201, 202, 203, 204, 205, 206], [0, 1, 2, 3, 4, 5, 6, 7, 8, 9, 10, 11, 12, 13, 14, 15, 16, 17, 18, 19, 20, 21, 22, 23, 24, 25, 26, 27, 28, 29, 30, 31, 32, 33, 34, 35, 36, 37, 38, 39, 40, 41, 42, 43, 44, 45, 46, 47, 48, 49, 50, 51, 52, 53, 54, 55, 56, 57, 58, 59, 60, 61, 62, 63, 64, 65, 66, 67, 68, 69, 70, 71, 72, 73, 74, 75, 76, 77, 78, 79, 80, 81, 82, 83, 84, 85, 86, 87, 88, 89, 90, 91, 92, 93, 94, 95, 96, 97, 98, 99, 100, 101, 102, 103, 104, 105, 106, 107, 108, 109, 110, 111, 112, 113, 114, 115, 116, 117, 118, 119, 120, 121, 122, 123, 124, 125, 126, 127, 128, 129, 130, 131, 132, 133, 134, 135, 136, 137, 138, 139, 140, 141, 142, 143, 144, 145, 146, 147, 148, 149, 150, 151, 152, 153, 154, 155, 156, 157, 158, 159, 160, 161, 162, 163, 164, 165, 166, 167, 168, 169, 170, 171, 172, 173, 174, 175, 176, 177, 178, 179, 180, 181, 182, 183, 184, 185, 186, 187, 188, 189, 190, 191, 192, 193, 194, 195, 196, 197, 198, 199, 200, 201, 202, 203, 204, 205, 206, 207, 208, 209, 210, 211, 212, 213, 214, 215, 216, 217, 218, 219, 220], [0, 1, 2, 3, 4, 5, 6, 7, 8, 9, 10, 11, 12, 13, 14, 15, 16, 17, 18, 19, 20, 21, 22, 23, 24, 25, 26, 27, 28, 29, 30, 31, 32, 33, 34, 35, 36, 37, 38, 39, 40, 41, 42, 43, 44, 45, 46, 47, 48, 49, 50, 51, 52, 53, 54, 55, 56], [0, 1, 2, 3, 4, 5, 6, 7, 8, 9, 10, 11, 12, 13, 14, 15, 16, 17, 18, 19, 20, 21, 22, 23, 24, 25, 26, 27, 28, 29, 30, 31, 32, 33, 34, 35, 36, 37, 38, 39, 40, 41, 42, 43, 44, 45, 46, 47, 48, 49, 50, 51, 52, 53, 54, 55, 56, 57, 58, 59, 60, 61, 62, 63, 64, 65, 66, 67, 68, 69, 70, 71, 72, 73, 74, 75, 76, 77, 78, 79, 80, 81, 82, 83, 84, 85, 86, 87, 88, 89, 90, 91, 92, 93, 94, 95, 96, 97, 98, 99, 100, 101, 102, 103, 104, 105, 106, 107, 108, 109, 110, 111, 112, 113, 114, 115, 116, 117, 118, 119, 120, 121, 122, 123, 124, 125, 126, 127, 128, 129, 130, 131, 132, 133, 134, 135, 136, 137, 138, 139, 140, 141, 142, 143, 144, 145, 146, 147, 148, 149, 150]]
