tree
version=v2
num_class=1
num_tree_per_iteration=1
label_index=0
max_feature_idx=11
objective=binary sigmoid:1
feature_names=n_1 c_table_1.c_2 c_table_1.c_4 n_table_1.n_12 n_table_1.n_15 n_table_1.n_16 n_table_1.n_18 n_table_1.n_19 n_table_1.n_26 c_table_2.c_1 n_table_2.n_13 n_table_3.n_3
feature_infos=[1:335.5] 24:0:17:16:10:7:34:23:19:60:18:15:44:28:1:5:8:35:45:38:41:68:4:12:25:13:2:75:49:20:39:48:50:46:21:111:22:92:33:56:57:59:87:27:79:120:9:37:43:62:125:26:47:96:40:61:70:73:3:6:67:72:76:31:42:66:77:85:104:108:124:132:53:54:89:91:93:136:55:64:82:84:94:101:115:121:140:36:51:71:80:81:88:97:98:102:103:119:127:135:147:149:30:52:63:118:123:133:139:144:165:167:32:58:69:74:78:90:99:110:112:114:116:131:134:137:146:161:162:166:174 4:0:10:12:2:11:7:5:45:51:35:8:18:23:33:40:77:30:37:38:41:57:29:28:16:74:62:49:13:21:48:104:6:69:22:26:39:54:19:27:72:87:95:3:31:55:56:106:15:17:60:61:96:103:92:25:66:67:78:80:81:93:94:109:113:117:122:1:24:44:46:47:53:59:65:83:84:99:112:121:133:14:20:36:63:70:82:97:102:116:136:32:34:42:52:58:64:71:75:85:90:98:107:111:115:124:129:130:131:132 [1:8524] [1:274774] [1:249100] [1:574087] [1:1285890] [1:121640] 1:0 [1:395101] [1:509664]
tree_sizes=1540 1792 2080 1526 1644 1955 1768 1973

Tree=0
num_leaves=19
num_cat=1
split_feature=5 11 11 11 6 10 10 9 0 11 0 8 6 3 5 5 3 8
split_gain=19.2499 4.86327 10.8685 3.44292 2.51631 2.41704 2.91496 2.08545 2.02935 1.87765 1.7271 1.21684 0.576072 0.485158 0.473494 0.416623 0.0776141 0.00276482
threshold=18433.000000000004 25.000000000000004 456.25000000000006 162.25000000000003 77962.000000000015 14191.000000000002 84.250000000000014 0 19.750000000000004 18401.500000000004 3.2500000000000004 296.50000000000006 31120.000000000004 783.25000000000011 116.50000000000001 13912.750000000002 204.25000000000003 967.75000000000011
decision_type=2 2 2 2 2 2 2 1 2 2 2 2 2 2 2 2 2 2
left_child=1 4 -3 7 8 6 9 13 11 10 14 15 -8 16 -4 -1 -2 -13
right_child=3 2 5 -5 -6 -7 12 -9 -10 -11 -12 17 -14 -15 -16 -17 -18 -19
leaf_value=-2.8559737461866739 -2.8106757024829077 -2.7088616749731163 -2.8520015630578515 -2.6783535173630519 -2.7810194036658347 -2.7582071429251118 -2.8546100810617334 -2.7423111874711257 -2.7961595174196554 -2.7469116384372301 -2.7777544617796028 -2.8081000326048273 -2.8106757024829077 -2.8397021002958462 -2.8106757024829077 -2.8106757024829077 -2.7947127524242319 -2.8106757024829077
leaf_count=931 21 91 86 95 35 24 339 48 45 30 46 21 33 35 32 38 29 21
internal_value=0 -0.226085 0.0427708 1.02736 -0.402208 -0.172881 -0.262112 0.307977 -0.449689 0.104734 -0.0558159 -0.49496 -0.479593 -0.016609 -0.368872 -0.527208 0.100066 0
internal_count=2000 1772 681 228 1091 590 566 133 1056 194 164 1011 372 85 118 969 50 42
cat_boundaries=0 1
cat_threshold=2
shrinkage=1


Tree=1
num_leaves=23
num_cat=2
split_feature=1 6 11 11 6 6 3 10 10 3 3 11 8 6 3 6 10 9 10 0 8 6
split_gain=13.4261 7.14947 4.03222 3.70922 2.63521 4.70333 3.87062 2.54451 1.99441 1.50827 1.6725 1.09039 1.27156 0.963859 0.786018 0.756748 0.691369 2.66693 1.11223 0.171534 0.131055 0.0811079
threshold=0 40848.250000000007 25.000000000000004 456.25000000000006 177081.50000000003 129145.50000000001 783.25000000000011 14191.000000000002 84.250000000000014 129.25000000000003 190.75000000000003 20500.000000000004 6.2500000000000009 1623.2500000000002 129.25000000000003 211059.00000000003 166.00000000000003 1 731.50000000000011 27.250000000000004 32.500000000000007 14377.000000000002
decision_type=5 2 2 2 2 2 2 2 2 2 2 2 2 2 2 2 2 1 2 2 2 2
left_child=16 2 9 13 5 6 -3 8 11 19 -11 12 -5 -4 20 -6 17 -1 -18 -2 -10 -12
right_child=1 4 3 7 15 -7 -8 -9 14 10 21 -13 -14 -15 -16 -17 18 -19 -20 -21 -22 -23
leaf_value=0.029318022471466344 -0.04697545250864045 0.06562293101087685 0.068047506242260997 -0.026595979678857146 -0.033811119686474718 0.14693845064158459 -0.041650802359738913 0.05212838998795391 -0.04821845963080415 0.040000246003185566 -0 0.04651188902529689 0.033452814198638575 -0 0 0.015689518604196845 -0.013718247636921232 0.15409103168303215 0.04725639117487726 -0 -0 -0.036967278090006606
leaf_count=88 856 48 62 135 38 26 52 23 274 42 20 25 20 20 30 28 20 68 36 20 22 47
internal_value=0 -0.198178 -0.324065 -0.0222326 0.473738 0.788155 0.0615474 -0.191438 -0.293414 -0.496141 -0 0.00592454 -0.0990651 0.635368 -0.488029 -0.0464648 0.638469 1.29397 0.193819 -0.555291 -0.553373 -0.377707
internal_count=2000 1788 1596 611 192 126 100 529 506 985 109 180 155 82 326 66 212 156 56 876 296 67
cat_boundaries=0 4 5
cat_threshold=4268066 402669576 16 32768 2
shrinkage=0.0831216


Tree=2
num_leaves=27
num_cat=1
split_feature=7 11 11 7 3 3 5 6 0 9 6 5 11 3 0 7 5 3 3 6 0 0 7 11 7 7
split_gain=16.0548 5.06813 7.6162 2.47167 5.15648 2.3188 1.70667 1.20752 1.10756 1.07545 0.910382 1.93572 2.1522 1.58811 1.23926 1.05747 0.871292 0.758114 0.706821 0.922264 0.678813 0.440366 0.231112 0.214837 0.134003 1.79745
threshold=346413.00000000006 25.000000000000004 456.25000000000006 60628.000000000007 66.250000000000014 59.500000000000007 40927.750000000007 82348.000000000015 27.250000000000004 0 861.25000000000011 116.50000000000001 19354.750000000004 778.75000000000011 7.7500000000000009 3.2500000000000004 28.750000000000004 297.25000000000006 772.00000000000011 55756.000000000007 3.2500000000000004 6.2500000000000009 79565.500000000015 114923.00000000001 553938.00000000012 413985.50000000006
decision_type=2 2 2 2 2 2 2 2 2 1 2 2 2 2 2 2 2 2 2 2 2 2 2 2 2 2
left_child=1 3 16 5 -5 8 10 18 -1 17 11 12 20 14 23 -14 21 -7 19 22 -4 -3 -6 -12 25 -2
right_child=24 2 6 4 7 9 -8 -9 -10 -11 13 -13 15 -15 -16 -17 -18 -19 -20 -21 -22 -23 -24 -25 -26 -27
leaf_value=-0.043802438429392271 0.075785380523794396 -0 -0.045652636458186124 0.10030765193941141 0.0083920507886337519 0.05902021848848165 0.051039028258924778 -0.048199710213760967 0.0019965448841976689 -0.019305901775778924 -0.053287447569542533 0.064565814592247625 0.030520396260715579 0.019094900433574608 0.0040007233746971989 -0.019374972445322051 0.12169684967856688 -0 -0.02543812398141946 0.055064547565596048 0 0.035335689848397661 -0.020583170826319806 -0 0.16444472627125545 -0.0012644490819556427
leaf_count=863 31 22 145 25 33 33 21 64 21 26 169 20 146 26 21 26 37 24 33 21 53 38 27 20 26 29
internal_value=0 -0.143603 0.11585 -0.328318 0.0372659 -0.425123 -0.0649259 -0.226681 -0.496583 0.118193 -0.142805 -0 -0.10923 -0.33321 -0.481497 0.183187 1.01867 0.459186 0 0.249198 -0.415842 0.235408 -0 -0.596237 1.43527 0.478324
internal_count=2000 1914 744 1170 203 967 647 178 884 83 626 390 370 236 210 172 97 57 114 81 198 60 60 189 86 60
cat_boundaries=0 1
cat_threshold=2
shrinkage=0.0831216


Tree=3
num_leaves=19
num_cat=1
split_feature=7 1 11 11 7 7 7 11 11 8 11 11 8 6 5 8 7 6
split_gain=13.839 5.85488 3.87072 3.71645 2.81964 1.68133 2.22088 1.17281 1.06358 0.963575 1.91895 3.76851 1.33204 0.922787 0.925149 0.862085 0.479651 1.34005
threshold=346413.00000000006 0 25.000000000000004 962.50000000000011 263015.50000000006 66613.000000000015 185672.00000000003 20694.250000000004 221116.00000000003 32.500000000000007 19354.750000000004 25500.250000000004 93.250000000000014 17428.000000000004 95.500000000000014 65.500000000000014 81205.750000000015 55756.000000000007
decision_type=2 5 2 2 2 2 2 2 2 2 2 2 2 2 2 2 2 2
left_child=1 4 5 13 7 -3 16 -1 9 10 -5 -12 -11 14 -4 -2 -7 -18
right_child=15 2 3 8 -6 6 -8 -9 -10 12 11 -13 -14 -15 -16 -17 17 -19
leaf_value=0.07310856333084742 0.0069326343240462837 -0.040690007820565678 0.015371890159588116 -0.05345590063506267 -0.020845303395448014 0.060382845077204435 -0.04197917163239321 0 0.02501921283978914 0.051110599820020912 0.078591128049334158 -0.025075995589488961 -0.017482049134943119 -0 0.096950273180752541 0.12988526099599818 -0.02884980239177409 0.043954251208436323
leaf_count=165 29 907 112 190 24 20 53 34 23 25 24 186 44 22 23 57 36 26
internal_value=0 -0.127668 -0.22153 0 0.335013 -0.417504 0 0.754345 -0.185925 -0.25865 -0.348565 -0 0.0516533 0.504987 0.622459 1.30449 0.408519 0
internal_count=2000 1914 1691 649 223 1042 135 199 492 469 400 210 69 157 135 86 82 62
cat_boundaries=0 4
cat_threshold=4465714 268713992 0 32768
shrinkage=0.0831216


Tree=4
num_leaves=21
num_cat=0
split_feature=7 0 11 11 8 7 8 4 6 11 11 8 4 4 8 7 4 4 4 7
split_gain=11.6298 4.31589 3.01528 5.28411 3.3834 1.93557 2.15693 2.81352 1.29167 1.02872 0.951774 0.803689 0.754959 0.583724 0.422413 0.642101 0.331791 1.93581 0.606686 0.150801
threshold=346413.00000000006 18.250000000000004 25.000000000000004 162.25000000000003 1138.0000000000002 60628.000000000007 4.7500000000000009 5054.5000000000009 1.7500000000000002 221116.00000000003 941.50000000000011 296.50000000000006 147.25000000000003 12719.500000000002 65.500000000000014 553938.00000000012 2558.5000000000005 295.00000000000006 939.25000000000011 79565.500000000015
decision_type=2 2 2 2 2 2 2 2 2 2 2 2 2 2 2 2 2 2 2 2
left_child=1 2 5 -4 9 11 -7 -8 -3 10 12 16 -5 -12 -2 -16 17 -1 -19 -9
right_child=14 8 3 4 -6 6 7 19 -10 -11 13 -13 -14 -15 15 -17 -18 18 -20 -21
leaf_value=-0.03578258235669151 0.0066161947081412095 0.078686129111552067 0.091265467416147231 -0.011428686198726772 0.07353081926923298 0.061106589125304381 0.03802891838280463 -0 -0 0.025899940122706494 -0.014304857768428767 0 0.032461524343112495 -0.054488722063523148 0.017990436123524162 0.14767759053643581 -0.062768327908244201 0.037205508301419193 -0.0010360086376617601 -0.047747417015267753
leaf_count=647 29 51 37 77 22 29 38 20 36 22 431 23 39 84 34 23 141 35 76 106
internal_value=0 -0.11478 -0.173779 0.0252566 -0.0780638 -0.323559 0 -0.17022 0.655393 -0.178845 -0.2333 -0.415506 0.0113216 -0.3189 1.16377 1.36266 -0.442757 -0.329179 0.106098 -0.519183
internal_count=2000 1914 1827 712 675 1115 193 164 87 653 631 922 116 515 86 57 899 758 111 126
shrinkage=0.0831216


Tree=5
num_leaves=25
num_cat=2
split_feature=7 0 4 2 10 10 3 7 10 7 10 7 3 8 8 8 0 10 10 3 9 10 10 0
split_gain=10.2662 3.7391 2.38527 1.96925 1.96789 3.98527 1.65807 2.93772 1.53246 1.52087 1.07193 0.858879 0.712228 0.827458 0.706434 0.590692 0.541599 0.456476 0.772426 0.373875 0.113248 0.0901214 0.0424511 0.00366489
threshold=346413.00000000006 18.250000000000004 147.25000000000003 0 152.50000000000003 3.2500000000000004 55.000000000000007 79565.500000000015 12679.750000000002 3286.0000000000005 1.7500000000000002 3.2500000000000004 157.00000000000003 3.2500000000000004 229.75000000000003 102.25000000000001 25.750000000000004 1448.5000000000002 1.7500000000000002 12.250000000000002 1 152.50000000000003 745.75000000000011 33.250000000000007
decision_type=2 2 2 5 2 2 2 2 2 2 2 2 2 2 2 2 2 2 2 2 1 2 2 2
left_child=1 2 8 -4 5 6 9 -8 11 -5 14 17 13 22 -2 -7 -3 18 -1 -13 -21 -20 -6 -18
right_child=10 16 3 4 12 15 7 -9 -10 -11 -12 19 -14 -15 -16 -17 23 -19 21 20 -22 -23 -24 -25
leaf_value=-0.019260023745745706 0.042847440791208204 0.069009009014533496 -0.022838063932387381 0.027799270649914658 -0 0.11179040682613224 0.062703007697586716 -0.0044574292152365523 0.027371476773162602 -0.029928855838901692 0.12134808139228774 -0.058906656677419317 -0.041494770678209399 0.03312702337777431 -0.0018233166871432114 0 -0 -0.046962762463905287 0.011371786475354423 -0.016048293195177796 0.0023174403756363541 -0 -0.025056378032451608 0.0029733903099285731
leaf_count=563 22 45 100 37 21 33 110 127 21 185 39 182 52 34 25 22 22 73 81 24 22 106 34 20
internal_value=0 -0.101912 -0.158945 0.00908824 0.123489 0.290031 0.0787396 0.322848 -0.299447 -0.153259 1.08101 -0.339712 -0.218675 0 0.178976 1.10543 0.601758 -0.219908 -0.140591 -0.616194 -0 0.0441705 -0.246117 0
internal_count=2000 1914 1827 755 655 514 459 237 1072 222 86 1051 141 89 47 55 87 823 750 228 46 187 55 42
cat_boundaries=0 3 4
cat_threshold=805307428 0 8192 2
shrinkage=0.0831216


Tree=6
num_leaves=24
num_cat=0
split_feature=5 11 11 11 6 10 10 11 3 6 3 5 3 5 6 5 6 11 7 3 6 5 11
split_gain=9.7521 3.08988 5.22738 1.81092 1.7065 1.65466 2.50062 1.37543 1.23051 1.20035 0.876786 1.53056 0.66207 0.556851 0.544364 0.504366 0.47322 0.417814 0.378681 0.348563 0.165975 0.142196 0.027749
threshold=18433.000000000004 25.000000000000004 456.25000000000006 162.25000000000003 77962.000000000015 14191.000000000002 84.250000000000014 18401.500000000004 220.00000000000003 113580.00000000001 100.00000000000001 2565.2500000000005 170.50000000000003 116.50000000000001 82348.000000000015 28.750000000000004 31120.000000000004 992.50000000000011 413985.50000000006 190.75000000000003 17428.000000000004 43495.750000000007 162.25000000000003
decision_type=2 2 2 2 2 2 2 2 2 2 2 2 2 2 2 2 2 2 2 2 2 2 2
left_child=1 4 15 8 10 6 7 13 -2 21 -1 12 -12 17 -10 22 -8 -4 -16 -13 -15 -5 -3
right_child=3 2 5 9 -6 -7 16 -9 14 -11 11 19 -14 20 18 -17 -18 -19 -20 -21 -22 -23 -24
leaf_value=-0.03356364060093827 0.050122704848507935 0.020610613675626679 0 -0 0.02410382033993998 0.044248689629134336 -0.038317986678349979 0.056489771559281921 0.017865897012412986 0.11262676134153124 0.058032040574302973 0 -0 0.030388499940306464 -0.036024791778861379 0.095329808508011274 0 -0.031379485841233137 0 -0.041073245416265322 -0 0.019621680986835578 0
leaf_count=912 39 20 49 21 35 24 339 30 26 54 20 30 37 20 46 31 33 75 22 57 20 20 40
internal_value=0 -0.141639 0.0667338 0.697381 -0.298926 -0.102943 -0.190353 0.146398 0.182489 1.05706 -0.347079 -0 0.393927 -0 -0.0119612 0.790606 -0.411772 -0.207834 -0.263536 -0.346562 0.236578 0.0880544 0.169676
internal_count=2000 1772 681 228 1091 590 566 194 133 95 1056 144 57 164 94 91 372 124 68 87 40 41 60
shrinkage=0.0831216


Tree=7
num_leaves=26
num_cat=1
split_feature=1 6 5 11 5 11 11 5 11 5 7 11 11 7 7 8 7 11 11 11 5 6 8 11 0
split_gain=9.01651 7.6158 3.88085 3.28394 2.88082 2.03535 1.88178 2.43849 1.40902 1.2649 2.14032 1.20256 2.09955 1.11032 0.887072 1.35433 0.584265 0.334907 0.284566 0.273864 0.243914 0.220683 0.212892 0.0375146 0.0328378
threshold=0 133643.50000000003 1.7500000000000002 25.000000000000004 727.75000000000011 962.50000000000011 14005.750000000002 15.250000000000002 25500.250000000004 18433.000000000004 131793.50000000003 10904.500000000002 143.50000000000003 1.7500000000000002 13372.750000000002 87.250000000000014 110584.00000000001 12118.750000000002 80202.250000000015 134020.00000000003 50557.750000000007 4382.5000000000009 4.7500000000000009 42622.000000000007 12.250000000000002
decision_type=5 2 2 2 2 2 2 2 2 2 2 2 2 2 2 2 2 2 2 2 2 2 2 2 2
left_child=3 2 13 -1 11 -5 -7 8 -8 14 -11 12 22 -2 -6 21 -17 20 23 -20 -12 -16 -4 -10 -15
right_child=1 -3 4 5 9 6 7 -9 18 10 17 -13 -14 24 15 16 -18 -19 19 -21 -22 -23 -24 -25 -26
leaf_value=-0.039936677278282769 0.0072088479485851028 0.11189152559196219 0.025723584645675292 0.032464803489216709 0.028578885527510742 -0.048211411807041873 0.067517541050953117 -0.043670246875494007 -0 0.07961757561216426 -0 -0 0.14091014385821771 -0.042515360673031424 -0 0.020423482382366111 -0.019487962619734189 -0.02165135802671149 0.033569482370268369 -0 0.025930790275033783 -0.050041488875532517 -0 -0.017462031836532187 -0
leaf_count=745 40 67 61 119 40 127 41 60 41 35 37 22 24 142 22 90 26 22 21 40 30 74 26 27 21
internal_value=0 0.303667 0.16257 -0.24038 0.359913 -0 -0.186498 0.00839284 0.329822 0.113584 0.401164 0.877294 1.02391 -0.308063 -0.034194 -0.188674 0.0313468 0 0 0.195884 0.141579 -0.522503 0.19546 -0.139218 -0.475458
internal_count=2000 779 712 1221 509 476 357 230 170 376 124 133 111 203 252 212 116 89 129 61 67 96 87 68 163
cat_boundaries=0 2
cat_threshold=329814421 16782016
shrinkage=0.0831216


end of trees

feature importances:
n_table_3.n_3=37
n_table_1.n_19=24
n_table_1.n_18=21
n_table_1.n_12=18
n_table_1.n_16=17
n_table_1.n_26=16
n_table_2.n_13=16
n_1=12
n_table_1.n_15=7
c_table_2.c_1=4
c_table_1.c_2=3
c_table_1.c_4=1

parameters:
[boosting: gbdt]
[objective: binary]
[metric: auc]
[tree_learner: serial]
[device_type: cpu]
[data: ]
[valid: ]
[num_iterations: 100]
[learning_rate: 0.0831216]
[num_leaves: 77]
[num_threads: 4]
[max_depth: 8]
[min_data_in_leaf: 20]
[min_sum_hessian_in_leaf: 0.668656]
[bagging_fraction: 0.5]
[bagging_freq: 88]
[bagging_seed: 3]
[feature_fraction: 0.7]
[feature_fraction_seed: 2]
[early_stopping_round: 0]
[max_delta_step: 0]
[lambda_l1: 0.719024]
[lambda_l2: 1.75537]
[min_gain_to_split: 0]
[drop_rate: 0.1]
[max_drop: 50]
[skip_drop: 0.5]
[xgboost_dart_mode: 0]
[uniform_drop: 0]
[drop_seed: 4]
[top_rate: 0.2]
[other_rate: 0.1]
[min_data_per_group: 100]
[max_cat_threshold: 32]
[cat_l2: 10]
[cat_smooth: 10]
[max_cat_to_onehot: 4]
[top_k: 20]
[monotone_constraints: ]
[feature_contri: ]
[forcedsplits_filename: ]
[refit_decay_rate: 0.9]
[verbosity: -1]
[max_bin: 255]
[min_data_in_bin: 3]
[bin_construct_sample_cnt: 200000]
[histogram_pool_size: -1]
[data_random_seed: 1]
[output_model: LightGBM_model.txt]
[snapshot_freq: -1]
[input_model: ]
[output_result: LightGBM_predict_result.txt]
[initscore_filename: ]
[valid_data_initscores: ]
[pre_partition: 0]
[enable_bundle: 1]
[max_conflict_rate: 0]
[is_enable_sparse: 1]
[sparse_threshold: 0.8]
[use_missing: 1]
[zero_as_missing: 0]
[two_round: 0]
[save_binary: 0]
[enable_load_from_binary_file: 1]
[header: 0]
[label_column: ]
[weight_column: ]
[group_column: ]
[ignore_column: ]
[categorical_feature: ]
[predict_raw_score: 0]
[predict_leaf_index: 0]
[predict_contrib: 0]
[num_iteration_predict: -1]
[pred_early_stop: 0]
[pred_early_stop_freq: 10]
[pred_early_stop_margin: 10]
[convert_model_language: ]
[convert_model: gbdt_prediction.cpp]
[num_class: 1]
[is_unbalance: 0]
[scale_pos_weight: 1]
[sigmoid: 1]
[boost_from_average: 1]
[reg_sqrt: 0]
[alpha: 0.9]
[fair_c: 1]
[poisson_max_delta_step: 0.7]
[tweedie_variance_power: 1.5]
[max_position: 20]
[label_gain: ]
[metric_freq: 1]
[is_provide_training_metric: 0]
[eval_at: ]
[num_machines: 1]
[local_listen_port: 12400]
[time_out: 120]
[machine_list_filename: ]
[machines: ]
[gpu_platform_id: -1]
[gpu_device_id: -1]
[gpu_use_dp: 0]

end of parameters

pandas_categorical:[[0, 1, 2, 3, 4, 5, 6, 7, 8, 9, 10, 11, 12, 13, 14, 15, 16, 17, 18, 19, 20, 21, 22, 23, 24, 25, 26, 27, 28, 29, 30, 31, 32, 33, 34, 35, 36, 37, 38, 39, 40, 41, 42, 43, 44, 45, 46, 47, 48, 49, 50, 51, 52, 53, 54, 55, 56, 57, 58, 59, 60, 61, 62, 63, 64, 65, 66, 67, 68, 69, 70, 71, 72, 73, 74, 75, 76, 77, 78, 79, 80, 81, 82, 83, 84, 85, 86, 87, 88, 89, 90, 91, 92, 93, 94, 95, 96, 97, 98, 99, 100, 101, 102, 103, 104, 105, 106, 107, 108, 109, 110, 111, 112, 113, 114, 115, 116, 117, 118, 119, 120, 121, 122, 123, 124, 125, 126, 127, 128, 129, 130, 131, 132, 133, 134, 135, 136, 137, 138, 139, 140, 141, 142, 143, 144, 145, 146, 147, 148, 149, 150, 151, 152, 153, 154, 155, 156, 157, 158, 159, 160, 161, 162, 163, 164, 165, 166, 167, 168, 169, 170, 171, 172, 173, 174, 175, 176, 177, 178, 179, 180, 181, 182, 183, 184, 185, 186, 187, 188, 189, 190, 191, 192, 193, 194, 195], [0, 1, 2, 3, 4, 5, 6, 7, 8, 9, 10, 11, 12, 13, 14, 15, 16, 17, 18, 19, 20, 21, 22, 23, 24, 25, 26, 27, 28, 29, 30, 31, 32, 33, 34, 35, 36, 37, 38, 39, 40, 41, 42, 43, 44, 45, 46, 47, 48, 49, 50, 51, 52, 53, 54, 55, 56, 57, 58, 59, 60, 61, 62, 63, 64, 65, 66, 67, 68, 69, 70, 71, 72, 73, 74, 75, 76, 77, 78, 79, 80, 81, 82, 83, 84, 85, 86, 87, 88, 89, 90, 91, 92, 93, 94, 95, 96, 97, 98, 99, 100, 101, 102, 103, 104, 105, 106, 107, 108, 109, 110, 111, 112, 113, 114, 115, 116, 117, 118, 119, 120, 121, 122, 123, 124, 125, 126, 127, 128, 129, 130, 131, 132, 133, 134, 135, 136, 137, 138, 139, 140, 141, 142, 143, 144, 145, 146, 147, 148, 149, 150, 151], [0, 1]]
