tree
version=v2
num_class=1
num_tree_per_iteration=1
label_index=0
max_feature_idx=17
objective=binary sigmoid:1
feature_names=c_table_1.c_1 c_table_1.c_2 n_table_1.n_3 c_table_1.c_6 n_table_1.n_5 n_table_1.n_9 n_table_1.n_10 n_table_1.n_11 n_table_1.n_12 n_table_1.n_15 n_table_1.n_16 n_table_1.n_17 n_table_1.n_18 n_table_1.n_19 n_table_1.n_20 n_table_1.n_26 c_table_2.c_5 n_table_2.n_14
feature_infos=1:0 2:0:6:10:16:17:29:9:7:24:13:37:14:15:12:11:18:45:33:19:56:63:60:26:73:38:3:55:54:64:4:70:83:20:22:34:30:21:36:39:58:65:68:74:35:47:71:57:114:1:32:44:59:134:31:53:78:139:8:48:81:85:94:111:119:27:28:42:69:82:90:92:104:105:106:115:128:144:23:46:49:50:52:75:79:80:98:103:116:122:25:40:43:72:86:93:96:97:99:107:112:118:127:129:133:146:152:164 [1:175] 1:0:2:3:4:7:8:9:13:5:6:10:11:12 [1:24272.5] [1:2481850] [1:70] [1:6121] [1:7070.5] [1:423494] [1:313693] [1:372140] [1:441384] [1:1178200] [1:18856] [1:121640] 1:0:6:7:9:10:15:11:4:14:12:2:13:5:16:22:3:8:18:17:20:23:19:28 [1:92.5]
tree_sizes=633 647 904 812 711 835 783 801 847 946 606 899 584 970 814 725 879 927 822 846 754 657 755 888 658 616 935 770 655 727 606 892 751

Tree=0
num_leaves=7
num_cat=0
split_feature=12 8 13 10 10 17
split_gain=47.6266 8.38786 7.45844 13.0036 2.26201 1.66035
threshold=15357.250000000002 72.250000000000014 348060.50000000006 14739.250000000002 3624.2500000000005 4.7500000000000009
decision_type=2 2 2 2 2 2
left_child=1 4 3 -2 5 -1
right_child=2 -3 -4 -5 -6 -7
leaf_value=-2.6264640039074503 -2.5896824650321104 -2.5855472931616617 -2.6045656595469624 -2.5123283415443303 -2.6523535361722859 -2.6492665808640306
leaf_count=2512 217 152 197 177 187 158
internal_value=0 -0.201703 1.03066 1.36064 -0.25474 -0.21518
internal_count=3600 3009 591 394 2857 2670
shrinkage=1


Tree=1
num_leaves=7
num_cat=0
split_feature=12 8 9 15 11 5
split_gain=41.937 7.57527 7.1067 12.2381 3.46069 2.62987
threshold=15357.250000000002 72.250000000000014 67385.500000000015 187.75000000000003 542.50000000000011 49.750000000000007
decision_type=2 2 2 2 2 2
left_child=1 4 3 -2 5 -1
right_child=2 -3 -4 -5 -6 -7
leaf_value=-0.01084788116838387 0.030641038283880716 0.029882895721980451 0.014515787697917733 0.10979696790190703 -0.028895543489236692 0.0079860117875791854
leaf_count=2185 225 152 234 132 417 255
internal_value=0 -0.193989 0.943963 1.30121 -0.24568 -0.177643
internal_count=3600 3009 591 357 2857 2440
shrinkage=0.0479705


Tree=2
num_leaves=10
num_cat=1
split_feature=1 5 12 12 14 17 14 11 5
split_gain=39.3268 17.0082 7.78896 3.1399 4.97412 2.54563 2.40767 2.20207 1.69752
threshold=0 2422.0000000000005 23126.500000000004 32519.500000000004 1.7500000000000002 1.7500000000000002 221.50000000000003 5408.5000000000009 2833.7500000000005
decision_type=5 2 2 2 2 2 2 2 2
left_child=3 6 -3 4 5 -1 -2 -8 -6
right_child=1 2 -4 -5 8 -7 7 -9 -10
leaf_value=-0.0066958242072560998 -0 0.02245407417710368 0.090153466708714602 0.010001303253181546 -0.036883232512495145 -0.034970544817265005 0.042546008778259065 0.008858889290751586 -0.0053546021744224634
leaf_count=1621 261 141 202 136 490 152 151 298 148
internal_value=0 0.585304 1.38247 -0.270136 -0.325057 -0.200149 0.283536 0.454858 -0.641253
internal_count=3600 1053 343 2547 2411 1773 710 449 638
cat_boundaries=0 3
cat_threshold=1146770645 92282898 513
shrinkage=0.0479705


Tree=3
num_leaves=9
num_cat=2
split_feature=1 14 9 10 14 9 16 9
split_gain=35.459 10.2661 4.40403 8.37272 1.52596 3.12903 0.521279 0.254259
threshold=0 274.00000000000006 85218.250000000015 16051.750000000002 1.7500000000000002 17375.500000000004 1 340.00000000000006
decision_type=5 2 2 2 2 2 5 2
left_child=4 7 3 -3 6 -6 -1 -2
right_child=1 2 -4 -5 5 -7 -8 -9
leaf_value=0.00069611112528501187 -0.0027270879611625172 0.031286343446207364 0.0061233281229165432 0.08532359374045137 -0.029560821732942395 -0 -0.0097648380282438774 0.0074554627044499163
leaf_count=145 191 415 145 161 549 225 1628 141
internal_value=0 0.546628 0.871574 1.02646 -0.260912 -0.446041 -0.192639 0
internal_count=3600 1053 721 576 2547 774 1773 332
cat_boundaries=0 3 4
cat_threshold=1146770645 25174162 513 2196
shrinkage=0.0479705


Tree=4
num_leaves=8
num_cat=0
split_feature=12 14 5 10 14 17 5
split_gain=29.9077 8.99618 5.15247 6.70533 3.01774 1.82626 1.74455
threshold=15357.250000000002 5368.0000000000009 779.50000000000011 14739.250000000002 1471.7500000000002 1.7500000000000002 2255.5000000000005
decision_type=2 2 2 2 2 2 2
left_child=4 2 -2 -4 5 6 -1
right_child=1 -3 3 -5 -6 -7 -8
leaf_value=-0.0099109355348061638 0.0095656473701699399 -0 0.029318766315554235 0.089595358977817591 0.01324312744813568 -0.028924795840031312 0.0055705872897202635
leaf_count=2383 126 141 179 145 182 222 222
internal_value=0 0.752601 0.996606 1.25147 -0.173737 -0.210778 -0.170962
internal_count=3600 591 450 324 3009 2827 2605
shrinkage=0.0479705


Tree=5
num_leaves=9
num_cat=2
split_feature=1 12 10 11 16 12 13 13
split_gain=30.2252 6.41269 9.13137 4.36458 4.62702 2.51293 3.63423 0.403642
threshold=0 14116.000000000002 33568.000000000007 466.00000000000006 1 32519.500000000004 6.2500000000000009 660.25000000000011
decision_type=5 2 2 2 5 2 2 2
left_child=5 3 -3 7 -5 6 -1 -2
right_child=1 2 -4 4 -6 -7 -8 -9
leaf_value=-0.0093339696503775028 0.013076683082894161 0.067837596759490706 0.011388546235986861 0.013770835888694752 -0.01914508009607432 0.0078146307293830413 -0.028729831101319256 0.039500207210227768
leaf_count=1833 193 220 203 147 141 136 578 149
internal_value=0 0.492981 0.907101 0.254367 -0.0478666 -0.24677 -0.298366 0.56243
internal_count=3600 1053 423 630 288 2547 2411 342
cat_boundaries=0 3 4
cat_threshold=1146770645 25174162 513 130
shrinkage=0.0479705


Tree=6
num_leaves=9
num_cat=0
split_feature=5 5 2 9 17 9 14 2
split_gain=19.835 7.47556 4.26723 2.48939 1.88994 1.73932 0.930188 0.797759
threshold=32900.500000000007 41.500000000000007 30.250000000000004 43318.000000000007 1.7500000000000002 2884.7500000000005 2164.0000000000005 31.750000000000004
decision_type=2 2 2 2 2 2 2 2
left_child=1 4 3 -3 7 -4 -2 -1
right_child=6 2 5 -5 -6 -7 -8 -9
leaf_value=-0.0061921216137956142 0.024500853738057229 0.02703868653354705 -0.019944185347695213 -0 -0.030299184766243575 0.0038661493892393115 0.06381255659827427 -0.021258238342343101
leaf_count=2017 131 405 178 148 205 177 119 220
internal_value=0 -0.0873275 0.195149 0.408647 -0.2134 -0.101493 0.986453 -0.16795
internal_count=3600 3350 908 553 2442 355 250 2237
shrinkage=0.0479705


Tree=7
num_leaves=9
num_cat=0
split_feature=12 2 9 4 11 5 2 9
split_gain=21.8709 3.95916 5.6766 2.32696 2.30116 5.38358 1.56577 0.473675
threshold=15357.250000000002 37.750000000000007 67385.500000000015 19.750000000000004 542.50000000000011 64.000000000000014 30.250000000000004 13413.250000000002
decision_type=2 2 2 2 2 2 2 2
left_child=3 2 7 4 5 -1 -5 -2
right_child=1 -3 -4 6 -6 -7 -8 -9
leaf_value=-0.009702694564773193 0.014843125228444953 0.053760599114300214 -0.0032097708018975347 0.018983189405421413 -0.024936517196589042 0.025938902185973441 -0.0035295640484016319 0.045821331265255796
leaf_count=2134 115 163 184 172 368 153 182 129
internal_value=0 0.615639 0.371858 -0.15529 -0.200718 -0.140607 0.11436 0.715632
internal_count=3600 591 428 3009 2655 2287 354 244
shrinkage=0.0479705


Tree=8
num_leaves=9
num_cat=1
split_feature=1 15 11 11 15 11 17 4
split_gain=24.914 6.36187 1.98327 5.35538 1.63548 3.089 2.47435 0.0538704
threshold=0 190.00000000000003 466.00000000000006 14216.500000000002 208.00000000000003 46.750000000000007 1.7500000000000002 13.000000000000002
decision_type=5 2 2 2 2 2 2 2
left_child=4 2 7 -4 5 6 -1 -2
right_child=1 -3 3 -5 -6 -7 -8 -9
leaf_value=-0.0068681810910889915 0.015520506716326645 0.052229973033759314 -0.0090905351723155996 0.025895620178727215 0.002716905492641889 -0.031034010634472496 -0.034639932722075217 0.039216891549922681
leaf_count=1865 206 180 301 237 151 361 170 129
internal_value=0 0.436376 0.317008 0.134796 -0.229991 -0.275338 -0.198278 0.572134
internal_count=3600 1053 873 538 2547 2396 2035 335
cat_boundaries=0 3
cat_threshold=1146770645 92282898 513
shrinkage=0.0479705


Tree=9
num_leaves=11
num_cat=3
split_feature=1 14 11 11 14 7 11 16 4 16
split_gain=22.0767 7.5509 3.29559 7.73841 2.97272 3.28587 1.9127 0.799437 0.358488 0.0491434
threshold=0 221.50000000000003 2883.2500000000005 14216.500000000002 1.7500000000000002 218.50000000000003 17.500000000000004 1 16.750000000000004 2
decision_type=5 2 2 2 2 2 2 5 2 5
left_child=4 6 -3 -4 7 8 -2 9 -6 -1
right_child=1 2 3 -5 5 -7 -8 -9 -10 -11
leaf_value=-0.0016658445915999427 0.0092190586600828517 0.05276781617429372 -0.0047805782090311862 0.034546052984205454 -0.037138968612941282 0 -0.017968113990144696 -0.011037893443082702 -0.012445444028876186 0
leaf_count=809 195 195 216 389 359 151 167 770 158 191
internal_value=0 0.383846 0.61487 0.442682 -0.231839 -0.491852 -0.014212 -0.142806 -0.645956 -0.0160182
internal_count=3600 1162 800 605 2438 668 362 1770 517 1000
cat_boundaries=0 3 4 5
cat_threshold=1145717973 16785426 512 19606 2
shrinkage=0.0479705


Tree=10
num_leaves=6
num_cat=1
split_feature=8 5 16 14 5
split_gain=17.8475 10.2437 4.94254 2.09619 0.647829
threshold=1759.0000000000002 32900.500000000007 0 274.00000000000006 121.75000000000001
decision_type=2 2 5 2 2
left_child=1 2 3 -1 -4
right_child=-2 -3 4 -5 -6
leaf_value=-0.0046389190870088125 0.061131150263459846 0.033365080496457963 -0.0243854438005335 0.0077269763864608225 -0.0052791804410517729
leaf_count=1778 122 198 666 634 202
internal_value=0 -0.0618878 -0.12795 -0.0117067 -0.360665
internal_count=3600 3478 3280 2412 868
cat_boundaries=0 1
cat_threshold=262279
shrinkage=0.0479705


Tree=11
num_leaves=10
num_cat=1
split_feature=1 8 11 13 11 5 14 13 5
split_gain=19.7674 7.74649 3.02231 4.52052 3.59843 2.73065 5.6081 0.625947 0.184344
threshold=0 92.500000000000014 466.00000000000006 660.25000000000011 15223.000000000002 19930.750000000004 1.7500000000000002 186872.50000000003 2422.0000000000005
decision_type=5 2 2 2 2 2 2 2 2
left_child=5 2 3 -2 -4 6 -1 8 -3
right_child=1 7 4 -5 -6 -7 -8 -9 -10
leaf_value=-0.0062101406659765129 0 0.02814545250743624 -0.016871089362122026 0.042464231677129358 0.0187696367369692 0.011907633926500061 -0.029049385939321597 0.020341885045876393 0.063863714149661091
leaf_count=1770 181 116 274 161 119 125 645 117 92
internal_value=0 0.376756 0.156852 0.426586 -0.0341337 -0.211923 -0.264503 0.845014 1.03382
internal_count=3600 1060 735 342 393 2540 2415 325 208
cat_boundaries=0 3
cat_threshold=1145718485 25174034 513
shrinkage=0.0479705


Tree=12
num_leaves=6
num_cat=1
split_feature=8 5 16 5 4
split_gain=14.4716 8.22444 4.99827 1.5935 1.20221
threshold=1759.0000000000002 32900.500000000007 0 16.750000000000004 13.000000000000002
decision_type=2 2 5 2 2
left_child=1 2 3 -1 -4
right_child=-2 -3 4 -5 -6
leaf_value=-0.0039895578559858459 0.053127767085970605 0.028873643992456292 -0.023858389889456003 0.0065938828858071643 -0
leaf_count=1701 122 198 727 701 151
internal_value=0 -0.0574021 -0.118849 -0.00293712 -0.353261
internal_count=3600 3478 3280 2402 878
cat_boundaries=0 1
cat_threshold=135
shrinkage=0.0479705


Tree=13
num_leaves=11
num_cat=1
split_feature=5 10 16 11 5 5 10 5 5 11
split_gain=10.8812 4.18763 3.67844 3.40862 1.96309 3.13914 2.1493 1.05157 1.01314 0.0942489
threshold=2255.5000000000005 16051.750000000002 0 3988.0000000000005 16.750000000000004 320.50000000000006 75.250000000000014 94.000000000000014 1.7500000000000002 91618.000000000015
decision_type=2 2 5 2 2 2 2 2 2 2
left_child=2 3 4 -2 6 -6 -1 8 -4 -3
right_child=1 9 7 -5 5 -7 -8 -9 -10 -11
leaf_value=-0.00082504193503127993 0.02316000058512423 0.051567965828642343 -0.014497969752283733 -0.0062883314178644178 0.022584788921750195 -0.0062080827996296708 -0.025550247688113318 -0 -0.039866827585874329 0.020355140843122795
leaf_count=1486 239 87 587 193 280 176 165 137 148 102
internal_value=0 0.411758 -0.116206 0.149775 -0.00177675 0.207166 -0.0814408 -0.315592 -0.444214 0.815225
internal_count=3600 621 2979 432 2107 456 1651 872 735 189
cat_boundaries=0 1
cat_threshold=16391
shrinkage=0.0479705


Tree=14
num_leaves=9
num_cat=1
split_feature=5 7 7 16 17 11 10 5
split_gain=9.84047 5.16883 5.36807 3.40186 1.76789 2.92463 1.49394 0.980604
threshold=2255.5000000000005 218.50000000000003 28.000000000000004 0 1.7500000000000002 20288.500000000004 1124.5000000000002 94.000000000000014
decision_type=2 2 2 5 2 2 2 2
left_child=3 2 6 4 5 -1 -2 -5
right_child=1 -3 -4 7 -6 -7 -8 -9
leaf_value=-0.00044420591624438107 0.0010953574754433786 0.053259130537006254 -0.011905315680607535 -0.020720892994640017 -0.018069746040964237 0.027821101237495843 0.031336696650084955 -0
leaf_count=1787 134 97 163 735 208 112 227 137
internal_value=0 0.387166 0.205384 -0.112249 -0.00214635 0.0266053 0.473774 -0.305612
internal_count=3600 621 524 2979 2107 1899 361 872
cat_boundaries=0 1
cat_threshold=16391
shrinkage=0.0479705


Tree=15
num_leaves=8
num_cat=0
split_feature=5 14 11 6 11 17 14
split_gain=9.05766 3.35242 3.9182 3.47792 1.20013 2.1404 0.355942
threshold=32900.500000000007 256.75000000000006 700.75000000000011 3.2500000000000004 17.500000000000004 1.7500000000000002 2164.0000000000005
decision_type=2 2 2 2 2 2 2
left_child=1 4 -3 -4 5 -1 -2
right_child=6 2 3 -5 -6 -7 -8
leaf_value=-0.003052227437872982 0.012679928310258647 0.027169381248031185 -0.0069506697237471347 0.023630703872931681 -0.02121977744507253 -0.028593506110722131 0.038765692852689611
leaf_count=1931 131 207 623 128 286 175 119
internal_value=0 -0.0673405 0.103192 -0 -0.161382 -0.113524 0.598893
internal_count=3600 3350 958 751 2392 2106 250
shrinkage=0.0479705


Tree=16
num_leaves=10
num_cat=1
split_feature=1 8 4 5 13 2 4 5 13
split_gain=15.9078 5.3386 3.07254 2.43278 4.57176 1.91101 1.23145 1.1528 0.816406
threshold=0 1.7500000000000002 83.500000000000014 46650.250000000007 6.2500000000000009 30.250000000000004 37.750000000000007 16.750000000000004 16582.750000000004
decision_type=5 2 2 2 2 2 2 2 2
left_child=3 5 8 4 -1 7 -6 -2 -3
right_child=1 2 -4 -5 6 -7 -8 -9 -10
leaf_value=-0.0057904795456415721 -0 0.013074885566319132 0 0.011583541813924698 -0.033485440411749501 -0.013769344181829797 -0.0058805885862098801 0.02084265258688742 0.040441711834554285
leaf_count=1830 153 154 120 113 458 168 165 150 289
internal_value=0 0.335061 0.588594 -0.192275 -0.2421 0.019841 -0.559468 0.222996 0.719988
internal_count=3600 1034 563 2566 2453 471 623 303 443
cat_boundaries=0 3
cat_threshold=1146767061 25174042 513
shrinkage=0.0479705


Tree=17
num_leaves=10
num_cat=1
split_feature=1 5 14 5 10 15 10 10 7
split_gain=14.3491 3.96459 2.44813 5.90239 1.48759 1.79327 1.45299 1.27199 0.768822
threshold=0 152.50000000000003 1.7500000000000002 24969.250000000004 271.75000000000006 1.7500000000000002 17216.500000000004 288.25000000000006 43.750000000000007
decision_type=5 2 2 2 2 2 2 2 2
left_child=2 4 -1 8 -2 -6 7 -3 -4
right_child=1 6 3 -5 5 -7 -8 -9 -10
leaf_value=-0.0046581879155375063 0.014722802943018913 0.031367448115357403 -0.034210571374109967 0.0093958920370351539 -0.020392202340724155 0.0062638637771313651 0.041271578853790604 0.0060014530490495391 -0.0071865785705632944
leaf_count=1773 240 139 485 124 157 132 141 247 162
internal_value=0 0.310301 -0.187366 -0.4024 0.0600258 -0.0786059 0.543352 0.351634 -0.603429
internal_count=3600 1056 2544 771 529 289 527 386 647
cat_boundaries=0 3
cat_threshold=1146770645 25174042 513
shrinkage=0.0479705


Tree=18
num_leaves=9
num_cat=1
split_feature=1 8 9 9 5 13 12 7
split_gain=13.2223 4.39751 2.9118 3.86846 2.1239 4.37673 1.16023 0.264799
threshold=0 1.7500000000000002 69160.000000000015 22727.500000000004 46650.250000000007 6.2500000000000009 315.25000000000006 43.750000000000007
decision_type=5 2 2 2 2 2 2 2
left_child=4 6 3 -3 5 -1 -2 -7
right_child=1 2 -4 -5 -6 7 -8 -9
leaf_value=-0.0053047299672668241 -0.0072683349510467288 0.017930734721671612 0 0.055705636327244991 0.01039714262759741 -0.030946318172877321 0.010530528376778894 -0.0082019112814631801
leaf_count=1830 237 359 98 119 113 447 236 161
internal_value=0 0.298218 0.519 0.634953 -0.179681 -0.227807 0.00698813 -0.550949
internal_count=3600 1049 576 478 2551 2438 473 608
cat_boundaries=0 3
cat_threshold=1145718485 25174042 513
shrinkage=0.0479705


Tree=19
num_leaves=9
num_cat=1
split_feature=1 14 9 10 14 5 11 12
split_gain=12.2373 3.84539 5.61446 6.47644 2.04125 4.79756 1.48462 0.583555
threshold=0 221.50000000000003 126814.50000000001 17216.500000000004 1.7500000000000002 24969.250000000004 17.500000000000004 36061.000000000007
decision_type=5 2 2 2 2 2 2 2
left_child=4 6 3 -3 -1 7 -2 -6
right_child=1 2 -4 -5 5 -7 -8 -9
leaf_value=-0.0041377508555575804 0.0092814858171972638 0.016041029728243249 -0.0089459973664253439 0.058657498941585805 -0.030790998385230851 0.0077164558661302028 -0.015729713072431626 -0.0066431198505109024
leaf_count=1770 177 484 113 110 538 125 161 122
internal_value=0 0.288894 0.453701 0.586886 -0.17179 -0.36431 -0 -0.541924
internal_count=3600 1045 707 594 2555 785 338 660
cat_boundaries=0 3
cat_threshold=1683637461 25174042 524800
shrinkage=0.0479705


Tree=20
num_leaves=8
num_cat=1
split_feature=1 9 10 10 14 10 10
split_gain=11.1658 3.196 8.82261 2.85043 1.84578 4.07892 0.26467
threshold=0 126814.50000000001 17216.500000000004 2412.2500000000005 1.7500000000000002 8437.0000000000018 2047.0000000000002
decision_type=5 2 2 2 2 2 2
left_child=4 2 3 -2 -1 6 -6
right_child=1 -3 -4 -5 5 -7 -8
leaf_value=-0.0040371472351472728 0.016336200926237554 -0.0085842132259825541 0.053569686305514487 -0.0045661354707319237 -0.032309103648790249 0 -0.0089753823785833509
leaf_count=1773 583 113 110 242 423 207 149
internal_value=0 0.273491 0.380441 0.190452 -0.165787 -0.351689 -0.565398
internal_count=3600 1048 935 825 2552 779 572
cat_boundaries=0 3
cat_threshold=1682592981 16785434 512
shrinkage=0.0479705


Tree=21
num_leaves=7
num_cat=0
split_feature=8 12 14 17 8 2
split_gain=7.56226 2.53076 5.38695 2.24725 1.9812 1.62263
threshold=1759.0000000000002 15357.250000000002 1525.0000000000002 4.7500000000000009 72.250000000000014 39.250000000000007
decision_type=2 2 2 2 2 2
left_child=1 3 -3 4 -1 -4
right_child=-2 2 5 -5 -6 -7
leaf_value=-0.0050404635503483166 0.035083781527294189 0.035613918531582772 -0.010498325627865899 -0.028950865226065901 0.015543619718156567 0.011946958162273497
leaf_count=2690 122 127 254 176 138 93
internal_value=0 -0.0470703 0.160487 -0.105561 -0.0701408 -0.0234549
internal_count=3600 3478 474 3004 2828 347
shrinkage=0.0479705


Tree=22
num_leaves=8
num_cat=1
split_feature=5 7 3 7 17 11 14
split_gain=5.04278 2.7134 4.00974 2.71845 1.77168 1.69801 0.112865
threshold=41.500000000000007 218.50000000000003 0 25.750000000000004 1.7500000000000002 17.500000000000004 28.750000000000004
decision_type=2 2 5 2 2 2 2
left_child=4 2 -2 -4 5 6 -1
right_child=1 -3 3 -5 -6 -7 -8
leaf_value=-0.0019471752880656191 -0.013696644132203836 0.029065965275278702 0.016452627969801029 -0.0038146177919346981 -0.02622309098573081 -0.017921356537295489 0.0012961601510815108
leaf_count=1696 181 142 644 191 205 326 215
internal_value=0 0.178924 0.0897924 0.192129 -0.124799 -0.0809721 -0.0219619
internal_count=3600 1158 1016 835 2442 2237 1911
cat_boundaries=0 1
cat_threshold=2
shrinkage=0.0479705


Tree=23
num_leaves=10
num_cat=3
split_feature=1 14 9 14 12 11 16 12 16
split_gain=9.24864 3.35472 3.69086 2.73867 4.23083 1.7573 1.39789 0.800513 0.0369969
threshold=0 256.75000000000006 131264.50000000003 44.500000000000007 32519.500000000004 415.75000000000006 1 54.250000000000007 2
decision_type=5 2 2 2 2 2 5 2 5
left_child=3 7 5 6 -5 -3 8 -2 -1
right_child=1 2 -4 4 -6 -7 -8 -9 -10
leaf_value=-0.00036061738932126856 -0.011808122756520446 0.046345505374309946 -0.0049529527916419317 -0.032021141708464866 0 0.017465675933985181 -0.011668004303146504 0.0050662035938481174 0.0013613059015189048
leaf_count=862 178 111 117 460 185 493 414 185 595
internal_value=0 0.240083 0.387955 -0.156933 -0.401166 0.492301 -0.0682065 -0.0158117 0
internal_count=3600 1084 721 2516 645 604 1871 363 1457
cat_boundaries=0 3 4 5
cat_threshold=1683640533 16785434 524801 2199 2
shrinkage=0.0479705


Tree=24
num_leaves=7
num_cat=0
split_feature=8 4 8 13 11 13
split_gain=6.26116 2.13832 2.41476 3.45407 1.67973 3.75555
threshold=1759.0000000000002 13.000000000000002 243.25000000000003 16582.750000000004 24052.750000000004 13447.000000000002
decision_type=2 2 2 2 2 2
left_child=1 4 3 -3 5 -1
right_child=-2 2 -4 -5 -6 -7
leaf_value=-0.0035426664330939291 0.031184782517818168 -0.0012681665960879529 -0.011529714688662046 0.025667520664310314 0.0080863131383259179 -0.028495571662879197
leaf_count=2405 122 240 114 264 176 279
internal_value=0 -0.0453706 0.133193 0.269087 -0.102505 -0.14047
internal_count=3600 3478 618 504 2860 2684
shrinkage=0.0479705


Tree=25
num_leaves=7
num_cat=0
split_feature=8 5 7 2 8 5
split_gain=5.56148 3.22218 1.80625 1.63178 1.44849 1.34028
threshold=1759.0000000000002 32900.500000000007 6.2500000000000009 31.750000000000004 16.750000000000004 16.750000000000004
decision_type=2 2 2 2 2 2
left_child=1 3 -3 5 -5 -1
right_child=-2 2 -4 4 -6 -7
leaf_value=-0.004639754215556199 0.02902230029122177 0.029714650111402365 0 -0.022166318958363424 -0 0.0050213678146792317
leaf_count=2165 122 114 84 380 168 567
internal_value=0 -0.0435931 0.330905 -0.0875151 -0.294534 -0.0372432
internal_count=3600 3478 198 3280 548 2732
shrinkage=0.0479705


Tree=26
num_leaves=10
num_cat=2
split_feature=1 17 1 13 12 11 11 11 4
split_gain=8.1096 2.64151 3.23494 2.27494 4.47822 2.66216 1.37607 0.375823 0.0629778
threshold=0 1.7500000000000002 1 277784.50000000006 14116.000000000002 97.750000000000014 23080.000000000004 20288.500000000004 6.2500000000000009
decision_type=5 2 5 2 2 2 2 2 2
left_child=1 2 6 4 5 -2 -1 -6 -4
right_child=3 -3 8 -5 7 -7 -8 -9 -10
leaf_value=-0.0023638131108304006 0.01859208457209675 -0.031591055255806029 -0.034120966219423093 -0.0053883901438943772 0.012877519562657654 -0.003160710910174936 0.015819705465096388 0.040022963758255474 -0.011908527687536677
leaf_count=1828 291 208 237 92 92 397 124 127 204
internal_value=0 -0.142518 -0.104414 0.232626 0.327454 0.113221 -0.00329083 0.675773 -0.376223
internal_count=3600 2601 2393 999 907 688 1952 219 441
cat_boundaries=0 3 6
cat_threshold=1683637973 16785434 524800 537921029 8 524800
shrinkage=0.0479705


Tree=27
num_leaves=9
num_cat=0
split_feature=10 5 14 11 14 11 5 11
split_gain=3.79834 5.43001 4.18106 1.55125 3.94426 1.93246 1.77922 1.63931
threshold=14739.250000000002 30387.250000000004 2667.2500000000005 5537.5000000000009 256.75000000000006 13520.500000000002 779.50000000000011 69.250000000000014
decision_type=2 2 2 2 2 2 2 2
left_child=3 2 -2 4 7 -5 -6 -1
right_child=1 -3 -4 5 6 -7 -8 -9
leaf_value=-0.00250495097841698 0.020122539224832359 0.043226043258325124 -0.016620291820327399 -0.029298699999645874 0 -0 0.026107568166340824 -0.022283985992335772
leaf_count=2191 144 82 180 184 224 175 204 216
internal_value=0 0.283073 0.0106951 -0.0619605 -0.0170833 -0.28669 0.300392 -0.098698
internal_count=3600 406 324 3194 2835 359 428 2407
shrinkage=0.0479705


Tree=28
num_leaves=7
num_cat=0
split_feature=8 4 8 14 9 9
split_gain=4.44335 1.52465 2.16127 3.90193 1.35595 3.44682
threshold=1759.0000000000002 13.000000000000002 243.25000000000003 323.50000000000006 30319.750000000004 9882.2500000000018
decision_type=2 2 2 2 2 2
left_child=1 4 3 -3 5 -1
right_child=-2 2 -4 -5 -6 -7
leaf_value=-0.0034509972062231648 0.025384930700490776 -0.0089357115797578778 -0.011924241846679994 0.022170266584070807 0.011417409758744177 -0.035213376267440581
leaf_count=2592 122 182 114 322 127 141
internal_value=0 -0.04047 0.106427 0.234726 -0.0900856 -0.117778
internal_count=3600 3478 618 504 2860 2733
shrinkage=0.0479705


Tree=29
num_leaves=8
num_cat=3
split_feature=16 1 1 5 4 5 5
split_gain=7.28453 7.55686 2.65307 1.81597 1.60012 0.780611 0.00542413
threshold=0 1 2 7.0000000000000009 92.500000000000014 121.75000000000001 1.7500000000000002
decision_type=5 5 5 2 2 2 2
left_child=6 2 5 -3 -5 -2 -1
right_child=1 3 -4 4 -6 -7 -8
leaf_value=-0.011375446338854074 -0.001482331141173957 -0 -0.017805429408196388 0.023342798593715026 0 0.011600430779668731 -0.025548297156442426
leaf_count=408 1582 145 265 615 105 176 304
internal_value=0 0.0858115 -0.0722257 0.318255 0.42088 0 -0.334744
internal_count=3600 2888 2023 865 720 1758 712
cat_boundaries=0 1 4 7
cat_threshold=4302456 1145750229 25174034 524801 557637 8192 524801
shrinkage=0.0479705


Tree=30
num_leaves=6
num_cat=1
split_feature=16 8 17 8 12
split_gain=6.66427 3.80894 2.47929 1.23917 0.60902
threshold=0 1759.0000000000002 4.7500000000000009 4.7500000000000009 20428.750000000004
decision_type=5 2 2 2 2
left_child=4 2 3 -2 -1
right_child=1 -3 -4 -5 -6
leaf_value=-0.022736323958996482 0.00035786038813169095 0.029681508057823571 -0.02082343515595449 0.01017131025131838 -0.00069912429998247958
leaf_count=615 2039 103 186 560 97
internal_value=0 0.0800548 0.0382418 0.0737424 -0.323948
internal_count=3600 2888 2785 2599 712
cat_boundaries=0 1
cat_threshold=4302456
shrinkage=0.0479705


Tree=31
num_leaves=10
num_cat=2
split_feature=1 1 10 11 10 9 7 15 9
split_gain=6.44912 2.34396 1.54244 5.21166 2.92843 1.3042 0.758872 0.409899 0.204496
threshold=0 1 17216.500000000004 69558.250000000015 2412.2500000000005 4408.7500000000009 43.750000000000007 37.750000000000007 41384.500000000007
decision_type=5 5 2 2 2 2 2 2 2
left_child=1 7 4 -4 5 -2 -3 -1 -6
right_child=2 6 3 -5 8 -7 -8 -9 -10
leaf_value=-0.0033142574364823717 0.007210684409355992 -0.029934141489250908 0.050086694886947662 0 -0.012458038526341888 0.03240179188350778 -0.003874931078943049 0.0054215644041116879 -0
leaf_count=1980 454 368 69 81 132 104 168 128 116
internal_value=0 -0.128107 0.207242 0.503912 0.129454 0.289842 -0.357899 -0.0407864 -0.150726
internal_count=3600 2644 956 150 806 558 536 2108 248
cat_boundaries=0 3 6
cat_threshold=1683642069 16785434 524800 538449409 8 524800
shrinkage=0.0479705


Tree=32
num_leaves=8
num_cat=2
split_feature=1 13 10 1 5 10 5
split_gain=5.75 2.20193 6.37443 2.12423 1.76252 1.69836 0.21023
threshold=0 277784.50000000006 17216.500000000004 1 18397.750000000004 2412.2500000000005 144.25000000000003
decision_type=5 2 2 5 2 2 2
left_child=3 2 5 6 -5 -2 -1
right_child=1 -3 -4 4 -6 -7 -8
leaf_value=-0.0030187652631595008 0.011895693965367488 -0.0078417923567240585 0.047406756985828968 -0.03149732251144758 -0 -0.0031980162936368186 0.0019150080272237011
leaf_count=1891 595 92 74 418 118 265 147
internal_value=0 0.186621 0.273183 -0.126651 -0.347171 0.132098 -0.0397795
internal_count=3600 1026 934 2574 536 860 2038
cat_boundaries=0 3 6
cat_threshold=1682589397 16785434 512 537396737 8 512
shrinkage=0.0479705


end of trees

feature importances:
n_table_1.n_9=38
n_table_1.n_17=28
n_table_1.n_20=24
n_table_1.n_16=21
c_table_1.c_2=20
n_table_1.n_12=17
n_table_1.n_15=17
n_table_1.n_18=15
n_table_1.n_19=12
c_table_2.c_5=12
n_table_2.n_14=11
n_table_1.n_5=10
n_table_1.n_11=9
n_table_1.n_3=7
n_table_1.n_26=5
c_table_1.c_6=1
n_table_1.n_10=1

parameters:
[boosting: gbdt]
[objective: binary]
[metric: auc]
[tree_learner: serial]
[device_type: cpu]
[data: ]
[valid: ]
[num_iterations: 100]
[learning_rate: 0.0479705]
[num_leaves: 32]
[num_threads: 4]
[max_depth: 4]
[min_data_in_leaf: 20]
[min_sum_hessian_in_leaf: 8.82122]
[bagging_fraction: 0.9]
[bagging_freq: 33]
[bagging_seed: 3]
[feature_fraction: 0.5]
[feature_fraction_seed: 2]
[early_stopping_round: 0]
[max_delta_step: 0]
[lambda_l1: 1.1327]
[lambda_l2: 0.0734906]
[min_gain_to_split: 0]
[drop_rate: 0.1]
[max_drop: 50]
[skip_drop: 0.5]
[xgboost_dart_mode: 0]
[uniform_drop: 0]
[drop_seed: 4]
[top_rate: 0.2]
[other_rate: 0.1]
[min_data_per_group: 100]
[max_cat_threshold: 32]
[cat_l2: 10]
[cat_smooth: 10]
[max_cat_to_onehot: 4]
[top_k: 20]
[monotone_constraints: ]
[feature_contri: ]
[forcedsplits_filename: ]
[refit_decay_rate: 0.9]
[verbosity: -1]
[max_bin: 255]
[min_data_in_bin: 3]
[bin_construct_sample_cnt: 200000]
[histogram_pool_size: -1]
[data_random_seed: 1]
[output_model: LightGBM_model.txt]
[snapshot_freq: -1]
[input_model: ]
[output_result: LightGBM_predict_result.txt]
[initscore_filename: ]
[valid_data_initscores: ]
[pre_partition: 0]
[enable_bundle: 1]
[max_conflict_rate: 0]
[is_enable_sparse: 1]
[sparse_threshold: 0.8]
[use_missing: 1]
[zero_as_missing: 0]
[two_round: 0]
[save_binary: 0]
[enable_load_from_binary_file: 1]
[header: 0]
[label_column: ]
[weight_column: ]
[group_column: ]
[ignore_column: ]
[categorical_feature: ]
[predict_raw_score: 0]
[predict_leaf_index: 0]
[predict_contrib: 0]
[num_iteration_predict: -1]
[pred_early_stop: 0]
[pred_early_stop_freq: 10]
[pred_early_stop_margin: 10]
[convert_model_language: ]
[convert_model: gbdt_prediction.cpp]
[num_class: 1]
[is_unbalance: 0]
[scale_pos_weight: 1]
[sigmoid: 1]
[boost_from_average: 1]
[reg_sqrt: 0]
[alpha: 0.9]
[fair_c: 1]
[poisson_max_delta_step: 0.7]
[tweedie_variance_power: 1.5]
[max_position: 20]
[label_gain: ]
[metric_freq: 1]
[is_provide_training_metric: 0]
[eval_at: ]
[num_machines: 1]
[local_listen_port: 12400]
[time_out: 120]
[machine_list_filename: ]
[machines: ]
[gpu_platform_id: -1]
[gpu_device_id: -1]
[gpu_use_dp: 0]

end of parameters

pandas_categorical:[[0, 1, 2], [0, 1, 2, 3, 4, 5, 6, 7, 8, 9, 10, 11, 12, 13, 14, 15, 16, 17, 18, 19, 20, 21, 22, 23, 24, 25, 26, 27, 28, 29, 30, 31, 32, 33, 34, 35, 36, 37, 38, 39, 40, 41, 42, 43, 44, 45, 46, 47, 48, 49, 50, 51, 52, 53, 54, 55, 56, 57, 58, 59, 60, 61, 62, 63, 64, 65, 66, 67, 68, 69, 70, 71, 72, 73, 74, 75, 76, 77, 78, 79, 80, 81, 82, 83, 84, 85, 86, 87, 88, 89, 90, 91, 92, 93, 94, 95, 96, 97, 98, 99, 100, 101, 102, 103, 104, 105, 106, 107, 108, 109, 110, 111, 112, 113, 114, 115, 116, 117, 118, 119, 120, 121, 122, 123, 124, 125, 126, 127, 128, 129, 130, 131, 132, 133, 134, 135, 136, 137, 138, 139, 140, 141, 142, 143, 144, 145, 146, 147, 148, 149, 150, 151, 152, 153, 154, 155, 156, 157, 158, 159, 160, 161, 162, 163, 164, 165, 166, 167, 168, 169, 170, 171, 172, 173, 174, 175], [0, 1, 2, 3, 4, 5, 6, 7, 8, 9, 10, 11, 12, 13, 14, 15], [0, 1, 2, 3, 4, 5, 6, 7, 8, 9, 10, 11, 12, 13, 14, 15, 16, 17, 18, 19, 20, 21, 22, 23, 24, 25, 26, 27, 28, 29, 30]]
