tree
version=v2
num_class=1
num_tree_per_iteration=1
label_index=0
max_feature_idx=10
objective=binary sigmoid:1
feature_names=n_1 c_table_1.c_4 n_table_1.n_3 n_table_1.n_10 n_table_1.n_11 n_table_1.n_12 n_table_1.n_15 n_table_1.n_16 n_table_1.n_19 n_table_1.n_27 c_table_2.c_4
feature_infos=[1:323.5] 7:0:1:49:65:32:30:2:26:42:132:141:61:130:86:25:62:149:16:38:64:80:153:8:19:46:47:52:56:66:68:69:116:122:126:138:140 [1:175] [1:68.5] [1:4433.5] [1:8524] [1:237038] [1:185158] [1:882506] [1:151] 18:0:70:6:12:21:32:20:10:60:9:27:31:38:107:40:59:67:68:4:46:72:7:16:48:49:51:55:66:78:11:24:30:93:96:119
tree_sizes=402 515 535 592 595 533 536 594 542 534 542 542 593 540 563 538 595 597 597 596 597 453 599 606 574 542 543 569 560 630 467 486 546 586 543 578 579 593 579 548 546 572 679 621 549 600 621

Tree=0
num_leaves=4
num_cat=0
split_feature=6 0 8
split_gain=6.06319 4.93927 2.27467
threshold=25320.250000000004 6.2500000000000009 1582.7500000000002
decision_type=2 2 2
left_child=1 -1 -3
right_child=-2 2 -4
leaf_value=-2.9672942756352247 -2.9023787268634655 -2.9036536182535544 -2.9444389791664403
leaf_count=388 75 55 42
internal_value=0 -0.241226 0.448669
internal_count=560 485 97
shrinkage=1


Tree=1
num_leaves=5
num_cat=1
split_feature=6 8 4 10
split_gain=5.54949 1.15109 1.61829 0.817168
threshold=25320.250000000004 23974.000000000004 9.2500000000000018 0
decision_type=2 2 2 5
left_child=1 2 3 -1
right_child=-2 -3 -4 -5
leaf_value=-0.011913331868839611 0.039776269332735294 -0.02709061322974763 0.023392839979538078 0.0021181712271247008
leaf_count=198 75 110 38 139
internal_value=0 -0.231434 -0.0156085 -0.193163
internal_count=560 485 375 337
cat_boundaries=0 1
cat_threshold=1
shrinkage=0.0456848


Tree=2
num_leaves=6
num_cat=0
split_feature=4 0 8 7 8
split_gain=4.43249 3.88987 3.37458 1.90313 1.245
threshold=6.2500000000000009 6.2500000000000009 205837.50000000003 2369.5000000000005 266.50000000000006
decision_type=2 2 2 2 2
left_child=1 -1 3 -2 -3
right_child=2 4 -4 -5 -6
leaf_value=-0.025230189715624334 0.025163489958914587 0.031973884304577781 0.057844923596041431 -0.015002602428027303 -0
leaf_count=315 48 40 37 84 36
internal_value=0 -0.296416 0.515107 0 0.338672
internal_count=560 391 169 132 76
shrinkage=0.0456848


Tree=3
num_leaves=7
num_cat=0
split_feature=6 0 8 8 4 4
split_gain=4.79444 4.36626 2.03186 0.686395 0.39496 0.101551
threshold=25320.250000000004 6.2500000000000009 1582.7500000000002 205837.50000000003 9.2500000000000018 48.250000000000007
decision_type=2 2 2 2 2 2
left_child=1 4 -3 -2 -1 -6
right_child=3 2 -4 -5 5 -7
leaf_value=-0.024766683402756881 0 0.0377022412533118 -0 0.046412832472361998 0.0019898353417210387 -0.0074057922183413715
leaf_count=317 31 55 42 44 33 38
internal_value=0 -0.215888 0.413403 0.795056 -0.47346 -0
internal_count=560 485 97 75 388 71
shrinkage=0.0456848


Tree=4
num_leaves=7
num_cat=0
split_feature=6 0 8 8 4 4
split_gain=4.46541 4.09697 1.90014 0.602503 0.376068 0.097462
threshold=25320.250000000004 6.2500000000000009 1582.7500000000002 205837.50000000003 9.2500000000000018 48.250000000000007
decision_type=2 2 2 2 2 2
left_child=1 4 -3 -2 -1 -6
right_child=3 2 -4 -5 5 -7
leaf_value=-0.024253662897305246 0 0.035927335241998828 -0 0.04418672714789202 0.0019473944122972574 -0.0072671114832469639
leaf_count=317 31 55 42 44 33 38
internal_value=0 -0.207387 0.391819 0.763075 -0.462714 -0
internal_count=560 485 97 75 388 71
shrinkage=0.0456848


Tree=5
num_leaves=6
num_cat=0
split_feature=4 0 8 7 8
split_gain=3.75346 3.26542 2.63079 1.75836 1.0587
threshold=6.2500000000000009 6.2500000000000009 205837.50000000003 2369.5000000000005 266.50000000000006
decision_type=2 2 2 2 2
left_child=1 -1 3 -2 -3
right_child=2 4 -4 -5 -6
leaf_value=-0.023786473821480799 0.024070911282806452 0.027978976713354184 0.05077518287308519 -0.01445982898256676 -0
leaf_count=315 48 40 37 84 36
internal_value=0 -0.26919 0.477565 0 0.280505
internal_count=560 391 169 132 76
shrinkage=0.0456848


Tree=6
num_leaves=6
num_cat=0
split_feature=4 0 8 8 8
split_gain=3.50336 3.09494 2.40361 1.47592 1.00329
threshold=6.2500000000000009 6.2500000000000009 205837.50000000003 42506.500000000007 266.50000000000006
decision_type=2 2 2 2 2
left_child=1 -1 3 -2 -3
right_child=2 4 -4 -5 -6
leaf_value=-0.023279437347952941 0.02155951577384645 0.026927141185568663 0.048342969246881501 -0.013559106617604282 -0
leaf_count=315 52 40 37 80 36
internal_value=0 -0.258967 0.462017 0 0.267456
internal_count=560 391 169 132 76
shrinkage=0.0456848


Tree=7
num_leaves=7
num_cat=0
split_feature=6 0 7 7 4 4
split_gain=3.66753 3.4555 1.08072 0.492294 0.302871 0.0921172
threshold=25320.250000000004 6.2500000000000009 1.7500000000000002 11956.000000000002 9.2500000000000018 48.250000000000007
decision_type=2 2 2 2 2 2
left_child=1 4 -3 -2 -1 -6
right_child=3 2 -4 -5 5 -7
leaf_value=-0.022756865783653317 0 0.027443388409724184 -0 0.03940310033161061 0.0017253877243101484 -0.0071173451875639841
leaf_count=317 31 62 35 44 33 38
internal_value=0 -0.183152 0.343411 0.684942 -0.43266 -0
internal_count=560 485 97 75 388 71
shrinkage=0.0456848


Tree=8
num_leaves=6
num_cat=0
split_feature=6 0 4 6 4
split_gain=3.41341 3.2428 0.287115 0.235705 0.0884233
threshold=25320.250000000004 6.2500000000000009 9.2500000000000018 33.250000000000007 48.250000000000007
decision_type=2 2 2 2 2
left_child=1 2 -1 -3 -4
right_child=-2 3 4 -5 -6
leaf_value=-0.022257877433209925 0.030047630363327724 0.019914147546137562 0.0016885518422889792 0 -0.0069841862183315636
leaf_count=317 75 59 33 38 38
internal_value=0 -0.175591 -0.422411 0.325989 -0
internal_count=560 485 388 97 71
shrinkage=0.0456848


Tree=9
num_leaves=6
num_cat=0
split_feature=4 0 8 7 8
split_gain=2.92303 2.6161 1.95222 1.58233 0.881101
threshold=6.2500000000000009 6.2500000000000009 205837.50000000003 2369.5000000000005 266.50000000000006
decision_type=2 2 2 2 2
left_child=1 -1 3 -2 -3
right_child=2 4 -4 -5 -6
leaf_value=-0.021882419961854215 0.02241415619774698 0.0241515855172032 0.043005442227152614 -0.014011796682046081 -0
leaf_count=315 48 40 37 84 36
internal_value=0 -0.233618 0.423479 0 0.224558
internal_count=560 391 169 132 76
shrinkage=0.0456848


Tree=10
num_leaves=6
num_cat=0
split_feature=0 4 8 7 0
split_gain=2.83214 3.13896 0.976917 1.69244 0.447747
threshold=16.750000000000004 6.2500000000000009 232191.00000000003 2369.5000000000005 6.2500000000000009
decision_type=2 2 2 2 2
left_child=1 4 3 -3 -1
right_child=-2 2 -4 -5 -6
leaf_value=-0.021390670364331246 0.038671851526533185 0.022425940315583037 0.030504274055628181 -0.015145124283983218 -0
leaf_count=315 30 47 29 86 53
internal_value=0 -0.107474 0.270357 0 -0.394851
internal_count=560 530 162 133 368
shrinkage=0.0456848


Tree=11
num_leaves=6
num_cat=0
split_feature=0 4 8 7 0
split_gain=2.64387 2.97671 0.907737 1.59351 0.424449
threshold=16.750000000000004 6.2500000000000009 232191.00000000003 2369.5000000000005 6.2500000000000009
decision_type=2 2 2 2 2
left_child=1 4 3 -3 -1
right_child=-2 2 -4 -5 -6
leaf_value=-0.020903575289951504 0.037226706638600553 0.021591370831674846 0.029378435163250234 -0.014815031148626007 -0
leaf_count=315 30 47 29 86 53
internal_value=0 -0.100267 0.263476 0 -0.384984
internal_count=560 530 162 133 368
shrinkage=0.0456848


Tree=12
num_leaves=7
num_cat=0
split_feature=6 0 8 5 4 4
split_gain=2.65176 2.59591 1.42032 0.453315 0.220349 0.0760212
threshold=25320.250000000004 6.2500000000000009 1582.7500000000002 1260.2500000000002 9.2500000000000018 48.250000000000007
decision_type=2 2 2 2 2 2
left_child=1 4 -3 -2 -1 -6
right_child=3 2 -4 -5 5 -7
leaf_value=-0.020335587262584071 0 0.028229003767686556 -0 0.039719887766749215 0.00141019100803273 -0.0065428795377151083
leaf_count=317 53 55 42 22 33 38
internal_value=0 -0.14571 0.278673 0.5774 -0.384003 -0
internal_count=560 485 97 75 388 71
shrinkage=0.0456848


Tree=13
num_leaves=6
num_cat=0
split_feature=0 4 8 7 0
split_gain=2.38439 2.70936 0.782023 1.48529 0.344348
threshold=16.750000000000004 6.2500000000000009 232191.00000000003 2369.5000000000005 6.2500000000000009
decision_type=2 2 2 2 2
left_child=1 4 3 -3 -1
right_child=-2 2 -4 -5 -6
leaf_value=-0.019967431483490974 0.03520528858576609 0.020699139444107267 0.027285734198205659 -0.014406450497942567 -0
leaf_count=315 30 47 29 86 53
internal_value=0 -0.089067 0.25081 0 -0.368651
internal_count=560 530 162 133 368
shrinkage=0.0456848


Tree=14
num_leaves=6
num_cat=0
split_feature=0 5 2 5 5
split_gain=2.22671 1.76053 0.908216 0.366378 0.536222
threshold=16.750000000000004 1260.2500000000002 37.750000000000007 130.75000000000003 282.25000000000006
decision_type=2 2 2 2 2
left_child=1 2 3 -1 -5
right_child=-2 -3 -4 4 -6
leaf_value=-0.017208904109714786 0.033893077857505428 0.021494406390971506 0.0015225302275897125 0.012050832624398967 -0.01210173482315406
leaf_count=371 30 26 51 34 48
internal_value=0 -0.0827264 -0.218703 -0.311914 -0
internal_count=560 530 504 453 82
shrinkage=0.0456848


Tree=15
num_leaves=6
num_cat=0
split_feature=4 0 8 8 8
split_gain=2.12426 1.89923 1.39807 1.23862 0.73056
threshold=6.2500000000000009 6.2500000000000009 205837.50000000003 42506.500000000007 266.50000000000006
decision_type=2 2 2 2 2
left_child=1 -1 3 -2 -3
right_child=2 4 -4 -5 -6
leaf_value=-0.019132230284049236 0.019248204650021462 0.020652702106239207 0.036119418322331509 -0.012795478366335039 -0
leaf_count=315 52 40 37 80 36
internal_value=0 -0.183725 0.373704 0 0.167914
internal_count=560 391 169 132 76
shrinkage=0.0456848


Tree=16
num_leaves=7
num_cat=0
split_feature=6 0 8 5 4 4
split_gain=2.17918 2.09569 1.26578 0.309934 0.165716 0.0698619
threshold=25320.250000000004 6.2500000000000009 1582.7500000000002 1260.2500000000002 9.2500000000000018 48.250000000000007
decision_type=2 2 2 2 2 2
left_child=1 4 -3 -2 -1 -6
right_child=3 2 -4 -5 5 -7
leaf_value=-0.018578174708036153 0 0.02569979732445905 -0 0.03523229584777935 0.001315830129043074 -0.0062975657305112736
leaf_count=317 53 55 42 22 33 38
internal_value=0 -0.120635 0.240565 0.526445 -0.349657 -0
internal_count=560 485 97 75 388 71
shrinkage=0.0456848


Tree=17
num_leaves=7
num_cat=0
split_feature=6 0 8 0 4 4
split_gain=2.07213 1.95304 1.18902 1.03467 0.155421 0.0670948
threshold=25320.250000000004 6.2500000000000009 1582.7500000000002 1.7500000000000002 9.2500000000000018 48.250000000000007
decision_type=2 2 2 2 2 2
left_child=1 4 -3 -2 -1 -6
right_child=3 2 -4 -5 5 -7
leaf_value=-0.018123492424396065 0 0.024571384989738088 -0 0.041497426110424854 0.0012877122630500278 -0.0061801125754591679
leaf_count=317 52 55 42 23 33 38
internal_value=0 -0.115663 0.226075 0.513053 -0.340675 -0
internal_count=560 485 97 75 388 71
shrinkage=0.0456848


Tree=18
num_leaves=7
num_cat=0
split_feature=6 0 8 0 4 4
split_gain=1.96774 1.81951 1.11733 0.955162 0.145595 0.0644418
threshold=25320.250000000004 6.2500000000000009 1582.7500000000002 1.7500000000000002 9.2500000000000018 48.250000000000007
decision_type=2 2 2 2 2 2
left_child=1 4 -3 -2 -1 -6
right_child=3 2 -4 -5 5 -7
leaf_value=-0.017674925939108719 0 0.02350098996689666 -0 0.039988247763155529 0.0012601944119924452 -0.0060649047138607347
leaf_count=317 52 55 42 23 33 38
internal_value=0 -0.110909 0.212215 0.499439 -0.331851 -0
internal_count=560 485 97 75 388 71
shrinkage=0.0456848


Tree=19
num_leaves=7
num_cat=0
split_feature=6 0 0 7 4 4
split_gain=1.86836 1.6946 0.880872 0.681028 0.13623 0.061898
threshold=25320.250000000004 6.2500000000000009 1.7500000000000002 1.7500000000000002 9.2500000000000018 48.250000000000007
decision_type=2 2 2 2 2 2
left_child=1 4 -2 -3 -1 -6
right_child=2 3 -4 -5 5 -7
leaf_value=-0.017232646290193238 0 0.018647885250091686 0.038534003298291701 -0 0.0012332605129968279 -0.0059518991640213174
leaf_count=317 52 62 23 35 33 38
internal_value=0 -0.106364 0.486105 0.198953 -0.323185 -0
internal_count=560 485 75 97 388 71
shrinkage=0.0456848


Tree=20
num_leaves=7
num_cat=0
split_feature=6 0 0 6 4 4
split_gain=1.77215 1.58286 0.811542 0.136153 0.127314 0.0594588
threshold=25320.250000000004 6.2500000000000009 1.7500000000000002 33.250000000000007 9.2500000000000018 48.250000000000007
decision_type=2 2 2 2 2 2
left_child=1 4 -2 -3 -1 -6
right_child=2 3 -4 -5 5 -7
leaf_value=-0.0167968116906956 0 0.012138774369174503 0.037133546281282105 -0 0.0012068992999543747 -0.0058410532909157599
leaf_count=317 52 59 23 38 33 38
internal_value=0 -0.101656 0.473059 0.187513 -0.314679 -0
internal_count=560 485 75 97 388 71
shrinkage=0.0456848


Tree=21
num_leaves=5
num_cat=0
split_feature=6 0 8 0
split_gain=1.67587 1.49303 0.976429 0.746908
threshold=25320.250000000004 6.2500000000000009 1582.7500000000002 1.7500000000000002
decision_type=2 2 2 2
left_child=1 -1 -3 -2
right_child=3 2 -4 -5
leaf_value=-0.013994788093511398 0 0.021252664577099224 -0 0.03578556596331476
leaf_count=388 52 55 42 23
internal_value=0 -0.0960071 0.180413 0.460309
internal_count=560 485 97 75
shrinkage=0.0456848


Tree=22
num_leaves=7
num_cat=0
split_feature=0 4 9 6 4 0
split_gain=1.60455 1.85818 0.598355 1.53311 0.152252 0.0568052
threshold=16.750000000000004 6.2500000000000009 28.750000000000004 3298.7500000000005 19.750000000000004 6.2500000000000009
decision_type=2 2 2 2 2 2
left_child=1 5 3 -3 -5 -1
right_child=-2 2 -4 4 -6 -7
leaf_value=-0.016226882170059524 0.028401266071109342 0.024358875780236693 0.022630132441198395 -0 -0.017170906459683024 -0
leaf_count=315 30 32 43 38 49 53
internal_value=0 -0.0519439 0.206746 0 -0.276875 -0.30959
internal_count=560 530 162 119 87 368
shrinkage=0.0456848


Tree=23
num_leaves=7
num_cat=0
split_feature=6 8 0 0 5 8
split_gain=1.56789 1.45101 0.662007 0.623589 1.2993 0.290181
threshold=25320.250000000004 23974.000000000004 1.7500000000000002 6.2500000000000009 12.250000000000002 631.00000000000011
decision_type=2 2 2 2 2 2
left_child=1 3 -2 4 -1 -5
right_child=2 -3 -4 5 -6 -7
leaf_value=-0.014340148217937231 0 -0.023574618894758384 0.034135482487778673 0.018562102527651825 0.014935749527046313 -0
leaf_count=255 52 110 23 46 38 36
internal_value=0 -0.0888396 0.446049 0.00149134 -0.0664209 0.282104
internal_count=560 485 75 375 293 82
shrinkage=0.0456848


Tree=24
num_leaves=6
num_cat=1
split_feature=6 8 10 4 7
split_gain=1.48136 1.39553 0.602331 0.744011 0.418848
threshold=25320.250000000004 23974.000000000004 0 3.2500000000000004 11956.000000000002
decision_type=2 2 5 2 2
left_child=1 2 3 -1 -2
right_child=4 -3 -4 -5 -6
leaf_value=-0.015448874245272824 0 -0.023181906929093825 0.0073121197441587604 0.0010985827576681362 0.02637531268742966
leaf_count=191 31 110 152 32 44
internal_value=0 -0.0832955 0.00322958 -0.0807117 0.433964
internal_count=560 485 375 223 75
cat_boundaries=0 1
cat_threshold=1
shrinkage=0.0456848


Tree=25
num_leaves=6
num_cat=0
split_feature=0 4 9 7 0
split_gain=1.46005 1.67126 0.546267 1.76862 0.0222327
threshold=16.750000000000004 6.2500000000000009 28.750000000000004 2369.5000000000005 6.2500000000000009
decision_type=2 2 2 2 2
left_child=1 4 3 -3 -1
right_child=-2 2 -4 -5 -6
leaf_value=-0.015283632688426503 0.027052243372626017 0.02254041885446147 0.021523908467081198 -0.015902988394677079 -0
leaf_count=315 30 41 43 78 53
internal_value=0 -0.0417894 0.198078 0 -0.29358
internal_count=560 530 162 119 368
shrinkage=0.0456848


Tree=26
num_leaves=6
num_cat=0
split_feature=0 4 9 7 0
split_gain=1.36584 1.58477 0.50595 1.66614 0.0137241
threshold=16.750000000000004 6.2500000000000009 28.750000000000004 2369.5000000000005 6.2500000000000009
decision_type=2 2 2 2 2
left_child=1 4 3 -3 -1
right_child=-2 2 -4 -5 -6
leaf_value=-0.014878981937369291 0.026064957467447029 0.021709310584683592 0.020738882230782366 -0.015557744116571109 -0
leaf_count=315 30 41 43 78 53
internal_value=0 -0.0376627 0.193077 0 -0.286273
internal_count=560 530 162 119 368
shrinkage=0.0456848


Tree=27
num_leaves=6
num_cat=1
split_feature=6 8 0 10 0
split_gain=1.31832 1.35338 0.569944 0.568354 0.919988
threshold=25320.250000000004 23974.000000000004 1.7500000000000002 0 6.2500000000000009
decision_type=2 2 2 5 2
left_child=1 3 -2 4 -1
right_child=2 -3 -4 -5 -6
leaf_value=-0.017212351592681634 0 -0.022735881556044651 0.03123055391667854 0.0072641832971400595 0.00277434925734895
leaf_count=188 52 110 23 152 35
internal_value=0 -0.07154 0.410876 0.0125842 -0.0728036
internal_count=560 485 75 375 223
cat_boundaries=0 1
cat_threshold=1
shrinkage=0.0456848


Tree=28
num_leaves=6
num_cat=1
split_feature=4 8 8 10 8
split_gain=1.2694 1.00912 1.03946 0.749778 0.339474
threshold=6.2500000000000009 205837.50000000003 42506.500000000007 0 1293.2500000000002
decision_type=2 2 2 5 2
left_child=3 2 -2 -1 -5
right_child=1 -3 -4 4 -6
leaf_value=-0.009718730065887601 0.016680612709257765 0.029131875722940143 -0.012556974007839472 0.012468790082000946 -0
leaf_count=235 52 37 80 110 46
internal_value=0 0.30283 0 -0.117021 0.0609335
internal_count=560 169 132 391 156
cat_boundaries=0 1
cat_threshold=1
shrinkage=0.0456848


Tree=29
num_leaves=7
num_cat=1
split_feature=4 7 6 7 10 9
split_gain=1.20181 1.08155 0.629117 0.935775 0.534862 0.529335
threshold=6.2500000000000009 15.250000000000002 25320.250000000004 2369.5000000000005 0 28.750000000000004
decision_type=2 2 2 2 5 2
left_child=1 4 3 -2 -1 -4
right_child=2 -3 5 -5 -6 -7
leaf_value=-0.0043748442958654312 0.016073425140767494 -0.02184133601272388 0 -0.014342377683348435 0.0068092437851706563 0.034995162592260709
leaf_count=163 37 113 43 67 115 22
internal_value=0 -0.115943 0.292332 0 0 0.486139
internal_count=560 391 169 104 278 65
cat_boundaries=0 1
cat_threshold=1
shrinkage=0.0456848


Tree=30
num_leaves=5
num_cat=0
split_feature=4 7 8 8
split_gain=1.14571 1.03637 0.906848 0.95338
threshold=6.2500000000000009 15.250000000000002 205837.50000000003 42506.500000000007
decision_type=2 2 2 2
left_child=1 -1 3 -2
right_child=2 -3 -4 -5
leaf_value=0 0.015729844621978618 -0.021467595358349897 0.027340192562379101 -0.012234912635094883
leaf_count=278 52 113 37 80
internal_value=0 -0.111923 0.285722 0
internal_count=560 391 169 132
shrinkage=0.0456848


Tree=31
num_leaves=5
num_cat=0
split_feature=0 4 9 7
split_gain=1.27141 1.30517 0.445636 1.49984
threshold=16.750000000000004 6.2500000000000009 28.750000000000004 2369.5000000000005
decision_type=2 2 2 2
left_child=1 -1 3 -3
right_child=-2 2 -4 -5
leaf_value=-0.012213493510151548 0.025048224120911955 0.019711643883157791 0.018484014958871989 -0.015431169323214212
leaf_count=368 30 41 43 78
internal_value=0 -0.0337816 0.16434 -0
internal_count=560 530 162 119
shrinkage=0.0456848


Tree=32
num_leaves=6
num_cat=0
split_feature=0 4 8 8 0
split_gain=1.18802 1.22697 0.421145 1.04571 0.00129826
threshold=16.750000000000004 6.2500000000000009 232191.00000000003 42506.500000000007 6.2500000000000009
decision_type=2 2 2 2 2
left_child=1 4 3 -3 -1
right_child=-2 2 -4 -5 -6
leaf_value=-0.013458544460833693 0.024141867992747906 0.015579792145133366 0.018029576294462703 -0.013533757976093155 -0
leaf_count=315 30 51 29 82 53
internal_value=0 -0.0292271 0.160091 -0 -0.259297
internal_count=560 530 162 133 368
shrinkage=0.0456848


Tree=33
num_leaves=7
num_cat=0
split_feature=6 8 6 7 8 5
split_gain=1.00945 1.22251 0.539759 0.344398 0.260958 0.15111
threshold=25320.250000000004 23974.000000000004 250.75000000000003 11956.000000000002 631.00000000000011 1000.0000000000001
decision_type=2 2 2 2 2 2
left_child=1 2 4 -2 -1 -5
right_child=3 -3 -4 5 -6 -7
leaf_value=0 -0 -0.021699888267800366 0.015330249186763538 0 -0.011621930307256991 0.02758628537292138
leaf_count=250 31 110 71 22 54 22
internal_value=0 -0.0546758 0.0204884 0.358192 -0.00377032 0.48369
internal_count=560 485 375 75 304 44
shrinkage=0.0456848


Tree=34
num_leaves=6
num_cat=0
split_feature=0 4 2 7 4
split_gain=1.11733 1.14888 0.385504 0.129488 0.412036
threshold=16.750000000000004 6.2500000000000009 37.750000000000007 18608.500000000004 22.750000000000004
decision_type=2 2 2 2 2
left_child=1 -1 3 4 -3
right_child=-2 2 -4 -5 -6
leaf_value=-0.011509957298554207 0.023335756184833537 0 0.017066270843143574 0.0065219229860865816 -0.014823794099636993
leaf_count=368 30 41 45 23 53
internal_value=0 -0.0260717 0.15403 -0 -0.089094
internal_count=560 530 162 117 94
shrinkage=0.0456848


Tree=35
num_leaves=7
num_cat=0
split_feature=6 8 6 7 8 5
split_gain=0.924662 1.17511 0.51144 0.315042 0.24461 0.13543
threshold=25320.250000000004 23974.000000000004 250.75000000000003 11956.000000000002 631.00000000000011 1000.0000000000001
decision_type=2 2 2 2 2 2
left_child=1 2 4 -2 -1 -5
right_child=3 -3 -4 5 -6 -7
leaf_value=0 -0 -0.021295193165736376 0.014925165356112137 0 -0.011295725301669448 0.026289042460854645
leaf_count=250 31 110 71 22 54 22
internal_value=0 -0.0476567 0.0242573 0.343635 -0 0.462376
internal_count=560 485 375 75 304 44
shrinkage=0.0456848


Tree=36
num_leaves=6
num_cat=1
split_feature=4 7 8 8 10
split_gain=0.895017 0.961542 0.704584 0.772134 0.52485
threshold=6.2500000000000009 15.250000000000002 205837.50000000003 42506.500000000007 0
decision_type=2 2 2 2 5
left_child=1 4 3 -2 -1
right_child=2 -3 -4 -5 -6
leaf_value=-0.0040387800973640349 0.013846606858423958 -0.020466131219706158 0.023962638803219357 -0.011284934079635331 0.0069526566197910941
leaf_count=163 52 113 37 80 115
internal_value=0 -0.0889298 0.256506 0 0
internal_count=560 391 169 132 278
cat_boundaries=0 1
cat_threshold=1
shrinkage=0.0456848


Tree=37
num_leaves=7
num_cat=0
split_feature=0 2 5 5 9 7
split_gain=1.05124 0.699852 0.698492 0.348041 0.339419 0.291821
threshold=16.750000000000004 37.750000000000007 130.75000000000003 265.75000000000006 28.750000000000004 1.7500000000000002
decision_type=2 2 2 2 2 2
left_child=1 2 5 -4 -5 -1
right_child=-2 -3 3 4 -6 -7
leaf_value=-0 0.022574565482599531 0.010536308262879121 0.014562890741556683 -0.0130601975834654 0 -0.022589538916133436
leaf_count=255 30 57 26 51 25 116
internal_value=0 -0.0226548 -0.147524 0 -0 -0.278508
internal_count=560 530 473 102 76 371
shrinkage=0.0456848


Tree=38
num_leaves=6
num_cat=1
split_feature=4 7 8 8 10
split_gain=0.83404 0.889923 0.636616 0.731959 0.508004
threshold=6.2500000000000009 15.250000000000002 205837.50000000003 42506.500000000007 0
decision_type=2 2 2 2 5
left_child=1 4 3 -2 -1
right_child=2 -3 -4 -5 -6
leaf_value=-0.0040358445598567957 0.013448323251193699 -0.019874463580447446 0.022827232035559149 -0.011018775720745031 0.0067934167761120401
leaf_count=163 52 113 37 80 115
internal_value=0 -0.0850224 0.247332 0 0
internal_count=560 391 169 132 278
cat_boundaries=0 1
cat_threshold=1
shrinkage=0.0456848


Tree=39
num_leaves=6
num_cat=0
split_feature=0 4 9 7 0
split_gain=0.988237 0.960281 0.391508 1.37378 0.00198169
threshold=16.750000000000004 6.2500000000000009 28.750000000000004 2369.5000000000005 6.2500000000000009
decision_type=2 2 2 2 2
left_child=1 4 3 -3 -1
right_child=-2 2 -4 -5 -6
leaf_value=-0.012229228514547521 0.021781579646453584 0.017935228302673002 0.016311523157453999 -0.015468313935097793 -0
leaf_count=315 30 41 43 78 53
internal_value=0 -0.0214811 0.134536 -0 -0.234912
internal_count=560 530 162 119 368
shrinkage=0.0456848


Tree=40
num_leaves=6
num_cat=0
split_feature=0 4 2 5 2
split_gain=0.925311 0.908857 0.318079 0.194643 0.342144
threshold=16.750000000000004 6.2500000000000009 37.750000000000007 130.75000000000003 31.750000000000004
decision_type=2 2 2 2 2
left_child=1 -1 3 -3 -5
right_child=-2 2 -4 4 -6
leaf_value=-0.010454440077193683 0.021005480282940393 -0.0087022291406591897 0.014934939191230068 0.013057654626483414 -0
leaf_count=368 30 40 45 41 36
internal_value=0 -0.018443 0.131096 -0 0.0951981
internal_count=560 530 162 117 77
shrinkage=0.0456848


Tree=41
num_leaves=6
num_cat=1
split_feature=6 8 10 4 9
split_gain=0.7181 1.07184 0.485721 0.598841 0.302075
threshold=25320.250000000004 23974.000000000004 0 10.750000000000002 28.750000000000004
decision_type=2 2 5 2 2
left_child=1 2 3 -1 -2
right_child=4 -3 -4 -5 -6
leaf_value=-0.013537151114556552 0 -0.02047081434103365 0.0070098639933402372 0.0010920446530805279 0.022046714516454048
leaf_count=198 44 110 152 25 31
internal_value=0 -0.0367767 0.0276549 -0.0571132 0.300936
internal_count=560 485 375 223 75
cat_boundaries=0 1
cat_threshold=1
shrinkage=0.0456848


Tree=42
num_leaves=8
num_cat=0
split_feature=0 4 2 7 4 7 0
split_gain=0.877336 0.821023 0.30122 0.0738152 0.388232 0.0308971 0.000597492
threshold=16.750000000000004 6.2500000000000009 37.750000000000007 18608.500000000004 22.750000000000004 15.250000000000002 7.7500000000000009
decision_type=2 2 2 2 2 2 2
left_child=1 5 3 4 -3 6 -1
right_child=-2 2 -4 -5 -6 -7 -8
leaf_value=0 0.020436072656926832 0 0.014323120752684973 0.0043597263624105126 -0.014322232324391225 -0.017144112512111006 -0.00055791892855308026
leaf_count=228 30 41 45 23 53 107 33
internal_value=0 -0.0141912 0.123781 -0 -0.0770019 -0.218642 -0
internal_count=560 530 162 117 94 368 261
shrinkage=0.0456848


Tree=43
num_leaves=7
num_cat=0
split_feature=0 4 9 7 7 0
split_gain=0.823492 0.797491 0.337308 1.27911 0.0200837 0.000569021
threshold=16.750000000000004 6.2500000000000009 28.750000000000004 2369.5000000000005 15.250000000000002 7.7500000000000009
decision_type=2 2 2 2 2 2
left_child=1 4 3 -3 5 -1
right_child=-2 2 -4 -5 -6 -7
leaf_value=0 0.019712694746636984 0.017019850409465069 0.014910035062232459 -0.015158509874620248 -0.016833291595639031 -0.00054453295618852107
leaf_count=228 30 41 43 78 107 33
internal_value=0 -0.0127149 0.122172 -0 -0.215621 -0
internal_count=560 530 162 119 368 261
shrinkage=0.0456848


Tree=44
num_leaves=6
num_cat=0
split_feature=5 9 4 7 7
split_gain=0.664511 1.43579 0.512064 0.454513 0.191754
threshold=1260.2500000000002 1.7500000000000002 6.2500000000000009 2369.5000000000005 15.250000000000002
decision_type=2 2 2 2 2
left_child=1 2 4 -4 -1
right_child=-2 -3 3 -5 -6
leaf_value=0.0015501832899626189 0.017567300845410045 -0.019926513948017255 0.023257313171205225 -0 -0.0097902926091686469
leaf_count=265 27 122 34 41 71
internal_value=0 -0.00661791 0.0875906 0.322327 -0
internal_count=560 533 411 75 336
shrinkage=0.0456848


Tree=45
num_leaves=7
num_cat=0
split_feature=0 4 9 5 4 0
split_gain=0.778388 0.746517 0.327898 1.0661 0.102769 0.00818146
threshold=16.750000000000004 6.2500000000000009 28.750000000000004 192.25000000000003 36.250000000000007 6.2500000000000009
decision_type=2 2 2 2 2 2
left_child=1 5 3 4 -3 -1
right_child=-2 2 -4 -5 -6 -7
leaf_value=-0.011040763667146836 0.01908101348224572 0.016353710616009348 0.014456261832029268 -0.017134950873773504 0 -0
leaf_count=315 30 35 43 54 30 53
internal_value=0 -0.0122284 0.115129 -0 0.267154 -0.210549
internal_count=560 530 162 119 65 368
shrinkage=0.0456848


Tree=46
num_leaves=7
num_cat=0
split_feature=0 4 9 7 7 0
split_gain=0.729211 0.705625 0.305563 1.13744 0.0193782 0.000510908
threshold=16.750000000000004 6.2500000000000009 28.750000000000004 2369.5000000000005 15.250000000000002 7.7500000000000009
decision_type=2 2 2 2 2 2
left_child=1 4 3 -3 5 -1
right_child=-2 2 -4 -5 -6 -7
leaf_value=0 0.018410373130156452 0.015605942242711373 0.013954149234603207 -0.014652608785218844 -0.016104008672632703 -0.00051612445989729675
leaf_count=228 30 41 43 78 107 33
internal_value=0 -0.00953485 0.11223 -0 -0.204968 -0
internal_count=560 530 162 119 368 261
shrinkage=0.0456848


end of trees

feature importances:
n_1=55
n_table_1.n_11=53
n_table_1.n_19=46
n_table_1.n_16=31
n_table_1.n_15=25
n_table_1.n_12=13
n_table_1.n_27=12
c_table_2.c_4=8
n_table_1.n_3=6

parameters:
[boosting: gbdt]
[objective: binary]
[metric: auc]
[tree_learner: serial]
[device_type: cpu]
[data: ]
[valid: ]
[num_iterations: 100]
[learning_rate: 0.0456848]
[num_leaves: 10]
[num_threads: 4]
[max_depth: 5]
[min_data_in_leaf: 20]
[min_sum_hessian_in_leaf: 1.53109]
[bagging_fraction: 0.7]
[bagging_freq: 77]
[bagging_seed: 3]
[feature_fraction: 0.9]
[feature_fraction_seed: 2]
[early_stopping_round: 0]
[max_delta_step: 0]
[lambda_l1: 1.23923]
[lambda_l2: 1.88008]
[min_gain_to_split: 0]
[drop_rate: 0.1]
[max_drop: 50]
[skip_drop: 0.5]
[xgboost_dart_mode: 0]
[uniform_drop: 0]
[drop_seed: 4]
[top_rate: 0.2]
[other_rate: 0.1]
[min_data_per_group: 100]
[max_cat_threshold: 32]
[cat_l2: 10]
[cat_smooth: 10]
[max_cat_to_onehot: 4]
[top_k: 20]
[monotone_constraints: ]
[feature_contri: ]
[forcedsplits_filename: ]
[refit_decay_rate: 0.9]
[verbosity: -1]
[max_bin: 255]
[min_data_in_bin: 3]
[bin_construct_sample_cnt: 200000]
[histogram_pool_size: -1]
[data_random_seed: 1]
[output_model: LightGBM_model.txt]
[snapshot_freq: -1]
[input_model: ]
[output_result: LightGBM_predict_result.txt]
[initscore_filename: ]
[valid_data_initscores: ]
[pre_partition: 0]
[enable_bundle: 1]
[max_conflict_rate: 0]
[is_enable_sparse: 1]
[sparse_threshold: 0.8]
[use_missing: 1]
[zero_as_missing: 0]
[two_round: 0]
[save_binary: 0]
[enable_load_from_binary_file: 1]
[header: 0]
[label_column: ]
[weight_column: ]
[group_column: ]
[ignore_column: ]
[categorical_feature: ]
[predict_raw_score: 0]
[predict_leaf_index: 0]
[predict_contrib: 0]
[num_iteration_predict: -1]
[pred_early_stop: 0]
[pred_early_stop_freq: 10]
[pred_early_stop_margin: 10]
[convert_model_language: ]
[convert_model: gbdt_prediction.cpp]
[num_class: 1]
[is_unbalance: 0]
[scale_pos_weight: 1]
[sigmoid: 1]
[boost_from_average: 1]
[reg_sqrt: 0]
[alpha: 0.9]
[fair_c: 1]
[poisson_max_delta_step: 0.7]
[tweedie_variance_power: 1.5]
[max_position: 20]
[label_gain: ]
[metric_freq: 1]
[is_provide_training_metric: 0]
[eval_at: ]
[num_machines: 1]
[local_listen_port: 12400]
[time_out: 120]
[machine_list_filename: ]
[machines: ]
[gpu_platform_id: -1]
[gpu_device_id: -1]
[gpu_use_dp: 0]

end of parameters

pandas_categorical:[[0, 1, 2, 3, 4, 5, 6, 7, 8, 9, 10, 11, 12, 13, 14, 15, 16, 17, 18, 19, 20, 21, 22, 23, 24, 25, 26, 27, 28, 29, 30, 31, 32, 33, 34, 35, 36, 37, 38, 39, 40, 41, 42, 43, 44, 45, 46, 47, 48, 49, 50, 51, 52, 53, 54, 55, 56, 57, 58, 59, 60, 61, 62, 63, 64, 65, 66, 67, 68, 69, 70, 71, 72, 73, 74, 75, 76, 77, 78, 79, 80, 81, 82, 83, 84, 85, 86, 87, 88, 89, 90, 91, 92, 93, 94, 95, 96, 97, 98, 99, 100, 101, 102, 103, 104, 105, 106, 107, 108, 109, 110, 111, 112, 113, 114, 115, 116, 117, 118, 119, 120, 121, 122, 123, 124, 125, 126, 127, 128, 129, 130, 131, 132, 133, 134, 135, 136, 137, 138, 139, 140, 141, 142, 143, 144, 145, 146, 147, 148, 149, 150, 151, 152, 153, 154, 155, 156, 157, 158], [0, 1, 2, 3, 4, 5, 6, 7, 8, 9, 10, 11, 12, 13, 14, 15, 16, 17, 18, 19, 20, 21, 22, 23, 24, 25, 26, 27, 28, 29, 30, 31, 32, 33, 34, 35, 36, 37, 38, 39, 40, 41, 42, 43, 44, 45, 46, 47, 48, 49, 50, 51, 52, 53, 54, 55, 56, 57, 58, 59, 60, 61, 62, 63, 64, 65, 66, 67, 68, 69, 70, 71, 72, 73, 74, 75, 76, 77, 78, 79, 80, 81, 82, 83, 84, 85, 86, 87, 88, 89, 90, 91, 92, 93, 94, 95, 96, 97, 98, 99, 100, 101, 102, 103, 104, 105, 106, 107, 108, 109, 110, 111, 112, 113, 114, 115, 116, 117, 118, 119, 120, 121, 122, 123, 124, 125, 126, 127, 128, 129, 130, 131, 132, 133, 134, 135, 136, 137, 138, 139, 140, 141, 142, 143, 144, 145, 146, 147, 148, 149, 150]]
