tree
version=v2
num_class=1
num_tree_per_iteration=1
label_index=0
max_feature_idx=22
objective=binary sigmoid:1
feature_names=n_1 c_table_1.c_1 c_table_1.c_2 n_table_1.n_2 c_table_1.c_3 c_table_1.c_4 n_table_1.n_5 n_table_1.n_6 n_table_1.n_7 n_table_1.n_8 n_table_1.n_9 n_table_1.n_10 n_table_1.n_11 n_table_1.n_12 n_table_1.n_15 n_table_1.n_16 n_table_1.n_17 n_table_1.n_18 n_table_1.n_19 n_table_1.n_20 n_table_1.n_25 n_table_1.n_26 n_table_1.n_27
feature_infos=[1:62.5] 1:0 3:0:5:36:20:4:21:8:11:62:25:56:33:44:1:31:30:153:18:69:2:28:85:135:6:35:40:43:54:61:98:9:38:49:176:55:87:84:26:42:101:155:80:137:149:19:52:39:51:27:47:177:57:58:59:125:34:63:75:94:102:113:13:29:83:103:132:151:14:15:23:66:76:88:90:99:108:114:169:180:93:126:134:171:24:68:78:95:112:117:121:127:138:139:154:158:159:10:16:53:67:97:107:109:111:123:133:166:175:182 [-49.719499999999996:81.200400000000002] 36:0:3:33:28:13:9:1:42:8:178:19:5:66:24:95:72:2:12:17:14:56:58:139:25:31:70:119:90:112:88:81:83:6:21:50:75:100:204:4:43:64:74:79:116:44:48:49:94:123:67:26:97:22:30:32:122:11:29:46:182:102:158:161:167:206:16:39:60:135:143:10:18:34:57:63:120:128:155:68:71:98:147:159:172:175:212:15:35:54:62:82:99:113:134:140:177:196:23:69:76:89:138:162:166:199:205:27:40:51:65:73:115:168:181:188:193:198:41:45:53:59:61:92:96:108:111:121:129:136:157:163:174:180:184:185:189:191:192:194:195:201 34:0:24:2:8:36:10:1:41:52:77:6:13:31:5:28:78:3:12:15:17:20:32:23:30:35:75:58:18:47:100:14:37:27:61:88:4:7:45:48:64:73:82:133:38:56:62:71:106:115:135:9:40:70:83:85:96:108:125:21:29:46:54:113:132:25:39:42:44:72:97:111:119:122:19:68:76:103:110:117:121:123:124:127:131:138 [1:24272.5] [1:46363] [1:3314.5] [1:703902] [1:2481850] [1:70] [1:6121] [1:7070.5] [1:423494] [1:245767] [1:448222] [1:441384] [1:1178200] [1:18856] [1:38.5] [1:121640] [1:151]
tree_sizes=1206 1274 1176 1365 1190 1191 1330 1382 1145 1343 1253 1584 1207 1479 1344 1537 1531 1395

Tree=0
num_leaves=14
num_cat=1
split_feature=17 0 21 19 15 7 10 2 8 3 0 18 0
split_gain=38.3645 19.0979 9.07622 3.98655 4.1661 4.23925 3.65837 2.32181 4.22201 2.81467 1.68732 0.791232 0.508729
threshold=14869.000000000002 10.750000000000002 72.250000000000014 1150.0000000000002 13716.250000000002 265.00000000000006 1686.2500000000002 0 6.2500000000000009 69.507800000000017 16.750000000000004 1312.7500000000002 1.7500000000000002
decision_type=2 2 2 2 2 2 2 5 2 2 2 2 2
left_child=2 3 7 -2 -5 6 -6 -1 10 -10 11 12 -9
right_child=1 -3 -4 4 5 -7 -8 8 9 -11 -12 -13 -14
leaf_value=-3.1330056309892451 -2.9946482297131016 -2.8122084920882244 -3.0502604434824212 -3.1860120123007256 -3.0857106918361401 -2.9888179348195973 -3.2088582089512121 -3.1724136123154061 -3.2397958616811198 -3.1523190081791301 -3.1303594152169998 -3.1509056341443467 -3.2044014177734503
leaf_count=104 106 77 115 115 143 74 74 1111 590 85 139 73 394
internal_value=0 1.15831 -0.242267 0.667406 0.31967 0.656118 0.121341 -0.316769 -0.334522 -0.718002 -0.211025 -0.265882 -0.295336
internal_count=3200 589 2611 512 406 291 217 2496 2392 675 1717 1578 1505
cat_boundaries=0 5
cat_threshold=301990400 0 8388608 0 33554432
shrinkage=1


Tree=1
num_leaves=15
num_cat=2
split_feature=18 0 2 14 8 21 0 10 0 2 19 8 18 0
split_gain=30.4567 12.5411 5.57972 6.28786 9.47681 2.70247 2.96178 1.93088 1.87936 1.90831 2.44374 1.10072 0.664298 0.0845448
threshold=30745.750000000004 13.750000000000002 0 25966.000000000004 76.750000000000014 72.250000000000014 16.750000000000004 4066.0000000000005 1.7500000000000002 1 3.2500000000000004 142.75000000000003 4561.0000000000009 22.750000000000004
decision_type=2 2 5 2 2 2 2 2 2 5 2 2 2 2
left_child=5 2 11 7 -5 6 8 -4 9 -1 -11 -2 -12 -8
right_child=1 -3 3 4 -6 -7 13 -9 -10 10 12 -13 -14 -15
leaf_value=0.018794439024234454 -0.061403882647964175 0.27370244711724118 -0.00022133681748867624 0.25870931747677267 0.016824923722357627 0.051450014686299346 0.031798810059456603 0.079216930259763216 -0.063054176233171125 -0.014770669692424056 -0.088823603209051777 0 -0.010806793569758827 0
leaf_count=106 140 62 117 118 98 69 109 80 641 1096 248 82 144 90
internal_value=0 0.899452 0.574586 0.703409 1.65155 -0.248158 -0.286688 0.261108 -0.34559 -0.220474 -0.255588 -0.167826 -0.660054 0.213377
internal_count=3200 697 635 413 216 2503 2434 197 2235 1594 1488 222 392 199
cat_boundaries=0 3 8
cat_threshold=68419666 1094714368 32 268435460 24 0 0 33554432
shrinkage=0.104284


Tree=2
num_leaves=14
num_cat=2
split_feature=18 2 0 21 0 10 0 2 8 6 6 8 0
split_gain=23.7565 10.0824 6.87189 2.30102 2.59423 1.82037 1.69917 1.76798 1.86898 0.82532 2.18773 0.292514 0.0560722
threshold=30745.750000000004 0 13.750000000000002 72.250000000000014 16.750000000000004 152.50000000000003 1.7500000000000002 1 6.2500000000000009 45.250000000000007 7.7500000000000009 142.75000000000003 22.750000000000004
decision_type=2 5 2 2 2 2 2 5 2 2 2 2 2
left_child=3 11 5 4 6 -3 7 -1 -9 10 -7 -2 -6
right_child=1 2 -4 -5 12 9 -8 8 -10 -11 -12 -13 -14
leaf_value=0.018187140434433847 -0.063330985555607969 0.00095527312335154293 0.28469582373485974 0.045594850509803442 0.028342441359984264 0.093236344321321662 -0.060182048087997597 -0.015656001732651959 -0.067692316129605024 0.15684233578598045 -0 -0 0
leaf_count=107 152 92 46 69 109 122 641 1155 332 136 69 80 90
internal_value=0 0.762865 0.91588 -0.227223 -0.26477 0.925277 -0.322229 -0.202275 -0.238783 1.08011 0.56452 -0.233471 0.194819
internal_count=3200 697 465 2503 2434 419 2235 1594 1487 327 191 232 199
cat_boundaries=0 3 8
cat_threshold=1048658 1095238656 65568 268435460 16 0 32 33554432
shrinkage=0.104284


Tree=3
num_leaves=17
num_cat=1
split_feature=18 0 21 12 15 2 8 12 17 15 21 0 18 8 18 0
split_gain=18.812 8.30746 4.84695 3.01958 3.94512 2.86517 3.35835 2.70327 2.06935 1.442 1.16247 1.08855 0.788901 0.39654 0.29473 0.639679
threshold=45856.000000000007 13.750000000000002 94.750000000000014 57.250000000000007 12925.750000000002 0 6.2500000000000009 4.7500000000000009 33357.250000000007 82511.500000000015 18.250000000000004 16.750000000000004 120850.00000000001 185.50000000000003 111.25000000000001 1.7500000000000002
decision_type=2 2 2 2 2 5 2 2 2 2 2 2 2 2 2 2
left_child=2 3 5 7 -5 -1 11 8 -2 12 13 14 -9 -8 15 -7
right_child=1 -3 -4 4 -6 6 10 9 -10 -11 -12 -13 -14 -15 -16 -17
leaf_value=0.024776461232619163 -0 0.20467298964290226 0.082989826532045022 0 0.14808660203955273 -0.013703655553619534 -0.088854080643706021 -0 0.095539173057354917 0.020838461002207011 -0 0.015309624624937068 -0.07067662272556148 -0.019239009983670504 0 -0.047925053001732332
leaf_count=106 81 51 69 73 91 1087 447 68 102 72 78 140 94 159 99 383
internal_value=0 0.699317 -0.192955 0.412899 0.900393 -0.24792 -0.279979 0.107025 0.547131 -0.162026 -0.63968 -0.165084 -0.441384 -0.720888 -0.214965 -0.233821
internal_count=3200 632 2568 581 164 2499 2393 417 183 234 684 1709 162 606 1569 1470
cat_boundaries=0 5
cat_threshold=301989892 0 8388608 0 33554432
shrinkage=0.104284


Tree=4
num_leaves=14
num_cat=1
split_feature=2 14 10 19 0 14 19 14 0 14 18 19 0
split_gain=18.8651 11.6995 5.03973 3.88368 3.4083 2.34204 3.07436 2.92798 1.43121 1.22567 1.20901 0.412165 0.362438
threshold=0 243.25000000000003 16.750000000000004 1.7500000000000002 15.250000000000002 45786.250000000007 1150.0000000000002 120667.50000000001 16.750000000000004 6382.0000000000009 6.2500000000000009 309.25000000000006 1.7500000000000002
decision_type=5 2 2 2 2 2 2 2 2 2 2 2 2
left_child=3 10 -3 8 5 6 11 -7 12 -8 -2 -4 -1
right_child=1 2 4 -5 -6 7 9 -9 -10 -11 -12 -13 -14
leaf_value=-0.012721625130928917 0 -0 0.011703837536104447 -0.073050425274883285 0.20372664133978605 0.17208028091349045 0.035785663824969144 0.023178230340875537 0.025480968470140898 -0.037222824863480865 -0.055375221733184737 0.096691517501140412 -0.042511983591603991
leaf_count=1060 115 127 115 532 51 97 68 85 126 106 201 151 366
internal_value=0 0.455759 0.811244 -0.273598 0.945374 0.734586 0.414933 1.17402 -0.149229 -0 -0.28574 0.730663 -0.212051
internal_count=3200 1116 800 2084 673 622 440 182 1552 174 316 266 1426
cat_boundaries=0 5
cat_threshold=2148532307 562567256 2097184 0 128
shrinkage=0.104284


Tree=5
num_leaves=14
num_cat=1
split_feature=4 19 10 19 19 3 18 15 7 18 15 8 16
split_gain=15.6625 10.4342 5.5871 4.46258 3.31537 4.09988 2.47572 3.13822 1.42761 1.71824 1.08963 0.961247 0.0178533
threshold=0 323.50000000000006 49.750000000000007 1.7500000000000002 742.75000000000011 35.268150000000013 157230.00000000003 44407.750000000007 76.000000000000014 2202.2500000000005 14739.250000000002 220.00000000000003 20115.250000000004
decision_type=5 2 2 2 2 2 2 2 2 2 2 2 2
left_child=3 8 -3 -1 -4 -6 10 -8 9 -2 -7 -10 -5
right_child=1 2 4 12 5 6 7 -9 11 -11 -12 -13 -14
leaf_value=-0.014273806164138996 -0.06785134410985022 -0.0098409172546239029 0.17604957050108397 -0.087251846781906256 -0.00087431539382347282 0.056553562454483036 0.19429167310771653 0.033831135275592152 0.056858033565943253 0 -0 -0 -0.0067238065568262914
leaf_count=1553 219 107 111 381 80 151 75 85 84 97 74 111 72
internal_value=0 0.396643 0.780049 -0.262627 0.928522 0.657917 0.847507 1.26269 -0.114832 -0.359751 0.349742 0.14778 -0.758822
internal_count=3200 1194 683 2006 576 465 385 160 511 316 225 195 453
cat_boundaries=0 7
cat_threshold=2154316321 83957762 3288335428 1048594 0 0 4096
shrinkage=0.104284


Tree=6
num_leaves=16
num_cat=2
split_feature=2 18 8 0 2 12 14 8 8 8 0 12 14 6 0
split_gain=15.5872 7.02248 5.03786 4.94017 2.78167 2.60457 2.21934 1.79642 1.591 1.15979 1.1497 1.09476 0.921793 0.872318 0.399002
threshold=0 45856.000000000007 3.2500000000000004 15.250000000000002 1 3.2500000000000004 36133.000000000007 67.750000000000014 66.250000000000014 171.25000000000003 16.750000000000004 216.25000000000003 94140.250000000015 1.7500000000000002 1.7500000000000002
decision_type=5 2 2 2 5 2 2 2 2 2 2 2 2 2 2
left_child=2 4 10 6 11 13 7 -3 -8 -9 14 -2 -10 -6 -1
right_child=1 3 -4 -5 5 -7 8 9 12 -11 -12 -13 -14 -15 -16
leaf_value=-0.012005858855330634 -0.067807932875733015 -0.029066072723366528 -0.087860609976369422 0.20932072080631237 -0.020494632301120096 0.093986441562752238 0.12106279754597919 0.081199406608765401 0.0570163678659074 -0 0.019278678277542011 0 -0 0.034849846326991618 -0.042125218956662915
leaf_count=1115 184 76 420 24 145 142 104 70 64 52 131 106 67 116 384
internal_value=0 0.388523 -0.267874 0.803516 0.0399419 0.257129 0.559068 0.0829102 0.815135 0.452171 -0.147677 -0.225224 0.221278 0 -0.204241
internal_count=3200 1150 2050 457 693 403 433 198 235 122 1630 290 131 261 1499
cat_boundaries=0 6 10
cat_threshold=2148532307 562568264 3211296 32 128 65536 1076101408 18 0 4
shrinkage=0.104284


Tree=7
num_leaves=17
num_cat=1
split_feature=2 21 19 14 3 3 3 17 13 12 14 0 17 17 0 3
split_gain=12.4425 5.41965 5.13766 3.81147 2.43738 4.29433 1.72555 5.07295 3.42954 2.10607 1.2978 1.03833 0.640186 0.469479 0.282153 0.26167
threshold=0 190.00000000000003 1.7500000000000002 243.25000000000003 48.774150000000013 35.615200000000009 57.339400000000005 3652.7500000000005 22.000000000000004 1.7500000000000002 9505.7500000000018 16.750000000000004 116.50000000000001 43389.250000000007 1.7500000000000002 46.05080000000001
decision_type=5 2 2 2 2 2 2 2 2 2 2 2 2 2 2 2
left_child=2 3 11 12 5 -3 8 -8 9 15 -10 14 -2 -12 -1 -5
right_child=1 4 -4 6 -6 -7 7 -9 10 -11 13 -13 -14 -15 -16 -17
leaf_value=-0.00913461323629851 -0 0 -0.082563926509855445 -0 0.0091558287112174126 0.16701038782569896 0 0.16316105278819873 -0.063310116987066956 0.12454980754749627 0.027984267033225971 0.022204743706473996 -0.064271825730196006 -0.012846411885937936 -0.036364075356613332 0.0264676227570124
leaf_count=1060 160 46 487 86 74 88 123 51 76 69 70 126 119 105 366 94
internal_value=0 0.338801 -0.246003 0.170529 0.910193 1.19738 0.347038 0.763345 0.147989 0.559745 -0.142184 -0.11086 -0.333421 0 -0.169698 0.0982578
internal_count=3200 1161 2039 953 208 134 674 174 500 249 251 1552 279 175 1426 180
cat_boundaries=0 6
cat_threshold=2148532307 562567240 3211296 32 128 65536
shrinkage=0.104284


Tree=8
num_leaves=14
num_cat=2
split_feature=4 2 10 19 15 8 3 8 3 19 17 12 12
split_gain=10.1813 6.10706 4.26946 3.77735 1.48054 1.26461 1.96013 1.01567 0.910677 0.248378 0.195103 0.131099 1.04953
threshold=0 1 16.750000000000004 1.7500000000000002 11803.750000000002 257.50000000000006 35.258400000000002 334.75000000000006 62.23725000000001 720.25000000000011 2.5000000000000004 49.000000000000007 19.750000000000004
decision_type=5 5 2 2 2 2 2 2 2 2 2 2 2
left_child=3 8 10 -1 -5 6 -4 -7 -2 -9 -3 12 -8
right_child=1 2 5 4 -6 7 11 9 -10 -11 -12 -13 -14
leaf_value=-0.010586985567949547 -0.068496197365846612 0 0 -0.085997083759278156 -0 -0.0029543718991762629 0.078506684548992428 0 0 0.059370135471803191 -0.021779397558402778 0.13312618311292715 0
leaf_count=1553 218 87 68 426 64 62 240 54 83 75 107 109 54
internal_value=0 0.307183 0.464413 -0.221935 -0.685791 0.69254 0.829194 0.239623 -0.244643 0.429963 -0.035404 0.937241 0.618097
internal_count=3200 1157 856 2043 490 662 471 191 301 129 194 403 294
cat_boundaries=0 7 10
cat_threshold=2154316577 83957762 3288335428 1048594 0 0 4096 2148532304 554173520 2162688
shrinkage=0.104284


Tree=9
num_leaves=16
num_cat=2
split_feature=4 2 3 22 8 18 3 15 13 16 3 3 3 16 6
split_gain=8.31794 4.96104 3.25535 1.55333 2.16646 2.68874 2.12647 1.37209 0.921769 0.906958 0.832614 0.698488 1.48206 0.534636 0.267138
threshold=0 1 2.9757000000000002 1.7500000000000002 94.750000000000014 700.75000000000011 36.094350000000013 11803.750000000002 49.000000000000007 6228.2500000000009 62.23725000000001 52.509800000000006 60.638450000000006 23620.750000000004 1.7500000000000002
decision_type=5 5 2 2 2 2 2 2 2 2 2 2 2 2 2
left_child=2 10 -1 4 5 -3 9 -4 13 -5 -2 -8 -13 -6 -7
right_child=1 3 7 6 8 14 11 -9 -10 -11 -12 12 -14 -15 -16
leaf_value=-0.0099663393613407744 -0.065996953546896983 -0.0027072438950050347 -0.083585123901467995 0.049787996455908742 -0.060404987506823341 0.00090165431898431086 0.11469684574672716 -0 0.019304306314858025 -0.010076060564008787 0 -0 0.074131487453894307 -0 0.091739964979249466
leaf_count=1562 218 120 417 46 77 72 150 64 65 67 83 54 46 54 105
internal_value=0 0.271662 -0.205677 0.408342 0.223996 0.47214 0.688383 -0.656372 -0.0694029 0.0509512 -0.227485 0.875028 0.310931 -0.346109 0.739836
internal_count=3200 1157 2043 856 493 297 363 481 196 113 301 250 100 131 177
cat_boundaries=0 7 10
cat_threshold=2154316577 83957762 3288335428 1048594 0 0 4096 2148532304 554173520 2162688
shrinkage=0.104284


Tree=10
num_leaves=15
num_cat=2
split_feature=4 2 3 10 15 0 8 3 3 8 0 11 11 16
split_gain=6.78267 4.04758 2.92294 2.68684 1.2824 0.867884 0.787969 0.911793 0.758918 0.699778 0.299184 0.0940989 0.0765394 0.0729715
threshold=0 1 2.9757000000000002 16.750000000000004 11803.750000000002 16.750000000000004 257.50000000000006 35.258400000000002 62.23725000000001 334.75000000000006 1.7500000000000002 1.7500000000000002 1.7500000000000002 3.2500000000000004
decision_type=5 5 2 2 2 2 2 2 2 2 2 2 2 2
left_child=2 8 5 13 -4 10 7 -5 -2 -8 -1 -9 -11 -3
right_child=1 3 4 6 -6 -7 9 11 -10 12 -12 -13 -14 -15
leaf_value=-0.0065891327217396985 -0.063490244345088057 0 -0.081475353054902902 0 -0 0.021623843010736589 -0.0043999086711079506 0.053001369437473474 0 0 -0.033388602707147989 0.11592735162077673 0.042402442991935088 -0.014115311472621312
leaf_count=1064 218 99 417 68 64 127 62 332 83 52 371 71 77 95
internal_value=0 0.239992 -0.190497 0.359705 -0.63155 -0.0866023 0.525655 0.628241 -0.211354 0.160625 -0.143811 0.696137 0.321675 -0.0278317
internal_count=3200 1157 2043 856 481 1562 662 471 301 191 1435 403 129 194
cat_boundaries=0 7 10
cat_threshold=2154316577 83957762 3288335428 1048594 0 0 4096 2148532304 554173520 2162688
shrinkage=0.104284


Tree=11
num_leaves=20
num_cat=1
split_feature=4 19 3 19 18 3 18 16 19 15 0 7 0 0 7 7 7 18 18
split_gain=5.73013 3.59483 2.8342 2.63239 2.11419 1.78638 1.51565 1.87496 2.32504 1.19483 2.2017 1.8151 1.11192 0.517802 0.465146 0.310781 0.221598 0.165884 0.0637774
threshold=0 323.50000000000006 46.226000000000006 742.75000000000011 60860.500000000007 35.268150000000013 147232.00000000003 69558.250000000015 3902.5000000000005 1.7500000000000002 4.7500000000000009 76.000000000000014 16.750000000000004 1.7500000000000002 15.250000000000002 39.250000000000007 256.75000000000006 60860.500000000007 457952.50000000006
decision_type=5 2 2 2 2 2 2 2 2 2 2 2 2 2 2 2 2 2 2
left_child=2 9 12 4 -3 -5 15 8 -8 10 11 -2 13 -1 -11 17 -17 -7 -9
right_child=1 3 -4 5 -6 6 7 18 -10 14 -12 -13 -14 -15 -16 16 -18 -19 -20
leaf_value=-0.0082654384908385052 -0 0.023616019757961657 -0.082390104971771905 -0.016515504170546157 0.16327029685653305 0.034967535585798598 0.13755126400501633 -0 0 -0 -0.03913571154650676 0.096742845981094616 0.022363440581498608 -0.039320040510164571 -0.056109947438552459 -0.023227890734053205 0 0 0.013118379603064747
leaf_count=1192 115 96 289 95 34 69 58 41 54 74 95 79 139 413 152 69 45 55 36
internal_value=0 0.219006 -0.176635 0.419515 0.935327 0.236594 0.353398 0.585266 0.9045 -0.0765493 0.0863638 0.481615 -0.107081 -0.165451 -0.372537 0.0279873 -0.028194 0.201479 0
internal_count=3200 1167 2033 652 130 522 427 189 112 515 289 194 1744 1605 226 238 114 124 77
cat_boundaries=0 7
cat_threshold=2153931553 83957760 3288335428 1048594 0 0 4096
shrinkage=0.104284


Tree=12
num_leaves=15
num_cat=2
split_feature=10 5 21 1 14 3 3 21 8 19 15 0 21 0
split_gain=3.68727 1.90724 2.11295 1.95838 3.40433 1.90834 2.35139 1.39803 1.74314 1.02668 1.0131 0.55382 0.290431 0.285771
threshold=16.750000000000004 0 196.00000000000003 1 555.25000000000011 35.615200000000009 48.774150000000013 21.250000000000004 190.75000000000003 3.2500000000000004 1801.7500000000002 16.750000000000004 109.75000000000001 1.7500000000000002
decision_type=2 5 2 1 2 2 2 2 2 2 2 2 2 2
left_child=9 -2 3 4 -3 -4 -7 8 -6 11 -11 13 -9 -1
right_child=1 2 5 -5 7 6 -8 12 -10 10 -12 -13 -14 -15
leaf_value=-0.0041418430034768916 -0.020678189065575694 -0.072784703442563312 -0 0.070341173003688404 0.060011170938425652 0.10729306948886547 0 -0.017450801982289335 -0 -0.062936881920556256 0 0.015884990003805256 0.0060840705342908334 -0.029575992233787325
leaf_count=1086 113 182 59 87 188 101 69 180 113 308 141 129 65 379
internal_value=0 0.189966 0.229281 0.0994351 0 0.557277 0.720198 0.145429 0.355859 -0.151398 -0.421702 -0.0656271 -0.024082 -0.114829
internal_count=3200 1157 1044 815 728 229 170 546 301 2043 449 1594 245 1465
cat_boundaries=0 2 3
cat_threshold=16778304 68157441 1
shrinkage=0.104284


Tree=13
num_leaves=19
num_cat=1
split_feature=2 3 21 0 17 18 14 13 3 6 3 8 13 19 6 18 0 0
split_gain=5.11833 3.92308 2.20901 2.41575 2.46836 2.31051 1.51736 1.83306 1.48629 0.998902 0.942841 0.636574 0.577079 0.552697 0.530275 0.463496 0.403962 0.418563
threshold=0 3.1180950000000003 1.7500000000000002 15.250000000000002 39652.000000000007 272606.00000000006 243.25000000000003 1.7500000000000002 69.507800000000017 29.500000000000004 59.582650000000008 83.500000000000014 13.750000000000002 488.50000000000006 13.000000000000002 135.25000000000003 16.750000000000004 1.7500000000000002
decision_type=5 2 2 2 2 2 2 2 2 2 2 2 2 2 2 2 2 2
left_child=1 16 6 4 10 14 15 13 -3 -9 12 -7 -4 -8 -6 -2 17 -1
right_child=2 8 3 -5 5 11 7 9 -10 -11 -12 -13 -14 -15 -16 -17 -18 -19
leaf_value=-0.0010289712717573868 -0 -0.083372352673757658 0 0.1150109923620562 -0 0.051839668663306047 0.079345170815682611 -0.046301224464054977 -0 0.013817273952845594 0 -0 0.081298019512443143 0 -0.070691151657850712 -0.060935104487916399 0.014556270044458428 -0.028562073466279495
leaf_count=1076 149 443 56 29 33 48 85 96 76 52 61 70 127 80 57 151 129 382
internal_value=0 -0.168823 0.205577 0.393901 0.24016 -0 -0 0.178536 -0.647934 -0.0616372 0.50517 0.278645 0.643141 0.531761 -0.456768 -0.342841 -0.0433708 -0.0886637
internal_count=3200 2106 1094 481 452 208 613 313 519 148 244 118 183 165 90 300 1587 1458
cat_boundaries=0 5
cat_threshold=2148532563 562564184 2162720 0 128
shrinkage=0.104284


Tree=14
num_leaves=16
num_cat=1
split_feature=2 19 10 19 0 21 15 16 15 3 15 15 0 17 0
split_gain=4.25041 2.82372 2.12958 1.48242 2.26759 2.59412 1.24051 1.03905 1.57158 0.951328 0.612871 0.587572 0.461369 0.454421 0.0752931
threshold=0 1.7500000000000002 16.750000000000004 323.50000000000006 15.250000000000002 13.750000000000002 7.0000000000000009 4336.0000000000009 18433.000000000004 67.132200000000012 4598.5000000000009 1801.7500000000002 16.750000000000004 2.5000000000000004 1.7500000000000002
decision_type=5 2 2 2 2 2 2 2 2 2 2 2 2 2 2
left_child=1 12 11 6 5 10 -4 -7 -9 -3 -5 13 14 -2 -1
right_child=2 9 3 4 -6 7 -8 8 -10 -11 -12 -13 -14 -15 -16
leaf_value=-0.0043812487895284824 -0 -0.078059600455896175 0.028127187102078652 0.0082549957131948029 0.10861707222434665 0.042404114604106029 -0.038881771817117022 -0.035591455982125812 0.017250268997908262 -0 0.10071744424332801 0 0.014561959187159419 -0.058923832014141662 -0.02334273837842793
leaf_count=1060 106 420 127 73 32 67 127 135 180 104 63 99 126 115 366
internal_value=0 -0.160099 0.18086 0.296421 0.378773 0.245739 -0 0.047693 -0.0166675 -0.597818 0.69218 -0.158564 -0.0544885 -0.344387 -0.102532
internal_count=3200 2076 1124 804 550 518 254 382 315 524 136 320 1552 221 1426
cat_boundaries=0 6
cat_threshold=2148532307 562564184 2162720 0 128 65536
shrinkage=0.104284


Tree=15
num_leaves=19
num_cat=1
split_feature=2 3 21 14 3 16 3 3 13 9 8 14 16 0 0 0 3 16
split_gain=3.35719 4.16458 1.93007 1.69744 1.70169 3.18074 1.40277 1.65306 1.15402 0.998317 1.28873 0.88231 0.398815 0.308489 0.291871 0.29973 0.196455 0.0184197
threshold=0 3.1180950000000003 190.00000000000003 243.25000000000003 57.339400000000005 1180.0000000000002 49.172750000000008 36.094350000000013 22.000000000000004 4.7500000000000009 24.250000000000004 9505.7500000000018 1.7500000000000002 1.7500000000000002 16.750000000000004 1.7500000000000002 63.834250000000004 101132.75000000001
decision_type=5 2 2 2 2 2 2 2 2 2 2 2 2 2 2 2 2 2
left_child=1 14 3 12 8 -6 7 -4 9 10 -5 -10 -2 -13 15 -1 -8 -9
right_child=2 -3 6 4 5 -7 16 17 11 -11 -12 13 -14 -15 -16 -17 -18 -19
leaf_value=-0.00050200243165533288 -0 -0.078672715022336276 0 0.052306897966955722 -0 0.10055759132330588 -0.013322395747230421 0.10218733075757686 -0.060280468354444783 0.0672405408072074 -0.022486820246875573 -0.014873462069649289 -0.058789607207781709 0.019406185124548638 0.011797491815356062 -0.024703457434677705 0.019186178694002683 0.010946690342265638
leaf_count=1076 193 413 50 50 106 59 41 61 76 46 150 127 148 37 129 382 31 25
internal_value=0 -0.146149 0.157125 0.0357943 0.154704 0.506764 0.440353 0.609486 0 0.229565 0 -0.180735 -0.308453 -0 -0.0337115 -0.0750919 0 0.825234
internal_count=3200 2000 1200 992 651 165 208 136 486 246 200 240 341 164 1587 1458 72 86
cat_boundaries=0 5
cat_threshold=2148532563 562564104 2162720 0 128
shrinkage=0.104284


Tree=16
num_leaves=19
num_cat=2
split_feature=2 8 18 16 14 18 18 1 0 18 14 16 10 0 18 0 8 16
split_gain=3.23652 3.04785 1.93755 1.75465 1.34443 2.26834 2.03543 1.06569 1.14826 0.887968 1.22299 1.13314 0.974151 0.31889 0.0914991 0.0901323 0.0317647 0.00984335
threshold=0 3.2500000000000004 77725.750000000015 69558.250000000015 84058.000000000015 157230.00000000003 125465.00000000001 1 16.750000000000004 13900.000000000002 20002.750000000004 542.50000000000011 36.250000000000007 16.750000000000004 448967.50000000006 1.7500000000000002 300.25000000000006 435.25000000000006
decision_type=5 2 2 2 2 2 2 1 2 2 2 2 2 2 2 2 2 2
left_child=1 13 7 4 5 6 -4 8 9 11 -11 12 -2 15 -5 -1 -6 -9
right_child=2 -3 3 14 16 -7 -8 17 -10 10 -12 -13 -14 -15 -16 -17 -18 -19
leaf_value=-0.0038843947503103085 0 -0.074378569754495735 0.069539570261414774 -0.015213843016344731 -0 0.13551562827864894 -0.0062560302600617058 0.0509498445547815 0.032591829733481938 -0.068061243705511587 0 0.047014573005768286 -0.058884734886100736 0.0089303167979037056 0.0026172650375015033 -0.022812437110419845 0.0089530253027170562 0
leaf_count=1129 227 404 66 43 45 35 86 60 66 125 46 70 120 131 36 384 58 69
internal_value=0 -0.144956 0.153097 0.36351 0.503471 0.680867 0.249325 0 -0.0729584 -0.183494 -0.391747 -0 -0.169467 -0.0554858 -0 -0.0951983 0.00141431 0.362973
internal_count=3200 2048 1152 369 290 187 152 783 654 588 171 417 347 1644 79 1513 103 129
cat_boundaries=0 6 7
cat_threshold=2148532311 562568264 2162720 0 128 65536 1
shrinkage=0.104284


Tree=17
num_leaves=17
num_cat=1
split_feature=4 15 22 9 8 16 12 7 7 9 0 0 18 15 10 0
split_gain=3.49647 1.73207 0.832077 2.18644 2.00919 4.19278 1.87176 0.87486 0.925601 0.43241 0.291314 0.368868 0.218444 0.192925 0.144261 0.00772359
threshold=0 79.750000000000014 1.7500000000000002 29.500000000000004 10.750000000000002 14680.750000000002 9.2500000000000018 574.75000000000011 268.75000000000006 85.750000000000014 16.750000000000004 1.7500000000000002 127068.00000000001 102013.75000000001 16.750000000000004 22.750000000000004
decision_type=5 2 2 2 2 2 2 2 2 2 2 2 2 2 2 2
left_child=1 14 4 6 10 -6 -4 8 9 -5 11 -2 -7 -3 -1 -12
right_child=2 13 3 7 5 12 -8 -9 -10 -11 15 -13 -14 -15 -16 -17
leaf_value=-0.012225891420717462 -4.9479777694404038e-05 0.068862506894059913 0.090214247855210275 -0 -0.089397299609132036 0.022963745820021853 -0 -0.051441012932207472 0.029403233253226645 -0.044598263679003859 0 -0.025711239842466666 -0.0021564060935499937 0 0.01256894830045017 0.016445541322387722
leaf_count=121 1158 163 89 62 397 52 83 88 77 100 75 407 99 49 111 69
internal_value=0 0.283162 -0.0806454 0.0332319 -0.147333 -0.4346 0.448776 -0.122958 -0 -0.199122 -0.0302392 -0.0714449 0 0.587459 0 0.110425
internal_count=3200 444 2756 499 2257 548 172 327 239 162 1709 1565 151 212 232 144
cat_boundaries=0 6
cat_threshold=352325724 393232 16908296 134283264 2048 262144
shrinkage=0.104284


end of trees

feature importances:
n_1=44
n_table_1.n_2=29
n_table_1.n_19=24
n_table_1.n_7=23
n_table_1.n_20=18
c_table_1.c_2=17
n_table_1.n_16=16
n_table_1.n_15=15
n_table_1.n_17=13
n_table_1.n_26=12
n_table_1.n_9=11
n_table_1.n_6=8
n_table_1.n_11=8
n_table_1.n_18=8
c_table_1.c_3=6
n_table_1.n_5=6
n_table_1.n_12=5
n_table_1.n_8=3
c_table_1.c_1=2
n_table_1.n_10=2
n_table_1.n_27=2
c_table_1.c_4=1

parameters:
[boosting: gbdt]
[objective: binary]
[metric: auc]
[tree_learner: serial]
[device_type: cpu]
[data: ]
[valid: ]
[num_iterations: 100]
[learning_rate: 0.104284]
[num_leaves: 77]
[num_threads: 4]
[max_depth: 7]
[min_data_in_leaf: 20]
[min_sum_hessian_in_leaf: 2.85758]
[bagging_fraction: 0.8]
[bagging_freq: 100]
[bagging_seed: 3]
[feature_fraction: 0.8]
[feature_fraction_seed: 2]
[early_stopping_round: 0]
[max_delta_step: 0]
[lambda_l1: 0.955576]
[lambda_l2: 0.923962]
[min_gain_to_split: 0]
[drop_rate: 0.1]
[max_drop: 50]
[skip_drop: 0.5]
[xgboost_dart_mode: 0]
[uniform_drop: 0]
[drop_seed: 4]
[top_rate: 0.2]
[other_rate: 0.1]
[min_data_per_group: 100]
[max_cat_threshold: 32]
[cat_l2: 10]
[cat_smooth: 10]
[max_cat_to_onehot: 4]
[top_k: 20]
[monotone_constraints: ]
[feature_contri: ]
[forcedsplits_filename: ]
[refit_decay_rate: 0.9]
[verbosity: -1]
[max_bin: 255]
[min_data_in_bin: 3]
[bin_construct_sample_cnt: 200000]
[histogram_pool_size: -1]
[data_random_seed: 1]
[output_model: LightGBM_model.txt]
[snapshot_freq: -1]
[input_model: ]
[output_result: LightGBM_predict_result.txt]
[initscore_filename: ]
[valid_data_initscores: ]
[pre_partition: 0]
[enable_bundle: 1]
[max_conflict_rate: 0]
[is_enable_sparse: 1]
[sparse_threshold: 0.8]
[use_missing: 1]
[zero_as_missing: 0]
[two_round: 0]
[save_binary: 0]
[enable_load_from_binary_file: 1]
[header: 0]
[label_column: ]
[weight_column: ]
[group_column: ]
[ignore_column: ]
[categorical_feature: ]
[predict_raw_score: 0]
[predict_leaf_index: 0]
[predict_contrib: 0]
[num_iteration_predict: -1]
[pred_early_stop: 0]
[pred_early_stop_freq: 10]
[pred_early_stop_margin: 10]
[convert_model_language: ]
[convert_model: gbdt_prediction.cpp]
[num_class: 1]
[is_unbalance: 0]
[scale_pos_weight: 1]
[sigmoid: 1]
[boost_from_average: 1]
[reg_sqrt: 0]
[alpha: 0.9]
[fair_c: 1]
[poisson_max_delta_step: 0.7]
[tweedie_variance_power: 1.5]
[max_position: 20]
[label_gain: ]
[metric_freq: 1]
[is_provide_training_metric: 0]
[eval_at: ]
[num_machines: 1]
[local_listen_port: 12400]
[time_out: 120]
[machine_list_filename: ]
[machines: ]
[gpu_platform_id: -1]
[gpu_device_id: -1]
[gpu_use_dp: 0]

end of parameters

pandas_categorical:[[0, 1, 2], [0, 1, 2, 3, 4, 5, 6, 7, 8, 9, 10, 11, 12, 13, 14, 15, 16, 17, 18, 19, 20, 21, 22, 23, 24, 25, 26, 27, 28, 29, 30, 31, 32, 33, 34, 35, 36, 37, 38, 39, 40, 41, 42, 43, 44, 45, 46, 47, 48, 49, 50, 51, 52, 53, 54, 55, 56, 57, 58, 59, 60, 61, 62, 63, 64, 65, 66, 67, 68, 69, 70, 71, 72, 73, 74, 75, 76, 77, 78, 79, 80, 81, 82, 83, 84, 85, 86, 87, 88, 89, 90, 91, 92, 93, 94, 95, 96, 97, 98, 99, 100, 101, 102, 103, 104, 105, 106, 107, 108, 109, 110, 111, 112, 113, 114, 115, 116, 117, 118, 119, 120, 121, 122, 123, 124, 125, 126, 127, 128, 129, 130, 131, 132, 133, 134, 135, 136, 137, 138, 139, 140, 141, 142, 143, 144, 145, 146, 147, 148, 149, 150, 151, 152, 153, 154, 155, 156, 157, 158, 159, 160, 161, 162, 163, 164, 165, 166, 167, 168, 169, 170, 171, 172, 173, 174, 175, 176, 177, 178, 179, 180, 181, 182, 183, 184], [0, 1, 2, 3, 4, 5, 6, 7, 8, 9, 10, 11, 12, 13, 14, 15, 16, 17, 18, 19, 20, 21, 22, 23, 24, 25, 26, 27, 28, 29, 30, 31, 32, 33, 34, 35, 36, 37, 38, 39, 40, 41, 42, 43, 44, 45, 46, 47, 48, 49, 50, 51, 52, 53, 54, 55, 56, 57, 58, 59, 60, 61, 62, 63, 64, 65, 66, 67, 68, 69, 70, 71, 72, 73, 74, 75, 76, 77, 78, 79, 80, 81, 82, 83, 84, 85, 86, 87, 88, 89, 90, 91, 92, 93, 94, 95, 96, 97, 98, 99, 100, 101, 102, 103, 104, 105, 106, 107, 108, 109, 110, 111, 112, 113, 114, 115, 116, 117, 118, 119, 120, 121, 122, 123, 124, 125, 126, 127, 128, 129, 130, 131, 132, 133, 134, 135, 136, 137, 138, 139, 140, 141, 142, 143, 144, 145, 146, 147, 148, 149, 150, 151, 152, 153, 154, 155, 156, 157, 158, 159, 160, 161, 162, 163, 164, 165, 166, 167, 168, 169, 170, 171, 172, 173, 174, 175, 176, 177, 178, 179, 180, 181, 182, 183, 184, 185, 186, 187, 188, 189, 190, 191, 192, 193, 194, 195, 196, 197, 198, 199, 200, 201, 202, 203, 204, 205, 206, 207, 208, 209, 210, 211, 212, 213, 214, 215, 216], [0, 1, 2, 3, 4, 5, 6, 7, 8, 9, 10, 11, 12, 13, 14, 15, 16, 17, 18, 19, 20, 21, 22, 23, 24, 25, 26, 27, 28, 29, 30, 31, 32, 33, 34, 35, 36, 37, 38, 39, 40, 41, 42, 43, 44, 45, 46, 47, 48, 49, 50, 51, 52, 53, 54, 55, 56, 57, 58, 59, 60, 61, 62, 63, 64, 65, 66, 67, 68, 69, 70, 71, 72, 73, 74, 75, 76, 77, 78, 79, 80, 81, 82, 83, 84, 85, 86, 87, 88, 89, 90, 91, 92, 93, 94, 95, 96, 97, 98, 99, 100, 101, 102, 103, 104, 105, 106, 107, 108, 109, 110, 111, 112, 113, 114, 115, 116, 117, 118, 119, 120, 121, 122, 123, 124, 125, 126, 127, 128, 129, 130, 131, 132, 133, 134, 135, 136, 137, 138]]
