tree
version=v2
num_class=1
num_tree_per_iteration=1
label_index=0
max_feature_idx=13
objective=binary sigmoid:1
feature_names=c_table_1.c_2 c_table_1.c_3 c_table_1.c_5 n_table_1.n_3 n_table_1.n_10 n_table_1.n_12 n_table_1.n_15 n_table_1.n_16 n_table_1.n_17 n_table_1.n_18 n_table_1.n_19 n_table_1.n_26 n_table_1.n_27 c_table_2.c_4
feature_infos=49:0:5:3:8:19:33:31:47:159:129:39:41:26:141:36:21:78:84:6:74:88:176:90:29:189:30:106:75:110:57:65:77:28:73:197:89:107:155:43:147:40:46:67:69:146:167:10:66:101:11:99:2:48:200:12:13:71:9:60:140:198:52:85:93:154:17:32:34:50:58:64:83:100:117:148:161:175:196:4:59:72:87:91:95:187:20:35:56:98:102:111:116:120:128:144:168:179:185:1:25:42:55:76:92:94:104:112:126:139:162:164:190:15:18:37:51:115:118:127:133:149:158:169:180:182:191:194:203 46:0:74:18:55:6:64:102:68:3:87:45:36:37:84:147:5:48:121:81:86:22:181:10:2:16:92:52:71:56:79:148:109:101:115:169:42:98:19:95:93:188:27:40:114:126:135:53:151:62:106:150:9:33:39:54:94:123:11:14:30:213:8:70:130:146:154:207:23:24:72:120:155:80:100:118:158:166:186:187:200:210:211:34:89:201:1:75:82:111:119:153:163:191:208:20:21:29:58:61:66:116:162:174:183:185:197:212:13:41:43:49:83:85:107:117:127:134:167:170:176:190:193:50:63:78:88:97:122:136:137:168:175:182:203:217:218 2:0:7:8:9:3:10:1:6:17:20:4:22:26:25:12:47:14:5:33:29:11:18:42:24:16:41:19:31:38:13:30:36:43:54:55 [1:175] [1:68.5] [1:8524] [1:263222] [1:249100] [1:418837] [1:574087] [1:1285890] [1:121640] [1:151] 18:0:70:6:20:32:21:40:12:38:10:4:9:46:78:27:60:23:31:7:59:67:11:24:68:107:93:16:55:49:81:131:48:30:72:114:90:51:66:101:104:119:87:15:5:29:111:82:96:89:14:88:100:41:79:80:28:97:113:1:8:33:35:39:61:98:108:120:140:17:45:50:91:25:64:105:106:133:13:19:26:37:42:54:58:69:71:83:95:99:102:118:148
tree_sizes=590 611 678 684 698 610 641 587

Tree=0
num_leaves=6
num_cat=2
split_feature=10 13 6 0 3
split_gain=22.5763 5.04207 2.56963 1.80199 1.5529
threshold=119585.00000000001 0 2328.2500000000005 1 27.250000000000004
decision_type=2 5 2 5 2
left_child=1 -1 -3 -4 -2
right_child=4 2 3 -5 -6
leaf_value=-3.2209054151995948 -3.2057401894281723 -3.2286987118315897 -3.2269715661803313 -3.2224394327404835 -3.2193653588966278
leaf_count=144 144 1440 141 304 227
internal_value=0 -0.17067 -0.254418 0 1.201
internal_count=2400 2029 1885 445 371
cat_boundaries=0 3 8
cat_threshold=8651328 16384 256 67109120 32912 0 0 8194
shrinkage=1


Tree=1
num_leaves=6
num_cat=2
split_feature=9 1 13 11 10
split_gain=21.987 6.28842 5.84717 5.53376 0.546115
threshold=36334.750000000007 0 1 449.50000000000006 1.7500000000000002
decision_type=2 5 5 2 2
left_child=1 -1 -3 -2 -4
right_child=3 2 4 -5 -6
leaf_value=0.0041164648759062904 0.015543992945041647 0.0030282796704253078 -0.0027634203800386342 0 -0.0067577729339759222
leaf_count=151 279 165 918 164 723
internal_value=0 -0.192016 -0.288019 1.06918 -0.407207
internal_count=2400 1957 1806 443 1641
cat_boundaries=0 4 7
cat_threshold=4194304 1115152 537919504 262144 8651328 16384 64
shrinkage=0.010268


Tree=2
num_leaves=7
num_cat=2
split_feature=9 1 13 11 3 7
split_gain=21.392 6.23192 6.39994 5.22583 1.36775 0.909481
threshold=36334.750000000007 0 1 449.50000000000006 16.000000000000004 18575.500000000004
decision_type=2 5 5 2 2 2
left_child=1 -1 -3 5 -4 -2
right_child=3 2 4 -5 -6 -7
leaf_value=0.004103182467788357 0.0049998735943780131 0.0031454835491029143 -0.00321191611427656 0 -0.0085257081775821659 0.02071275161019142
leaf_count=151 139 181 1203 164 422 140
internal_value=0 -0.189389 -0.285666 1.05038 -0.41387 1.47863
internal_count=2400 1957 1806 443 1625 279
cat_boundaries=0 4 7
cat_threshold=0 1115152 538050576 262144 8651328 268451840 64
shrinkage=0.010268


Tree=3
num_leaves=7
num_cat=1
split_feature=8 1 6 5 5 6
split_gain=17.1405 5.95479 2.33383 1.59351 1.24566 0.116902
threshold=36604.000000000007 0 7099.0000000000009 6.2500000000000009 262.75000000000006 457.75000000000006
decision_type=2 5 2 2 2 2
left_child=1 -1 3 5 -4 -3
right_child=-2 2 4 -5 -6 -7
leaf_value=0.0045857405905904104 0.013305775902922574 -0.002243148655533083 0.0041262641377370511 -0.0081127773246372076 -0.00099487150209531545 -0
leaf_count=155 244 1265 188 242 167 139
internal_value=0 -0.10362 -0.206368 -0.323987 0.0419293 -0.202
internal_count=2400 2156 2001 1646 355 1404
cat_boundaries=0 4
cat_threshold=589824 1115152 538050560 262144
shrinkage=0.010268


Tree=4
num_leaves=7
num_cat=2
split_feature=7 1 13 6 8 3
split_gain=19.4333 8.09464 4.19754 3.57122 1.77022 1.35663
threshold=38517.250000000007 0 1 7099.0000000000009 23452.000000000004 16.000000000000004
decision_type=2 5 5 2 2 2
left_child=1 -1 -3 5 -5 -4
right_child=-2 2 3 4 -6 -7
leaf_value=0.0049346269845820757 0.01842763191284116 0.002740094691166177 -0.0031038763827451604 0.0041845776939007451 -0.0027999784415193569 -0.0088163506302725049
leaf_count=270 140 153 1154 206 135 342
internal_value=0 -0.0746125 -0.21426 -0.308549 0 -0.468549
internal_count=2400 2260 1990 1837 341 1496
cat_boundaries=0 5 6
cat_threshold=4784160 1115152 538050560 262208 128 2156134992
shrinkage=0.010268


Tree=5
num_leaves=6
num_cat=2
split_feature=10 1 13 7 5
split_gain=20.1407 6.16345 4.84047 1.94708 0.113781
threshold=119585.00000000001 0 1 38517.250000000007 123.25000000000001
decision_type=2 5 5 2 2
left_child=1 -1 -3 -2 -4
right_child=3 2 4 -5 -6
leaf_value=0.004323731227877394 0.0045761465743597426 0.0028317298542799921 -0.0045963618565236786 0.017974507760257191 -0
leaf_count=143 231 150 1540 140 196
internal_value=0 -0.160864 -0.258354 1.11418 -0.362508
internal_count=2400 2029 1886 371 1736
cat_boundaries=0 4 6
cat_threshold=65536 1115184 537919488 262144 8651328 268451840
shrinkage=0.010268


Tree=6
num_leaves=6
num_cat=3
split_feature=9 1 13 1 7
split_gain=19.6827 6.02527 5.69629 4.45195 11.6507
threshold=36334.750000000007 0 1 2 12941.500000000002
decision_type=2 5 5 5 2
left_child=1 -1 -3 -2 -5
right_child=3 2 -4 4 -6
leaf_value=0.0040430025729343722 -0.0017162279431271541 0.0030007359250305136 -0.004083780770881393 0.0034187788604779384 0.028376254930443153
leaf_count=151 134 165 1641 156 153
internal_value=0 -0.18118 -0.278092 0.996242 0.978985
internal_count=2400 1957 1806 443 309
cat_boundaries=0 4 7 13
cat_threshold=4194304 1115152 537919504 262144 8651328 16384 64 68 0 268469249 524288 0 512
shrinkage=0.010268


Tree=7
num_leaves=6
num_cat=1
split_feature=9 3 2 10 3
split_gain=19.0911 4.14974 3.79464 3.10644 2.55262
threshold=36334.750000000007 27.250000000000004 0 8182.7500000000009 36.250000000000007
decision_type=2 2 5 2 2
left_child=2 -2 -1 -4 -3
right_child=1 4 3 -5 -6
leaf_value=-0.0042823513855093876 0.017411322441373413 -0 -0.00068597690261982592 0.0066494298113627115 0.0084153620275355823
leaf_count=676 161 147 1106 175 135
internal_value=0 0.976473 -0.178843 0.000626667 0.342158
internal_count=2400 443 1957 1281 282
cat_boundaries=0 1
cat_threshold=33686924
shrinkage=0.010268


end of trees

feature importances:
c_table_1.c_3=7
c_table_2.c_4=6
n_table_1.n_3=5
n_table_1.n_15=4
n_table_1.n_16=4
n_table_1.n_18=4
n_table_1.n_19=4
n_table_1.n_12=3
n_table_1.n_17=2
n_table_1.n_26=2
c_table_1.c_2=1
c_table_1.c_5=1

parameters:
[boosting: gbdt]
[objective: binary]
[metric: auc]
[tree_learner: serial]
[device_type: cpu]
[data: ]
[valid: ]
[num_iterations: 100]
[learning_rate: 0.010268]
[num_leaves: 10]
[num_threads: 4]
[max_depth: 7]
[min_data_in_leaf: 20]
[min_sum_hessian_in_leaf: 5.04879]
[bagging_fraction: 0.6]
[bagging_freq: 22]
[bagging_seed: 3]
[feature_fraction: 0.7]
[feature_fraction_seed: 2]
[early_stopping_round: 0]
[max_delta_step: 0]
[lambda_l1: 1.77962]
[lambda_l2: 0.531529]
[min_gain_to_split: 0]
[drop_rate: 0.1]
[max_drop: 50]
[skip_drop: 0.5]
[xgboost_dart_mode: 0]
[uniform_drop: 0]
[drop_seed: 4]
[top_rate: 0.2]
[other_rate: 0.1]
[min_data_per_group: 100]
[max_cat_threshold: 32]
[cat_l2: 10]
[cat_smooth: 10]
[max_cat_to_onehot: 4]
[top_k: 20]
[monotone_constraints: ]
[feature_contri: ]
[forcedsplits_filename: ]
[refit_decay_rate: 0.9]
[verbosity: -1]
[max_bin: 255]
[min_data_in_bin: 3]
[bin_construct_sample_cnt: 200000]
[histogram_pool_size: -1]
[data_random_seed: 1]
[output_model: LightGBM_model.txt]
[snapshot_freq: -1]
[input_model: ]
[output_result: LightGBM_predict_result.txt]
[initscore_filename: ]
[valid_data_initscores: ]
[pre_partition: 0]
[enable_bundle: 1]
[max_conflict_rate: 0]
[is_enable_sparse: 1]
[sparse_threshold: 0.8]
[use_missing: 1]
[zero_as_missing: 0]
[two_round: 0]
[save_binary: 0]
[enable_load_from_binary_file: 1]
[header: 0]
[label_column: ]
[weight_column: ]
[group_column: ]
[ignore_column: ]
[categorical_feature: ]
[predict_raw_score: 0]
[predict_leaf_index: 0]
[predict_contrib: 0]
[num_iteration_predict: -1]
[pred_early_stop: 0]
[pred_early_stop_freq: 10]
[pred_early_stop_margin: 10]
[convert_model_language: ]
[convert_model: gbdt_prediction.cpp]
[num_class: 1]
[is_unbalance: 0]
[scale_pos_weight: 1]
[sigmoid: 1]
[boost_from_average: 1]
[reg_sqrt: 0]
[alpha: 0.9]
[fair_c: 1]
[poisson_max_delta_step: 0.7]
[tweedie_variance_power: 1.5]
[max_position: 20]
[label_gain: ]
[metric_freq: 1]
[is_provide_training_metric: 0]
[eval_at: ]
[num_machines: 1]
[local_listen_port: 12400]
[time_out: 120]
[machine_list_filename: ]
[machines: ]
[gpu_platform_id: -1]
[gpu_device_id: -1]
[gpu_use_dp: 0]

end of parameters

pandas_categorical:[[0, 1, 2, 3, 4, 5, 6, 7, 8, 9, 10, 11, 12, 13, 14, 15, 16, 17, 18, 19, 20, 21, 22, 23, 24, 25, 26, 27, 28, 29, 30, 31, 32, 33, 34, 35, 36, 37, 38, 39, 40, 41, 42, 43, 44, 45, 46, 47, 48, 49, 50, 51, 52, 53, 54, 55, 56, 57, 58, 59, 60, 61, 62, 63, 64, 65, 66, 67, 68, 69, 70, 71, 72, 73, 74, 75, 76, 77, 78, 79, 80, 81, 82, 83, 84, 85, 86, 87, 88, 89, 90, 91, 92, 93, 94, 95, 96, 97, 98, 99, 100, 101, 102, 103, 104, 105, 106, 107, 108, 109, 110, 111, 112, 113, 114, 115, 116, 117, 118, 119, 120, 121, 122, 123, 124, 125, 126, 127, 128, 129, 130, 131, 132, 133, 134, 135, 136, 137, 138, 139, 140, 141, 142, 143, 144, 145, 146, 147, 148, 149, 150, 151, 152, 153, 154, 155, 156, 157, 158, 159, 160, 161, 162, 163, 164, 165, 166, 167, 168, 169, 170, 171, 172, 173, 174, 175, 176, 177, 178, 179, 180, 181, 182, 183, 184, 185, 186, 187, 188, 189, 190, 191, 192, 193, 194, 195, 196, 197, 198, 199, 200, 201, 202, 203, 204, 205, 206], [0, 1, 2, 3, 4, 5, 6, 7, 8, 9, 10, 11, 12, 13, 14, 15, 16, 17, 18, 19, 20, 21, 22, 23, 24, 25, 26, 27, 28, 29, 30, 31, 32, 33, 34, 35, 36, 37, 38, 39, 40, 41, 42, 43, 44, 45, 46, 47, 48, 49, 50, 51, 52, 53, 54, 55, 56, 57, 58, 59, 60, 61, 62, 63, 64, 65, 66, 67, 68, 69, 70, 71, 72, 73, 74, 75, 76, 77, 78, 79, 80, 81, 82, 83, 84, 85, 86, 87, 88, 89, 90, 91, 92, 93, 94, 95, 96, 97, 98, 99, 100, 101, 102, 103, 104, 105, 106, 107, 108, 109, 110, 111, 112, 113, 114, 115, 116, 117, 118, 119, 120, 121, 122, 123, 124, 125, 126, 127, 128, 129, 130, 131, 132, 133, 134, 135, 136, 137, 138, 139, 140, 141, 142, 143, 144, 145, 146, 147, 148, 149, 150, 151, 152, 153, 154, 155, 156, 157, 158, 159, 160, 161, 162, 163, 164, 165, 166, 167, 168, 169, 170, 171, 172, 173, 174, 175, 176, 177, 178, 179, 180, 181, 182, 183, 184, 185, 186, 187, 188, 189, 190, 191, 192, 193, 194, 195, 196, 197, 198, 199, 200, 201, 202, 203, 204, 205, 206, 207, 208, 209, 210, 211, 212, 213, 214, 215, 216, 217, 218, 219, 220], [0, 1, 2, 3, 4, 5, 6, 7, 8, 9, 10, 11, 12, 13, 14, 15, 16, 17, 18, 19, 20, 21, 22, 23, 24, 25, 26, 27, 28, 29, 30, 31, 32, 33, 34, 35, 36, 37, 38, 39, 40, 41, 42, 43, 44, 45, 46, 47, 48, 49, 50, 51, 52, 53, 54, 55, 56], [0, 1, 2, 3, 4, 5, 6, 7, 8, 9, 10, 11, 12, 13, 14, 15, 16, 17, 18, 19, 20, 21, 22, 23, 24, 25, 26, 27, 28, 29, 30, 31, 32, 33, 34, 35, 36, 37, 38, 39, 40, 41, 42, 43, 44, 45, 46, 47, 48, 49, 50, 51, 52, 53, 54, 55, 56, 57, 58, 59, 60, 61, 62, 63, 64, 65, 66, 67, 68, 69, 70, 71, 72, 73, 74, 75, 76, 77, 78, 79, 80, 81, 82, 83, 84, 85, 86, 87, 88, 89, 90, 91, 92, 93, 94, 95, 96, 97, 98, 99, 100, 101, 102, 103, 104, 105, 106, 107, 108, 109, 110, 111, 112, 113, 114, 115, 116, 117, 118, 119, 120, 121, 122, 123, 124, 125, 126, 127, 128, 129, 130, 131, 132, 133, 134, 135, 136, 137, 138, 139, 140, 141, 142, 143, 144, 145, 146, 147, 148, 149, 150]]
