tree
version=v2
num_class=1
num_tree_per_iteration=1
label_index=0
max_feature_idx=22
objective=binary sigmoid:1
feature_names=n_1 c_table_1.c_1 c_table_1.c_2 n_table_1.n_2 c_table_1.c_3 c_table_1.c_4 n_table_1.n_5 n_table_1.n_6 n_table_1.n_7 n_table_1.n_8 n_table_1.n_9 n_table_1.n_10 n_table_1.n_11 n_table_1.n_12 n_table_1.n_15 n_table_1.n_16 n_table_1.n_17 n_table_1.n_18 n_table_1.n_19 n_table_1.n_20 n_table_1.n_25 n_table_1.n_26 n_table_1.n_27
feature_infos=[1:62.5] 1:0 3:0:5:36:20:4:21:8:11:62:25:56:33:44:1:31:30:153:18:69:2:28:85:135:6:35:40:43:54:61:98:9:38:49:176:55:87:84:26:42:101:155:80:137:149:19:52:39:51:27:47:177:57:58:59:125:34:63:75:94:102:113:13:29:83:103:132:151:14:15:23:66:76:88:90:99:108:114:169:180:93:126:134:171:24:68:78:95:112:117:121:127:138:139:154:158:159:10:16:53:67:97:107:109:111:123:133:166:175:182 [-49.719499999999996:81.200400000000002] 36:0:3:33:28:13:9:1:42:8:178:19:5:66:24:95:72:2:12:17:14:56:58:139:25:31:70:119:90:112:88:81:83:6:21:50:75:100:204:4:43:64:74:79:116:44:48:49:94:123:67:26:97:22:30:32:122:11:29:46:182:102:158:161:167:206:16:39:60:135:143:10:18:34:57:63:120:128:155:68:71:98:147:159:172:175:212:15:35:54:62:82:99:113:134:140:177:196:23:69:76:89:138:162:166:199:205:27:40:51:65:73:115:168:181:188:193:198:41:45:53:59:61:92:96:108:111:121:129:136:157:163:174:180:184:185:189:191:192:194:195:201 34:0:24:2:8:36:10:1:41:52:77:6:13:31:5:28:78:3:12:15:17:20:32:23:30:35:75:58:18:47:100:14:37:27:61:88:4:7:45:48:64:73:82:133:38:56:62:71:106:115:135:9:40:70:83:85:96:108:125:21:29:46:54:113:132:25:39:42:44:72:97:111:119:122:19:68:76:103:110:117:121:123:124:127:131:138 [1:24272.5] [1:46363] [1:3314.5] [1:703902] [1:2481850] [1:70] [1:6121] [1:7070.5] [1:423494] [1:245767] [1:448222] [1:441384] [1:1178200] [1:18856] [1:38.5] [1:121640] [1:151]
tree_sizes=1810 2129 2154 2177

Tree=0
num_leaves=23
num_cat=0
split_feature=17 0 19 10 21 19 17 18 10 0 8 6 18 17 3 19 9 17 15 19 8 22
split_gain=54.8307 20.0485 7.80935 8.83097 6.19781 5.52859 4.25637 5.99841 4.74887 3.48465 3.1484 3.12783 2.65443 1.09886 2.44133 2.03279 1.32367 1.08369 0.516384 0.11197 0.100203 0.0385044
threshold=15400.750000000002 13.750000000000002 1207.7500000000002 54930.250000000007 72.250000000000014 2014.7500000000002 235810.00000000003 154410.00000000003 245.50000000000003 25.750000000000004 146.50000000000003 9.2500000000000018 92375.500000000015 2.5000000000000004 69.507800000000017 720.25000000000011 84.250000000000014 36959.500000000007 12586.750000000002 2563.7500000000005 63.250000000000007 40.750000000000007
decision_type=2 2 2 2 2 2 2 2 2 2 2 2 2 2 2 2 2 2 2 2 2 2
left_child=4 2 3 10 9 -4 7 17 -9 12 -2 20 13 15 18 16 -1 -7 -15 -17 -6 -8
right_child=1 -3 5 -5 11 6 21 8 -10 -11 -12 -13 -14 14 -16 19 -18 -19 -20 -21 -22 -23
leaf_value=-3.2628229271320914 -2.1949147192302219 -2.0090435384668606 -3.3048052900321188 -3.1523190081791301 -3.2105446676303631 -3.0326880131782286 -3.2105446676303631 -3.1523190081791301 -2.5842667197431854 -2.9067829449907707 -3.1523190081791301 -2.7800565552139505 -2.9989019323078603 -3.3770019939921001 -3.1523190081791301 -3.0599591617788975 -3.0994831122715385 -3.265228304784864 -3.1523190081791301 -3.1523190081791301 -3.1523190081791301 -3.1523190081791301
leaf_count=2147 62 61 83 36 43 77 43 63 148 25 27 72 36 692 107 65 33 62 23 49 23 23
internal_value=0 1.26473 0.82081 1.87811 -0.271195 0.398067 0.664481 0.892344 1.36955 -0.32518 2.53218 0.61406 -0.35149 -0.375894 -0.579709 -0.282409 -0.323691 0 -0.683494 0.192162 -0 -0.125974
internal_count=4000 685 624 125 3315 499 416 350 211 3177 89 138 3152 3116 822 2294 2180 139 715 114 66 66
shrinkage=1


Tree=1
num_leaves=29
num_cat=2
split_feature=4 19 18 10 0 3 6 1 8 19 14 7 0 0 19 14 3 8 3 0 7 3 0 7 3 18 0 16
split_gain=22.724 17.8559 6.34567 3.35131 3.32619 3.12946 3.95526 2.18742 1.85071 1.76817 1.43202 0.787003 0.50483 0.605616 0.478699 0.391578 0.431287 0.363747 0.465273 0.255164 0.190814 0.12493 0.107366 0.0915574 0.0669153 0.0441751 0.01829 0.0148493
threshold=0 323.50000000000006 6.2500000000000009 49.750000000000007 24.250000000000004 35.258400000000002 400.75000000000006 1 568.00000000000011 603.25000000000011 396.25000000000006 125.50000000000001 16.750000000000004 19.750000000000004 10632.250000000002 724.00000000000011 69.507800000000017 67.750000000000014 47.783600000000014 19.750000000000004 76.000000000000014 34.464800000000004 1.7500000000000002 4.7500000000000009 35.019150000000003 3.2500000000000004 1.7500000000000002 6104.5000000000009
decision_type=5 2 2 2 2 2 2 1 2 2 2 2 2 2 2 2 2 2 2 2 2 2 2 2 2 2 2 2
left_child=2 7 4 17 12 9 8 11 14 -5 25 -2 22 -14 -7 20 23 27 -19 -4 -12 -11 -1 -17 -23 -9 -18 -3
right_child=1 3 19 5 -6 6 -8 10 -10 21 15 -13 13 -15 -16 16 26 18 -20 -21 -22 24 -24 -25 -26 -27 -28 -29
leaf_value=-0.050872870950648089 0.19405249303240216 0 -0.27532604326276172 0.26508964570477916 0.26471757042685373 0.4184772688319085 -0 -0 0 -0.064756538938450542 -0 -0 0.1350323678207746 -0.049126050035416813 0 -0 0.025738452417015743 0.15615251403940864 -0 -0 0.11425150449141412 0.039615385794200306 -0.12650840447994011 -0.13979205500725564 -0 -0.23174996802620262 -0 -0.037442437518410823
leaf_count=1359 39 24 525 26 34 452 52 37 31 36 35 44 43 77 48 32 38 48 53 23 25 50 472 78 21 210 51 37
internal_value=0 0.41283 -0.307465 0.837804 -0.170405 0.953316 1.10198 -0.223135 1.2021 0.119592 -0.390909 0.279654 -0.223326 0 1.26422 -0 -0.182838 0 0.248608 -0.833524 0.169478 -0.00405322 -0.246341 -0.370513 0 -0.671519 0 -0.0797443
internal_count=4000 1467 2533 878 1985 716 583 589 531 133 506 83 1951 120 500 259 199 162 101 548 60 107 1831 110 71 247 89 61
cat_boundaries=0 7 8
cat_threshold=3764929313 83957760 2214593605 67108882 1073741824 4194304 20480 2
shrinkage=0.317716


Tree=2
num_leaves=30
num_cat=3
split_feature=2 16 4 8 0 22 18 13 6 0 18 10 10 17 13 13 0 1 17 10 0 0 16 16 7 8 10 13 16
split_gain=15.7999 6.56311 5.13488 4.68552 3.96685 3.16052 3.15626 1.98139 1.82433 1.81041 1.25028 1.0675 0.84091 2.08287 1.14097 0.560222 0.377472 0.505296 0.360707 0.289115 0.285476 0.411825 0.26875 0.23419 0.225225 0.203489 0.157478 0.038508 0.0373487
threshold=0 14216.500000000002 1 4.7500000000000009 1.7500000000000002 75.250000000000014 166188.00000000003 422.50000000000006 1732.0000000000002 16.750000000000004 6.2500000000000009 74526.250000000015 16.750000000000004 1948.7500000000002 63.250000000000007 57.250000000000007 19.750000000000004 2 47125.750000000007 152.50000000000003 24.250000000000004 19.750000000000004 28712.500000000004 101132.75000000001 59.500000000000007 64.750000000000014 344.50000000000006 2206.7500000000005 58177.750000000007
decision_type=5 2 5 2 2 2 2 2 2 2 2 2 2 2 2 2 2 1 2 2 2 2 2 2 2 2 2 2 2
left_child=3 2 12 9 6 -6 15 10 -5 24 -4 19 -2 -14 -15 22 17 -12 25 -8 21 -11 26 -13 -1 -9 -3 -16 -21
right_child=1 4 7 8 5 -7 11 18 -10 20 16 23 13 14 27 -17 -18 -19 -20 28 -22 -23 -24 -25 -26 -27 -28 -29 -30
leaf_value=-0.069029650535112549 0 0 0 -0.24324935250622273 0.53068625854113127 0 0 0 0 0.1029088943697241 -0.2018264560649235 -0 0.50485546773504431 -0.014908881182113103 0.18749000864859242 -0.082291212654273499 -0 -0 -0 0.49363498040783094 0.15479853774710844 -0.04873885924076992 -0 0.078380282029111265 0 0.17014591016305505 0.1516282939129848 0 0
leaf_count=1872 65 21 73 588 67 21 50 23 25 43 381 28 53 35 46 89 41 104 22 20 38 81 60 32 30 23 21 21 27
internal_value=0 0.327402 0.0578461 -0.270473 0.732921 1.34807 0.365452 -0.175008 -0.69595 -0.142504 -0.389116 0.739245 0.422143 0.865768 0.24883 -0 -0.491951 -0.540468 0.175897 1.02765 0.254339 0 0.156571 0.00627706 -0.206382 0.35395 0.35299 0.485085 1.24401
internal_count=4000 1323 887 2677 436 88 348 667 613 2064 599 157 220 155 102 191 526 485 68 97 162 124 102 60 1902 46 42 67 47
cat_boundaries=0 6 12 13
cat_threshold=2149056855 562597080 2162720 0 0 65536 137754 17408 1073741824 135331840 0 128 1
shrinkage=0.317716


Tree=3
num_leaves=29
num_cat=2
split_feature=2 18 15 6 2 21 13 14 15 15 15 10 0 12 0 12 6 10 0 0 0 0 0 13 0 12 21 10
split_gain=8.59748 4.39881 3.82535 3.13983 1.65858 1.53551 1.84137 2.1323 2.65039 2.93172 1.34807 1.36513 1.30159 1.22082 0.929778 0.920581 0.697383 0.39957 0.197182 0.232154 0.22307 1.48974 0.430345 0.183063 0.170557 0.101911 0.0375271 0.00239458
threshold=0 1.7500000000000002 8437.0000000000018 1732.0000000000002 1 3526.7500000000005 10.750000000000002 2137.0000000000005 93995.500000000015 13716.250000000002 2021.5000000000002 7.0000000000000009 24.250000000000004 3.2500000000000004 4.7500000000000009 136.00000000000003 93.250000000000014 10219.000000000002 16.750000000000004 19.750000000000004 12.250000000000002 9.2500000000000018 1.7500000000000002 132.25000000000003 1.7500000000000002 1.7500000000000002 325.75000000000006 1641.2500000000002
decision_type=5 2 2 2 5 2 2 2 2 2 2 2 2 2 2 2 2 2 2 2 2 2 2 2 2 2 2 2
left_child=1 12 4 -3 13 6 -4 -8 9 -9 11 25 18 -2 23 16 -13 -12 20 -20 21 22 -1 26 -19 -6 -15 -10
right_child=2 3 5 -5 10 -7 7 8 27 -11 17 15 -14 14 -16 -17 -18 24 19 -21 -22 -23 -24 -25 -26 -27 -28 -29
leaf_value=-0.021197850539543116 -0.1898644857381494 -0.25237907644133944 0 0.054610393791752754 0 -0 -0 0.032906853900369043 0.0079483090309966954 0.46831286384829574 -0.10685794724252387 0.19873603059386788 0.14501695702983708 0.092021322577056544 -0.11384139248095698 -0 -0 -0 0.078854584834784552 -0.030761901020993632 -0.14723293919936689 0.15136814438318055 -0.11998553986807466 -0 0.060701463431199268 -0.058486302469579886 0 -0
leaf_count=1348 165 570 97 30 70 35 31 68 55 84 70 278 34 109 84 47 27 27 43 77 108 71 295 26 41 60 21 29
internal_value=0 -0.208151 0.234142 -0.658528 0.0433267 0.545319 0.622534 0.762844 0.871232 1.11205 0.17455 0.364715 -0.0808179 -0.142414 -0 0.493121 0.56635 -0 -0.127737 0 -0.144747 -0.0930599 -0.150503 0.1872 0 -0 0.259915 0
internal_count=4000 2576 1424 600 1025 399 364 267 236 152 620 482 1976 405 240 352 305 138 1942 120 1822 1714 1643 156 68 130 130 84
cat_boundaries=0 6 12
cat_threshold=2148532567 562597064 2162720 4 0 65536 1107820584 16 0 0 2097280 131072
shrinkage=0.317716


end of trees

feature importances:
n_1=21
n_table_1.n_9=10
n_table_1.n_19=7
n_table_1.n_20=7
n_table_1.n_2=6
n_table_1.n_7=6
n_table_1.n_12=6
n_table_1.n_18=6
n_table_1.n_5=5
n_table_1.n_16=5
n_table_1.n_17=5
n_table_1.n_6=4
c_table_1.c_2=3
n_table_1.n_11=3
n_table_1.n_15=3
n_table_1.n_26=3
c_table_1.c_1=2
c_table_1.c_3=2
n_table_1.n_27=2
n_table_1.n_8=1

parameters:
[boosting: gbdt]
[objective: binary]
[metric: auc]
[tree_learner: serial]
[device_type: cpu]
[data: ]
[valid: ]
[num_iterations: 100]
[learning_rate: 0.317716]
[num_leaves: 55]
[num_threads: 4]
[max_depth: 7]
[min_data_in_leaf: 20]
[min_sum_hessian_in_leaf: 0.898071]
[bagging_fraction: 1]
[bagging_freq: 44]
[bagging_seed: 3]
[feature_fraction: 0.7]
[feature_fraction_seed: 2]
[early_stopping_round: 0]
[max_delta_step: 0]
[lambda_l1: 1.21623]
[lambda_l2: 1.29282]
[min_gain_to_split: 0]
[drop_rate: 0.1]
[max_drop: 50]
[skip_drop: 0.5]
[xgboost_dart_mode: 0]
[uniform_drop: 0]
[drop_seed: 4]
[top_rate: 0.2]
[other_rate: 0.1]
[min_data_per_group: 100]
[max_cat_threshold: 32]
[cat_l2: 10]
[cat_smooth: 10]
[max_cat_to_onehot: 4]
[top_k: 20]
[monotone_constraints: ]
[feature_contri: ]
[forcedsplits_filename: ]
[refit_decay_rate: 0.9]
[verbosity: -1]
[max_bin: 255]
[min_data_in_bin: 3]
[bin_construct_sample_cnt: 200000]
[histogram_pool_size: -1]
[data_random_seed: 1]
[output_model: LightGBM_model.txt]
[snapshot_freq: -1]
[input_model: ]
[output_result: LightGBM_predict_result.txt]
[initscore_filename: ]
[valid_data_initscores: ]
[pre_partition: 0]
[enable_bundle: 1]
[max_conflict_rate: 0]
[is_enable_sparse: 1]
[sparse_threshold: 0.8]
[use_missing: 1]
[zero_as_missing: 0]
[two_round: 0]
[save_binary: 0]
[enable_load_from_binary_file: 1]
[header: 0]
[label_column: ]
[weight_column: ]
[group_column: ]
[ignore_column: ]
[categorical_feature: ]
[predict_raw_score: 0]
[predict_leaf_index: 0]
[predict_contrib: 0]
[num_iteration_predict: -1]
[pred_early_stop: 0]
[pred_early_stop_freq: 10]
[pred_early_stop_margin: 10]
[convert_model_language: ]
[convert_model: gbdt_prediction.cpp]
[num_class: 1]
[is_unbalance: 0]
[scale_pos_weight: 1]
[sigmoid: 1]
[boost_from_average: 1]
[reg_sqrt: 0]
[alpha: 0.9]
[fair_c: 1]
[poisson_max_delta_step: 0.7]
[tweedie_variance_power: 1.5]
[max_position: 20]
[label_gain: ]
[metric_freq: 1]
[is_provide_training_metric: 0]
[eval_at: ]
[num_machines: 1]
[local_listen_port: 12400]
[time_out: 120]
[machine_list_filename: ]
[machines: ]
[gpu_platform_id: -1]
[gpu_device_id: -1]
[gpu_use_dp: 0]

end of parameters

pandas_categorical:[[0, 1, 2], [0, 1, 2, 3, 4, 5, 6, 7, 8, 9, 10, 11, 12, 13, 14, 15, 16, 17, 18, 19, 20, 21, 22, 23, 24, 25, 26, 27, 28, 29, 30, 31, 32, 33, 34, 35, 36, 37, 38, 39, 40, 41, 42, 43, 44, 45, 46, 47, 48, 49, 50, 51, 52, 53, 54, 55, 56, 57, 58, 59, 60, 61, 62, 63, 64, 65, 66, 67, 68, 69, 70, 71, 72, 73, 74, 75, 76, 77, 78, 79, 80, 81, 82, 83, 84, 85, 86, 87, 88, 89, 90, 91, 92, 93, 94, 95, 96, 97, 98, 99, 100, 101, 102, 103, 104, 105, 106, 107, 108, 109, 110, 111, 112, 113, 114, 115, 116, 117, 118, 119, 120, 121, 122, 123, 124, 125, 126, 127, 128, 129, 130, 131, 132, 133, 134, 135, 136, 137, 138, 139, 140, 141, 142, 143, 144, 145, 146, 147, 148, 149, 150, 151, 152, 153, 154, 155, 156, 157, 158, 159, 160, 161, 162, 163, 164, 165, 166, 167, 168, 169, 170, 171, 172, 173, 174, 175, 176, 177, 178, 179, 180, 181, 182, 183, 184], [0, 1, 2, 3, 4, 5, 6, 7, 8, 9, 10, 11, 12, 13, 14, 15, 16, 17, 18, 19, 20, 21, 22, 23, 24, 25, 26, 27, 28, 29, 30, 31, 32, 33, 34, 35, 36, 37, 38, 39, 40, 41, 42, 43, 44, 45, 46, 47, 48, 49, 50, 51, 52, 53, 54, 55, 56, 57, 58, 59, 60, 61, 62, 63, 64, 65, 66, 67, 68, 69, 70, 71, 72, 73, 74, 75, 76, 77, 78, 79, 80, 81, 82, 83, 84, 85, 86, 87, 88, 89, 90, 91, 92, 93, 94, 95, 96, 97, 98, 99, 100, 101, 102, 103, 104, 105, 106, 107, 108, 109, 110, 111, 112, 113, 114, 115, 116, 117, 118, 119, 120, 121, 122, 123, 124, 125, 126, 127, 128, 129, 130, 131, 132, 133, 134, 135, 136, 137, 138, 139, 140, 141, 142, 143, 144, 145, 146, 147, 148, 149, 150, 151, 152, 153, 154, 155, 156, 157, 158, 159, 160, 161, 162, 163, 164, 165, 166, 167, 168, 169, 170, 171, 172, 173, 174, 175, 176, 177, 178, 179, 180, 181, 182, 183, 184, 185, 186, 187, 188, 189, 190, 191, 192, 193, 194, 195, 196, 197, 198, 199, 200, 201, 202, 203, 204, 205, 206, 207, 208, 209, 210, 211, 212, 213, 214, 215, 216], [0, 1, 2, 3, 4, 5, 6, 7, 8, 9, 10, 11, 12, 13, 14, 15, 16, 17, 18, 19, 20, 21, 22, 23, 24, 25, 26, 27, 28, 29, 30, 31, 32, 33, 34, 35, 36, 37, 38, 39, 40, 41, 42, 43, 44, 45, 46, 47, 48, 49, 50, 51, 52, 53, 54, 55, 56, 57, 58, 59, 60, 61, 62, 63, 64, 65, 66, 67, 68, 69, 70, 71, 72, 73, 74, 75, 76, 77, 78, 79, 80, 81, 82, 83, 84, 85, 86, 87, 88, 89, 90, 91, 92, 93, 94, 95, 96, 97, 98, 99, 100, 101, 102, 103, 104, 105, 106, 107, 108, 109, 110, 111, 112, 113, 114, 115, 116, 117, 118, 119, 120, 121, 122, 123, 124, 125, 126, 127, 128, 129, 130, 131, 132, 133, 134, 135, 136, 137, 138]]
