tree
version=v2
num_class=1
num_tree_per_iteration=1
label_index=0
max_feature_idx=11
objective=binary sigmoid:1
feature_names=n_1 c_table_1.c_2 c_table_1.c_4 n_table_1.n_12 n_table_1.n_15 n_table_1.n_16 n_table_1.n_18 n_table_1.n_19 n_table_1.n_26 c_table_2.c_1 n_table_2.n_13 n_table_3.n_3
feature_infos=[1:335.5] 24:0:17:16:10:7:34:23:19:60:18:15:44:28:1:5:8:35:45:38:41:68:4:12:25:13:2:75:49:20:39:48:50:46:21:111:22:92:33:56:57:59:87:27:79:120:9:37:43:62:125:26:47:96:40:61:70:73:3:6:67:72:76:31:42:66:77:85:104:108:124:132:53:54:89:91:93:136:55:64:82:84:94:101:115:121:140:36:51:71:80:81:88:97:98:102:103:119:127:135:147:149:30:52:63:118:123:133:139:144:165:167:32:58:69:74:78:90:99:110:112:114:116:131:134:137:146:161:162:166:174 4:0:10:12:2:11:7:5:45:51:35:8:18:23:33:40:77:30:37:38:41:57:29:28:16:74:62:49:13:21:48:104:6:69:22:26:39:54:19:27:72:87:95:3:31:55:56:106:15:17:60:61:96:103:92:25:66:67:78:80:81:93:94:109:113:117:122:1:24:44:46:47:53:59:65:83:84:99:112:121:133:14:20:36:63:70:82:97:102:116:136:32:34:42:52:58:64:71:75:85:90:98:107:111:115:124:129:130:131:132 [1:8524] [1:274774] [1:249100] [1:574087] [1:1285890] [1:121640] 1:0 [1:395101] [1:509664]
tree_sizes=1825 1701 1819 1927 1351 1591 1705 1626 1742 1534 1620 1748 1335 1282 1977 1790 1316 1425 1660 2024 1808 1839 1422 1662 1473 1544 1522 1535 1435 1910 2019 1952 1726 1474 1821 1924 2032 1961 1801 1832 1627 1948

Tree=0
num_leaves=23
num_cat=2
split_feature=5 6 6 6 2 8 11 11 5 5 3 0 10 11 10 6 8 9 3 3 6 3
split_gain=30.9984 12.1693 8.24929 9.90991 8.22028 8.29289 4.88449 6.94125 2.95632 4.47975 2.72749 1.75148 1.67155 1.98421 1.29482 1.27641 1.26124 0.778412 0.636258 0.235351 0.0829357 0.0340326
threshold=18433.000000000004 214070.00000000003 177081.50000000003 102161.00000000001 0 25.750000000000004 25.000000000000004 456.25000000000006 650.50000000000011 2122.7500000000005 783.25000000000011 10.750000000000002 84.250000000000014 18401.500000000004 12679.750000000002 31120.000000000004 192.25000000000003 1 4.7500000000000009 55.000000000000007 24883.750000000004 143.50000000000003
decision_type=2 2 2 2 5 2 2 2 2 2 2 2 2 2 2 2 2 1 2 2 2 2
left_child=4 2 3 10 5 18 8 11 -6 -10 19 -8 13 17 15 -14 20 -9 -1 -2 -11 -7
right_child=1 -3 -4 -5 6 21 7 12 9 16 -12 -13 14 -15 -16 -17 -18 -19 -20 -21 -22 -23
leaf_value=-2.772796649629846 -2.8106757024829077 -2.3109869558041218 -2.8515901461087099 -2.4276073392156068 -2.8961039375360977 -2.8260678829694994 -2.5962509610515618 -2.7935773862228244 -2.6995528206559447 -2.9122469238314874 -2.8585262393458195 -2.8106757024829077 -2.8861641285708153 -2.6898224948457328 -2.8106757024829077 -2.8106757024829077 -2.8106757024829077 -2.8571338815047587 -2.4706610754233909 -2.6893703551771035 -2.8106757024829077 -2.8106757024829077
leaf_count=60 43 44 89 64 1216 52 62 69 93 137 47 70 491 47 43 53 73 165 47 89 92 54
internal_value=0 1.12108 0.605522 1.0187 -0.161852 0.410229 -0.235561 -0 -0.397844 -0 0.207152 0.82308 -0.160669 0.0291271 -0.297034 -0.370643 -0.31745 -0.0507012 1.46103 0.585656 -0.471513 -0
internal_count=3200 376 332 243 2824 213 2611 1000 1611 395 179 132 868 281 587 544 302 234 107 132 229 106
cat_boundaries=0 2 3
cat_threshold=1350635648 205346 2
shrinkage=1


Tree=1
num_leaves=23
num_cat=3
split_feature=7 1 11 7 3 11 0 1 11 11 3 0 3 3 10 3 7 6 10 10 0 9
split_gain=28.6874 13.1535 6.21635 5.92719 6.74362 5.31292 3.06219 2.40375 1.76239 2.31403 1.10356 1.04331 0.932884 1.88494 0.926457 0.842191 0.943363 0.647683 0.606243 0.29226 0.0780692 0.0372122
threshold=553938.00000000012 0 25.000000000000004 63418.750000000007 783.25000000000011 962.50000000000011 7.7500000000000009 1 17563.000000000004 26170.750000000004 12.250000000000002 19.750000000000004 90.250000000000014 157.00000000000003 3.2500000000000004 129.25000000000003 113.50000000000001 113580.00000000001 493.75000000000006 1.7500000000000002 12.250000000000002 2
decision_type=2 5 2 2 2 2 2 5 2 2 2 2 2 2 2 2 2 2 2 2 2 1
left_child=1 2 11 6 12 20 7 -3 14 -10 -8 19 -5 -14 -7 16 -9 -6 -11 -1 -4 -17
right_child=-2 3 5 4 17 8 10 15 9 18 -12 -13 13 -15 -16 21 -18 -19 -20 -21 -22 -23
leaf_value=-0.089132752514512817 0.40996898585719144 0.040491174127998859 0.11993630280977487 0.30764287460186385 -0.045236836090470356 -0 0 0 0.10841158355085423 0 0.16564985698672982 0 -0 0.13142244988785781 -0.10832144011530742 0.015960417284172055 -0.075550540677621694 0.039785909104402224 -0.050201465597177551 -0 0 -0
leaf_count=1162 44 108 125 69 71 99 76 42 61 94 54 47 45 113 160 53 345 60 204 68 55 45
internal_value=0 -0.0598777 -0.264695 0.279111 0.746483 0 0.041887 -0.0543952 -0.189706 0 0.603678 -0.480731 1.14901 0.528269 -0.448004 -0.202842 -0.367245 -0 -0.159935 -0.50618 0.602442 0
internal_count=3200 3156 2075 1081 358 798 723 593 618 359 130 1277 227 158 259 485 387 131 298 1230 180 98
cat_boundaries=0 2 6 7
cat_threshold=330011009 135684 4194322 268500992 0 32768 2
shrinkage=0.169796


Tree=2
num_leaves=24
num_cat=2
split_feature=1 7 11 0 11 7 3 11 11 7 11 5 6 9 7 7 6 0 11 0 5 11 6
split_gain=22.9029 9.77463 4.45313 3.28535 2.52973 2.22303 3.54773 1.79153 1.41686 1.61947 2.94854 1.08103 1.57204 0.804476 0.777399 0.909267 0.611116 1.783 0.561031 0.360357 0.322378 0.111669 0.00913427
threshold=0 359479.00000000006 25.000000000000004 18.250000000000004 962.50000000000011 9667.0000000000018 63.250000000000007 12696.250000000002 17563.000000000004 16618.750000000004 26170.750000000004 2565.2500000000005 55756.000000000007 1 2819.5000000000005 757.75000000000011 912.25000000000011 3.2500000000000004 1384.7500000000002 1.7500000000000002 18608.500000000004 26170.750000000004 536.50000000000011
decision_type=5 2 2 2 2 2 2 2 2 2 2 2 2 1 2 2 2 2 2 2 2 2 2
left_child=2 3 20 5 16 13 7 -7 18 10 -10 -8 -13 22 15 -15 17 -4 -6 -12 -1 -3 -2
right_child=1 21 4 -5 8 6 11 -9 9 -11 19 12 -14 14 -16 -17 -18 -19 -20 -21 -22 -23 -24
leaf_value=-0.079856736142869963 -0.061547948525713665 0.10436437523535463 0 0.22666675009128037 -0 0.15422388973832094 0.078443112929051234 0 0.15623269128534109 -0.082092433386176444 0.0045563926861189631 -0.060849179898641914 0.026418218378796002 -0 -0.003771079167817121 0.11253824873457426 -0 0.14882633429546022 -0.087870231569805848 -0.044829138130926496 -0 0.39983230397732411 -0
leaf_count=1254 86 66 87 41 58 185 68 46 45 69 175 156 178 60 51 46 37 66 202 75 60 23 66
internal_value=0 0.452491 -0.259075 0.319003 -0 0.212123 0.349608 0.742186 -0.175866 0 0.157725 0.0284635 -0.00522324 -0.0158433 0.0796618 0.345283 0.345931 0.450814 -0.415677 -0 -0.452738 1.5494 -0.286864
internal_count=3200 1072 2128 983 814 942 633 231 624 364 295 402 334 309 157 106 190 153 260 250 1314 89 152
cat_boundaries=0 3 4
cat_threshold=330994065 50469446 32768 2
shrinkage=0.169796


Tree=3
num_leaves=26
num_cat=4
split_feature=1 6 11 8 11 11 3 9 11 3 3 1 7 6 11 11 6 11 11 8 5 7 7 11 9
split_gain=16.8865 7.60366 3.53941 2.75256 3.59866 13.4829 2.4176 2.11349 1.85265 1.24091 1.6551 1.1408 1.12708 1.10429 0.855789 2.09294 0.46074 0.541705 0.447637 0.273387 0.22971 0.551077 0.186902 0.169507 0.166987
threshold=0 33567.250000000007 25.000000000000004 3.2500000000000004 456.25000000000006 3.2500000000000004 43.000000000000007 1 962.50000000000011 783.25000000000011 2107.0000000000005 2 2819.5000000000005 11768.500000000002 14005.750000000002 26170.750000000004 912.25000000000011 456.25000000000006 1441.0000000000002 88.750000000000014 18608.500000000004 3.2500000000000004 2001.2500000000002 99332.500000000015 3
decision_type=5 2 2 2 2 2 2 1 2 2 2 5 2 2 2 2 2 2 2 2 2 2 2 2 1
left_child=2 3 20 4 5 13 -5 -8 16 -3 -11 14 -6 22 18 -16 17 -4 -10 -9 21 24 -2 -17 -1
right_child=1 9 8 6 12 -7 7 19 11 10 -12 -13 -14 -15 15 23 -18 -19 -20 -21 -22 -23 -24 -25 -26
leaf_value=-0.050505294741993244 0 0.19011462384876121 0.09520533668254709 -0.10789635668174832 0.0083283226445358943 0.40854566620759841 -0.051161108882600281 0 0 -0 0.10263667019206374 -0.054567813278223902 -0.080498775793001923 0.095252655388116281 0.1222713968467712 -0.021901730594248232 -0 0 -0.058039941332444958 0.11905861548308733 -0 -0.10710450482968535 -0.026410987314821513 0.011004599579646062 -0
leaf_count=560 100 203 79 102 71 30 74 59 47 79 88 145 71 35 62 147 37 74 126 44 60 450 116 97 244
internal_value=0 0.380664 -0.226555 0.0991037 0.329917 0.602683 -0.16068 0.0204294 -0 0.842318 0.329056 -0.154427 -0.0663422 0.0419137 0 0.167753 0.28735 0.375615 -0.200336 0.482724 -0.40759 -0.42388 -0 -0 -0.240316
internal_count=3200 1072 2128 702 423 281 279 177 814 370 167 624 142 251 479 306 190 153 173 103 1314 1254 216 244 804
cat_boundaries=0 3 4 6 7
cat_threshold=330994065 50469446 32768 1 16908289 4 2
shrinkage=0.169796


Tree=4
num_leaves=17
num_cat=2
split_feature=4 0 2 11 11 4 0 5 9 8 7 6 4 5 7 7
split_gain=11.9643 6.07819 4.6959 2.44833 6.28301 1.81524 1.45119 1.6703 1.14058 1.10021 0.933734 0.76211 1.13314 0.246 0.0785179 0.00191176
threshold=135130.00000000003 18.250000000000004 0 25.000000000000004 190.00000000000003 13754.500000000002 1.7500000000000002 2565.2500000000005 1 28.750000000000004 108966.00000000001 150181.50000000003 59645.500000000007 19.750000000000004 3.2500000000000004 306585.00000000006
decision_type=2 2 5 2 2 2 2 2 1 2 2 2 2 2 2 2
left_child=1 2 9 5 -5 10 7 -6 -8 -1 14 12 -7 -3 -4 -11
right_child=-2 13 3 4 6 11 8 -9 -10 15 -12 -13 -14 -15 -16 -17
leaf_value=0.13878391406601942 0.22339197336311653 0.012720644553910143 -0.035037762644872211 0.15821857767472822 0.020446458227282409 0.067760827831755521 0 -0.05039997217455483 -0.087019896142010972 -0 0 -0.04289858288163366 -0.0037962223041765547 0.19465946353967625 -0.084690947713893502 0.0035330270766618234
leaf_count=99 42 89 794 65 544 141 57 212 214 67 42 84 45 38 626 41
internal_value=0 -0.0364202 -0.0906892 -0.152708 -0 -0.276047 -0.115534 -0 -0.372477 0.316427 -0.347734 0 0.176204 0.761423 -0.375741 0
internal_count=3200 3158 3031 2824 1092 1732 1027 756 271 207 1462 270 186 127 1420 108
cat_boundaries=0 3 4
cat_threshold=1086394368 655970 1024 2
shrinkage=0.169796


Tree=5
num_leaves=21
num_cat=2
split_feature=4 0 2 4 5 5 9 5 10 5 7 3 4 0 8 0 0 10 10 8
split_gain=7.70705 4.68799 3.572 2.03074 5.8885 4.93178 4.84711 2.6511 2.02185 1.57886 1.44407 3.20097 1.09283 0.579689 0.330764 0.321952 0.288356 0.13041 0.0761414 0.000462708
threshold=135130.00000000003 18.250000000000004 0 1423.0000000000002 2409.2500000000005 569.50000000000011 1 18433.000000000004 3.2500000000000004 24007.750000000004 3.2500000000000004 43.000000000000007 3121.7500000000005 7.7500000000000009 28.750000000000004 25.750000000000004 1.7500000000000002 143.50000000000003 1.7500000000000002 296.50000000000006
decision_type=2 2 5 2 2 2 1 2 2 2 2 2 2 2 2 2 2 2 2 2
left_child=1 2 14 10 5 8 -7 12 -5 -9 16 13 -6 -12 -1 -3 18 -18 -4 -16
right_child=-2 15 3 4 7 6 -8 9 -10 -11 11 -13 -14 -15 19 -17 17 -19 -20 -21
leaf_value=0.098963623662228731 0.16956738828447243 0.1480599629112537 -0.010155612718558598 -0.046868320918318739 0 0.31894860683499437 0 0.10485793196009167 0.11014771605141312 -0.0078900056459461927 -0.12203228265609002 0.012350814270725794 -0.089490984773082261 -0 -0 0 -0.052385230002404679 -0 0 0.0019258767506410239
leaf_count=112 42 64 674 132 44 41 53 41 37 227 388 75 357 97 67 63 242 79 324 41
internal_value=0 -0.0258879 -0.0765444 -0.134837 0 0.532074 1.1416 -0.195996 0 0.00872497 -0.237958 -0.457159 -0.443115 -0.617705 0.261761 0.65254 -0.111644 -0.251507 -0.0262859 0
internal_count=3200 3158 3031 2811 932 263 94 669 169 268 1879 560 401 485 220 127 1319 321 998 108
cat_boundaries=0 3 4
cat_threshold=1086394368 1074397794 1024 2
shrinkage=0.169796


Tree=6
num_leaves=22
num_cat=1
split_feature=4 2 10 10 11 11 11 8 8 10 10 10 8 5 8 3 6 7 11 6 5
split_gain=5.30692 5.37751 2.40409 1.64617 3.59085 2.77092 1.44609 1.27255 1.47286 1.64899 3.11922 2.03577 1.21678 2.78621 1.82905 0.527616 0.523721 0.630195 0.245085 0.174826 0.0538647
threshold=1423.0000000000002 0 12679.750000000002 261.25000000000006 25.000000000000004 456.25000000000006 23863.000000000004 1138.0000000000002 542.50000000000011 1.7500000000000002 152.50000000000003 1689.2500000000002 4.7500000000000009 2142.2500000000005 188.50000000000003 127.75000000000001 880.00000000000011 558.25000000000011 1384.7500000000002 103357.00000000001 2565.2500000000005
decision_type=2 5 2 2 2 2 2 2 2 2 2 2 2 2 2 2 2 2 2 2 2
left_child=2 20 3 4 15 -6 18 8 9 12 -11 -12 13 -3 -14 16 17 -1 -7 -10 -2
right_child=1 7 -4 -5 5 6 -8 -9 19 10 11 -13 14 -15 -16 -17 -18 -19 -20 -21 -22
leaf_value=-0.036597934311226439 -0 0.12493040538404203 0.10022641943284694 -0.076452968141196023 0.10988203735443837 -0 0.086160315024121872 0.15049788873466299 0 0.20196362722667405 -0.020097917044590068 0.088516544902330005 -0.049220701383908452 -0 0.053903995135689491 0 -0.10769863142140934 0 -0.051450967715025483 -0.03331730118953468 -0.089330281821082436
leaf_count=903 38 111 42 380 100 130 42 77 36 68 93 92 190 120 85 40 144 128 135 60 186
internal_value=0 0.226742 -0.130616 -0.173244 -0.0753106 0.204698 -0 0.327256 0.270871 0.332276 0.59365 0.122659 0.114294 0.333002 -0 -0.24152 -0.267646 -0.160639 -0.1811 -0.0123618 -0.253282
internal_count=3200 1156 2044 2002 1622 407 307 932 855 759 253 185 506 231 275 1215 1175 1031 265 96 224
cat_boundaries=0 3
cat_threshold=805579044 264 8192
shrinkage=0.169796


Tree=7
num_leaves=21
num_cat=3
split_feature=1 5 1 3 2 6 11 7 0 6 7 7 6 5 11 11 11 11 8 0
split_gain=8.11817 2.89817 2.68404 1.54518 1.48576 2.05009 1.18191 1.11048 0.808159 0.35052 0.350026 0.322845 0.299087 0.296403 0.218643 1.36192 0.777314 0.158754 0.0572175 0.828289
threshold=0 19.750000000000004 1 1164.2500000000002 2 2916.2500000000005 25.000000000000004 1376.5000000000002 7.7500000000000009 171951.50000000003 558.25000000000011 3.2500000000000004 7582.7500000000009 1984.0000000000002 17563.000000000004 1441.0000000000002 26170.750000000004 99332.500000000015 1.7500000000000002 1.7500000000000002
decision_type=5 2 5 2 5 2 2 2 2 2 2 2 2 2 2 2 2 2 2 2
left_child=2 7 6 9 12 8 18 10 -6 -4 11 -2 -3 14 15 -8 -16 -18 19 -1
right_child=1 4 3 -5 5 -7 13 -9 -10 -11 -12 -13 -14 -15 16 -17 17 -19 -20 -21
leaf_value=-0 0.011920171257162672 0 -0.11984878386533904 0 -0.050688252106200919 0.091939989350434001 0.039267152379281065 -0.071387581213991413 0.052749022242287995 -0 0.05053160110920539 -0.047456752400348939 -0.049112405352621048 -0 0.10530364635547872 -0.053345337851925759 -0.0017106063380692162 0.028509725681260568 -0 -0.069227533430166896
leaf_count=613 52 38 457 46 85 617 179 104 36 50 41 53 73 42 37 132 138 86 64 257
internal_value=0 0.250096 -0.167588 -0.409592 0.381668 0.398872 -0.0176135 -0.0405084 -0 -0.655771 0.0493668 -0 -0.0575284 0.0882 0.132964 0 0.23061 0 -0.159332 -0.17084
internal_count=3200 1099 2101 553 849 738 1548 250 121 507 146 105 111 614 572 311 261 224 934 870
cat_boundaries=0 3 5 7
cat_threshold=330994049 50469446 32768 16908289 64 805371908 1073742088
shrinkage=0.169796


Tree=8
num_leaves=23
num_cat=2
split_feature=4 2 11 11 11 11 11 4 3 4 11 5 6 11 10 10 7 7 9 11 4 7
split_gain=3.22206 2.72664 2.29295 4.24191 0.922543 3.98452 1.71102 1.59979 1.22659 1.41127 1.18907 0.911107 1.13205 0.853057 0.832029 0.588566 0.21152 0.436966 0.285575 0.0901074 0.0346643 0.08349
threshold=135130.00000000003 0 143.50000000000003 16948.000000000004 25.000000000000004 456.25000000000006 17563.000000000004 13754.500000000002 1591.7500000000002 59765.500000000007 26170.750000000004 28.750000000000004 17156.500000000004 99332.500000000015 16.000000000000004 2289.2500000000005 108966.00000000001 3.2500000000000004 1 1342.7500000000002 25779.250000000004 8182.7500000000009
decision_type=2 5 2 2 2 2 2 2 2 2 2 2 2 2 2 2 2 2 1 2 2 2
left_child=1 2 20 -4 7 11 14 16 9 -9 -8 -6 -13 -12 19 -16 17 18 -3 -7 21 -1
right_child=-2 4 3 -5 5 6 10 8 -10 -11 13 12 -14 -15 15 -17 -18 -19 -20 -21 -22 -23
leaf_value=0 0.10101044905871964 -0.026495901668691084 0.22450120061460391 -0 0.00050618137751699539 0 0.069767062304520427 0.071759200641306448 -0.05549705387942333 -0.0031719748132842248 -0.041550156695588675 0.19658278354373032 0 0.012729102043178153 -0.10871194649735794 -0 -0 -0.065135476536569994 0 -0.01870633419488793 0.014173095599276273 -0.023757957943372609
leaf_count=83 42 567 54 55 91 94 82 179 47 62 259 28 27 153 179 66 45 602 251 131 48 55
internal_value=0 -0.0212238 0.246475 0.740553 -0.0813048 0 -0.124767 -0.158856 0.0383606 0.227223 0 0.482112 0.817584 -0.0559757 -0.32082 -0.511338 -0.240436 -0.25504 -0.0901226 -0 0 -0
internal_count=3200 3158 295 109 2863 1110 964 1753 288 241 494 146 55 412 470 245 1465 1420 818 225 186 138
cat_boundaries=0 3 4
cat_threshold=1082134544 729602 1024 2
shrinkage=0.169796


Tree=9
num_leaves=20
num_cat=5
split_feature=1 4 0 5 5 6 11 0 3 5 1 9 9 6 6 9 6 0 0
split_gain=5.85317 3.44417 2.39588 1.79008 2.19946 3.16298 1.54862 2.13296 1.29423 0.896698 0.784407 0.743592 0.514411 0.110276 1.98044 0.293338 0.290237 0.0410236 1.4082
threshold=0 250.75000000000003 22.750000000000004 19.750000000000004 8467.7500000000018 102161.00000000001 19354.750000000004 4.7500000000000009 1408.7500000000002 23140.000000000004 1 2 3 31120.000000000004 6389.5000000000009 4 1551.2500000000002 10.750000000000002 7.7500000000000009
decision_type=5 2 2 2 2 2 2 2 2 2 5 1 1 2 2 1 2 2 2
left_child=8 2 6 -3 13 10 17 12 -1 -7 11 -6 -8 14 16 -16 -5 18 -2
right_child=1 3 -4 4 5 9 7 -9 -10 -11 -12 -13 -14 -15 15 -17 -18 -19 -20
leaf_value=-0.077203106005739416 -0.030340288909401558 -0.024552229116174357 0.11175368047537129 0 -0 -0 0 -0.050489924667389011 0 0.091004451321113872 -0.034748132508864341 0.068080749423977183 0.090934026600501885 0.16647796950029481 0.030334552861283347 -0.013671563314850832 0.15175365985194239 -0.067599046846771524 0.052426596150763762
leaf_count=772 1040 66 52 41 57 32 52 59 54 99 168 55 153 61 97 91 61 113 77
internal_value=0 0.110519 -0.0134811 0.290219 0.341813 0.111995 -0.0814257 0.158801 -0.303257 0.445582 -0.101201 0.0513511 0.423022 0.588151 0.325864 0 0.731222 -0.173039 -0.100972
internal_count=3200 2374 1546 828 762 411 1494 264 826 131 280 112 205 351 290 188 102 1230 1117
cat_boundaries=0 3 6 7 8 9
cat_threshold=330994048 50469446 32768 270336 8 16 2 2 2
shrinkage=0.169796


Tree=10
num_leaves=20
num_cat=3
split_feature=1 3 2 1 11 3 6 5 10 10 10 10 11 11 11 5 10 3 10
split_gain=4.76611 2.85405 1.92652 2.35126 2.76346 0.925739 2.29332 0.633387 1.4651 2.30045 0.594925 0.967611 0.684049 0.532824 0.423711 0.396701 0.279896 0.125756 0.0173423
threshold=0 1408.7500000000002 1 2 143.50000000000003 1040.5000000000002 40848.250000000007 19.750000000000004 152.50000000000003 1689.2500000000002 384.25000000000006 12092.500000000002 20500.000000000004 1384.7500000000002 25.000000000000004 2122.7500000000005 10.750000000000002 2965.0000000000005 169.00000000000003
decision_type=5 2 5 5 2 2 2 2 2 2 2 2 2 2 2 2 2 2 2
left_child=1 -1 -2 10 5 6 15 18 16 -10 12 -12 13 14 -4 -5 -9 -3 -6
right_child=2 17 3 4 7 -7 -8 8 9 -11 11 -13 -14 -15 -16 -17 -18 -19 -20
leaf_value=-0.088993557301072834 -0.029551264390867683 0.032894100933788674 -0 0.011789631967237297 -0 -0.031667933960623763 0.099432647421417608 0.023956802493470146 -0.019356651300818088 0.098415532138806758 -0.05678604359527635 0.0040471721564702065 0.063050771749842041 -0.048732807643912621 0.034102196922483563 -0.037088710359047074 0.23272575691172817 -0 0.012140865784220876
leaf_count=649 208 31 907 231 40 47 77 50 58 72 245 37 82 85 174 86 36 47 38
internal_value=0 -0.283155 0.0975384 0.143349 0.284252 0.0665469 0.177412 0.59097 0.675745 0.190936 0 -0.171613 0.0535985 0 0.0467861 -0 1.03789 0.0458107 0
internal_count=3200 727 2473 2265 735 441 394 294 216 130 1530 282 1248 1166 1081 317 86 78 78
cat_boundaries=0 3 5 8
cat_threshold=314151344 50469446 32768 805309568 1073742088 16777221 73736 268437504
shrinkage=0.169796


Tree=11
num_leaves=22
num_cat=2
split_feature=1 0 6 0 5 5 11 3 0 0 11 6 3 5 11 3 3 5 5 9 6
split_gain=3.75391 2.79435 2.17219 2.30599 1.47086 5.18466 3.46792 1.41295 0.855792 1.24252 1.00461 0.820571 0.671429 0.740429 0.532481 0.267656 0.262021 0.212215 1.56938 0.167797 0.12715
threshold=0 18.250000000000004 83866.750000000015 4.7500000000000009 2565.2500000000005 19.750000000000004 14005.750000000002 129.25000000000003 7.7500000000000009 13.750000000000002 143.50000000000003 12580.000000000002 150.25000000000003 122692.50000000001 11.500000000000002 1408.7500000000002 4.7500000000000009 31807.750000000004 18608.500000000004 1 108895.00000000001
decision_type=5 2 2 2 2 2 2 2 2 2 2 2 2 2 2 2 2 2 2 1 2
left_child=15 2 3 4 5 6 -2 -7 -5 10 -10 -6 -4 17 -13 -1 19 18 -14 -3 -19
right_child=1 16 12 8 11 7 -8 -9 9 -11 -12 14 13 -15 -16 -17 -18 20 -20 -21 -22
leaf_value=-0.096878578626331896 -0.028779670963627837 -0 0.13297464380375576 -0.092989892291271692 -0.076007802301174016 0.033277202212677805 0.064706958875001233 0.2019951977760113 -0.011302568313255858 -0.075462595257444351 0.062841804532136919 0.021952765823346054 -0.0068207683147579303 0.066954835799828027 -0.033872985093992752 -0 0.16058987629240082 0 0.11170127501580433 0.036181695340764389 -0.031936474329520709
leaf_count=414 1011 54 24 207 96 179 266 58 151 90 85 158 40 27 119 60 28 36 23 32 42
internal_value=0 0.0712307 0.0283119 -0.0144017 0.0473024 0.131395 -0 0.630119 -0.278557 -0.0344584 0.0407294 -0.141633 0.312385 0.11079 -0 -0.323708 0.62103 -0 0.124994 0.0166219 -0.105465
internal_count=3200 2726 2612 2420 1887 1514 1277 237 533 326 236 373 192 168 277 474 114 141 63 86 78
cat_boundaries=0 3 4
cat_threshold=305697184 50469378 32768 2
shrinkage=0.169796


Tree=12
num_leaves=17
num_cat=3
split_feature=1 4 6 2 0 3 0 3 10 10 4 0 1 10 6 4
split_gain=2.9881 1.6947 1.96022 1.78352 1.59247 1.29698 1.23142 0.976024 0.76435 0.751695 0.764172 0.394137 0.336832 0.280825 0.250117 0.12478
threshold=0 250.75000000000003 1380.2500000000002 1 22.750000000000004 1408.7500000000002 10.750000000000002 1040.5000000000002 3423.2500000000005 128.50000000000003 95599.750000000015 9.2500000000000018 2 12092.500000000002 171951.50000000003 132478.00000000003
decision_type=5 2 2 5 2 2 2 2 2 2 2 2 5 2 2 2
left_child=5 2 4 15 6 14 11 8 12 10 -9 13 -5 -2 -1 -3
right_child=1 3 -4 7 -6 -7 -8 9 -10 -11 -12 -13 -14 -15 -16 -17
leaf_value=-0.096906044273827444 -0.0038373100382235173 -0.035245427314441691 -0.096507591532346865 -0 0.098900740182465668 0 -0.068356490747018578 -0.07735884731244308 -0 0.04916300430224381 0 0.059177641014208977 0.061739631017299734 0.044772018213274686 -0 0
leaf_count=457 1243 194 109 103 50 68 127 48 27 42 29 35 549 36 57 26
internal_value=0 0.0685089 -0.0176288 0.182643 0.00943455 -0.269075 -0.00826104 0.23761 0.341669 0 -0.152949 0.0161181 0.373004 -0 -0.518203 -0.0894567
internal_count=3200 2618 1600 1018 1491 582 1441 798 679 119 77 1314 652 1279 514 220
cat_boundaries=0 3 5 7
cat_threshold=314085792 50469382 32768 805374976 1074266376 65538 64
shrinkage=0.169796


Tree=13
num_leaves=16
num_cat=2
split_feature=1 0 6 0 1 3 5 5 6 7 5 5 5 5 7
split_gain=2.29813 2.48666 2.24934 2.20811 0.884753 1.35719 0.702527 0.564408 2.15587 0.664923 0.438922 0.238471 0.165628 0.581846 0.00124575
threshold=0 18.250000000000004 83866.750000000015 4.7500000000000009 1 100.00000000000001 3324.2500000000005 2565.2500000000005 271.75000000000006 60628.000000000007 9.2500000000000018 19.750000000000004 40590.250000000007 122692.50000000001 847.75000000000011
decision_type=5 2 2 2 5 2 2 2 2 2 2 2 2 2 2
left_child=10 2 3 4 5 -2 -5 8 -6 -9 14 -3 -4 -14 -1
right_child=1 11 12 6 7 -7 -8 9 -10 -11 -12 -13 13 -15 -16
leaf_value=-0.0030307476239845965 -0.08911879003813343 0 0.085178771404527856 -0.062509409548788294 0.00070715248342577528 0 0 -0.065711767183814412 0.082715220808688442 0.0022711293092244397 -0.065142224086234352 0.14849770130196099 -0 0.052859125110009141 0
leaf_count=89 159 80 77 452 1105 65 50 55 187 175 514 24 73 27 68
internal_value=0 0.0620338 0.0183339 -0.0277029 0.0321059 -0.134406 -0.295199 0.0823164 0.141317 -0 -0.223344 0.573878 0.311395 0.0596907 -0
internal_count=3200 2529 2425 2248 1746 224 502 1522 1292 230 671 104 177 100 157
cat_boundaries=0 3 6
cat_threshold=322474416 50469442 32768 8455172 8324 2048
shrinkage=0.169796


Tree=14
num_leaves=27
num_cat=4
split_feature=1 11 11 9 5 5 8 7 5 6 0 0 1 0 8 8 7 9 0 0 11 6 11 6 11 8
split_gain=1.96965 1.18209 2.28161 1.08208 1.99427 1.23363 1.61917 1.56987 0.857262 0.807876 0.548146 0.515755 0.417336 0.469699 0.733522 1.24392 0.807594 0.708758 0.667665 0.392639 0.316928 0.229166 0.149979 0.0461691 0.0203691 0.0129333
threshold=0 25.000000000000004 456.25000000000006 1 116.50000000000001 727.75000000000011 176.50000000000003 2001.2500000000002 28.750000000000004 246652.00000000003 6.2500000000000009 13.750000000000002 2 16.750000000000004 7.7500000000000009 307.00000000000006 66613.000000000015 3 1.7500000000000002 4.7500000000000009 61698.250000000007 15677.500000000002 80202.250000000015 2593.0000000000005 4433.5000000000009 967.75000000000011
decision_type=5 2 2 1 2 2 2 2 2 2 2 2 5 2 2 2 2 1 2 2 2 2 2 2 2 2
left_child=9 12 8 5 22 7 20 19 10 -1 -3 -12 21 14 16 17 18 -16 -14 -4 -7 -2 24 -15 -5 -17
right_child=1 2 3 4 -6 6 -8 -9 -10 -11 11 -13 13 23 15 25 -18 -19 -20 -21 -22 -23 -24 -25 -26 -27
leaf_value=-0.061129193826962011 -0 -0.003426642131220064 0.0010520533255042937 -0 0.10167351126882906 -0.11411720890556412 0 0.09477670762318785 0.14435272438938174 0 0.093557894157227858 -0 0 0 -0.094186216797696079 0.0094929972591803399 0.071287695743798132 -0 -0.045103017688387162 -0.046746443576398414 -0 0.055057743810293679 0 0.032544172292658248 -0.036984931853950707 -0
leaf_count=592 45 28 334 43 75 89 59 71 45 23 23 35 762 54 146 38 23 68 301 95 27 77 46 20 50 31
internal_value=0 0.0611829 0.164011 0.0333918 0.270684 -0.0201216 -0.280015 0.0645066 0.53385 -0.20201 0.0244445 0.296092 -0.00187007 -0.0492564 -0.0982109 -0.254041 -0 -0.408887 -0.0601118 -0 -0.559155 0.110548 -0 0.115989 -0.163453 0
internal_count=3200 2585 1020 889 214 675 175 500 131 615 86 58 1565 1443 1369 283 1086 214 1063 429 116 122 139 74 93 69
cat_boundaries=0 3 4 6 7
cat_threshold=305762720 50469474 268468224 1 263172 268435464 2
shrinkage=0.169796


Tree=15
num_leaves=23
num_cat=2
split_feature=2 0 0 5 2 6 10 6 10 11 11 11 7 11 11 10 7 8 10 7 0 7
split_gain=1.8804 0.931915 1.85848 1.4046 0.892464 2.81176 2.65236 1.18103 1.05605 1.83538 1.40717 0.764956 1.42626 0.976252 0.734233 0.701162 0.354142 0.344628 0.216471 0.194722 0.141494 0.00666738
threshold=0 16.750000000000004 10.750000000000002 95.500000000000014 1 129145.50000000001 1.7500000000000002 4995.2500000000009 384.25000000000006 23863.000000000004 456.25000000000006 12696.250000000002 558.25000000000011 143.50000000000003 167260.00000000003 302.50000000000006 6165.2500000000009 32.500000000000007 731.50000000000011 12508.000000000002 24.250000000000004 60628.000000000007
decision_type=5 2 2 2 5 2 2 2 2 2 2 2 2 2 2 2 2 2 2 2 2 2
left_child=11 2 4 20 8 7 -7 16 9 10 -2 12 -1 19 17 -11 -6 -10 -13 -14 -3 -21
right_child=1 3 -4 -5 5 6 -8 -9 14 15 -12 18 13 -15 -16 -17 -18 -19 -20 21 -22 -23
leaf_value=-0 0.017606821039804918 -0.034085944699510366 -0.088108424181469608 0.098785626517925343 -0.034912514104784256 -0.022841798354052673 0.12911375929351063 -0.1006393590211959 -0.057692151736403741 0.13509707457788808 -0.040769480329433137 -0.031574289068292495 0.059462848884105121 0.15146656331947539 0 0 0.027345320896747238 0 0.022336247823506253 -0 0 0.0047600733884140076
leaf_count=68 1236 47 164 46 146 42 27 250 283 45 256 35 39 61 40 41 51 52 41 74 55 101
internal_value=0 -0.0354067 -0.0715583 0.208131 -0.0234066 -0.155628 0.174182 -0.422335 0.0159574 0.0871508 0.00966919 0.215541 0.385662 0.490839 -0.163616 0.570591 -0 -0.26982 -0 0.128159 -0 0
internal_count=3200 2781 2633 148 2469 516 69 447 1953 1578 1492 419 343 275 375 86 197 335 76 214 102 175
cat_boundaries=0 3 6
cat_threshold=1086331056 729602 1024 268500993 1073741928 8192
shrinkage=0.169796


Tree=16
num_leaves=16
num_cat=2
split_feature=2 0 1 3 4 5 7 4 7 11 0 11 0 11 0
split_gain=1.76631 1.47525 1.82168 1.38652 1.27577 1.04035 1.18161 1.53677 0.590963 0.545524 0.903377 0.475488 0.408375 0.947702 0.322403
threshold=0 18.250000000000004 1 1297.0000000000002 147.25000000000003 2409.2500000000005 222467.00000000003 5305.7500000000009 2353.0000000000005 19354.750000000004 3.2500000000000004 10322.500000000002 1.7500000000000002 25.000000000000004 6.2500000000000009
decision_type=5 2 5 2 2 2 2 2 2 2 2 2 2 2 2
left_child=-1 2 3 -2 8 12 7 -7 9 14 -11 -8 13 -6 -4
right_child=1 -3 4 -5 5 6 11 -9 -10 10 -12 -13 -14 -15 -16
leaf_value=-0.045199074600871442 -0.074414948980316808 0.073314664054363557 -0.015364852730451998 0 0.0021689506341833554 0.016866709768635562 0.053187400302563699 -0.060668751611020338 -0.0622072141405128 0.058571451569167383 -0 0 0 0.12130171640236721 0.011260782790416037
leaf_count=227 466 110 953 34 173 139 132 215 90 181 61 51 86 92 190
internal_value=0 0.0488566 0.0144077 -0.198221 0.0705731 0.176257 0.0357466 -0.0861386 -0.00345601 0 0.189662 0.216748 0.362008 0.436071 -0.0275907
internal_count=3200 2973 2863 500 2363 888 537 354 1475 1385 242 183 351 265 1143
cat_boundaries=0 3 6
cat_threshold=805577988 33554688 8192 271155584 16802310 268470272
shrinkage=0.169796


Tree=17
num_leaves=18
num_cat=2
split_feature=2 8 1 11 11 11 0 0 6 0 8 6 0 8 7 5 8
split_gain=1.54515 1.22733 1.99601 1.04612 2.10112 0.945228 1.03085 0.932211 0.864065 0.761565 0.204626 1.22985 0.895045 0.71269 0.387877 0.321353 0.142754
threshold=0 3870.2500000000005 1 25.000000000000004 456.25000000000006 7720.7500000000009 3.2500000000000004 3.2500000000000004 129145.50000000001 13.750000000000002 18.250000000000004 2916.2500000000005 1.7500000000000002 188.50000000000003 2001.2500000000002 100650.25000000001 412.00000000000006
decision_type=5 2 5 2 2 2 2 2 2 2 2 2 2 2 2 2 2
left_child=-1 2 8 10 9 7 -7 -6 -2 -5 11 14 -13 15 -4 -12 -15
right_child=1 -3 3 4 5 6 -8 -9 -10 -11 13 12 -14 16 -16 -17 -18
leaf_value=-0.042038208978948825 -0.078070533242291754 0.096952661845383828 0 0.11007177038347651 -0.05100087179254046 0.041572267451731169 -0.0091965059757771923 0.012801853710257067 0 0 -0.059507501635798168 0.081175800401279807 -0 0.023266432031903001 -0.047864791028938182 0 -0
leaf_count=227 389 20 913 89 212 433 132 63 83 40 170 128 54 68 97 23 59
internal_value=0 0.0449711 0.0206424 0.0742568 0.172708 0.0369313 0.147104 -0.121741 -0.214004 0.521823 -0 0.0313417 0.309251 -0.0825386 -0.0252637 -0.267403 0
internal_count=3200 2973 2953 2481 969 840 565 275 472 129 1512 1192 182 320 1010 193 127
cat_boundaries=0 4 7
cat_threshold=537142532 33554696 0 256 11109760 16779778 268468224
shrinkage=0.169796


Tree=18
num_leaves=22
num_cat=1
split_feature=8 0 3 4 7 11 8 4 5 5 11 11 3 7 3 7 7 8 0 6 9
split_gain=0.834498 0.867467 0.674677 1.07042 0.668209 0.63478 0.913436 0.624525 0.669354 2.65314 0.689751 0.654918 0.607257 0.4631 1.24148 0.782598 0.928852 0.442665 0.26857 0.118056 0.000701666
threshold=3870.2500000000005 18.250000000000004 190.75000000000003 12943.000000000002 108966.00000000001 40729.750000000007 1138.0000000000002 1423.0000000000002 822.25000000000011 569.50000000000011 1342.7500000000002 143.50000000000003 25.750000000000004 865.75000000000011 43.000000000000007 558.25000000000011 3.2500000000000004 91.000000000000014 25.750000000000004 17067.250000000004 0
decision_type=2 2 2 2 2 2 2 2 2 2 2 2 2 2 2 2 2 2 2 2 1
left_child=1 2 7 4 19 6 -5 13 9 11 12 -9 -10 15 -15 16 -1 -12 -3 -4 -8
right_child=-2 18 3 5 -6 -7 20 8 10 -11 17 -13 -14 14 -16 -17 -18 -19 -20 -21 -22
leaf_value=-0 0.069437602156348435 0.063505125905750262 0 -0.074327465090565314 0.060138068169480245 0 0.0024017233432198585 -0.033321650966295475 -0 0.17293316302792852 -0.060738372881100594 0.045653399602270391 0.04447294048232811 -0.0665233741984778 0.0087355199606245736 0.06604253923255872 -0.076486508466933167 0 0 -0.032666445652973684 -0
leaf_count=1333 21 64 50 255 48 39 37 109 110 26 93 49 198 350 40 52 133 30 63 68 32
internal_value=0 -0.00389097 -0.0338193 -0.155848 0.000786726 -0.273551 -0.338524 0 0.10557 0.29044 0 0 0.116317 -0.0492016 -0.212607 -0 -0.0408937 -0.214268 0.249684 -0.0409247 0
internal_count=3200 3179 3052 529 166 363 324 2523 615 184 431 158 308 1908 390 1518 1466 123 127 118 69
cat_boundaries=0 1
cat_threshold=2
shrinkage=0.169796


Tree=19
num_leaves=28
num_cat=4
split_feature=2 1 8 5 11 8 6 6 6 3 5 6 11 1 11 4 4 4 3 11 11 11 9 6 11 3 11
split_gain=1.43739 2.82906 1.98352 1.07943 1.43838 2.17483 1.55317 2.4935 0.941938 0.95681 0.784416 0.626869 0.970523 0.535542 0.511894 1.1895 0.822205 0.407124 0.335923 0.0385929 0.37939 0.196539 0.0662138 0.0232959 0.0225868 0.0205826 0.0142977
threshold=0 1 3494.5000000000005 28.750000000000004 469.00000000000006 19.750000000000004 2916.2500000000005 36863.500000000007 47446.000000000007 934.75000000000011 9896.5000000000018 284.50000000000006 17563.000000000004 2 40729.750000000007 12719.500000000002 28058.500000000004 1.7500000000000002 43.000000000000007 19354.750000000004 26170.750000000004 1384.7500000000002 3 33076.000000000007 80202.250000000015 241.75000000000003 14005.750000000002
decision_type=5 5 2 2 2 2 2 2 2 2 2 2 2 5 2 2 2 2 2 2 2 2 1 2 2 2 2
left_child=10 2 11 17 5 6 -5 -8 23 -10 13 -2 -13 -1 15 18 -16 19 -6 21 -21 22 -3 -7 -22 -17 -23
right_child=1 3 -4 4 14 8 7 -9 9 -11 -12 12 -14 -15 16 25 -18 -19 -20 20 24 26 -24 -25 -26 -27 -28
leaf_value=-0.0080110511800948626 -0 -0.006261753073956597 0 -0 -0 -0.037715557004858541 0.16417920263660971 0 0.072669720226902129 -0 -0 -0.1276533977762816 -0 0.064989166629069242 -0 -0 0.071004046020906278 -0.052490630593658945 0.048301915126648498 0.057350186857333729 -0.0096448998520775684 -0.037862823082718641 0.0070083502197121148 -0 0 -0.089681334955317271 -0
leaf_count=116 116 614 45 70 39 92 114 41 67 58 38 389 75 149 57 30 25 105 42 23 115 114 414 64 100 52 36
internal_value=0 -0.0273239 -0.29692 0.0287726 0.136156 0.253813 0.535727 0.683881 0 0.206073 0.215314 -0.551248 -0.633278 0.435507 -0.0167673 -0.186696 0.0699847 -0.0405606 0 -0 0.019668 -0.0262984 0 -0.171371 -0 -0.442667 -0.182154
internal_count=3200 2897 625 2272 751 506 225 155 281 125 303 580 464 265 245 163 82 1521 81 1416 238 1178 1028 156 215 82 150
cat_boundaries=0 2 5 7 8
cat_threshold=1086328880 205314 54170662 50731650 32768 8388992 4 2
shrinkage=0.169796


Tree=20
num_leaves=24
num_cat=2
split_feature=1 10 10 10 1 4 4 3 3 4 10 5 6 6 6 0 6 11 11 0 5 5 5
split_gain=1.07203 1.32825 1.25753 2.33278 1.87362 1.8683 1.49825 1.53348 1.36747 1.00458 1.29477 0.715302 0.668731 3.32118 0.614941 0.664047 0.585119 0.498944 1.13245 0.221616 0.164477 0.0757373 0.0745232
threshold=0 16877.500000000004 250.75000000000003 30.250000000000004 1 2328.2500000000005 30447.250000000004 157.00000000000003 146.50000000000003 6556.7500000000009 601.75000000000011 57996.250000000007 2916.2500000000005 6723.2500000000009 861.25000000000011 7.7500000000000009 33076.000000000007 25.000000000000004 1441.0000000000002 1.7500000000000002 1.7500000000000002 3302.5000000000005 31807.750000000004
decision_type=5 2 2 2 5 2 2 2 2 2 2 2 2 2 2 2 2 2 2 2 2 2 2
left_child=9 2 3 4 17 -4 7 20 21 14 22 -10 -6 -14 15 -1 -16 19 -19 -2 -5 -7 -11
right_child=1 -3 5 6 12 8 -8 -9 11 10 -12 -13 13 -15 16 -17 -18 18 -20 -21 -22 -23 -24
leaf_value=-0 0.0049017050042886607 0.087956938151844966 -0.078929081010450527 0.028048720901609321 -0.10051541396549682 0.096675138387574786 -0 0.1903888534279197 -0.072091934905730043 0.12247629455684822 -0 0 0.084705153692114593 -0.050956259393764872 -0.05199118105611842 0.08993713700650291 0 0.06860162720216173 -0 -0.022822052604339498 -0 0 0
leaf_count=98 747 30 359 103 264 33 29 33 74 59 31 25 61 401 133 44 62 146 86 281 43 35 23
internal_value=0 -0.0334066 -0.0632355 -0 -0.0742884 -0.250148 0.339221 0.507145 0 0.151968 0.426162 -0.193598 -0.217273 -0.118762 0 0.234041 -0.110723 0.0378794 0.203155 -0 0.0676179 0.43202 0.611449
internal_count=3200 2750 2720 2194 1986 526 208 179 167 450 113 99 726 462 337 142 195 1260 232 1028 146 68 82
cat_boundaries=0 4 7
cat_threshold=4596742 402923520 8388608 536903680 25722897 69640 2064
shrinkage=0.169796


Tree=21
num_leaves=25
num_cat=4
split_feature=1 10 10 10 4 5 1 9 6 4 3 6 6 3 10 5 6 9 5 4 7 7 10 10
split_gain=0.905815 0.777206 1.11238 1.6506 1.62949 2.84 1.33616 1.22374 1.2805 1.19303 1.2298 1.09839 0.655794 0.452796 0.409635 0.298251 0.247907 0.215344 0.568153 0.200238 0.187934 0.968275 0.0604147 0.226415
threshold=0 16877.500000000004 250.75000000000003 30.250000000000004 2328.2500000000005 1027.7500000000002 1 2 83866.750000000015 30447.250000000004 301.00000000000006 127291.50000000001 2916.2500000000005 55.000000000000007 152.50000000000003 33883.750000000007 1623.2500000000002 3 68.500000000000014 1000.7500000000001 122803.00000000001 25374.250000000004 2018.5000000000002 3102.2500000000005
decision_type=5 2 2 2 2 2 5 1 2 2 2 2 2 2 2 2 2 1 2 2 2 2 2 2
left_child=14 2 3 6 -4 -6 13 12 -9 10 16 -7 -8 19 17 -15 -5 18 -1 -2 21 -19 -16 -24
right_child=1 -3 4 9 5 11 7 8 -10 -11 -12 -13 -14 15 22 -17 -18 20 -20 -21 -22 -23 23 -25
leaf_value=0 0.0021073539641619024 0.062548269422650488 -0.073891411004040397 0.030617960004520356 0.14201631509710447 -0.081744391187876686 -0.057819956887346723 -0.11527217618047485 0 -0 0.17650601642756691 0 0 0.052446038978079521 -0.016898254152320387 -0 -0 -0 0.09624348784086495 -0.031157900136320988 -0 0.082720452745283043 0.045642626810709554 -0
leaf_count=33 1044 33 372 119 24 106 178 195 33 28 20 39 284 159 47 30 42 79 72 131 32 48 23 29
internal_value=0 -0.0240202 -0.0495901 -0 -0.227385 0 -0.0553002 -0.185069 -0.502384 0.288901 0.436561 -0.198624 -0.0184301 0.0286019 0.149518 0.213128 0.0612655 0.27705 0.425844 -0 0 0.147629 -0 0.0618928
internal_count=3200 2837 2804 2263 541 169 2054 690 228 209 181 145 462 1364 363 189 161 264 105 1175 159 127 99 52
cat_boundaries=0 4 7 8 9
cat_threshold=4465670 402939904 8388608 536903680 25853969 69704 2064 2 1
shrinkage=0.169796


Tree=22
num_leaves=19
num_cat=3
split_feature=2 4 10 10 11 5 10 11 8 9 3 11 11 9 8 11 11 11
split_gain=1.25761 0.61562 1.23313 1.31295 0.496862 0.448237 0.436173 0.372781 0.351196 0.736892 0.570818 0.4192 0.790518 0.407577 0.529444 0.227582 0.347418 0.188377
threshold=0 852.25000000000011 16877.500000000004 261.25000000000006 40729.750000000007 100650.25000000001 3961.7500000000005 23863.000000000004 285.25000000000006 1 208.75000000000003 28688.500000000004 143.50000000000003 2 47.500000000000007 4838.5000000000009 25.000000000000004 469.00000000000006
decision_type=5 2 2 2 2 2 2 2 2 1 2 2 2 1 2 2 2 2
left_child=4 2 3 7 5 -1 8 15 10 -10 11 12 -3 14 -12 16 -2 -15
right_child=1 6 -4 -5 -6 -7 -8 -9 9 -11 13 -13 -14 17 -16 -17 -18 -19
leaf_value=-0.075821381847140878 -0.0038896049569549633 0 0.095396004292837483 -0.052615401482646332 0 -0 -0 0.050649589232558197 0.076363531828175749 0 0 -0 0.068133489518445181 0.03540559457100053 -0.066097101462249272 -0.037226754420747424 0.0232979612493989 -0
leaf_count=261 1114 348 27 356 34 35 32 37 117 89 52 63 136 42 73 77 253 54
internal_value=0 0.0480535 -0 -0.038865 -0.181505 -0.351905 0.121004 0.00247761 0.147573 0.29603 0.0528794 0.139217 0.187418 -0.0474052 -0.227715 -0 0 0
internal_count=3200 2870 1864 1837 330 296 1006 1481 974 206 768 547 484 221 125 1444 1367 96
cat_boundaries=0 4 5 6
cat_threshold=805643524 1107820840 8192 256 2 2
shrinkage=0.169796


Tree=23
num_leaves=22
num_cat=4
split_feature=1 0 7 8 1 3 0 11 11 1 11 11 7 11 11 5 5 9 7 0 7
split_gain=0.840913 0.776778 0.783181 0.734071 0.912584 0.718549 0.761631 0.736322 0.568559 0.40332 0.382111 0.359732 0.922906 0.4956 0.304975 0.266297 0.262069 0.233216 0.0959368 0.0312233 0.0268858
threshold=0 18.250000000000004 222467.00000000003 7.7500000000000009 1 9.2500000000000018 10.750000000000002 691.00000000000011 1371.2500000000002 2 1289.5000000000002 10322.500000000002 413985.50000000006 40729.750000000007 143.50000000000003 601.75000000000011 8993.5000000000018 3 8182.7500000000009 25.750000000000004 290527.00000000006
decision_type=5 2 2 2 5 2 2 2 2 5 2 2 2 2 2 2 2 1 2 2 2
left_child=8 2 3 5 17 6 9 16 14 -2 -6 12 -4 -13 18 -10 -7 -5 -1 -3 -20
right_child=1 19 11 4 10 7 -8 -9 15 -11 -12 13 -14 -15 -16 -17 -18 -19 20 -21 -22
leaf_value=0 -0.020970172624784143 0.068433922175328094 0.079060191075514916 -0 -0.085062097593350997 0.078617130921500855 -0.056838214339158866 -0 -0 0.0083829402726923411 -0 -0.040783925274438838 -0 0.033351612882737636 0.027378048821476361 -0.092190318900621807 0 0.045728878909053451 -0.038953763799764451 0 -0
leaf_count=136 109 53 85 67 206 89 132 58 48 1463 72 28 37 31 54 114 33 45 207 54 79
internal_value=0 0.0423906 0.0107161 -0.011889 -0.179173 0.0143178 -0.00532236 0.229609 -0.134486 0.00457585 -0.249091 0.184874 0.275702 0 -0 -0.427694 0.373208 0.0439543 -0.125291 0.315329 -0.171602
internal_count=3200 2562 2455 2274 390 1884 1704 180 638 1572 278 181 122 59 476 162 122 112 422 107 286
cat_boundaries=0 3 5 7 8
cat_threshold=54038928 50469442 268468240 402432 32 8389634 8196 2
shrinkage=0.169796


Tree=24
num_leaves=19
num_cat=4
split_feature=2 1 5 1 7 0 3 4 5 5 7 9 4 5 3 5 0 3
split_gain=0.922501 2.26731 0.868136 0.719509 1.44188 0.655539 0.639597 0.570856 0.542496 0.412717 1.06372 0.79346 1.12769 0.684238 0.342057 0.030894 0.0300412 0.020619
threshold=0 1 18433.000000000004 2 75072.250000000015 9.2500000000000018 1838.5000000000002 101587.00000000001 7203.2500000000009 28.750000000000004 3.2500000000000004 3 295.00000000000006 106.00000000000001 55.000000000000007 72844.000000000015 10.750000000000002 1909.0000000000002
decision_type=5 5 2 5 2 2 2 2 2 2 2 1 2 2 2 2 2 2
left_child=3 5 8 -1 -5 -2 7 14 9 10 16 12 -11 -13 -4 -8 -3 -6
right_child=1 2 6 4 17 -7 15 -9 -10 11 -12 13 -14 -15 -16 -17 -18 -19
leaf_value=-0.0095460307687025847 -0.089450773283709303 0.0041144928430065777 0 0.097714971158764458 -0.0015797109120917973 -0 -0.015491523835004552 0 -0.045757708078289674 -0 -0.0652290804347221 0.047502977855350279 0.071274017360717021 -0.032372948258426078 0.082476769686046975 0 -0.0010333371568745839 0.010353767925912421
leaf_count=126 476 1206 25 141 56 78 23 57 131 60 184 21 154 186 84 20 146 26
internal_value=0 -0.0256325 0.0209447 0.157986 0.245699 -0.286822 0.189184 0.278448 -0.00622082 0 -0.0268274 0.116624 0.277083 -0 0.405455 -0 0 0
internal_count=3200 2851 2297 349 223 554 209 166 2088 1957 1536 421 214 207 109 43 1352 82
cat_boundaries=0 3 5 7 8
cat_threshold=1086329008 205314 1024 52138022 17175168 8388992 4 2
shrinkage=0.169796


Tree=25
num_leaves=20
num_cat=4
split_feature=1 10 0 11 1 4 3 3 5 4 3 10 4 0 0 9 3 7 9
split_gain=0.55485 1.09312 0.643468 0.493411 0.722381 1.32283 0.718772 1.02573 0.964977 0.639815 1.29698 1.08729 0.294439 0.29436 0.409353 0.221988 0.0789185 0.0585651 9.85833e-05
threshold=0 34.750000000000007 18.250000000000004 167260.00000000003 1 135130.00000000003 627.25000000000011 783.25000000000011 8467.7500000000018 25.750000000000004 100.00000000000001 384.25000000000006 21643.000000000004 10.750000000000002 7.7500000000000009 2 4.7500000000000009 15073.000000000002 3
decision_type=5 2 2 2 5 2 2 2 2 2 2 2 2 2 2 1 2 2 1
left_child=1 12 3 4 9 6 8 -8 -6 13 11 -11 17 14 -2 -14 18 -1 -4
right_child=2 -3 16 -5 5 -7 7 -9 -10 10 -12 -13 15 -15 -16 -17 -18 -19 -20
leaf_value=-0 0 -0.084516896259225927 -0 0.050947484352018915 -0.014281482960376608 0.032511515217209963 0.080771339218405153 -0.022545243391432403 -0.09218534891242966 0.1129020933374298 -0 -0 -0 -0.038907386026974133 0.055990985335588772 0.041507564172293641 0.06843052846663053 -0.044953979575306072 0.0008195297652753774
leaf_count=130 1100 156 53 55 696 35 20 84 130 82 113 31 108 94 60 76 27 118 32
internal_value=0 -0.118537 0.0284415 0 -0.00227035 -0.0850938 -0.174195 0 -0.228447 0.0530304 0.233212 0.478821 -0 0 0.0285559 0.0879495 0.267789 -0.189247 0
internal_count=3200 588 2612 2500 2445 965 930 104 826 1480 226 113 432 1254 1160 184 112 248 85
cat_boundaries=0 3 7 8 9
cat_threshold=45650336 50469450 268468240 21241861 134283296 0 536903680 2 2
shrinkage=0.169796


Tree=26
num_leaves=20
num_cat=3
split_feature=1 6 10 10 10 4 6 5 5 5 9 11 4 6 4 11 6 4 9
split_gain=0.460716 1.02273 0.687688 1.28661 0.55384 0.761914 0.449845 0.371535 1.11243 0.8939 0.834513 0.567475 0.554996 0.149021 0.228216 0.118757 0.104929 0.000523133 0.128725
threshold=0 127291.50000000001 16877.500000000004 3102.2500000000005 34.750000000000007 5054.5000000000009 177081.50000000003 7203.2500000000009 527.50000000000011 40927.750000000007 1 25.000000000000004 5305.7500000000009 912.25000000000011 17360.500000000004 149339.50000000003 268776.50000000006 31047.250000000004 2
decision_type=5 2 2 2 2 2 2 2 2 2 1 2 2 2 2 2 2 2 1
left_child=4 2 3 7 13 -6 -3 8 11 12 -10 -2 -9 -1 -15 -5 -8 -16 -19
right_child=1 6 -4 15 5 -7 16 9 10 -11 -12 -13 -14 14 17 -17 -18 18 -20
leaf_value=0.02246973641544835 -0.016892709327877398 0.079450751008734763 0.069988515568974369 -0.087427906410172063 0 -0.094031343698327302 -0 0 0.067738664977276777 0.0064484081783513373 -0 0.011648777215734022 -0.073778057078524223 -0.038147908093554242 0.0018544446471930871 -0 0.02210159404757887 -0.02631049668048745 0
leaf_count=139 1105 49 28 95 68 114 40 71 145 42 126 610 129 170 80 41 22 83 43
internal_value=0 0.02904 -0 -0.0160731 -0.0978768 -0.351429 0.259029 0 0.036113 -0.119315 0.244918 -0.00117956 -0.29254 -0 -0.0698327 -0.418486 0 0 -0
internal_count=3200 2503 2392 2364 697 182 111 2228 1986 242 271 1715 200 515 376 136 62 206 126
cat_boundaries=0 3 4 5
cat_threshold=54038960 50469450 268468240 2 2
shrinkage=0.169796


Tree=27
num_leaves=19
num_cat=5
split_feature=1 0 10 10 9 11 11 1 1 11 0 0 8 9 7 7 7 7
split_gain=0.414837 0.64224 0.378078 0.817226 0.347132 0.346448 0.970428 0.743795 0.733361 1.3674 1.00315 0.458498 0.480038 0.42806 0.313523 0.285841 0.218987 0.064034
threshold=0 7.7500000000000009 114560.00000000001 3961.7500000000005 1 25.000000000000004 162.25000000000003 2 3 40729.750000000007 1.7500000000000002 4.7500000000000009 307.00000000000006 4 66613.000000000015 20725.750000000004 25374.250000000004 75072.250000000015
decision_type=5 2 2 2 1 2 2 5 5 2 2 2 2 1 2 2 2 2
left_child=1 4 3 5 16 7 -7 15 10 -10 -8 12 -9 -13 -6 -2 -1 -18
right_child=2 -3 -4 -5 14 6 8 11 9 -11 -12 13 -14 -15 -16 -17 17 -19
leaf_value=-0.045372710314385958 -0 0.088561271996748236 0.044463751454387745 -0.06361670971848532 -0 0.062353144605474392 0.043591041084305553 -0.016471785133775747 -0.054658134637019108 0.010164778362848195 -0.0073626572113241681 0 0.0239668792812395 -0.063762275768896134 0.059040732388965809 0.043017770633519872 0.020954050009774444 -0.0057668370802275775
leaf_count=48 98 31 20 127 67 58 363 1101 326 99 180 98 92 268 32 131 38 23
internal_value=0 0.110805 -0.0167224 -0.036502 0 -0.00573453 0.0354959 -0.0617846 -0 -0.11225 0.0848442 -0.109342 -0.0309033 -0.291223 0.174259 0.0858893 -0.0732831 0
internal_count=3200 239 2961 2941 208 2814 1026 1788 968 425 543 1559 1193 366 99 229 109 61
cat_boundaries=0 4 5 8 10 11
cat_threshold=270342 402915328 8388608 536903680 2 623632 8264 2048 25296929 4096 1
shrinkage=0.169796


Tree=28
num_leaves=18
num_cat=3
split_feature=2 0 1 11 11 7 11 11 3 6 3 11 11 7 0 11 9
split_gain=0.769912 0.609119 0.544201 0.406277 0.661854 0.654662 1.36622 0.65029 0.777356 0.306389 1.18119 0.323764 0.696043 0.179374 0.116886 0.148241 0.0858761
threshold=0 18.250000000000004 1 167260.00000000003 10322.500000000002 461967.50000000006 26626.000000000004 143.50000000000003 21.250000000000004 4.7500000000000009 1408.7500000000002 19354.750000000004 134020.00000000003 10770.250000000002 6.2500000000000009 847.00000000000011 2
decision_type=5 2 5 2 2 2 2 2 2 2 2 2 2 2 2 2 1
left_child=-1 2 9 4 7 6 -6 13 -9 11 -11 14 -13 -4 15 -2 -16
right_child=1 -3 3 -5 5 -7 -8 8 -10 10 -12 12 -14 -15 16 -17 -18
leaf_value=-0.026728766714452387 -0.019364859417898322 0.0462663957786206 0.023799084022737057 0.079478344399908543 0 0 -0.092747668019779489 -0 0.077548520242252006 -0.063585410351500213 0.0051713256699641909 0.050884365488684115 -0 -0.0009441645793684066 -0.0040802839685973209 0 0.019661137755303083
leaf_count=336 766 109 253 23 75 20 108 87 85 368 30 161 59 379 88 166 87
internal_value=0 0.0331026 0.0047469 0.0723393 0.0358215 -0.100869 -0.263137 0.10753 0.284361 -0.0425686 -0.175822 -0 0.123746 0 -0.0531908 -0.0815634 0
internal_count=3200 2864 2755 1030 1007 203 183 804 172 1725 398 1327 220 632 1107 932 175
cat_boundaries=0 3 6 7
cat_threshold=805645572 1107296552 8192 10584451 16785990 34816 2
shrinkage=0.169796


Tree=29
num_leaves=26
num_cat=0
split_feature=5 10 5 11 4 10 11 5 5 3 4 8 8 10 6 3 8 0 11 0 11 4 4 10 0
split_gain=0.255399 0.41771 1.514 1.23663 0.995533 1.04287 0.92805 1.01134 1.20285 0.568662 1.13329 0.46864 0.595587 0.438981 0.378138 0.940273 0.211114 0.168096 0.508173 0.202042 0.208767 0.138788 0.106662 0.00984945 7.84979e-05
threshold=122692.50000000001 152.50000000000003 822.25000000000011 149339.50000000003 2934.2500000000005 16877.500000000004 25.000000000000004 28.750000000000004 6836.5000000000009 783.25000000000011 13754.500000000002 11.500000000000002 188.50000000000003 3064.7500000000005 861.25000000000011 59.500000000000007 751.00000000000011 3.2500000000000004 20500.000000000004 13.750000000000002 1227.2500000000002 62146.000000000007 19108.750000000004 2018.5000000000002 7.7500000000000009
decision_type=2 2 2 2 2 2 2 2 2 2 2 2 2 2 2 2 2 2 2 2 2 2 2 2 2
left_child=1 6 4 -4 5 13 9 17 22 10 14 -12 -13 23 24 -16 21 18 -8 20 -19 -10 -9 -3 -1
right_child=-2 2 3 -5 -6 -7 7 8 16 -11 11 12 -14 -15 15 -17 -18 19 -20 -21 -22 -23 -24 -25 -26
leaf_value=-0.0002796621795774894 0.031159028805010924 -0.005152925714275872 -0.084993578466066311 0 0.083214029014480342 0.054489944681324697 -0.039676176841375553 0.10780032154160654 -0.031370762064199496 -0.046866669025449677 0.076649143597104424 -0.029198000293656469 0.03882447950572545 -0.07769110686178976 -0.058780280207875416 0 0.038774942538050333 0.052447423001947366 0 -0 -0 0 0 0 0
leaf_count=900 31 238 213 37 32 29 174 82 52 135 68 78 97 113 298 169 22 49 23 38 45 20 28 67 162
internal_value=0 -0.00021747 -0.102171 -0.356232 0.00116052 -0.0205786 0.018232 0.153197 0.326063 -0.0283311 0 0.221762 0 -0.190873 -0.0696191 -0.173166 0 0 -0.0757629 0.0953326 0.201112 -0.0686686 0.556857 -0 -0
internal_count=3200 3169 729 250 479 447 2440 533 204 1907 1772 243 175 418 1529 467 94 329 197 132 94 72 110 305 1062
shrinkage=0.169796


Tree=30
num_leaves=27
num_cat=5
split_feature=2 2 9 6 6 11 4 6 9 11 11 0 0 0 0 10 4 0 10 1 8 11 10 8 11 4
split_gain=0.721693 0.431392 1.87769 0.933952 1.7814 0.852225 0.760532 1.09451 0.704903 1.67002 1.12539 0.922903 0.721614 0.603349 0.594582 0.820452 0.358387 0.319157 0.302945 0.278263 0.739699 0.554671 0.0973088 0.0835211 0.0126194 0.00202223
threshold=0 1 2 1627.0000000000002 129145.50000000001 424.75000000000006 25.750000000000004 10276.000000000002 3 469.00000000000006 17563.000000000004 10.750000000000002 1.7500000000000002 24.250000000000004 4.7500000000000009 3102.2500000000005 66029.500000000015 3.2500000000000004 1689.2500000000002 4 338.50000000000006 25.000000000000004 881.50000000000011 87.250000000000014 25.000000000000004 31756.000000000004
decision_type=5 5 1 2 2 2 2 2 1 2 2 2 2 2 2 2 2 2 2 5 2 2 2 2 2 2
left_child=-1 8 6 5 22 -4 -3 -8 12 11 18 17 19 -14 15 -12 25 23 -11 24 21 -21 -5 -10 -2 -9
right_child=1 2 3 4 -6 -7 7 16 9 10 14 -13 13 -15 -16 -17 -18 -19 -20 20 -22 -23 -24 -25 -26 -27
leaf_value=-0.030320753839744741 0.016433464805603367 -0 -0 -0.10186448679433481 0.0012301713494136863 0.078415045101239117 0.15055279313361042 0.0022816050075118014 0.027500647511484937 -0.062255868837922862 0.056188311299162956 -0 -0.064809587637273416 0 -0.029304838080743016 -0 0.059939576652955122 0.11457987550706127 0 -0.064191102349318532 0.0013895565843487668 0 -0 -0 0 -0.001429246405829228
leaf_count=218 417 115 53 127 33 61 79 122 323 235 180 62 284 35 62 69 30 99 57 224 48 53 41 53 81 39
internal_value=0 0.0317681 0.107777 -0.0278583 -0.235818 0.149619 0.337182 0.420303 -0 0.0698114 -0.0581685 0.249102 -0.0902057 -0.278549 0.0399579 0.18119 0.106822 0.330552 -0.295785 -0 -0.0803031 -0.262798 -0.520625 0.13431 0.0554759 0
internal_count=3200 2982 700 315 201 114 385 270 2282 1140 603 537 1142 319 311 249 191 475 292 823 325 277 168 376 498 161
cat_boundaries=0 2 6 7 8 10
cat_threshold=537208068 1107296512 268437633 524904 8192 256 2 2 262145 268435456
shrinkage=0.169796


Tree=31
num_leaves=26
num_cat=5
split_feature=2 4 6 5 5 1 1 3 11 4 4 9 6 6 11 3 9 11 11 11 11 11 5 5 11
split_gain=0.632258 0.438283 0.768851 1.29945 0.593881 0.54682 0.406944 0.579625 0.828068 0.319291 0.274994 0.335636 0.260166 0.504038 0.267572 0.255187 0.0995995 0.414003 0.0897847 0.064955 0.0533134 0.169832 0.0345578 0.444045 0.060663
threshold=0 250.75000000000003 5658.2500000000009 2409.2500000000005 18433.000000000004 1 2 102.25000000000001 24661.750000000004 33350.500000000007 58801.750000000007 3 127291.50000000001 177081.50000000003 26170.750000000004 21.250000000000004 4 469.00000000000006 66791.500000000015 992.50000000000011 19354.750000000004 107115.50000000001 40927.750000000007 24456.250000000004 424.75000000000006
decision_type=5 2 2 2 2 5 5 2 2 2 2 1 2 2 2 2 1 2 2 2 2 2 2 2 2
left_child=-1 6 3 -3 5 9 16 8 -8 15 11 -7 22 -14 -15 -4 18 -18 19 -2 -19 -22 23 -6 -24
right_child=1 2 4 -5 12 10 7 -9 -10 -11 -12 -13 13 14 -16 -17 17 20 -20 -21 21 -23 24 -25 -26
leaf_value=-0.028784540405193793 -0 0.091805239963134319 -0 -0 0 -0 -0.082462476103592211 0 0 -0 0 -0.066341407240601377 0.074594697062153839 -0.0081155854635631634 0.039154098060857713 0.047627963748232222 0.028674857286888757 -0.012915088010023308 0.011479949287775883 -0.033916060584548081 0.023541104338973749 -0.0019034532878414042 -0 -0.046678487267389282 0.022953662873262358
leaf_count=218 608 165 24 92 39 187 290 44 54 65 47 175 36 82 22 121 329 199 38 47 137 43 49 55 34
internal_value=0 0.0286307 0.0856614 0.314534 0.0134928 -0.0457843 -0.00756799 -0.131214 -0.338978 0.0463404 -0.131548 -0.232755 0.129395 0.217234 0 0.19568 0.0129082 0.0559632 -0 -0.0555021 -0 0 0 -0.01271 0.0589103
internal_count=3200 2982 1193 257 936 619 1789 388 344 210 409 362 317 140 104 145 1401 708 693 655 379 180 177 94 83
cat_boundaries=0 2 6 10 11 12
cat_threshold=537208068 1107296512 17236992 8192 268437504 32768 268959747 73728 0 536870912 2 2
shrinkage=0.169796


Tree=32
num_leaves=24
num_cat=3
split_feature=2 7 7 4 6 2 5 6 6 5 4 4 5 7 5 9 11 4 4 7 11 11 11
split_gain=0.559899 0.455059 0.573437 0.810257 0.48535 1.09815 0.4561 0.410863 0.582304 0.4904 0.408349 0.89727 0.348942 0.223367 0.240297 0.900182 0.219336 0.119056 0.100539 0.0989004 0.0897159 0.0473941 0.0415556
threshold=0 51646.000000000007 79565.500000000015 29095.000000000004 5658.2500000000009 1 128.50000000000003 127291.50000000001 177081.50000000003 40927.750000000007 12943.000000000002 58801.750000000007 114552.50000000001 558.25000000000011 2409.2500000000005 2 26170.750000000004 9748.0000000000018 17360.500000000004 847.75000000000011 847.00000000000011 424.75000000000006 143.50000000000003
decision_type=5 2 2 2 2 5 2 2 2 2 2 2 2 2 2 1 2 2 2 2 2 2 2
left_child=12 4 3 17 5 6 19 9 -9 10 -4 -12 -1 -7 15 -15 22 -3 -6 20 -2 -11 -10
right_child=1 2 7 -5 18 13 -8 8 16 21 11 -13 -14 14 -16 -17 -18 -19 -20 -21 -22 -23 -24
leaf_value=-0.051925145054347248 -0.0085323735930974715 0 0 -0 -0.030209636097462512 0 -0.051825041418276929 0.06149820750557175 -0 -0 -0.088725007236319375 0 0 0 0 0.13339857368499808 0.031165876077075279 0.12402787377672839 0 0.022874348552284082 0 0.019853400075435981 -0.030832455228399055
leaf_count=314 1002 61 48 37 268 108 137 46 64 49 100 59 20 54 45 66 21 42 63 103 431 34 28
internal_value=0 0.0278464 0.114154 0.376882 -0 0.0254006 -0.0229591 0.0124235 0.154767 -0.0248045 -0.184181 -0.283952 -0.133851 0.205906 0.420679 0.508199 -0 0.57003 -0.148898 -0 -0.013049 0.0495031 -0.103597
internal_count=3200 2866 589 140 2277 1946 1673 449 159 290 207 159 334 273 165 120 113 103 331 1536 1433 83 92
cat_boundaries=0 2 3 4
cat_threshold=805645700 1107296520 17 1
shrinkage=0.169796


Tree=33
num_leaves=19
num_cat=1
split_feature=2 4 10 10 6 5 7 3 3 4 4 5 7 3 11 10 10 6
split_gain=0.497667 0.345594 0.589184 0.843655 0.534286 0.920575 0.488184 0.525608 0.331602 0.77013 0.326741 0.24538 0.21834 0.178744 0.139987 0.191946 0.53923 0.325144
threshold=0 250.75000000000003 16877.500000000004 261.25000000000006 5658.2500000000009 2409.2500000000005 47939.500000000007 208.75000000000003 594.25000000000011 28058.500000000004 8936.5000000000018 100650.25000000001 290527.00000000006 21.250000000000004 23863.000000000004 3.2500000000000004 143.50000000000003 880.00000000000011
decision_type=5 2 2 2 2 2 2 2 2 2 2 2 2 2 2 2 2 2
left_child=-1 2 3 14 5 -3 13 10 12 -10 -8 -12 -9 -6 15 17 -17 -2
right_child=1 4 -4 -5 6 -7 7 8 9 -11 11 -13 -14 -15 -16 16 -18 -19
leaf_value=-0.025639793134533698 0.0077199493568103697 0.076521971309654907 0.056300612419152511 -0.045229044984571115 -0.03377064909775146 -0 -0 -0.040907758431080327 0.056109429828808954 -0 0.057061804806223242 -0 0 0 0.02970644305580928 -0.067694249276223875 0 -0.042361135069265601
leaf_count=221 1131 159 26 345 114 92 111 136 70 152 152 26 52 126 37 88 56 106
internal_value=0 0.0257991 -0.00407585 -0.0459404 0.0764938 0.267419 0.0110482 0.0794395 -0 0.062426 0.202501 0.277914 -0.155492 -0.103331 0 -0.00515937 -0.145293 0
internal_count=3200 2979 1789 1763 1190 251 939 699 410 222 289 178 188 240 1418 1381 144 1237
cat_boundaries=0 2
cat_threshold=805577988 1107296512
shrinkage=0.169796


Tree=34
num_leaves=24
num_cat=5
split_feature=2 1 11 5 4 10 10 5 9 9 10 10 10 10 10 7 11 11 11 11 11 9 11
split_gain=0.42319 0.47087 1.50372 0.65201 0.55046 1.0523 1.14246 0.514935 1.02702 0.804132 0.450434 0.425027 0.376937 0.363515 0.514889 0.358032 0.248654 0.147575 0.125395 0.118633 0.0919004 0.0628611 0.0556066
threshold=0 1 962.50000000000011 1863.2500000000002 254.50000000000003 1.7500000000000002 152.50000000000003 22425.250000000004 2 3 128.50000000000003 1689.2500000000002 3423.2500000000005 16877.500000000004 6.2500000000000009 66613.000000000015 17563.000000000004 162.25000000000003 25500.250000000004 478.75000000000006 23246.500000000004 4 1682.5000000000002
decision_type=5 5 2 2 2 2 2 2 1 1 2 2 2 2 2 2 2 2 2 2 2 1 2
left_child=10 2 3 -2 13 7 -7 9 -9 -6 -1 20 -13 14 19 -11 17 -16 -18 21 -8 -3 -21
right_child=1 4 -4 -5 5 6 11 8 -10 15 -12 12 -14 -15 16 -17 18 -19 -20 22 -22 -23 -24
leaf_value=-0.052795522217177343 -0.036993902919280501 -0.0069494207532061073 -0.093008646711425405 0.033728688810939683 0.040523244251745444 0.10263422826929317 -0.028518184276057321 -0.069653897857028232 0 -0.039710151408173536 0 0.05505316854226356 -0 0.048482735251479801 -0 0 0.014472746353772447 -0.073534551512898727 -0.01563745772007331 0.03715516498972124 0 0.0061551022162026989 0
leaf_count=238 182 688 154 209 248 61 41 67 32 93 87 62 32 26 74 24 32 134 228 47 40 338 63
internal_value=0 0.0242863 -0.0746722 0 0.054958 0.131462 0.297583 0 -0.156865 0.0958804 -0.116386 0.00121243 0.199338 -0 -0.0197738 -0.0324738 -0.154565 -0.284183 -0 0.012629 -0.059321 -0 0.139048
internal_count=3200 2875 545 391 2330 700 236 464 99 365 325 175 94 1630 1604 117 468 208 260 1136 81 1026 110
cat_boundaries=0 3 6 7 8 9
cat_threshold=805643652 1107296552 8192 11108752 16783938 268470288 2 2 2
shrinkage=0.169796


Tree=35
num_leaves=26
num_cat=2
split_feature=2 1 3 8 6 11 10 10 5 8 3 3 11 5 0 11 0 0 0 6 10 3 6 0 10
split_gain=0.356389 0.275455 0.879737 0.400959 0.382394 0.279259 0.330155 0.503982 0.431594 1.13088 0.380848 0.563762 0.294978 0.228563 0.0736285 0.16232 0.0911888 0.041894 0.471655 0.225795 0.179266 0.220369 0.304436 0.0432024 0.00220203
threshold=0 1 670.00000000000011 6.2500000000000009 9832.7500000000018 25.000000000000004 152.50000000000003 448.75000000000006 39.250000000000007 154.00000000000003 139.75000000000003 4.7500000000000009 38638.750000000007 31807.750000000004 3.2500000000000004 847.00000000000011 13.750000000000002 4.7500000000000009 16.750000000000004 927.25000000000011 13.750000000000002 934.75000000000011 12193.750000000002 24.250000000000004 2790.2500000000005
decision_type=5 5 2 2 2 2 2 2 2 2 2 2 2 2 2 2 2 2 2 2 2 2 2 2 2
left_child=-1 2 3 -2 -5 17 8 12 14 -10 11 -9 -8 -4 15 -7 -16 20 19 -19 21 22 -3 -20 -12
right_child=1 5 13 4 -6 6 7 10 9 -11 24 -13 -14 -15 16 -17 -18 18 23 -21 -22 -23 -24 -25 -26
leaf_value=-0.022830016329843304 -0.055120866909560293 0 0.047522771417242225 0.026781536782649305 -0.038055869493995767 -0.026987293038993165 -0.057394052292162968 0 0.087271419525632277 -0 -0.0038998222600314363 0.08717084518405005 0 -0 0.026702073988108473 0 -0 -0 0.018712935862170665 -0.05780347632509359 -0.015613813228724387 -0 0.036029764435340957 -0 0
leaf_count=218 402 788 55 90 143 71 73 253 70 36 31 37 84 21 77 107 31 166 31 88 54 42 173 34 25
internal_value=0 0.0181515 -0.0432257 -0.208112 -0 0.0442557 0.0966068 0 0.166693 0.309356 0.0993831 0.190322 -0.174809 0.132877 0 -0 0.0881192 0 -0.0410154 -0.210308 0.0163581 0.0574881 0.0922903 0.015093 -0
internal_count=3200 2982 711 635 233 2271 895 503 392 106 346 290 157 76 286 178 108 1376 319 254 1057 1003 961 65 56
cat_boundaries=0 2 5
cat_threshold=537208068 1107296512 27886992 16783938 32768
shrinkage=0.169796


Tree=36
num_leaves=27
num_cat=5
split_feature=1 11 0 10 6 10 8 6 6 3 4 1 9 10 10 11 10 6 6 4 1 6 11 10 10 9
split_gain=0.314317 1.36806 0.792929 0.698612 1.02741 0.713894 0.667314 0.356885 0.355806 0.337634 0.206266 0.17845 0.650879 0.43859 0.324738 0.388887 0.388455 0.178437 0.172146 0.321634 0.139116 0.138085 0.119082 0.0478749 0.00793176 0.00448615
threshold=0 167260.00000000003 18.250000000000004 152.50000000000003 133643.50000000003 10.750000000000002 296.50000000000006 9682.7500000000018 3847.0000000000005 2251.7500000000005 132478.00000000003 1 2 13.750000000000002 849.25000000000011 19354.750000000004 12679.750000000002 36334.750000000007 3377.5000000000005 29095.000000000004 3 42301.000000000007 143.50000000000003 3.2500000000000004 3064.7500000000005 4
decision_type=5 2 2 2 2 2 2 2 2 2 2 5 1 2 2 2 2 2 2 2 5 2 2 2 2 1
left_child=2 3 11 5 -5 6 7 8 -2 21 -9 12 17 -14 15 20 24 -1 -7 -20 22 -8 -13 -22 -16 -17
right_child=1 -3 -4 4 -6 18 9 10 -10 -11 -12 14 13 -15 16 25 -18 -19 19 -21 23 -23 -24 -25 -26 -27
leaf_value=0.0034938875068442291 -0.023955972950146277 0.076291083518262914 0.06097169417007068 -0.080494034153041627 0 -0 -0 -0.05466289552671811 0.023769028519571845 -0.0063229492504346058 -0 -0 0.094540537911693756 0 -0 0 0 -0.038427509175153307 0.066963378235020715 -0 -0 0.041479433838829391 0.033925858673566067 -0.02758665734275308 -0.067679365218723864 0.041049644129579517
leaf_count=41 394 31 71 254 42 43 49 331 87 40 27 79 33 36 101 24 25 24 52 20 951 95 29 140 97 84
internal_value=0 -0.0442913 0.0403689 -0.102144 -0.305164 -0.0156909 -0.0935796 -0.17612 -0 0.01414 -0.272667 0 0.0895669 0.371975 -0.00993668 0 -0.174175 -0 0.174764 0.24271 -0.0138839 0.177167 0.0249268 -0.0503126 -0.285164 0.205287
internal_count=3200 1465 1735 1434 296 1138 1023 839 481 184 358 1664 134 69 1530 1307 223 65 115 72 1199 144 108 1091 198 108
cat_boundaries=0 4 8 9 13 14
cat_threshold=272900103 403005580 8388608 536903680 270336 134283272 0 536870912 2 268435460 268435584 0 32768 2
shrinkage=0.169796


Tree=37
num_leaves=27
num_cat=6
split_feature=1 11 9 11 1 6 3 3 9 3 8 9 0 11 6 0 1 10 11 11 10 8 8 8 8 4
split_gain=0.232107 0.323556 0.447239 0.138491 0.365973 1.06466 0.905328 0.469938 0.309795 0.176572 0.537254 0.187528 0.0684892 0.46088 0.390572 1.17997 0.226333 0.392163 0.274891 0.495579 0.348242 0.0664293 0.0600383 0.0277796 0.0103646 0.000166431
threshold=0 12696.250000000002 1 124670.00000000001 2 40848.250000000007 129.25000000000003 190.75000000000003 3 783.25000000000011 188.50000000000003 4 6.2500000000000009 691.00000000000011 569.50000000000011 10.750000000000002 5 128.50000000000003 847.00000000000011 190.00000000000003 849.25000000000011 412.00000000000006 550.00000000000011 40.000000000000007 253.00000000000003 25779.250000000004
decision_type=5 2 1 2 5 2 2 2 1 2 2 1 2 2 2 2 5 2 2 2 2 2 2 2 2 2
left_child=1 2 -1 4 12 6 23 -8 -5 10 25 21 16 14 15 -14 17 -2 19 -18 -20 -11 -12 -6 -13 -7
right_child=3 -3 -4 8 5 9 7 -9 -10 11 22 24 13 -15 -16 -17 18 -19 20 -21 -22 -23 -24 -25 -26 -27
leaf_value=0 -0.048463240071035071 -0 0.064432570749208037 0.050308092990335639 -0.065518820752058837 -0.0011468563807541807 0.044856548632519068 -0.029895825109712382 -0 -0.047241909145823734 0.065427922856411136 0.0091625558326581587 0.10364148043269672 -0.0079696683512528194 -0 0 0.0020775438347036598 0 0.037021526387013531 -0.047800236575085295 -0 -0 0 -0 -0 0
leaf_count=96 206 42 78 44 476 41 57 102 81 33 27 20 89 84 73 131 780 70 231 75 118 38 61 54 41 52
internal_value=0 0.0886958 0.21994 -0.0120496 -0.0302584 -0.0896774 -0.252339 0 0.0684205 0 0.0982921 -0.0430051 0 0.0583063 0.175142 0.262162 -0 -0.0964213 0.0146564 -0 0.127683 -0.187184 0.297681 -0.362073 0 -0
internal_count=3200 216 174 2984 2859 1002 689 159 125 313 181 132 1857 377 293 220 1480 276 1204 855 349 71 88 530 61 93
cat_boundaries=0 4 5 8 9 10 13
cat_threshold=268705792 402915328 0 536903680 2 21561511 90348 268437504 2 2 17367044 24704 2048
shrinkage=0.169796


Tree=38
num_leaves=24
num_cat=5
split_feature=2 1 8 0 0 5 1 5 8 6 0 0 1 5 11 5 11 6 11 11 9 5 11
split_gain=0.400112 1.03608 1.42563 0.60321 0.921991 0.346016 0.299512 0.546343 0.365736 0.267881 0.252916 0.253444 0.215543 0.343343 0.654979 0.807346 0.343962 0.257234 0.229555 0.184517 0.0644817 0.0490798 0.0398412
threshold=0 1 6.2500000000000009 4.7500000000000009 16.750000000000004 95.500000000000014 2 9896.5000000000018 43.000000000000007 48617.500000000007 10.750000000000002 7.7500000000000009 3 1.7500000000000002 562.00000000000011 39946.750000000007 847.00000000000011 83866.750000000015 134020.00000000003 3.2500000000000004 4 100650.25000000001 11.500000000000002
decision_type=5 5 2 2 2 2 5 2 2 2 2 2 5 2 2 2 2 2 2 2 1 2 2
left_child=6 2 -2 12 10 -6 -1 8 -8 -4 11 -5 22 16 15 -15 19 -16 -18 -14 -13 -11 -3
right_child=1 3 9 4 5 -7 7 -9 -10 21 -12 20 13 14 17 -17 18 -19 -20 -21 -22 -23 -24
leaf_value=-0 -0.10906951179413531 0 0.017510447642508749 -0.030865196106483424 -0 0.044016414907666827 0.072491423505017791 -0 0 -0.035962283018814434 -0.079119260557848875 -0 0 0.059325073435309177 -0.024624977690418871 -0 0.031139845484893177 0.019879165346014506 -0 -0.031531904149652706 0.020024552432892424 -0 -0.017188736653954595
leaf_count=128 269 71 138 180 90 28 100 42 53 171 133 57 710 258 113 47 320 29 52 82 57 26 46
internal_value=0 -0.0196423 -0.194389 0.00933507 -0.0986062 0.033355 0.104367 0.16583 0.350243 -0 -0.251285 -0.00389162 0.0617176 0.0774228 0.161782 0.253707 0 -0 0.125736 -0.0391001 0 -0.157395 -0.00449332
internal_count=3200 2877 604 2273 545 118 323 195 153 335 427 294 1728 1611 447 305 1164 142 372 792 114 197 117
cat_boundaries=0 2 5 8 11 12
cat_threshold=1086329008 204802 54105126 50731650 32784 8388992 4 268435456 0 268460096 2048 2
shrinkage=0.169796


Tree=39
num_leaves=25
num_cat=4
split_feature=2 11 4 4 10 4 4 8 4 10 10 4 11 9 8 5 4 2 9 5 10 0 11 11
split_gain=0.308362 0.22213 0.476346 1.39043 1.53714 0.539748 0.473926 0.902208 0.675224 0.284306 0.434551 0.226176 0.303403 0.241302 0.217998 0.177174 0.10775 0.107467 0.336401 0.464035 0.199325 0.141238 0.0650362 0.000966974
threshold=0 25.000000000000004 12943.000000000002 147.25000000000003 3102.2500000000005 24821.500000000004 13754.500000000002 11.500000000000002 5597.5000000000009 16877.500000000004 261.25000000000006 31756.000000000004 40729.750000000007 1 188.50000000000003 82784.500000000015 95599.750000000015 2 3 2122.7500000000005 1.7500000000000002 1.7500000000000002 23863.000000000004 162.25000000000003
decision_type=5 2 2 2 2 2 2 2 2 2 2 2 2 1 2 2 2 5 1 2 2 2 2 2
left_child=15 6 3 9 -5 -4 8 -8 17 10 22 -7 13 -13 -9 23 -16 20 -19 -20 21 -2 -3 -1
right_child=1 2 5 4 -6 11 7 14 -10 -11 -12 12 -14 -15 16 -17 -18 18 19 -21 -22 -23 -24 -25
leaf_value=-0 -0 -0 -0.056009937790683931 0.084315175006144702 -0 0.037947276260513564 0.069994037931197586 -0.036394791467440908 -0.063660903835875637 0.042380052202224107 -0.032219917824687805 0 0.0068200374980302309 -0.053119326195665034 -0 -0 0.026731422774980071 -0 0.054333694620557357 -0 0 -0.036763736959053786 0.020032595521009944 -0.065526569724073683
leaf_count=177 705 311 82 185 32 30 64 75 127 25 320 22 31 57 107 60 31 84 157 33 67 290 36 92
internal_value=0 0.0140057 0.0602153 0.117305 0.354182 -0.0212601 -0.006513 0.0940517 -0.0740412 0 -0.0258124 0 -0 -0.194874 -0 -0.10604 0.0235342 -0 0.0273403 0.18803 -0.0441231 -0.0967086 0 -0.257338
internal_count=3200 2871 1131 909 217 222 1740 277 1463 692 667 140 110 79 213 329 138 1336 274 190 1062 995 347 269
cat_boundaries=0 4 5 6 7
cat_threshold=805645572 1107821312 0 256 2 1 1
shrinkage=0.169796


Tree=40
num_leaves=22
num_cat=4
split_feature=2 5 6 2 6 7 0 6 2 1 5 6 0 7 7 5 11 10 11 11 10
split_gain=0.230249 0.163767 0.171533 0.739076 1.00464 0.706552 0.685629 1.02349 0.679776 0.469988 0.400403 0.383604 0.738974 0.355262 0.213786 0.118964 0.0992387 0.0496012 0.210819 0.034553 0.000858132
threshold=0 122692.50000000001 5658.2500000000009 1 127291.50000000001 47939.500000000007 1.7500000000000002 150181.50000000003 2 3 1.7500000000000002 9832.7500000000018 1.7500000000000002 17464.000000000004 375523.00000000006 100650.25000000001 143.50000000000003 6.2500000000000009 478.75000000000006 99332.500000000015 357.25000000000006
decision_type=5 2 2 5 2 2 2 2 5 5 2 2 2 2 2 2 2 2 2 2 2
left_child=15 2 8 5 11 16 7 -7 9 17 -10 -5 -13 -12 -6 -1 -4 18 -2 -19 -18
right_child=1 -3 3 4 14 6 -8 -9 10 -11 13 12 -14 -15 -16 -17 20 19 -20 -21 -22
leaf_value=-0.049985090087341137 0 0.025663982677745872 -0.026702441292025925 0 0.030831164164134298 0.069676458819165496 -0 -0 0 -0.027898917924681191 0.080401048828210767 -0.09298456048516307 -0 0 -0.010543720596254452 -0 0.0025062914141710381 -0.0078510598002415419 0.035405867405666126 0 -0
leaf_count=236 896 31 118 52 40 187 36 79 139 278 109 217 84 56 38 26 28 330 91 86 43
internal_value=0 0.0062898 -0 -0.0427142 -0.148941 0.0309626 0.17383 0.273577 0.0280476 -0.00997567 0.158253 -0.344906 -0.40456 0.362071 0 -0.107458 -0.0819574 0.00810912 0.0374435 -0 0
internal_count=3200 2938 2907 922 431 491 302 266 1985 1681 304 353 301 165 78 262 189 1403 987 416 71
cat_boundaries=0 2 3 4 8
cat_threshold=537144580 34078976 4113 17 285343745 0 0 536870912
shrinkage=0.169796


Tree=41
num_leaves=26
num_cat=2
split_feature=1 0 0 8 1 7 11 11 11 8 10 7 11 5 5 7 4 5 7 7 7 0 11 10 10
split_gain=0.242193 0.908 0.557163 0.688898 0.317839 0.636072 0.315365 1.1282 0.856586 0.556431 1.21367 0.28818 0.127696 0.373631 0.0910651 0.069662 0.717821 0.275745 0.0292684 0.0783786 0.0238568 0.0117819 0.143786 0.794734 0.336003
threshold=0 3.2500000000000004 7.7500000000000009 6.2500000000000009 1 66613.000000000015 40729.750000000007 469.00000000000006 143.50000000000003 671.50000000000011 469.00000000000006 13372.750000000002 162.25000000000003 1027.7500000000002 31807.750000000004 182719.00000000003 5597.5000000000009 33883.750000000007 24532.750000000004 61973.500000000007 2001.2500000000002 1.7500000000000002 19354.750000000004 3064.7500000000005 3.2500000000000004
decision_type=5 2 2 2 5 2 2 2 2 2 2 2 2 2 2 2 2 2 2 2 2 2 2 2 2
left_child=2 6 4 -4 5 21 7 8 15 10 -9 20 18 -14 -7 16 -2 -17 -6 -20 -3 22 24 -24 -1
right_child=1 11 3 -5 12 14 -8 9 -10 -11 -12 -13 13 -15 -16 17 -18 -19 19 -21 -22 -23 23 -25 -26
leaf_value=0 0 -0.012609722822540281 0 0.08828910819890233 -0.013018414069435581 0.069767052509353167 0.033656666617123437 -0.10421075860554724 0.075696586470144406 0 0 -0.062217249286655979 0 -0.066080189587055221 0 0.037956566526580242 -0.054701509398914785 -0 0.020598789006607578 -0 0 -0.0065425449327563383 0.054895711229909216 -5.5613380676597481e-05 -0.036893465603789144
leaf_count=716 270 55 288 43 119 33 95 129 27 30 46 165 52 82 30 67 167 62 38 66 70 214 118 59 159
internal_value=0 -0.0523989 0.0213783 0.181348 -0 0.0254571 0 -0.0215924 0.0422934 -0.301956 -0.406636 -0.259999 -0.0951664 -0.239624 0.290596 -0 -0.0659602 0.0160747 -0 0 -0 -0 0 0.108385 -0.00195947
internal_count=3200 1183 2017 331 1686 1329 893 798 593 205 175 290 357 134 63 566 437 129 223 104 125 1266 1052 177 875
cat_boundaries=0 4 6
cat_threshold=289874949 403005600 8390656 536870912 268837889 134283264
shrinkage=0.169796


end of trees

feature importances:
n_table_3.n_3=162
n_table_1.n_16=93
n_table_2.n_13=88
n_1=87
n_table_1.n_18=86
n_table_1.n_15=68
n_table_1.n_19=68
n_table_1.n_12=65
c_table_1.c_2=55
n_table_1.n_26=49
c_table_2.c_1=45
c_table_1.c_4=30

parameters:
[boosting: gbdt]
[objective: binary]
[metric: auc]
[tree_learner: serial]
[device_type: cpu]
[data: ]
[valid: ]
[num_iterations: 100]
[learning_rate: 0.169796]
[num_leaves: 100]
[num_threads: 4]
[max_depth: 7]
[min_data_in_leaf: 20]
[min_sum_hessian_in_leaf: 2.00646]
[bagging_fraction: 0.8]
[bagging_freq: 88]
[bagging_seed: 3]
[feature_fraction: 0.8]
[feature_fraction_seed: 2]
[early_stopping_round: 0]
[max_delta_step: 0]
[lambda_l1: 1.57558]
[lambda_l2: 1.35787]
[min_gain_to_split: 0]
[drop_rate: 0.1]
[max_drop: 50]
[skip_drop: 0.5]
[xgboost_dart_mode: 0]
[uniform_drop: 0]
[drop_seed: 4]
[top_rate: 0.2]
[other_rate: 0.1]
[min_data_per_group: 100]
[max_cat_threshold: 32]
[cat_l2: 10]
[cat_smooth: 10]
[max_cat_to_onehot: 4]
[top_k: 20]
[monotone_constraints: ]
[feature_contri: ]
[forcedsplits_filename: ]
[refit_decay_rate: 0.9]
[verbosity: -1]
[max_bin: 255]
[min_data_in_bin: 3]
[bin_construct_sample_cnt: 200000]
[histogram_pool_size: -1]
[data_random_seed: 1]
[output_model: LightGBM_model.txt]
[snapshot_freq: -1]
[input_model: ]
[output_result: LightGBM_predict_result.txt]
[initscore_filename: ]
[valid_data_initscores: ]
[pre_partition: 0]
[enable_bundle: 1]
[max_conflict_rate: 0]
[is_enable_sparse: 1]
[sparse_threshold: 0.8]
[use_missing: 1]
[zero_as_missing: 0]
[two_round: 0]
[save_binary: 0]
[enable_load_from_binary_file: 1]
[header: 0]
[label_column: ]
[weight_column: ]
[group_column: ]
[ignore_column: ]
[categorical_feature: ]
[predict_raw_score: 0]
[predict_leaf_index: 0]
[predict_contrib: 0]
[num_iteration_predict: -1]
[pred_early_stop: 0]
[pred_early_stop_freq: 10]
[pred_early_stop_margin: 10]
[convert_model_language: ]
[convert_model: gbdt_prediction.cpp]
[num_class: 1]
[is_unbalance: 0]
[scale_pos_weight: 1]
[sigmoid: 1]
[boost_from_average: 1]
[reg_sqrt: 0]
[alpha: 0.9]
[fair_c: 1]
[poisson_max_delta_step: 0.7]
[tweedie_variance_power: 1.5]
[max_position: 20]
[label_gain: ]
[metric_freq: 1]
[is_provide_training_metric: 0]
[eval_at: ]
[num_machines: 1]
[local_listen_port: 12400]
[time_out: 120]
[machine_list_filename: ]
[machines: ]
[gpu_platform_id: -1]
[gpu_device_id: -1]
[gpu_use_dp: 0]

end of parameters

pandas_categorical:[[0, 1, 2, 3, 4, 5, 6, 7, 8, 9, 10, 11, 12, 13, 14, 15, 16, 17, 18, 19, 20, 21, 22, 23, 24, 25, 26, 27, 28, 29, 30, 31, 32, 33, 34, 35, 36, 37, 38, 39, 40, 41, 42, 43, 44, 45, 46, 47, 48, 49, 50, 51, 52, 53, 54, 55, 56, 57, 58, 59, 60, 61, 62, 63, 64, 65, 66, 67, 68, 69, 70, 71, 72, 73, 74, 75, 76, 77, 78, 79, 80, 81, 82, 83, 84, 85, 86, 87, 88, 89, 90, 91, 92, 93, 94, 95, 96, 97, 98, 99, 100, 101, 102, 103, 104, 105, 106, 107, 108, 109, 110, 111, 112, 113, 114, 115, 116, 117, 118, 119, 120, 121, 122, 123, 124, 125, 126, 127, 128, 129, 130, 131, 132, 133, 134, 135, 136, 137, 138, 139, 140, 141, 142, 143, 144, 145, 146, 147, 148, 149, 150, 151, 152, 153, 154, 155, 156, 157, 158, 159, 160, 161, 162, 163, 164, 165, 166, 167, 168, 169, 170, 171, 172, 173, 174, 175, 176, 177, 178, 179, 180, 181, 182, 183, 184, 185, 186, 187, 188, 189, 190, 191, 192, 193, 194, 195], [0, 1, 2, 3, 4, 5, 6, 7, 8, 9, 10, 11, 12, 13, 14, 15, 16, 17, 18, 19, 20, 21, 22, 23, 24, 25, 26, 27, 28, 29, 30, 31, 32, 33, 34, 35, 36, 37, 38, 39, 40, 41, 42, 43, 44, 45, 46, 47, 48, 49, 50, 51, 52, 53, 54, 55, 56, 57, 58, 59, 60, 61, 62, 63, 64, 65, 66, 67, 68, 69, 70, 71, 72, 73, 74, 75, 76, 77, 78, 79, 80, 81, 82, 83, 84, 85, 86, 87, 88, 89, 90, 91, 92, 93, 94, 95, 96, 97, 98, 99, 100, 101, 102, 103, 104, 105, 106, 107, 108, 109, 110, 111, 112, 113, 114, 115, 116, 117, 118, 119, 120, 121, 122, 123, 124, 125, 126, 127, 128, 129, 130, 131, 132, 133, 134, 135, 136, 137, 138, 139, 140, 141, 142, 143, 144, 145, 146, 147, 148, 149, 150, 151], [0, 1]]
