tree
version=v2
num_class=1
num_tree_per_iteration=1
label_index=0
max_feature_idx=11
objective=binary sigmoid:1
feature_names=n_1 c_table_1.c_2 c_table_1.c_4 n_table_1.n_12 n_table_1.n_15 n_table_1.n_16 n_table_1.n_18 n_table_1.n_19 n_table_1.n_26 c_table_2.c_1 n_table_2.n_13 n_table_3.n_3
feature_infos=[1:335.5] 24:0:17:16:10:7:34:23:19:60:18:15:44:28:1:5:8:35:45:38:41:68:4:12:25:13:2:75:49:20:39:48:50:46:21:111:22:92:33:56:57:59:87:27:79:120:9:37:43:62:125:26:47:96:40:61:70:73:3:6:67:72:76:31:42:66:77:85:104:108:124:132:53:54:89:91:93:136:55:64:82:84:94:101:115:121:140:36:51:71:80:81:88:97:98:102:103:119:127:135:147:149:30:52:63:118:123:133:139:144:165:167:32:58:69:74:78:90:99:110:112:114:116:131:134:137:146:161:162:166:174 4:0:10:12:2:11:7:5:45:51:35:8:18:23:33:40:77:30:37:38:41:57:29:28:16:74:62:49:13:21:48:104:6:69:22:26:39:54:19:27:72:87:95:3:31:55:56:106:15:17:60:61:96:103:92:25:66:67:78:80:81:93:94:109:113:117:122:1:24:44:46:47:53:59:65:83:84:99:112:121:133:14:20:36:63:70:82:97:102:116:136:32:34:42:52:58:64:71:75:85:90:98:107:111:115:124:129:130:131:132 [1:8524] [1:274774] [1:249100] [1:574087] [1:1285890] [1:121640] 1:0 [1:395101] [1:509664]
tree_sizes=605 882 905 924 764 612 609 841 764 697 838 787

Tree=0
num_leaves=6
num_cat=1
split_feature=5 2 11 11 6
split_gain=41.934 8.98118 7.58384 16.4571 5.92612
threshold=37876.000000000007 0 25.000000000000004 456.25000000000006 40848.250000000007
decision_type=2 5 2 2 2
left_child=1 -1 4 -4 -3
right_child=-2 2 3 -5 -6
leaf_value=-2.7368636308447796 -2.5862026934431568 -2.8679253755971641 -2.6451087741112929 -2.8269917135660441 -2.7668674574263283
leaf_count=155 240 1761 169 1084 191
internal_value=0 -0.106697 -0.166859 0.0811753 -0.343547
internal_count=3600 3360 3205 1253 1952
cat_boundaries=0 3
cat_threshold=1086328832 196608 8396800
shrinkage=1


Tree=1
num_leaves=10
num_cat=1
split_feature=1 6 11 10 6 11 3 11 11
split_gain=36.1839 26.7211 6.06732 4.92709 3.88702 2.42551 1.92542 1.39088 1.16727
threshold=0 113580.00000000001 25.000000000000004 152.50000000000003 11620.000000000002 469.00000000000006 9.2500000000000018 1441.0000000000002 84444.250000000015
decision_type=5 2 2 2 2 2 2 2 2
left_child=2 4 -1 7 6 -6 -2 -4 -5
right_child=1 -3 3 8 5 -7 -8 -9 -10
leaf_value=-0.062636448753708399 -0.015597809595656275 0.28390741592042684 0.066252614065248044 -0.055920087120020459 0.11780111900180765 0.018977083643606448 0.051071117349718517 -0 0
leaf_count=1535 313 154 247 378 276 155 224 162 156
internal_value=0 0.591235 -0.272158 -0.0158649 0.36561 0.647942 0.0903876 0.313274 -0.291795
internal_count=3600 1122 2478 943 968 431 537 409 534
cat_boundaries=0 3
cat_threshold=330207637 1107434054 34816
shrinkage=0.135166


Tree=2
num_leaves=10
num_cat=2
split_feature=1 6 1 11 11 11 3 7 6
split_gain=25.3611 28.1921 9.13443 5.58832 3.35429 5.95041 2.3578 2.22523 0.715867
threshold=0 108895.00000000001 1 25.000000000000004 1384.7500000000002 17563.000000000004 31.750000000000004 51646.000000000007 22.000000000000004
decision_type=5 2 5 2 2 2 2 2 2
left_child=3 2 6 8 -5 -6 -2 -4 -1
right_child=1 -3 7 4 5 -7 -8 -9 -10
leaf_value=-0.04746718593003918 -0.081917046247690223 0.25598878709824824 0.044049971333915278 0.045808712033636005 -0.1003335855461685 0.014266482954931424 -0 0.11843519037772605 -0.086503874507462122
leaf_count=972 228 134 468 262 215 405 244 234 438
internal_value=0 0.4373 0.220331 -0.261216 -0.0123237 -0.200946 -0.225334 0.451651 -0.461732
internal_count=3600 1308 1174 2292 882 620 472 702 1410
cat_boundaries=0 3 6
cat_threshold=330862993 1107450438 32768 459812 270464 8390656
shrinkage=0.135166


Tree=3
num_leaves=10
num_cat=3
split_feature=1 6 2 11 11 11 1 6 6
split_gain=19.4888 14.6873 6.54875 4.42634 2.90355 3.64848 2.414 0.36688 0.459338
threshold=0 108895.00000000001 1 25.000000000000004 456.25000000000006 17563.000000000004 2 1.7500000000000002 35350.000000000007
decision_type=5 2 5 2 2 2 5 2 2
left_child=3 2 -2 7 -5 -6 -4 -1 -9
right_child=1 -3 6 4 5 -7 -8 8 -10
leaf_value=-0.04314383872768543 -0.047358076623336819 0.18519631768154918 -0.015933298000241746 0.062445694915143547 -0.059146041004449049 0.017466083778063812 0.057761278007040964 -0.095062380950287337 -0.034854746417169104
leaf_count=972 175 126 177 124 376 421 760 286 183
internal_value=0 0.380957 0.21464 -0.230665 -0.0163879 -0.133904 0.325705 -0.414408 -0.556494
internal_count=3600 1238 1112 2362 921 797 937 1441 469
cat_boundaries=0 3 5 8
cat_threshold=330864017 1107450438 32768 536873988 256 65540 8192 8390656
shrinkage=0.135166


Tree=4
num_leaves=8
num_cat=1
split_feature=4 2 4 11 11 11 4
split_gain=15.7378 7.69297 7.60437 4.30423 2.13337 7.59856 3.03423
threshold=122460.00000000001 0 379.00000000000006 25.000000000000004 25.000000000000004 456.25000000000006 13754.500000000002
decision_type=2 5 2 2 2 2 2
left_child=1 4 -3 -4 6 -6 -1
right_child=-2 2 3 -5 5 -7 -8
leaf_value=-0.050677987236351502 0.16720884783477338 -0.032830723596585454 0.027601642850422225 0.13010107639347343 0.098452888530107766 -0.026708041508039671 0.016908848174847786
leaf_count=1429 92 298 313 210 129 912 217
internal_value=0 -0.0523782 0.252959 0.567809 -0.171249 -0.0290328 -0.288867
internal_count=3600 3508 821 523 2687 1041 1646
cat_boundaries=0 2
cat_threshold=673983973 1073742088
shrinkage=0.135166


Tree=5
num_leaves=6
num_cat=1
split_feature=4 0 2 4 0
split_gain=13.8913 9.59937 5.60623 3.10736 2.7753
threshold=132478.00000000003 18.250000000000004 0 1622.5000000000002 10.750000000000002
decision_type=2 2 5 2 2
left_child=1 2 3 -1 -4
right_child=-2 -3 4 -5 -6
leaf_value=-0.0052786115106915801 0.15480627509560904 0.12299315072554587 -0.018269792652593177 0.092894395376098379 -0.084071752089172377
leaf_count=161 78 148 2823 179 211
internal_value=0 -0.0497525 -0.104027 0.287083 -0.169923
internal_count=3600 3522 3374 340 3034
cat_boundaries=0 3
cat_threshold=1354829840 197216 9216
shrinkage=0.135166


Tree=6
num_leaves=6
num_cat=1
split_feature=4 2 4 6 5
split_gain=9.80685 6.85599 6.7478 4.6538 4.10653
threshold=132478.00000000003 0 1423.0000000000002 1264.7500000000002 2409.2500000000005
decision_type=2 5 2 2 2
left_child=1 -1 3 -3 -4
right_child=-2 2 4 -5 -6
leaf_value=-0.067951900380586003 0.12399571194295134 -0.0037152460433973254 0.090999708797884868 -0.083588505043334288 0.014723089028935755
leaf_count=294 78 1909 323 286 710
internal_value=0 -0.0432174 0.031665 -0.12003 0.289595
internal_count=3600 3522 3228 2195 1033
cat_boundaries=0 2
cat_threshold=539764100 1073742088
shrinkage=0.135166


Tree=7
num_leaves=9
num_cat=1
split_feature=1 6 11 11 3 3 5 5
split_gain=12.1405 7.80214 4.07077 9.05291 2.31616 2.38466 2.13245 1.14667
threshold=0 35350.000000000007 25.000000000000004 456.25000000000006 783.25000000000011 2427.2500000000005 472.75000000000006 16179.250000000002
decision_type=5 2 2 2 2 2 2 2
left_child=7 2 6 -4 -3 -6 -2 -1
right_child=1 4 3 -5 5 -7 -8 -9
leaf_value=-0.082907554015583848 -0.032732755102572876 0.11120985117616304 0.13973221389093918 0.0010971345837601089 -0.0068671213521721468 0.080157003135075858 0.021020025853668342 -0.019790774410611296
leaf_count=657 1156 202 126 819 109 86 287 158
internal_value=0 0.138767 0.0185072 0.22852 0.547414 0.254462 -0.140763 -0.415303
internal_count=3600 2785 2388 945 397 195 1443 815
cat_boundaries=0 3
cat_threshold=329814400 1107434054 32784
shrinkage=0.135166


Tree=8
num_leaves=8
num_cat=1
split_feature=2 4 6 11 5 5 4
split_gain=7.67674 9.83663 4.32985 4.31939 3.09186 4.73777 1.24125
threshold=0 1423.0000000000002 1.7500000000000002 17563.000000000004 37876.000000000007 2409.2500000000005 147.25000000000003
decision_type=5 2 2 2 2 2 2
left_child=-1 2 3 -2 5 -3 -4
right_child=1 4 6 -5 -6 -7 -8
leaf_value=-0.058388888825130818 -0.015199352051702086 0.085039966884414578 -0.09289911498004999 0.060181954338815555 0.10054018113396554 0.00062783423417955614 -0.017445271787533995
leaf_count=404 1422 296 269 312 143 566 188
internal_value=0 0.0865144 -0.104395 0.00129225 0.37789 0.236198 -0.487486
internal_count=3600 3196 2191 1734 1005 862 457
cat_boundaries=0 2
cat_threshold=673983780 1074266888
shrinkage=0.135166


Tree=9
num_leaves=7
num_cat=2
split_feature=1 2 4 11 0 5
split_gain=9.89897 5.87582 9.41474 3.4896 2.45929 0.562702
threshold=0 1 254.50000000000003 14005.750000000002 3.2500000000000004 601.75000000000011
decision_type=5 5 2 2 2 2
left_child=5 -2 3 -3 -4 -1
right_child=1 2 4 -5 -6 -7
leaf_value=-0.11064318204586761 -0.046143022649830008 -0.021101538350818967 0.042518662476474345 0.04230497444261723 0.10632154686417594 -0.050636663069076458
leaf_count=282 276 1432 655 363 244 348
internal_value=0 0.102016 0.170161 -0.0409565 0.454773 -0.452499
internal_count=3600 2970 2694 1795 899 630
cat_boundaries=0 3 5
cat_threshold=313037184 1107434054 32768 671624196 1074266376
shrinkage=0.135166


Tree=10
num_leaves=9
num_cat=3
split_feature=1 2 6 11 3 5 11 9
split_gain=7.78593 6.2189 6.43638 3.03909 2.64025 2.34863 0.640841 0.103747
threshold=0 1 40848.250000000007 25.000000000000004 783.25000000000011 601.75000000000011 162.25000000000003 2
decision_type=5 5 2 2 2 2 2 1
left_child=5 7 3 -3 -4 -1 -7 -2
right_child=1 2 4 -5 -6 6 -8 -9
leaf_value=-0.11083897350395409 -0.091403829759155869 -0.0098401002718807671 0.12711073132276041 0.033184167132375521 0.034457322093975666 -0.0065617729977478761 -0.056982092235254342 -0.036146814815312643
leaf_count=311 144 1389 131 925 127 280 152 141
internal_value=0 0.095035 0.170336 0.072435 0.604897 -0.37017 -0.230777 -0.34482
internal_count=3600 2857 2572 2314 258 743 432 285
cat_boundaries=0 3 5 6
cat_threshold=314151296 1107434054 32768 671679684 1074266888 2
shrinkage=0.135166


Tree=11
num_leaves=8
num_cat=2
split_feature=1 0 1 11 0 5 3
split_gain=7.04362 4.81111 4.01521 3.70967 1.41113 0.891906 0.618337
threshold=0 18.250000000000004 1 40729.750000000007 1.7500000000000002 601.75000000000011 241.75000000000003
decision_type=5 2 5 2 2 2 2
left_child=5 2 4 -4 -2 -1 -7
right_child=1 -3 3 -5 -6 6 -8
leaf_value=-0.10554708188001297 -0.0029763699978008662 0.10261063480521025 0.017352756029148104 0.10847167136725211 -0.041030477133681027 -0.0061617980785436573 -0.063971724204673883
leaf_count=297 1342 131 844 108 500 179 199
internal_value=0 0.0792964 0.0390708 0.203845 -0.0958029 -0.390931 -0.304577
internal_count=3600 2925 2794 952 1842 675 378
cat_boundaries=0 3 6
cat_threshold=314085776 1107434054 32768 16843777 17063936 276826128
shrinkage=0.135166


end of trees

feature importances:
n_table_3.n_3=22
n_table_1.n_18=12
c_table_1.c_2=10
n_table_1.n_15=10
n_table_1.n_16=9
c_table_1.c_4=8
n_table_1.n_12=6
n_1=5
n_table_1.n_19=1
c_table_2.c_1=1
n_table_2.n_13=1

parameters:
[boosting: gbdt]
[objective: binary]
[metric: auc]
[tree_learner: serial]
[device_type: cpu]
[data: ]
[valid: ]
[num_iterations: 100]
[learning_rate: 0.135166]
[num_leaves: 10]
[num_threads: 4]
[max_depth: 4]
[min_data_in_leaf: 20]
[min_sum_hessian_in_leaf: 8.16864]
[bagging_fraction: 0.9]
[bagging_freq: 55]
[bagging_seed: 3]
[feature_fraction: 0.8]
[feature_fraction_seed: 2]
[early_stopping_round: 0]
[max_delta_step: 0]
[lambda_l1: 0.314167]
[lambda_l2: 1.64411]
[min_gain_to_split: 0]
[drop_rate: 0.1]
[max_drop: 50]
[skip_drop: 0.5]
[xgboost_dart_mode: 0]
[uniform_drop: 0]
[drop_seed: 4]
[top_rate: 0.2]
[other_rate: 0.1]
[min_data_per_group: 100]
[max_cat_threshold: 32]
[cat_l2: 10]
[cat_smooth: 10]
[max_cat_to_onehot: 4]
[top_k: 20]
[monotone_constraints: ]
[feature_contri: ]
[forcedsplits_filename: ]
[refit_decay_rate: 0.9]
[verbosity: -1]
[max_bin: 255]
[min_data_in_bin: 3]
[bin_construct_sample_cnt: 200000]
[histogram_pool_size: -1]
[data_random_seed: 1]
[output_model: LightGBM_model.txt]
[snapshot_freq: -1]
[input_model: ]
[output_result: LightGBM_predict_result.txt]
[initscore_filename: ]
[valid_data_initscores: ]
[pre_partition: 0]
[enable_bundle: 1]
[max_conflict_rate: 0]
[is_enable_sparse: 1]
[sparse_threshold: 0.8]
[use_missing: 1]
[zero_as_missing: 0]
[two_round: 0]
[save_binary: 0]
[enable_load_from_binary_file: 1]
[header: 0]
[label_column: ]
[weight_column: ]
[group_column: ]
[ignore_column: ]
[categorical_feature: ]
[predict_raw_score: 0]
[predict_leaf_index: 0]
[predict_contrib: 0]
[num_iteration_predict: -1]
[pred_early_stop: 0]
[pred_early_stop_freq: 10]
[pred_early_stop_margin: 10]
[convert_model_language: ]
[convert_model: gbdt_prediction.cpp]
[num_class: 1]
[is_unbalance: 0]
[scale_pos_weight: 1]
[sigmoid: 1]
[boost_from_average: 1]
[reg_sqrt: 0]
[alpha: 0.9]
[fair_c: 1]
[poisson_max_delta_step: 0.7]
[tweedie_variance_power: 1.5]
[max_position: 20]
[label_gain: ]
[metric_freq: 1]
[is_provide_training_metric: 0]
[eval_at: ]
[num_machines: 1]
[local_listen_port: 12400]
[time_out: 120]
[machine_list_filename: ]
[machines: ]
[gpu_platform_id: -1]
[gpu_device_id: -1]
[gpu_use_dp: 0]

end of parameters

pandas_categorical:[[0, 1, 2, 3, 4, 5, 6, 7, 8, 9, 10, 11, 12, 13, 14, 15, 16, 17, 18, 19, 20, 21, 22, 23, 24, 25, 26, 27, 28, 29, 30, 31, 32, 33, 34, 35, 36, 37, 38, 39, 40, 41, 42, 43, 44, 45, 46, 47, 48, 49, 50, 51, 52, 53, 54, 55, 56, 57, 58, 59, 60, 61, 62, 63, 64, 65, 66, 67, 68, 69, 70, 71, 72, 73, 74, 75, 76, 77, 78, 79, 80, 81, 82, 83, 84, 85, 86, 87, 88, 89, 90, 91, 92, 93, 94, 95, 96, 97, 98, 99, 100, 101, 102, 103, 104, 105, 106, 107, 108, 109, 110, 111, 112, 113, 114, 115, 116, 117, 118, 119, 120, 121, 122, 123, 124, 125, 126, 127, 128, 129, 130, 131, 132, 133, 134, 135, 136, 137, 138, 139, 140, 141, 142, 143, 144, 145, 146, 147, 148, 149, 150, 151, 152, 153, 154, 155, 156, 157, 158, 159, 160, 161, 162, 163, 164, 165, 166, 167, 168, 169, 170, 171, 172, 173, 174, 175, 176, 177, 178, 179, 180, 181, 182, 183, 184, 185, 186, 187, 188, 189, 190, 191, 192, 193, 194, 195], [0, 1, 2, 3, 4, 5, 6, 7, 8, 9, 10, 11, 12, 13, 14, 15, 16, 17, 18, 19, 20, 21, 22, 23, 24, 25, 26, 27, 28, 29, 30, 31, 32, 33, 34, 35, 36, 37, 38, 39, 40, 41, 42, 43, 44, 45, 46, 47, 48, 49, 50, 51, 52, 53, 54, 55, 56, 57, 58, 59, 60, 61, 62, 63, 64, 65, 66, 67, 68, 69, 70, 71, 72, 73, 74, 75, 76, 77, 78, 79, 80, 81, 82, 83, 84, 85, 86, 87, 88, 89, 90, 91, 92, 93, 94, 95, 96, 97, 98, 99, 100, 101, 102, 103, 104, 105, 106, 107, 108, 109, 110, 111, 112, 113, 114, 115, 116, 117, 118, 119, 120, 121, 122, 123, 124, 125, 126, 127, 128, 129, 130, 131, 132, 133, 134, 135, 136, 137, 138, 139, 140, 141, 142, 143, 144, 145, 146, 147, 148, 149, 150, 151], [0, 1]]
