tree
version=v2
num_class=1
num_tree_per_iteration=1
label_index=0
max_feature_idx=11
objective=binary sigmoid:1
feature_names=n_1 c_table_1.c_2 c_table_1.c_4 n_table_1.n_12 n_table_1.n_15 n_table_1.n_16 n_table_1.n_18 n_table_1.n_19 n_table_1.n_26 c_table_2.c_1 n_table_2.n_13 n_table_3.n_3
feature_infos=[1:335.5] 24:0:17:16:10:7:34:23:19:60:18:15:44:28:1:5:8:35:45:38:41:68:4:12:25:13:2:75:49:20:39:48:50:46:21:111:22:92:33:56:57:59:87:27:79:120:9:37:43:62:125:26:47:96:40:61:70:73:3:6:67:72:76:31:42:66:77:85:104:108:124:132:53:54:89:91:93:136:55:64:82:84:94:101:115:121:140:36:51:71:80:81:88:97:98:102:103:119:127:135:147:149:30:52:63:118:123:133:139:144:165:167:32:58:69:74:78:90:99:110:112:114:116:131:134:137:146:161:162:166:174 4:0:10:12:2:11:7:5:45:51:35:8:18:23:33:40:77:30:37:38:41:57:29:28:16:74:62:49:13:21:48:104:6:69:22:26:39:54:19:27:72:87:95:3:31:55:56:106:15:17:60:61:96:103:92:25:66:67:78:80:81:93:94:109:113:117:122:1:24:44:46:47:53:59:65:83:84:99:112:121:133:14:20:36:63:70:82:97:102:116:136:32:34:42:52:58:64:71:75:85:90:98:107:111:115:124:129:130:131:132 [1:8524] [1:274774] [1:249100] [1:574087] [1:1285890] [1:121640] 1:0 [1:395101] [1:509664]
tree_sizes=1991 2792 2148 1780 1802 2401 1667 2049 1913 1994 2107 3008 2117 1461 2772 1990 1720 1688 1541 2142 2090 2340 2532 2442

Tree=0
num_leaves=25
num_cat=1
split_feature=5 6 0 11 11 0 3 10 5 5 3 5 6 8 11 10 5 5 9 5 10 3 5 3
split_gain=40.2306 15.9599 9.47967 5.88211 22.3404 10.5548 4.72602 4.19538 2.70009 10.2329 9.0112 5.62905 2.86197 2.70752 2.43879 2.36648 1.96801 4.69003 3.66183 1.40881 0.93096 0.481522 0.456399 0.299272
threshold=122692.50000000001 40848.250000000007 18.250000000000004 25.000000000000004 456.25000000000006 13.750000000000002 2674.7500000000005 224327.50000000003 18608.500000000004 32278.750000000004 51.250000000000007 37876.000000000007 102161.00000000001 1649.5000000000002 424.75000000000006 84.250000000000014 241.75000000000003 2746.7500000000005 0 13912.750000000002 202.75000000000003 430.75000000000006 12690.250000000002 3321.2500000000005
decision_type=2 2 2 2 2 2 2 2 2 2 2 2 2 2 2 2 2 2 1 2 2 2 2 2
left_child=1 2 3 16 5 -5 8 15 10 -10 -3 21 -13 22 -4 -6 20 18 -18 -19 -1 -11 -12 -8
right_child=-2 6 14 4 7 -7 23 -9 9 11 13 12 -14 -15 -16 -17 17 19 -20 -21 -22 -23 -24 -25
leaf_value=-2.9633660550813357 -1.7232111102651027 -2.2194608367959021 -2.8106757024829077 -2.180726259972281 -2.8106757024829077 -2.8639742186291439 -2.9254766541538295 -2.5121587054413514 -1.9672504064398706 -2.9260951368647525 -2.9851826350871193 -2.8106757024829077 -2.370715613076714 -2.6412341566961444 -2.3878518108410085 -2.9470934231179267 -2.5806667019528162 -3.0094284216602287 -2.8783618900157792 -2.8106757024829077 -2.8106757024829077 -2.8106757024829077 -2.8106757024829077 -2.8106757024829077
leaf_count=1413 39 28 73 118 372 30 45 24 42 72 107 60 84 48 63 704 145 216 77 109 23 22 57 29
internal_value=0 -0.0542395 -0.175517 -0.230381 0 1.45247 0.576448 -0.219505 0.730351 1.03763 0.223748 0.447328 0.956751 -0.0644544 0.824206 -0.286069 -0.375264 -0.0924339 0.317635 -0.440212 -0.464128 -0.176813 -0.406167 -0.187147
internal_count=4000 3961 3367 3231 1248 148 594 1100 520 280 240 238 144 212 136 1076 1983 547 222 325 1436 94 164 74
cat_boundaries=0 1
cat_threshold=2
shrinkage=1


Tree=1
num_leaves=38
num_cat=5
split_feature=1 6 6 1 3 11 3 11 11 10 3 11 11 11 11 11 0 11 10 6 6 6 10 11 3 3 11 0 6 6 0 9 9 8 3 3 9
split_gain=29.946 15.4854 5.93446 5.20578 5.5768 3.17167 2.65964 2.29902 3.82854 2.22762 2.09172 2.05127 2.6682 4.19223 1.82143 1.58077 1.35384 1.3228 1.26612 1.12612 0.988812 3.14677 0.641323 0.606046 0.437651 1.94466 0.43285 0.414646 0.280405 1.21677 0.1346 0.0840675 0.0640733 0.0633745 0.014525 0.0619966 0.384382
threshold=0 33567.250000000007 22.000000000000004 1 43.000000000000007 25.000000000000004 31.750000000000004 143.50000000000003 12696.250000000002 5380.7500000000009 307.75000000000006 456.25000000000006 14005.750000000002 25500.250000000004 152986.00000000003 1441.0000000000002 6.2500000000000009 17563.000000000004 36609.250000000007 32684.500000000004 258362.50000000003 177081.50000000003 202.75000000000003 8682.2500000000018 21.250000000000004 25.750000000000004 847.00000000000011 1.7500000000000002 2916.2500000000005 6723.2500000000009 24.250000000000004 2 3 130.75000000000003 241.75000000000003 132.25000000000003 4
decision_type=5 2 2 5 2 2 2 2 2 2 2 2 2 2 2 2 2 2 2 2 2 2 2 2 2 2 2 2 2 2 2 1 1 2 2 2 1
left_child=2 3 5 6 14 22 7 -2 -9 20 19 16 15 17 28 26 -7 -14 -15 23 21 -3 27 -6 -4 32 -13 -1 -5 -30 -29 -8 -26 -12 35 -27 -37
right_child=1 9 24 4 10 11 31 8 -10 -11 33 12 13 18 -16 -17 -18 -19 -20 -21 -22 -23 -24 -25 25 34 -28 30 29 -31 -32 -33 -34 -35 -36 36 -38
leaf_value=-0.061712963710577308 0.069467969343688346 0.3260403668267986 -0.28230089162400507 -0.17451891308547407 0.30642405217813101 0 0.049513653036947256 0.77159404712163693 0 -0 -0.047456292827008834 -0.059169122487666828 -0 -0.065392410566250989 0.080982086841013962 -0.20548519359500803 0.25659741622812038 0.39477505583129346 0.16324172600002099 -0 0.6394107400361192 0 0 0 -0 -0.081490919567025547 0.080236648146026976 -0.18171031214942771 0.07069986383036661 -0.12457748910239445 -0 -0.0067526350982865429 0.064029389712218679 0 -0.19902441722210604 0.044098259115394278 -0.094904646496595108
leaf_count=784 83 346 263 346 94 39 41 27 27 20 30 75 21 253 20 144 54 54 20 21 28 58 20 30 20 128 51 259 50 105 21 25 25 26 298 55 39
internal_value=0 0.451144 -0.281873 0.121078 -0.0795984 -0.134647 0.50352 1.20601 1.80837 1.05765 0.424943 0.0544535 -0.0294221 0.18449 -0.365502 -0.367027 0.490175 0.984526 -0.0161898 0.681319 1.11249 0.866267 -0.299438 0.821344 -0.607876 -0.411254 0 -0.322467 -0.447795 -0.0604662 -0.541416 0 0.102654 -0 -0.497633 -0.18932 -0
internal_count=4000 1377 2623 925 722 1795 203 137 54 452 201 711 618 348 521 270 93 75 273 145 432 404 1084 124 828 565 126 1064 501 155 280 66 45 56 520 222 94
cat_boundaries=0 3 7 8 9 10
cat_threshold=398234001 1107434310 32832 138412034 822083592 2560 536903680 2 2 2
shrinkage=0.317716


Tree=2
num_leaves=30
num_cat=5
split_feature=7 2 3 0 11 11 0 5 5 9 11 5 5 5 6 9 5 5 7 9 11 0 9 3 0 0 6 7 5
split_gain=9.62536 6.89117 5.08585 2.5542 2.08655 2.08141 1.76635 2.03734 4.51752 3.75301 3.03762 2.56352 2.78215 1.11887 1.05764 0.993155 0.966173 2.26151 0.704844 0.606901 0.473166 0.353217 0.315654 0.290945 0.221165 0.189517 0.122178 0.0379597 0.00328188
threshold=346413.00000000006 0 4.7500000000000009 18.250000000000004 25.000000000000004 424.75000000000006 1.7500000000000002 2122.7500000000005 650.50000000000011 1 17563.000000000004 15069.250000000002 22425.250000000004 23140.000000000004 64899.250000000007 2 45522.250000000007 142475.00000000003 34.000000000000007 3 61698.250000000007 25.750000000000004 4 1241.5000000000002 33.250000000000007 3.2500000000000004 697.00000000000011 273311.50000000006 100650.25000000001
decision_type=2 5 2 2 2 2 2 2 2 1 2 2 2 2 2 1 2 2 2 1 2 2 1 2 2 2 2 2 2
left_child=1 2 15 6 19 24 7 8 10 -10 -3 23 -13 -2 -8 25 -15 22 -17 -4 -6 -7 28 -9 -5 -1 -20 -16 -18
right_child=13 3 4 5 20 21 14 11 9 -11 -12 12 -14 16 27 18 17 -19 26 -21 -22 -23 -24 -25 -26 -27 -28 -29 -30
leaf_value=-0.16011311653258459 -0 -0.065498074623097008 0.11739491368744327 -0.072954737378730497 0.41607334843893024 0.28165992691523362 -0.13403246625168388 -0.18131796970742675 0.39952420589688947 -0 0.080266342576614122 0.23848244599295038 -0.06958393236491825 0.47980740869232624 0.038166150623242058 0.17002551260231247 -0.009839967582831656 0.33825760807659067 -0.063965410400274036 -0 0 0 0.071672361359443021 -0 0 -0 0 -0 0
leaf_count=77 34 1322 122 54 81 37 831 362 54 47 311 35 188 20 21 25 31 20 35 45 22 26 63 20 21 21 21 23 31
internal_value=0 -0.0710233 0.320871 -0.15028 0.74171 0.280844 -0.193823 -0.111814 -0.0118144 0.721023 -0.0955004 -0.320152 0 0.670476 -0.37722 -0.0736073 0.751836 0.432944 0.085558 0.233751 1.18122 0.678147 0.0471492 -0.54436 -0.0264728 -0.421128 -0 0 -0
internal_count=4000 3801 449 3352 270 138 3214 2339 1734 101 1633 605 223 199 875 179 165 145 81 167 103 63 125 382 75 98 56 44 62
cat_boundaries=0 3 4 5 6 7
cat_threshold=1354764368 4399202 8397856 2 2 2 2
shrinkage=0.317716


Tree=3
num_leaves=22
num_cat=3
split_feature=1 2 7 8 11 2 11 8 8 7 7 6 11 11 11 11 11 11 11 3 11
split_gain=12.5944 9.76998 4.82012 3.82507 3.40421 2.14932 2.06568 2.6058 3.18789 3.1834 2.46678 1.26545 0.994027 1.4131 1.32567 1.278 0.880752 0.617179 0.533965 0.277956 0.263301
threshold=0 1 3.2500000000000004 1138.0000000000002 167260.00000000003 2 469.00000000000006 6.2500000000000009 124.00000000000001 5403.2500000000009 404360.00000000006 59008.000000000007 25.000000000000004 456.25000000000006 14005.750000000002 25500.250000000004 1441.0000000000002 80202.250000000015 847.00000000000011 301.00000000000006 17563.000000000004
decision_type=5 5 2 2 2 5 2 2 2 2 2 2 2 2 2 2 2 2 2 2 2
left_child=2 -2 12 4 6 19 7 9 -9 -3 11 -8 -1 -14 16 20 18 -17 -15 -4 -16
right_child=1 3 5 -5 -6 -7 10 8 -10 -11 -12 -13 13 14 15 17 -18 -19 -20 -21 -22
leaf_value=-0.048229817461543756 -0.11631318663656409 0.018256796538175447 -0 0.41706731161330352 0.51609069309197853 -0.15852330363429704 0 -0.033363137054981853 0.17089478163193553 0.33057166998617821 0.20388794265228372 -0.17885900400056692 0.1290641448336956 -0.076038399606636359 0 -0.075571360734613499 -0.16896248214782494 0.046444819492079598 0.085585999851726505 0.0941841205999248 0.19335033593113563
leaf_count=1007 220 173 76 49 20 857 283 223 148 165 29 41 90 67 21 142 139 119 51 32 48
internal_value=0 0.280619 -0.192461 0.422023 0.374975 -0.463903 0.302866 0.425854 0.137388 0.705617 0.000522708 -0.110668 -0.0370021 0.0589017 -0.0109613 0.114601 -0.292626 -0 -0 0.0705462 0.514597
internal_count=4000 1351 2649 1131 1082 965 1062 709 371 338 353 324 1684 677 587 330 257 261 118 108 69
cat_boundaries=0 3 6 9
cat_threshold=396988817 1107434310 32832 537404548 264 288 1077940352 4194304 2147491840
shrinkage=0.317716


Tree=4
num_leaves=24
num_cat=1
split_feature=2 4 6 0 0 4 5 6 4 7 7 4 0 5 11 5 5 5 0 4 5 4 0
split_gain=6.6141 6.55033 4.03673 2.98402 2.79633 3.1245 3.86115 2.61568 2.21778 2.08164 2.16504 1.92249 1.86398 1.84585 1.29139 1.93425 0.808657 0.481958 0.35167 0.332896 0.19208 0.14249 0.0570973
threshold=0 1423.0000000000002 1264.7500000000002 18.250000000000004 10.750000000000002 162987.00000000003 2409.2500000000005 12580.000000000002 4602.2500000000009 757.75000000000011 3.2500000000000004 9748.0000000000018 10.750000000000002 163.00000000000003 162.25000000000003 3180.2500000000005 472.75000000000006 1863.2500000000002 6.2500000000000009 3344.5000000000005 4121.5000000000009 12719.500000000002 4.7500000000000009
decision_type=5 2 2 2 2 2 2 2 2 2 2 2 2 2 2 2 2 2 2 2 2 2 2
left_child=-1 2 3 9 5 6 8 21 19 10 12 -9 -2 -11 15 -6 -10 -4 -12 -3 -19 -8 -15
right_child=1 4 17 -5 14 -7 7 11 16 13 18 -13 -14 22 -16 -17 -18 20 -20 -21 -22 -23 -24
leaf_value=-0.13095404531051921 0 0.053643629697916327 -0.22527899153693698 0.18829605423217211 0 0.2862768995276373 -0.20511472161967556 0.17005602430732927 0.028434535450453748 0.22340799832252203 -0.21986523864620336 -0 -0.17248871393856913 -0.038976232352337152 0 0.47203948494237252 0.34691761190313231 0 -0 -0.064593478312752417 -0.068193959862742015 -0 0
leaf_count=474 1558 108 205 89 25 32 100 81 80 96 157 477 115 49 28 30 63 30 21 34 59 65 24
internal_value=0 0.0660544 -0.0777247 -0 0.296496 0.203171 0.111738 -0.0184382 0.49682 -0.0531772 -0.115769 0.0712964 -0.0430592 0.353521 0.904861 1.14854 0.785977 -0.560298 -0.616233 0 -0 -0.49843 -0
internal_count=4000 3526 2403 2109 1123 1040 1008 723 285 2020 1851 558 1673 169 83 55 143 294 178 142 89 165 73
cat_boundaries=0 3
cat_threshold=1009528068 1107297160 2147484928
shrinkage=0.317716


Tree=5
num_leaves=32
num_cat=3
split_feature=2 4 10 9 10 8 3 7 8 4 7 10 9 7 3 4 7 3 3 10 3 8 0 7 0 0 3 10 4 7 10
split_gain=4.24112 4.1639 2.93327 2.02996 2.45615 4.10501 2.27063 2.68873 2.80857 2.22481 1.88153 1.68731 2.08523 1.38421 1.7829 1.09223 0.983714 0.808417 2.05983 0.907793 0.794772 0.581587 1.24966 1.16891 0.497704 0.456671 0.29078 0.206778 0.0673019 0.0506358 0.0400061
threshold=0 147.25000000000003 114560.00000000001 1 10.750000000000002 37.750000000000007 1.7500000000000002 139898.00000000003 338.50000000000006 852.25000000000011 2353.0000000000005 261.25000000000006 2 117291.50000000001 79.750000000000014 23104.000000000004 509778.00000000006 70.750000000000014 24.250000000000004 1689.2500000000002 22.750000000000004 338.50000000000006 3.2500000000000004 268807.50000000006 22.750000000000004 7.7500000000000009 303.25000000000006 169.00000000000003 3342.2500000000005 757.75000000000011 14191.000000000002
decision_type=5 2 2 1 2 2 2 2 2 2 2 2 1 2 2 2 2 2 2 2 2 2 2 2 2 2 2 2 2 2 2
left_child=16 2 10 4 13 28 9 17 15 -5 11 12 24 14 20 -9 -1 18 -8 -19 -3 22 -15 -23 -2 -14 -12 -10 -6 30 -13
right_child=1 3 -4 6 5 -7 7 8 27 -11 26 29 25 21 -16 -17 -18 19 -20 -21 -22 23 -24 -25 -26 -27 -28 -29 -30 -31 -32
leaf_value=-0.18992884199930901 -0.063800900241094305 0.077615288928852014 0.25547645188313378 -0 0.017685146371001891 0.43268777236371719 -0.15823577169862016 -0 0 0.25057673900135613 -0.21899028769330089 -0.11193062001665251 0.015500298952373853 -0.13024593198967721 0.2081700022530783 0.21333975672037947 -0 -0.21628161380218261 0.093257377188144433 0 -0.057173108541875003 -0.0086335910186939521 0.052460163882548809 0.16529180544277236 0.0019670560602715746 0.12881810729594717 -0 -0.11112531246612138 -0.04620470748360847 -0 -0
leaf_count=406 897 170 21 36 26 45 84 22 44 103 141 354 569 101 158 89 25 130 94 30 95 30 20 48 28 109 26 35 24 20 20
internal_value=0 0.0443841 -0.0868515 0.205791 0.348007 0.876386 0.0132493 -0.0705969 0.182404 0.486306 -0.127936 -0.0692135 0 0.192325 0.343479 0.522526 -0.346303 -0.337827 -0 -0.549472 0.00457542 -0 -0.178835 0.171473 -0.159423 0.178899 -0.613554 -0.216265 -0 -0.326447 -0.339163
internal_count=4000 3569 2185 1384 717 95 667 528 190 139 2164 1997 1603 622 423 111 431 338 178 160 265 199 121 78 925 678 167 79 50 394 374
cat_boundaries=0 3 4 5
cat_threshold=741090692 1073742760 2147483904 2 2
shrinkage=0.317716


Tree=6
num_leaves=22
num_cat=2
split_feature=2 10 5 10 10 10 8 6 8 11 2 7 5 3 3 10 6 6 10 11 6
split_gain=3.45789 2.15605 1.95679 2.27211 2.06657 1.17812 1.03484 2.98836 0.783938 0.76103 0.756302 0.736808 0.62966 1.94831 0.746923 0.484755 0.225819 0.225613 0.170902 0.0642728 0.0289681
threshold=0 224327.50000000003 37876.000000000007 357.25000000000006 71.500000000000014 1115.5000000000002 37.750000000000007 1232.5000000000002 1368.2500000000002 16137.250000000002 1 865.75000000000011 822.25000000000011 4.7500000000000009 1408.7500000000002 2749.7500000000005 177081.50000000003 133643.50000000003 394.75000000000006 162.25000000000003 80549.500000000015
decision_type=5 2 2 2 2 2 2 2 2 2 5 2 2 2 2 2 2 2 2 2 2
left_child=11 2 3 4 8 9 7 -6 10 16 -2 -1 13 19 18 -15 -4 -13 -14 -5 -8
right_child=1 -3 5 12 6 -7 20 -9 -10 -11 -12 17 14 15 -16 -17 -18 -19 -20 -21 -22
leaf_value=0 0.049171539994353287 0.25422480033567185 0.11044732108483704 0 0 0.25988336326930661 -0.033321573474527834 0.36696227783102692 0.10965821744091304 -0.023608681961524144 -0.018801069018631419 -0.2057968037085674 -0 0.22275187662608339 0 -0 0 -0 -0.19628955487787011 -0.078905934891292398 0
leaf_count=33 105 23 86 22 125 24 22 49 44 34 2316 369 21 29 21 20 35 51 140 410 21
internal_value=0 0.0366748 0.0166645 -0.0149029 0.035809 0.290379 0.387133 0.520773 -0 0.0964997 -0.0266139 -0.332832 -0.253478 -0.070943 -0.473224 0.492241 0.248382 -0.570621 -0.571158 -0.235828 -0
internal_count=4000 3547 3524 3345 2682 179 217 174 2465 155 2421 453 663 481 182 49 121 420 161 432 43
cat_boundaries=0 3 6
cat_threshold=1009591588 1107296642 2147484928 1082134528 8192 32
shrinkage=0.317716


Tree=7
num_leaves=27
num_cat=3
split_feature=1 2 7 2 0 5 7 11 0 11 11 6 6 11 6 6 5 5 6 0 0 5 5 7 6 0
split_gain=8.09517 2.59443 2.60125 1.43378 1.95884 1.31267 1.13349 0.785011 1.92076 1.47435 0.933664 0.703412 1.48465 0.602477 0.562295 0.922161 0.364695 0.970376 0.308565 0.269573 1.1623 0.244256 0.119396 0.114843 0.0384883 0.134175
threshold=0 1 558.25000000000011 2 19.750000000000004 1922.5000000000002 145401.00000000003 14005.750000000002 1.7500000000000002 134020.00000000003 1441.0000000000002 1084.7500000000002 31120.000000000004 106189.00000000001 72269.500000000015 133643.50000000003 21175.750000000004 8993.5000000000018 1627.0000000000002 22.750000000000004 10.750000000000002 57996.250000000007 50557.750000000007 125962.00000000001 3377.5000000000005 3.2500000000000004
decision_type=5 5 2 5 2 2 2 2 2 2 2 2 2 2 2 2 2 2 2 2 2 2 2 2 2 2
left_child=3 21 7 24 22 11 16 10 9 -9 19 -4 18 -10 -8 -16 17 -7 -13 20 -3 -2 -5 -18 -1 -26
right_child=1 2 5 4 -6 6 14 8 13 -11 -12 12 -14 -15 15 -17 23 -19 -20 -21 -22 -23 -24 -25 25 -27
leaf_value=-0 -0.18135804671017175 0.006320758105898782 0.26783222194804557 -0.21802908738329485 0 0 0.25724876994201412 0.18994406685088805 -0.14141914463740396 -0 -0.13247251444951086 -0.014028725076512523 0.26009769492354678 0 -0 0.09862535392047321 0.094560452159107314 -0.12907419820837071 0.046155732507188504 0.07041851183498507 -0.130581335075899 -0 -0.0057304758553786885 0 0.0640112208766387 -0
leaf_count=44 217 1090 106 778 25 210 25 195 65 63 133 49 24 23 107 99 27 104 282 44 113 20 63 30 38 26
internal_value=0 0.106239 0.147614 -0.337874 -0.447491 0.286669 0.138907 0.00761444 0.19606 0.402993 -0.0324027 0.473442 0.263519 -0.205742 0.280799 0.145933 -0 -0.0922785 0.060182 0 -0.013776 -0.236389 -0.638045 0.181062 0.0298953 0.0941638
internal_count=4000 3026 2789 974 866 1063 602 1726 346 258 1380 461 355 88 231 206 371 314 331 1247 1203 237 841 57 108 64
cat_boundaries=0 3 6 9
cat_threshold=515477936 1124211526 32832 671089792 1107296552 288 4198528 37748738 8192
shrinkage=0.317716


Tree=8
num_leaves=26
num_cat=1
split_feature=2 4 6 10 10 11 3 3 3 3 4 7 11 3 4 4 6 7 5 4 5 11 7 11 5
split_gain=1.80088 1.40226 1.87254 0.864742 0.784949 1.00656 0.725298 1.38387 3.41923 1.03787 1.61118 0.97211 0.954412 0.835644 0.678755 1.10126 0.63162 0.745067 0.557619 0.406055 0.82566 0.391997 0.351089 0.057358 0.0428466
threshold=0 147.25000000000003 1.7500000000000002 16877.500000000004 261.25000000000006 20038.750000000004 208.75000000000003 594.25000000000011 783.25000000000011 129.25000000000003 54421.000000000007 20881.000000000004 143.50000000000003 662.50000000000011 175379.00000000003 70366.750000000015 18700.000000000004 226530.50000000003 1555.0000000000002 33350.500000000007 5925.2500000000009 1441.0000000000002 70087.750000000015 190.00000000000003 31432.000000000004
decision_type=5 2 2 2 2 2 2 2 2 2 2 2 2 2 2 2 2 2 2 2 2 2 2 2 2
left_child=-1 2 3 4 5 21 9 16 13 10 11 12 -3 -9 15 -10 -8 -18 -4 20 -11 -2 -13 -6 -21
right_child=1 6 18 -5 23 -7 7 8 14 19 -12 22 -14 -15 -16 -17 17 -19 -20 24 -22 -23 -24 -25 -26
leaf_value=-0.087176706875101234 0.0016241757854416076 -0 -0.17182568970659554 0.13659315512428255 0 0.14974544616935187 0 0 0 0.30629810025028686 0.19751791100652849 -0 0.12800160602965227 0.38746797473579159 0.077238983526799004 -0.133780758910968 -0.17732198701688209 -0 -0 -0 0 -0.082788521811075808 -0.10172969543497966 -0.074964633611230749 0.030190172123066066
leaf_count=341 1338 231 235 31 21 48 52 22 110 39 40 264 138 21 32 81 131 98 64 30 71 119 79 328 36
internal_value=0 0.0299313 -0.0468754 0 -0.0175526 0.0146531 0.11843 0 0.146574 0.194647 0.0824408 0 0.171538 0.881059 -0 -0.109431 -0.215729 -0.335617 -0.418694 0.477923 0.659891 -0 -0.131083 -0.221238 0
internal_count=4000 3659 2184 1885 1854 1505 1475 547 266 928 752 712 369 43 223 191 281 229 299 176 110 1457 343 349 66
cat_boundaries=0 3
cat_threshold=741156100 1073742208 1280
shrinkage=0.317716


Tree=9
num_leaves=27
num_cat=3
split_feature=0 2 9 6 11 6 4 11 0 4 11 3 0 4 0 0 11 4 0 5 6 5 0 6 9 5
split_gain=1.63583 1.41311 2.28682 2.20387 1.61098 1.5433 1.77064 1.33291 1.27941 1.52329 1.1694 1.0125 1.00618 2.21588 0.99182 0.971412 0.94941 0.604216 0.468628 0.3972 0.235156 0.215809 0.143532 0.116804 0.105543 0.0397725
threshold=18.250000000000004 0 1 137862.50000000003 1289.5000000000002 4995.2500000000009 2554.0000000000005 60446.500000000007 15.250000000000002 26239.750000000004 472.00000000000006 170.50000000000003 9.2500000000000018 25.750000000000004 6.2500000000000009 1.7500000000000002 26170.750000000004 20297.500000000004 25.750000000000004 293.50000000000006 1282.0000000000002 31432.000000000004 33.250000000000007 10276.000000000002 2 15.250000000000002
decision_type=2 5 1 2 2 2 2 2 2 2 2 2 2 2 2 2 2 2 2 2 2 2 2 2 1 2
left_child=1 8 4 -4 5 6 25 -6 9 12 14 23 15 24 -11 19 21 -13 -2 -1 -17 -12 -20 -7 -14 -3
right_child=18 2 3 -5 7 11 -8 -9 -10 10 16 17 13 -15 -16 20 -18 -19 22 -21 -22 -23 -24 -25 -26 -27
leaf_value=0.01799459369618758 0.15460661597824765 0 -0.19891059530147584 0 0.2127002853199344 -0 0.27664403947043109 -0 -0.15604787989093052 0.17505652485388268 0 0.077228362549413523 0 0.27263280860014166 -0 -0.011149923597397735 0.092375630966559624 -0.0738679527493733 -0.01688137829545415 -0.026127353352576276 -0.1464035618026609 -0.12859491094065528 0.064260080470701239 -0.21867233354660354 -0.059539956902155092 -0.037937524156173172
leaf_count=1494 85 61 364 44 50 48 29 25 71 144 33 39 69 43 21 338 37 93 39 519 118 23 31 66 58 58
internal_value=0 -0.0219915 -0.16124 -0.445071 0 -0.139429 0.200817 0.411227 0.0224511 0.0479285 0.276731 -0.331647 0 0.302873 0.445917 -0.0266348 -0 -0 0.338943 0.0033734 -0.234698 -0.282799 0 -0.613024 -0 -0
internal_count=4000 3845 877 408 469 394 148 75 2968 2897 258 246 2639 170 165 2469 93 132 155 2013 456 56 70 114 127 119
cat_boundaries=0 4 5 6
cat_threshold=1354766561 4924010 0 256 2 1
shrinkage=0.317716


Tree=10
num_leaves=28
num_cat=3
split_feature=1 8 5 5 11 2 11 10 10 11 10 6 10 10 10 2 11 8 5 6 8 3 3 10 11 6 8
split_gain=4.18392 1.72259 1.2479 0.956126 1.39769 0.799412 0.735626 0.72436 1.31761 0.714692 0.711165 0.788589 0.686669 0.653159 1.64461 1.11446 0.944196 0.79257 0.622881 0.59799 0.570621 0.349993 0.295778 0.279901 0.0902491 0.0869351 0.0306833
threshold=0 3870.2500000000005 19.750000000000004 1027.7500000000002 26626.000000000004 1 17563.000000000004 3220.7500000000005 114560.00000000001 25.000000000000004 3.2500000000000004 1084.7500000000002 3961.7500000000005 152.50000000000003 1.7500000000000002 2 63781.000000000007 176.50000000000003 100650.25000000001 12580.000000000002 154.00000000000003 1.7500000000000002 12.250000000000002 2790.2500000000005 847.00000000000011 4.7500000000000009 258.25000000000006
decision_type=5 2 2 2 2 5 2 2 2 2 2 2 2 2 2 5 2 2 2 2 2 2 2 2 2 2 2
left_child=1 5 6 4 9 26 10 21 -9 -4 11 22 25 14 15 19 17 -15 -17 -5 -16 -8 24 -18 -2 -12 -1
right_child=2 -3 3 13 -6 -7 7 8 -10 -11 12 -13 -14 16 20 18 23 -19 -20 -21 -22 -23 -24 -25 -26 -27 -28
leaf_value=0.026886657458879526 -0.0018801520303540324 0.037822311450246879 0.037854231865393523 -0 -0 -0.12250711614991451 0.10738099967460139 -0.15092496712877501 0.085404095019781495 0.27816793823263292 -0.13085928424214052 -0.13557679447665125 0 -0.16558890749104815 0.22822637852806255 -0.075546107493643766 -0 0 0.0065527338947088849 0.13097188208533386 0 -0 0.09715625512826985 0.10732206047239373 0.041421860729755906 -0 -0
leaf_count=74 1154 21 133 61 28 955 253 79 21 53 197 74 30 76 52 247 21 46 39 121 22 22 31 35 103 20 32
internal_value=0 -0.244097 0.0751105 0.178252 0.416253 -0.372306 -0 0.159888 -0 0.538327 -0.0519788 -0 -0.27408 0.082979 0.152378 0.0190686 -0.0510022 -0.282477 -0.089347 0.1844 0.564181 0.287084 0.0276532 0.18073 0 -0.382146 0.0172604
internal_count=4000 1082 2918 934 214 1061 1984 375 100 186 1609 1362 247 720 542 468 178 122 286 182 74 275 1288 56 1257 217 106
cat_boundaries=0 3 6 7
cat_threshold=398038448 1107434242 32832 1077940352 37748736 8192 1
shrinkage=0.317716


Tree=11
num_leaves=42
num_cat=3
split_feature=1 3 3 9 3 5 5 0 7 11 5 9 11 11 0 3 5 7 7 5 0 7 7 6 0 11 11 11 5 0 0 11 5 5 7 7 11 5 7 5 7
split_gain=3.13321 1.2647 0.869185 1.42953 1.72327 0.984074 1.26706 0.718365 0.530111 1.3421 1.02521 0.484099 0.492828 0.472745 0.992262 0.423735 0.417256 0.414072 0.677129 0.402318 0.362913 0.3363 0.336082 0.323968 0.315211 0.741884 0.734345 0.636869 0.287765 0.258486 1.61083 0.220442 0.171982 0.0924179 0.0656216 0.0615477 0.0220836 0.0180777 0.360371 0.00780619 8.45206e-05
threshold=0 1408.7500000000002 4.7500000000000009 1 783.25000000000011 40.750000000000007 24456.250000000004 4.7500000000000009 139898.00000000003 190.00000000000003 49.750000000000007 2 469.00000000000006 106189.00000000001 1.7500000000000002 2777.5000000000005 21.250000000000004 51646.000000000007 79565.500000000015 100650.25000000001 7.7500000000000009 226530.50000000003 558.25000000000011 1627.0000000000002 4.7500000000000009 17563.000000000004 16137.250000000002 107115.50000000001 64876.750000000007 6.2500000000000009 10.750000000000002 424.75000000000006 44398.750000000007 40927.750000000007 344786.00000000006 427.00000000000006 14005.750000000002 650.50000000000011 3.2500000000000004 492.25000000000006 1376.5000000000002
decision_type=5 2 2 1 2 2 2 2 2 2 2 1 2 2 2 2 2 2 2 2 2 2 2 2 2 2 2 2 2 2 2 2 2 2 2 2 2 2 2 2 2
left_child=1 19 11 4 5 7 23 -4 10 -10 31 13 16 14 37 32 29 20 -19 -1 -12 -11 -16 -7 25 36 35 -27 -23 -13 -31 -5 -6 -8 -3 -26 -14 38 -2 -18 -24
right_child=2 34 3 8 15 6 33 -9 9 21 17 12 24 -15 22 -17 39 18 -20 -21 -22 28 40 -25 26 27 -28 -29 -30 30 -32 -33 -34 -35 -36 -37 -38 -39 -40 -41 -42
leaf_value=-0.1557135267450703 0 0.023371608095089272 -0.10966994082715224 -0 -0 0 -0.024305112397784608 0.10047461983625779 0.14731482432521001 0.0071371823649585501 -0.19386415485403383 -0 -0.050694145343182097 0.042477775884634326 -0.14602938319861442 0.050420981730284913 0.18483927410865475 0.071187400426725722 -0.11630446896054691 -0 -0 -0.11996199715144168 0 0.19836400436543164 -0 0.099280440197882389 -0.15356489616989669 -0 0 0.23722464330761922 -0 0.076385157663941855 -0.11050428822987134 0.039836773837825336 -0.025165704989529601 0.050767721642437452 0 0.0019262800337280109 -0.09056255879682644 0 -0.0015822625647481548
leaf_count=713 559 51 54 24 57 30 33 22 50 20 99 355 187 49 235 20 20 54 48 31 25 34 32 245 42 187 82 61 20 48 72 48 21 32 61 20 23 38 88 47 63
internal_value=0 -0.24538 0.0569601 0.147002 0.271428 0.390265 0.460294 -0 -0 0.11495 -0.141268 0 0.0599308 -0.0794911 -0.128839 -0 0.155124 -0.329259 -0 -0.440599 -0.486995 -0.03976 -0.364757 0.576024 -0 0.0196551 -0.20293 0.184896 -0.21327 0.0292949 0.173215 0.0769529 -0.202004 0 0 0 -0.143161 -0 -0.0262093 0.422552 -0
internal_count=4000 856 3144 936 514 416 340 76 422 124 298 2208 1144 1064 1015 98 542 226 102 744 124 74 330 275 602 458 144 248 54 475 120 72 78 65 112 62 210 685 647 67 95
cat_boundaries=0 3 4 5
cat_threshold=380211616 1107434306 32848 2 2
shrinkage=0.317716


Tree=12
num_leaves=28
num_cat=2
split_feature=1 7 0 0 1 4 6 6 4 4 7 4 0 6 10 7 10 10 0 7 4 10 4 8 10 10 10
split_gain=1.81859 2.24504 1.09441 1.12429 0.809194 1.45719 1.30891 1.21625 1.11816 0.684341 0.603527 2.57626 0.971897 0.574646 0.514123 0.395457 0.805396 0.386234 0.287958 0.231553 0.221738 0.211545 0.182128 0.1555 0.037438 0.099313 0.0258937
threshold=0 22486.000000000004 18.250000000000004 4.7500000000000009 1 1423.0000000000002 72269.500000000015 1577.5000000000002 162987.00000000003 409.00000000000006 13798.000000000002 25.750000000000004 9.2500000000000018 1627.0000000000002 384.25000000000006 81205.750000000015 152.50000000000003 731.50000000000011 6.2500000000000009 757.75000000000011 12719.500000000002 143.50000000000003 56389.750000000007 493.75000000000006 143.50000000000003 229.00000000000003 384.25000000000006
decision_type=5 2 2 2 5 2 2 2 2 2 2 2 2 2 2 2 2 2 2 2 2 2 2 2 2 2 2
left_child=1 21 3 4 7 9 13 19 -8 14 11 24 -13 -7 -6 16 20 22 -12 -2 -3 -1 -17 -19 -5 -26 -23
right_child=2 15 -4 10 5 6 8 -9 -10 -11 18 12 -14 -15 -16 17 -18 23 -20 -21 -22 26 -24 -25 25 -27 -28
leaf_value=-0.21412709815031133 -0 0 0.10745664361024805 -0.085045843460330173 0.029911355775675635 -0 -0.030238767001080406 -0.13804976724508364 0.13659680793936671 -0.12619860815550274 0 -0 0.27272751685962721 0.13397771464368283 -0.029847607671551767 -0 -0.048331228121966552 -0 -0.13055896886698179 0.090828029935652019 0.16068329509960316 0 -0.087800300511168189 0.061708799743384543 0.010870274398277695 -0.056689077071288639 -0.030967407077356207
leaf_count=325 36 112 128 295 1131 25 140 181 20 82 31 40 45 355 278 123 54 28 108 25 52 24 171 35 28 67 61
internal_value=0 -0.173164 0.0448535 0.014782 0.0641724 0.0938798 0.239508 -0.105704 0 0 -0.15052 -0 0.599611 0.384015 0.0309494 -0.0117351 0.0974209 -0.123211 -0.341791 0.0578325 0.320119 -0.587123 -0.205893 0 -0.226801 -0 -0
internal_count=4000 985 3015 2887 2273 2031 540 242 160 1491 614 475 85 380 1409 575 218 357 139 61 164 410 294 63 390 95 85
cat_boundaries=0 3 6
cat_threshold=519673264 1107467010 32848 6 278732 8390656
shrinkage=0.317716


Tree=13
num_leaves=19
num_cat=2
split_feature=10 10 10 10 10 3 6 6 7 9 0 5 7 7 5 5 0 9
split_gain=0.522977 1.40962 0.403151 1.87337 3.0249 1.22783 0.954968 0.831111 1.31549 0.731765 1.02446 0.2557 1.53856 0.716677 0.252593 0.223661 0.420947 0.0174041
threshold=224327.50000000003 5033.5000000000009 1689.2500000000002 152.50000000000003 71.500000000000014 2594.5000000000005 4.7500000000000009 29513.500000000004 156545.00000000003 0 10.750000000000002 39.250000000000007 865.75000000000011 12508.000000000002 9.2500000000000018 9.2500000000000018 3.2500000000000004 1
decision_type=2 2 2 2 2 2 2 2 2 1 2 2 2 2 2 2 2 1
left_child=1 2 3 4 11 6 17 15 -9 -6 -11 12 -1 -13 -8 16 -4 -5
right_child=-2 -3 7 5 9 -7 14 8 -10 10 -12 13 -14 -15 -16 -17 -18 -19
leaf_value=-0 0.098234115697834426 -0.14524143843968992 0.085696536671362594 0 -0 0.0086382895068098844 -0 0.26728772511722337 -0 0.24565762675183089 0 0.084024342128964258 -0.13471824766784482 -0.0031746120982981906 -0.21020105128478736 -0.071321425253076748 -0.00041785161415394646 -0.014191447996225067
leaf_count=1438 26 146 101 33 32 27 35 28 40 91 28 203 293 992 185 66 52 184
internal_value=0 -0.0198154 -0 -0.0174293 0.0160328 -0.282786 -0.388665 0.144991 0.408009 0.504649 0.603615 -0.0166713 -0.064195 0.0118652 -0.609341 -0 0.0516063 -0.0108099
internal_count=4000 3974 3828 3541 3077 464 437 287 68 151 119 2926 1731 1195 220 219 153 217
cat_boundaries=0 1 2
cat_threshold=2 2
shrinkage=0.317716


Tree=14
num_leaves=38
num_cat=3
split_feature=1 0 10 7 11 11 0 7 10 11 6 1 11 1 7 7 0 11 11 7 5 0 8 8 6 6 6 6 5 5 10 10 7 8 0 10 10
split_gain=1.32398 1.2043 0.948432 1.03792 0.823265 1.54057 1.93732 1.28875 0.891034 0.797487 0.722851 0.671094 0.890227 0.615006 1.2573 1.48328 0.513271 0.42035 0.58268 0.401972 0.400682 0.345564 0.307228 0.272883 0.182496 0.786703 0.135111 1.01052 0.381921 0.359477 0.127414 0.0787264 0.0776676 0.0332198 0.029093 0.0248731 0.0149185
threshold=0 12.250000000000002 6.2500000000000009 33877.000000000007 25.000000000000004 456.25000000000006 10.750000000000002 18854.500000000004 224327.50000000003 149339.50000000003 1577.5000000000002 1 26478.250000000004 2 14487.250000000002 5403.2500000000009 1.7500000000000002 71482.750000000015 103626.00000000001 10770.250000000002 31807.750000000004 1.7500000000000002 1.7500000000000002 130.75000000000003 271.75000000000006 861.25000000000011 40848.250000000007 72269.500000000015 7072.7500000000009 11380.000000000002 84.250000000000014 384.25000000000006 3.2500000000000004 15.250000000000002 18.250000000000004 1.7500000000000002 1115.5000000000002
decision_type=5 2 2 2 2 2 2 2 2 2 2 5 2 5 2 2 2 2 2 2 2 2 2 2 2 2 2 2 2 2 2 2 2 2 2 2 2
left_child=1 2 3 22 13 6 7 -6 11 10 -4 12 31 16 15 21 33 30 -19 -17 -5 35 24 -3 32 -26 -16 28 -28 -29 -13 -7 -1 -2 -8 -15 -14
right_child=4 23 9 20 5 8 34 -9 -10 -11 -12 17 36 14 26 19 -18 18 -20 -21 -22 -23 -24 -25 25 -27 27 29 -30 -31 -32 -33 -34 -35 -36 -37 -38
leaf_value=0 -0.030044415397867463 0 0 0.16886717597923012 0 0.18536486198414431 -0.024105880164793741 0.31375339255626022 0.098024470217425899 0.031114077504551554 -0.1489851469894537 -0.011890271720568181 -0.024714797071066458 -0.009427970570725518 -0.15063640084302296 0.20300030251714796 0.11169887773231631 0.1040620264630048 -0.047420062043607478 -0 0 -0.085990526191410427 -0.093052756788158206 0.27176552035924023 0.16366891755664889 -0 -0 0 0.10514729667645335 -0.11312324790607955 -0.092330865777313587 0 -0.051842016279603526 0 0 0 0
leaf_count=25 75 47 44 111 54 39 55 32 23 24 117 323 23 802 317 38 70 46 133 29 59 320 60 24 27 65 43 30 27 138 489 27 71 84 24 58 27
internal_value=0 0.132185 0.0485766 0.183511 -0.0523658 0.00761268 0.279575 0.564774 -0.0541038 -0.133632 -0.315264 -0.106173 0.0753223 -0.123182 -0.147284 -0.0240396 0.0446871 -0.142569 0 0.481386 0.365901 -0.105602 -0 0.606287 0.0402108 0.167897 -0.320299 -0.131434 0.0949491 -0.29306 -0.214755 0.472226 -0 -0 -0 -0.00729177 -0
internal_count=4000 674 603 418 3326 1295 165 86 1130 185 161 1107 116 2031 1802 1247 229 991 179 67 170 1180 248 71 188 92 555 238 70 168 812 66 96 159 79 860 50
cat_boundaries=0 4 5 7
cat_threshold=140292 939810924 276826624 536870913 25428000 623122 66048
shrinkage=0.317716


Tree=15
num_leaves=26
num_cat=2
split_feature=2 11 10 2 5 5 5 10 10 0 6 11 7 8 7 11 10 6 10 8 11 6 7 7 6
split_gain=1.19033 0.74585 1.5322 0.580937 0.52662 0.398654 0.676352 0.519937 1.04849 0.670472 0.500957 1.11425 0.389306 0.373727 0.334839 0.284537 0.239973 1.04632 0.168582 0.142508 0.126942 0.260813 0.0364314 0.0199304 0.0069604
threshold=0 47512.750000000007 36.250000000000007 1 33883.750000000007 21175.750000000004 7203.2500000000009 357.25000000000006 1.7500000000000002 10.750000000000002 1.7500000000000002 167260.00000000003 558.25000000000011 2063.5000000000005 145401.00000000003 134020.00000000003 51.250000000000007 133643.50000000003 1689.2500000000002 192.25000000000003 469.00000000000006 137862.50000000003 219651.50000000003 389942.00000000006 36863.500000000007
decision_type=5 2 2 5 2 2 2 2 2 2 2 2 2 2 2 2 2 2 2 2 2 2 2 2 2
left_child=1 2 4 13 12 6 7 8 19 -10 15 -12 -1 -2 -8 -9 20 24 -4 -5 21 -7 -16 -23 -18
right_child=3 -3 18 5 -6 16 14 10 9 -11 11 -13 -14 -15 22 -17 17 -19 -20 -21 -22 23 -24 -25 -26
leaf_value=-0 -0.13302710516541191 0.20118143878455017 -0.12644552492547509 -0.011809819057370283 -0 0.055029420025335882 -0.12008921678746257 0.013334836127802337 0.10527004103159179 -0 -0.17388515923953321 0 0.1314699641950047 -0 0.019057746503695776 -0.071277796954336725 0 0.15535155791488595 -0 0.029811149007774412 -0.055335166374177486 0 -0.029842097979382309 -0.019969573014482739 -0.014653878311137788
leaf_count=74 299 40 47 1795 49 100 158 287 268 42 176 24 174 25 28 77 23 41 22 68 24 44 51 30 34
internal_value=0 0.161974 0.0733182 -0.034356 0.245308 -0.00360843 -0.0330784 -0.000522338 0.022221 0.242362 -0.136403 -0.335999 0.345199 -0.185431 -0.264783 -0 0.0998797 0.225333 -0.293534 -0.0132766 0 0.053063 -0 -0 -0
internal_count=4000 406 366 3594 297 3270 2974 2737 2173 310 564 200 248 324 237 364 296 98 69 1863 198 174 79 74 57
cat_boundaries=0 4 7
cat_threshold=12587056 4857888 8388640 256 875308416 1073742592 1024
shrinkage=0.317716


Tree=16
num_leaves=23
num_cat=2
split_feature=2 0 11 11 11 3 3 0 4 4 7 5 4 7 3 11 7 5 4 5 5 9
split_gain=0.667165 0.252811 0.447268 0.492297 1.04353 0.221219 1.17234 1.02679 0.957661 0.924232 1.15232 1.33525 0.722576 1.32422 0.691956 0.555869 0.395614 0.369245 0.177546 0.100969 0.031446 0.291989
threshold=0 10.750000000000002 424.75000000000006 12696.250000000002 47512.750000000007 783.25000000000011 627.25000000000011 1.7500000000000002 13135.000000000002 52907.500000000007 67023.250000000015 40927.750000000007 8639.5000000000018 14968.750000000002 208.75000000000003 1371.2500000000002 289851.00000000006 46169.500000000007 7665.2500000000009 286.75000000000006 20461.750000000004 1
decision_type=5 2 2 2 2 2 2 2 2 2 2 2 2 2 2 2 2 2 2 2 2 1
left_child=1 2 19 -4 -5 6 9 8 -7 10 12 18 13 -2 17 -14 -9 -11 -12 -1 21 -21
right_child=5 -3 3 4 -6 7 -8 16 -10 14 11 -13 15 -15 -16 -17 -18 -19 -20 20 -22 -23
leaf_value=-0.046177677299286957 -7.4054653013241862e-05 0.1354276919257619 0.13446797174838354 -0.12917789214107769 0.094060356302072878 0 0.1625296201217532 -0 -0.13779246375810159 0.18070423974504143 -0 0 0.10373687641270807 -0.11832191599100517 -0 -0 0.08571496847323784 0 -0.17016262690166387 0.065255770267523799 -0 -0
leaf_count=109 2382 28 59 43 42 38 24 28 180 34 25 34 162 240 51 60 42 24 219 98 40 38
internal_value=0 0.110488 0.0462051 0.207527 0 -0.0315773 -0.0104367 -0.139872 -0.310794 -0.0330364 -0.0620541 -0.317013 -0.0166456 -0.050388 0.233055 0.20454 0.0658453 0.430369 -0.478648 -0 0 0.0576052
internal_count=4000 457 429 144 85 3543 3255 288 218 3231 3122 278 2844 2622 109 222 70 58 244 285 176 136
cat_boundaries=0 4 5
cat_threshold=1086330928 4857856 8388640 256 2
shrinkage=0.317716


Tree=17
num_leaves=22
num_cat=5
split_feature=1 2 2 7 6 0 7 0 5 5 9 5 5 6 9 0 0 0 0 0 6
split_gain=1.45189 1.0375 0.546177 0.605017 0.327089 0.211454 0.196266 0.182315 0.345253 1.00256 0.670169 0.673121 0.505249 0.47624 0.108174 0.0865447 0.557791 0.237039 0.149276 0.127137 0.0167516
threshold=0 1 2 558.25000000000011 113580.00000000001 18.250000000000004 131793.50000000003 21.250000000000004 2122.7500000000005 5351.5000000000009 3 650.50000000000011 106.00000000000001 12580.000000000002 4 18.250000000000004 10.750000000000002 9.2500000000000018 25.750000000000004 1.7500000000000002 165309.00000000003
decision_type=5 5 5 2 2 2 2 2 2 2 1 2 2 2 1 2 2 2 2 2 2
left_child=1 20 6 15 5 -3 -2 8 10 -10 11 -5 -12 -11 -6 16 17 19 -17 -4 -1
right_child=2 4 3 7 14 -7 -8 -9 9 13 12 -13 -14 -15 -16 18 -18 -19 -20 -21 -22
leaf_value=0.02515884639372893 -0.1208027643815951 -0.16805205156031144 0 0.0026077222289175544 0 -0 0 -0 -0.087376446701042998 -0.017970188949959703 0.070802359539764825 0.1941401187726384 -0.03389456664068384 0.051773991436549031 -0.06138879137829284 0.066266626824857192 -0.10735271305247447 0.090011100194775928 -0 -0.035331212754719184 -0
leaf_count=91 204 621 1245 157 55 22 21 23 113 65 123 66 129 470 59 39 122 29 40 285 21
internal_value=0 -0.169399 0.0371403 0.0578207 -0.28762 -0.501355 -0.119149 0.122916 0.133653 0.0421001 0.231193 0.373999 0 0.117946 -0 -0 -0.0127995 0 0.0923865 -0.000971723 0.0307558
internal_count=4000 869 3131 2906 757 643 225 1146 1123 648 475 223 252 535 114 1760 1681 1559 79 1530 112
cat_boundaries=0 4 6 9 10 11
cat_threshold=519672226 1107466498 32832 16777216 12587136 37748738 671089792 33555232 1312 2 2
shrinkage=0.317716


Tree=18
num_leaves=21
num_cat=0
split_feature=0 4 0 3 11 8 4 7 0 8 3 4 4 7 0 4 4 4 6 7
split_gain=0.320815 0.487381 0.639102 0.923448 1.03299 0.415041 0.390513 0.537046 0.386625 1.25562 0.654679 0.24304 1.40573 0.745264 0.213144 1.10503 0.179088 0.170296 0.145173 0.0465916
threshold=18.250000000000004 162987.00000000003 4.7500000000000009 97.000000000000014 6203.5000000000009 2380.0000000000005 254.50000000000003 13372.750000000002 3.2500000000000004 47.500000000000007 2251.7500000000005 2328.2500000000005 3342.2500000000005 3.2500000000000004 21.250000000000004 160.75000000000003 10.750000000000002 12.250000000000002 912.25000000000011 306585.00000000006
decision_type=2 2 2 2 2 2 2 2 2 2 2 2 2 2 2 2 2 2 2 2
left_child=1 2 8 4 6 -5 18 -8 10 16 11 13 -13 -1 15 -2 -10 -16 -4 -12
right_child=14 -3 3 5 -6 -7 7 -9 9 -11 19 12 -14 -15 17 -17 -18 -19 -20 -21
leaf_value=0 -0 0.063823056144809959 0 -0.17181684584524182 -0.15099068281660485 0 0.14619473911894942 -0 0 0.2066655607119304 -0 0.1600110354612658 -0 -0.066473276884182655 0.037718109265783686 0.21280502932422207 -0.077340337708630247 -0.037831953060238219 -0.069244755228453053 -0.13953913206590979
leaf_count=1293 22 35 302 111 117 21 72 82 78 34 26 67 888 555 68 20 47 45 61 56
internal_value=0 -0.0169793 -0.0343998 -0.161241 -0.00433594 -0.452394 0.0360038 0.214466 -0 0.204903 -0.0177322 -0 0.0488039 -0.0385788 0.135774 0.306738 -0 0 -0 -0.332081
internal_count=4000 3845 3810 766 634 132 517 154 3044 159 2885 2803 955 1848 155 42 125 113 363 82
shrinkage=0.317716


Tree=19
num_leaves=29
num_cat=6
split_feature=1 6 1 11 8 11 8 8 6 11 9 6 11 11 6 4 4 6 3 3 6 1 1 3 6 11 6 9
split_gain=0.919577 0.508048 0.456955 0.801276 0.977293 0.470767 0.444182 0.418679 0.388597 0.352225 0.228074 0.224048 0.386297 0.785377 0.268622 0.218431 0.97709 1.09413 0.264439 0.421394 0.384387 0.216945 1.00376 0.200144 0.253821 0.143348 0.0707995 0.000947386
threshold=0 113580.00000000001 1 6823.0000000000009 3.2500000000000004 17563.000000000004 130.75000000000003 32.500000000000007 46335.250000000007 63781.000000000007 2 1264.7500000000002 134020.00000000003 80202.250000000015 33567.250000000007 254.50000000000003 1000.7500000000001 10276.000000000002 783.25000000000011 2965.0000000000005 40848.250000000007 3 4 670.00000000000011 1.7500000000000002 1441.0000000000002 137862.50000000003 5
decision_type=5 2 5 2 2 2 2 2 2 2 1 2 2 2 2 2 2 2 2 2 2 5 5 2 2 2 2 1
left_child=1 23 3 4 -2 15 10 11 -9 -5 -6 12 13 -7 -13 21 17 -17 20 -20 -18 -4 25 24 -1 -23 -10 -14
right_child=2 -3 5 9 6 7 -8 8 26 -11 -12 14 27 -15 -16 16 18 -19 19 -21 -22 22 -24 -25 -26 -27 -28 -29
leaf_value=-0 0.16712309248814883 -0 0.0072368492774837964 -0.10344227663776928 -0.086547557536311839 0 0.066242412108570306 0.18562837427587103 -0.0011479875187447388 0 0 -0.10272298815176494 0 0.16291089682619761 0 0.23499751785361425 -0.021050519938670076 -0 -0.088833665303849702 0 0.042171690887781249 0.00054118397410247391 -0.097064994253610717 -0 -0.14960927927184453 -0.052483720421312996 0.040541925500604772 -0.0076285088698947326
leaf_count=131 146 76 101 55 50 223 85 40 25 36 30 71 26 51 22 35 391 25 105 20 172 1150 202 75 423 146 31 57
internal_value=0 -0.155196 0.0247536 0.126476 0.273723 -0 0 0.104654 0.306477 -0.013555 -0.118289 0 0.0757842 0.171909 -0.134357 -0.0312473 0 0.433418 -0.0244903 -0.16321 0 -0.0720292 -0.0878628 -0.327305 -0.366893 -0 0 -0.0177876
internal_count=4000 705 3295 402 311 2893 165 546 96 91 80 450 357 274 93 2347 748 60 688 125 563 1599 1498 629 554 1296 56 83
cat_boundaries=0 3 7 8 10 11 12
cat_threshold=380178720 1107466502 32832 4333568 671359112 268438016 553648129 2 134 65536 1 2
shrinkage=0.317716


Tree=20
num_leaves=28
num_cat=2
split_feature=1 6 10 4 10 1 10 6 10 4 11 11 0 0 5 0 4 6 6 11 11 10 11 11 11 11 11
split_gain=0.603926 0.50441 0.4045 1.58165 0.954458 0.404825 0.767232 0.823907 0.677242 0.902737 0.357708 0.709015 0.56619 0.482858 1.42272 0.404959 0.29891 0.253298 0.226298 0.199439 0.161598 0.17736 0.0943578 0.0434273 0.024503 0.00444768 0.00352112
threshold=0 113580.00000000001 1689.2500000000002 2328.2500000000005 357.25000000000006 1 112.75000000000001 2255.5000000000005 10.750000000000002 7139.5000000000009 469.00000000000006 24661.750000000004 4.7500000000000009 6.2500000000000009 2122.7500000000005 16.750000000000004 64271.500000000007 1.7500000000000002 4.7500000000000009 6361.7500000000009 134020.00000000003 2696.5000000000005 14005.750000000002 143.50000000000003 10114.750000000002 10423.750000000002 42214.750000000007
decision_type=5 2 2 2 2 5 2 2 2 2 2 2 2 2 2 2 2 2 2 2 2 2 2 2 2 2 2
left_child=1 18 4 17 5 6 8 -8 9 -2 13 12 -12 14 -7 -15 26 20 23 -10 21 -4 -23 -1 -3 -25 -6
right_child=2 24 3 -5 16 10 7 -9 19 -11 11 -13 -14 15 -16 -17 -18 -19 -20 -21 -22 22 -24 25 -26 -27 -28
leaf_value=-0.033991167893846368 0 0.014965744616732142 -0 0.1527573863149749 -0.11517060852248347 0.11411829705539994 0 0.23855309732231939 -0.13046976854314224 0.092567000970944002 -0.15894303102765597 0 0 -0.09920454068238474 -0.012442022325655602 0 0 -0.088250075330767105 -0.11991573863720048 -0 -0.0086252969179530081 -0 0.086504455936773306 0.013300899224734581 -0.014514752222145089 -0 -0
leaf_count=83 1450 70 45 105 213 178 84 28 57 182 97 37 28 91 316 33 20 64 467 35 60 33 78 26 32 22 66
internal_value=0 -0.127461 0.0166779 0.144271 -0 0.0241608 0.0672096 0.362008 0.0237512 0.0646802 -0.0301747 -0.196647 -0.371653 0 0.0677852 -0.173615 -0.252823 -0 -0.289327 -0.260974 0 0.133153 0.221833 -0 0 0 -0.323216
internal_count=4000 700 3300 385 2915 2616 1836 112 1724 1632 780 162 125 618 494 124 299 280 598 92 216 156 111 131 102 48 279
cat_boundaries=0 3 7
cat_threshold=381161776 1375869190 32832 151191685 134226568 268437504 536903680
shrinkage=0.317716


Tree=21
num_leaves=32
num_cat=3
split_feature=1 3 7 1 4 7 5 3 4 5 7 5 10 5 10 10 10 10 6 6 3 5 5 3 6 3 7 3 9 6 10
split_gain=0.477218 0.217546 0.433859 0.421488 0.474872 0.75911 0.413646 0.755453 0.521531 0.39905 0.226658 0.250214 0.148401 0.377851 0.108895 0.670154 0.327272 0.184536 0.109802 0.869061 0.0901903 0.145068 0.0899995 0.251309 0.0561498 0.109427 0.0496241 0.0397017 0.247832 0.0216679 0.00699579
threshold=0 12.250000000000002 79565.500000000015 1 2934.2500000000005 1062.2500000000002 5582.5000000000009 79.750000000000014 33350.500000000007 569.50000000000011 139898.00000000003 21175.750000000004 34.750000000000007 31807.750000000004 2140.7500000000005 384.25000000000006 4311.2500000000009 16877.500000000004 7455.2500000000009 536.50000000000011 33.250000000000007 49.750000000000007 100650.25000000001 783.25000000000011 113580.00000000001 670.00000000000011 75072.250000000015 77.500000000000014 2 127291.50000000001 731.50000000000011
decision_type=5 2 2 5 2 2 2 2 2 2 2 2 2 2 2 2 2 2 2 2 2 2 2 2 2 2 2 2 1 2 2
left_child=24 3 6 4 5 -2 7 20 9 -9 11 -4 22 -14 15 18 -16 -18 19 -5 21 -3 23 -12 25 -1 -20 28 -8 -15 -26
right_child=1 2 10 14 -6 -7 27 8 -10 -11 12 -13 13 29 16 -17 17 -19 26 -21 -22 -23 -24 -25 30 -27 -28 -29 -30 -31 -32
leaf_value=-0.078442928413161001 0 0.057138743392800874 -0.092118759065598743 0 0 -0.1883594448534287 -0 0 -0 0.19865476673643978 0 0 0.11108929946341893 -0.025239590054688395 0.079667892329832818 -0.092447766988034988 -0.074534770837321421 0.013005834340243919 -0.02732693714663641 0.13353351398243896 -0.029469468639065133 -0 0.016520375142692879 -0.065865988235236594 -0.008878673054735841 0 0 -0.029045670989880673 0.087511120927278099 0.0031846844262714406 0
leaf_count=464 102 72 75 1473 38 223 37 38 32 83 94 24 33 28 107 170 71 35 79 86 63 65 52 81 80 75 20 94 36 47 23
internal_value=0 0.0117537 0.0609942 -0.00607489 -0.141605 -0.388785 0.15163 0.221455 0.393424 0.471016 -0 -0.170346 0.023568 0.122858 0.0103034 -0 0.0956521 -0 0.0253855 0.047814 0 0.0783959 -0 -0.0690024 -0.113822 -0.216721 -0.0142763 -0 0 -0 -0
internal_count=4000 3358 954 2404 363 325 520 353 153 121 434 99 335 108 2041 1828 213 106 1658 1559 200 137 227 175 642 539 99 167 73 75 103
cat_boundaries=0 4 7 8
cat_threshold=49877280 1107466274 268468288 32768 16909442 4 8388608 2
shrinkage=0.317716


Tree=22
num_leaves=36
num_cat=5
split_feature=11 11 4 5 11 10 3 11 10 7 5 8 4 4 7 9 8 8 5 4 4 3 9 7 9 9 4 9 8 3 3 3 4 10 8
split_gain=0.19778 1.2361 0.722737 0.659629 0.558925 0.577421 0.453382 0.52408 0.411479 0.369019 0.453045 0.24649 0.221809 1.03392 0.628161 0.56367 0.375958 0.355457 0.327525 0.21995 1.13141 0.39774 0.191828 0.146128 0.227524 0.201346 0.321938 0.102766 0.156355 0.0994156 0.307891 0.0928694 0.0525233 0.0119758 0.000735923
threshold=25.000000000000004 456.25000000000006 140616.00000000003 28.750000000000004 847.00000000000011 138.25000000000003 1.7500000000000002 26170.750000000004 202.75000000000003 42139.750000000007 32278.750000000004 40.000000000000007 13754.500000000002 23934.250000000004 1833.2500000000002 0 1368.2500000000002 47.500000000000007 59934.250000000007 12719.500000000002 2328.2500000000005 132.25000000000003 1 558.25000000000011 2 3 25.750000000000004 4 100.75000000000001 129.25000000000003 197.50000000000003 463.75000000000006 59765.500000000007 3.2500000000000004 19.750000000000004
decision_type=2 2 2 2 2 2 2 2 2 2 2 2 2 2 2 1 2 2 2 2 2 2 1 2 1 1 2 1 2 2 2 2 2 2 2
left_child=2 3 12 -2 -3 6 7 -6 -7 -8 -11 -5 14 22 23 16 18 29 -15 20 -10 -21 -14 24 -1 26 -25 28 -19 -16 -31 32 -17 -26 -24
right_child=1 4 -4 11 5 8 9 -9 19 10 -12 -13 13 15 17 31 -18 27 -20 21 -22 -23 34 25 33 -27 -28 -29 -30 30 -32 -33 -34 -35 -36
leaf_value=-0.031663491771315271 0 -0.093852293975198939 0.08865511088976602 0.18663469131321286 0.11719585186012546 -0.12443680889426363 -0.081020981743412546 -0 -0.016973460188202883 0.10814790808046648 -0 0 0.1332673829894116 -0.1313807332632094 -0.098403578937147046 0.064355437926719147 0 0.064615694624828385 -0 0 0.12025116715842715 -0.082734089812710507 0.0053659235511114307 -0 0.010672921216969358 -0 0.15304180558124494 -0.057570626221197456 -0 0.048804156384159927 -0.0785998016951093 -0 -0 -0 -0
leaf_count=793 120 131 22 47 187 68 57 26 526 57 36 27 76 137 423 40 49 48 39 52 104 126 20 30 303 40 53 44 67 20 74 42 21 60 35
internal_value=0 0.0257084 -0.03675 0.247885 -0.0241483 0 0.137689 0.272451 -0.0631708 -0 0.105595 0.465217 -0.0656907 0 -0.0941112 -0.103032 -0.230164 -0.202013 -0.321012 -0 0.0163666 -0.133663 0.318386 -0 -0.0330325 0.143231 0.284524 -0 0.0285439 -0.269895 -0 0.0036249 0.132031 0.0111892 0
internal_count=4000 1564 2436 194 1370 1239 363 213 876 150 93 74 2414 459 1955 328 225 676 176 808 630 178 131 1279 1156 123 83 159 115 517 94 103 61 363 55
cat_boundaries=0 1 2 3 4 5
cat_threshold=2 2 2 2 2
shrinkage=0.317716


Tree=23
num_leaves=33
num_cat=3
split_feature=1 11 3 11 5 11 0 11 8 11 1 11 7 11 5 7 3 8 11 0 9 0 0 0 0 7 7 11 7 11 11 5
split_gain=0.397952 1.00543 0.911343 0.79493 0.628924 0.181394 0.346235 0.956207 0.373009 0.277064 0.26756 0.558611 0.330478 0.285163 0.527459 1.38272 0.244204 0.519419 0.244202 0.133539 0.116216 0.629579 0.364004 0.197016 0.292118 0.249826 0.19252 0.082345 0.0753054 0.0616306 0.0597502 0.0536197
threshold=0 456.25000000000006 1529.5000000000002 25.000000000000004 5351.5000000000009 17563.000000000004 4.7500000000000009 106189.00000000001 229.75000000000003 47512.750000000007 1 4838.5000000000009 51646.000000000007 143.50000000000003 2122.7500000000005 92431.750000000015 12.250000000000002 102.25000000000001 13281.250000000002 10.750000000000002 2 1.7500000000000002 9.2500000000000018 13.750000000000002 1.7500000000000002 75072.250000000015 66613.000000000015 80202.250000000015 1.7500000000000002 269059.00000000006 19354.750000000004 12690.250000000002
decision_type=5 2 2 2 2 2 2 2 2 2 5 2 2 2 2 2 2 2 2 2 1 2 2 2 2 2 2 2 2 2 2 2
left_child=1 3 -3 4 -1 10 8 -8 9 30 20 13 18 14 19 -16 28 -18 -13 -12 23 26 -23 24 25 -2 -22 -11 -15 -29 -7 -6
right_child=5 2 -4 -5 31 6 7 -9 -10 27 11 12 -14 16 15 -17 17 -19 -20 -21 21 22 -24 -25 -26 -27 -28 29 -30 -31 -32 -33
leaf_value=-0.10150502624732199 0.057370757011398432 -0.19947010263926274 -0 0.11810748937486454 0.036240627428064019 0 -0.13076620974666733 0.063093056825970023 -0 -0 0.0097570006058790692 -0.16031290462794251 0 0.016324977453227842 -0.19356396674296689 -0 0.13762692007204852 -0 0 -0.036958169949570234 -0.051489673586179945 0.2477756453397961 0 0.08689325210517132 -0.075844668247237859 -0.01170460203461011 0.038805474524580275 0.040394070987683016 -0.025374737949984766 -0 0.10735688891474131 -0
leaf_count=324 80 239 48 39 79 34 94 34 27 65 1203 129 28 240 134 147 44 21 31 129 57 34 22 20 80 59 46 131 63 30 173 116
internal_value=0 -0.0971861 -0.371145 0 -0.0963875 0.0154971 0.0785602 -0.0153062 0.13599 0.181268 -0 -0.0257897 -0.289211 -0 -0.0393041 -0.182838 0.0829709 0.247741 -0.413669 0 0.0724705 0.18603 0.529831 0 -0.00635152 0 0 0 0 0.0825823 0.291774 0
internal_count=4000 845 287 558 519 3155 588 128 460 433 2567 2169 188 1981 1613 281 368 65 160 1332 398 159 56 239 219 139 103 226 303 161 207 195
cat_boundaries=0 4 8 9
cat_threshold=514429232 1107474754 268468288 32768 393728 402981384 2064 553648128 2
shrinkage=0.317716


end of trees

feature importances:
n_table_3.n_3=101
n_table_1.n_16=78
n_1=70
n_table_1.n_18=68
n_table_1.n_19=67
n_table_2.n_13=64
n_table_1.n_12=56
n_table_1.n_15=50
n_table_1.n_26=32
c_table_2.c_1=28
c_table_1.c_2=22
c_table_1.c_4=18

parameters:
[boosting: gbdt]
[objective: binary]
[metric: auc]
[tree_learner: serial]
[device_type: cpu]
[data: ]
[valid: ]
[num_iterations: 100]
[learning_rate: 0.317716]
[num_leaves: 55]
[num_threads: 4]
[max_depth: 7]
[min_data_in_leaf: 20]
[min_sum_hessian_in_leaf: 0.898071]
[bagging_fraction: 1]
[bagging_freq: 44]
[bagging_seed: 3]
[feature_fraction: 0.7]
[feature_fraction_seed: 2]
[early_stopping_round: 0]
[max_delta_step: 0]
[lambda_l1: 1.21623]
[lambda_l2: 1.29282]
[min_gain_to_split: 0]
[drop_rate: 0.1]
[max_drop: 50]
[skip_drop: 0.5]
[xgboost_dart_mode: 0]
[uniform_drop: 0]
[drop_seed: 4]
[top_rate: 0.2]
[other_rate: 0.1]
[min_data_per_group: 100]
[max_cat_threshold: 32]
[cat_l2: 10]
[cat_smooth: 10]
[max_cat_to_onehot: 4]
[top_k: 20]
[monotone_constraints: ]
[feature_contri: ]
[forcedsplits_filename: ]
[refit_decay_rate: 0.9]
[verbosity: -1]
[max_bin: 255]
[min_data_in_bin: 3]
[bin_construct_sample_cnt: 200000]
[histogram_pool_size: -1]
[data_random_seed: 1]
[output_model: LightGBM_model.txt]
[snapshot_freq: -1]
[input_model: ]
[output_result: LightGBM_predict_result.txt]
[initscore_filename: ]
[valid_data_initscores: ]
[pre_partition: 0]
[enable_bundle: 1]
[max_conflict_rate: 0]
[is_enable_sparse: 1]
[sparse_threshold: 0.8]
[use_missing: 1]
[zero_as_missing: 0]
[two_round: 0]
[save_binary: 0]
[enable_load_from_binary_file: 1]
[header: 0]
[label_column: ]
[weight_column: ]
[group_column: ]
[ignore_column: ]
[categorical_feature: ]
[predict_raw_score: 0]
[predict_leaf_index: 0]
[predict_contrib: 0]
[num_iteration_predict: -1]
[pred_early_stop: 0]
[pred_early_stop_freq: 10]
[pred_early_stop_margin: 10]
[convert_model_language: ]
[convert_model: gbdt_prediction.cpp]
[num_class: 1]
[is_unbalance: 0]
[scale_pos_weight: 1]
[sigmoid: 1]
[boost_from_average: 1]
[reg_sqrt: 0]
[alpha: 0.9]
[fair_c: 1]
[poisson_max_delta_step: 0.7]
[tweedie_variance_power: 1.5]
[max_position: 20]
[label_gain: ]
[metric_freq: 1]
[is_provide_training_metric: 0]
[eval_at: ]
[num_machines: 1]
[local_listen_port: 12400]
[time_out: 120]
[machine_list_filename: ]
[machines: ]
[gpu_platform_id: -1]
[gpu_device_id: -1]
[gpu_use_dp: 0]

end of parameters

pandas_categorical:[[0, 1, 2, 3, 4, 5, 6, 7, 8, 9, 10, 11, 12, 13, 14, 15, 16, 17, 18, 19, 20, 21, 22, 23, 24, 25, 26, 27, 28, 29, 30, 31, 32, 33, 34, 35, 36, 37, 38, 39, 40, 41, 42, 43, 44, 45, 46, 47, 48, 49, 50, 51, 52, 53, 54, 55, 56, 57, 58, 59, 60, 61, 62, 63, 64, 65, 66, 67, 68, 69, 70, 71, 72, 73, 74, 75, 76, 77, 78, 79, 80, 81, 82, 83, 84, 85, 86, 87, 88, 89, 90, 91, 92, 93, 94, 95, 96, 97, 98, 99, 100, 101, 102, 103, 104, 105, 106, 107, 108, 109, 110, 111, 112, 113, 114, 115, 116, 117, 118, 119, 120, 121, 122, 123, 124, 125, 126, 127, 128, 129, 130, 131, 132, 133, 134, 135, 136, 137, 138, 139, 140, 141, 142, 143, 144, 145, 146, 147, 148, 149, 150, 151, 152, 153, 154, 155, 156, 157, 158, 159, 160, 161, 162, 163, 164, 165, 166, 167, 168, 169, 170, 171, 172, 173, 174, 175, 176, 177, 178, 179, 180, 181, 182, 183, 184, 185, 186, 187, 188, 189, 190, 191, 192, 193, 194, 195], [0, 1, 2, 3, 4, 5, 6, 7, 8, 9, 10, 11, 12, 13, 14, 15, 16, 17, 18, 19, 20, 21, 22, 23, 24, 25, 26, 27, 28, 29, 30, 31, 32, 33, 34, 35, 36, 37, 38, 39, 40, 41, 42, 43, 44, 45, 46, 47, 48, 49, 50, 51, 52, 53, 54, 55, 56, 57, 58, 59, 60, 61, 62, 63, 64, 65, 66, 67, 68, 69, 70, 71, 72, 73, 74, 75, 76, 77, 78, 79, 80, 81, 82, 83, 84, 85, 86, 87, 88, 89, 90, 91, 92, 93, 94, 95, 96, 97, 98, 99, 100, 101, 102, 103, 104, 105, 106, 107, 108, 109, 110, 111, 112, 113, 114, 115, 116, 117, 118, 119, 120, 121, 122, 123, 124, 125, 126, 127, 128, 129, 130, 131, 132, 133, 134, 135, 136, 137, 138, 139, 140, 141, 142, 143, 144, 145, 146, 147, 148, 149, 150, 151], [0, 1]]
