tree
version=v2
num_class=1
num_tree_per_iteration=1
label_index=0
max_feature_idx=11
objective=binary sigmoid:1
feature_names=n_1 c_table_1.c_2 c_table_1.c_4 n_table_1.n_12 n_table_1.n_15 n_table_1.n_16 n_table_1.n_18 n_table_1.n_19 n_table_1.n_26 c_table_2.c_1 n_table_2.n_13 n_table_3.n_3
feature_infos=[1:335.5] 24:0:17:16:10:7:34:23:19:60:18:15:44:28:1:5:8:35:45:38:41:68:4:12:25:13:2:75:49:20:39:48:50:46:21:111:22:92:33:56:57:59:87:27:79:120:9:37:43:62:125:26:47:96:40:61:70:73:3:6:67:72:76:31:42:66:77:85:104:108:124:132:53:54:89:91:93:136:55:64:82:84:94:101:115:121:140:36:51:71:80:81:88:97:98:102:103:119:127:135:147:149:30:52:63:118:123:133:139:144:165:167:32:58:69:74:78:90:99:110:112:114:116:131:134:137:146:161:162:166:174 4:0:10:12:2:11:7:5:45:51:35:8:18:23:33:40:77:30:37:38:41:57:29:28:16:74:62:49:13:21:48:104:6:69:22:26:39:54:19:27:72:87:95:3:31:55:56:106:15:17:60:61:96:103:92:25:66:67:78:80:81:93:94:109:113:117:122:1:24:44:46:47:53:59:65:83:84:99:112:121:133:14:20:36:63:70:82:97:102:116:136:32:34:42:52:58:64:71:75:85:90:98:107:111:115:124:129:130:131:132 [1:8524] [1:274774] [1:249100] [1:574087] [1:1285890] [1:121640] 1:0 [1:395101] [1:509664]
tree_sizes=1156 1185 1146 1104 1080 1165 1318 1011 1192 1110 1376 1183 1170 1300 1039 1198 1240 1221 1154 1130 1159 1439 1219 1364 893

Tree=0
num_leaves=14
num_cat=2
split_feature=5 0 6 3 6 9 9 0 10 3 6 5 6
split_gain=32.9911 8.64813 4.14114 2.68128 3.22911 1.95482 1.7117 1.21695 1.16957 0.396863 0.997003 0.284954 0.216842
threshold=43495.750000000007 18.250000000000004 83866.750000000015 43.000000000000007 17067.250000000004 0 1 7.7500000000000009 36.250000000000007 190.75000000000003 42301.000000000007 82784.500000000015 2916.2500000000005
decision_type=2 2 2 2 2 1 1 2 2 2 2 2 2
left_child=1 2 3 6 5 -5 12 8 -8 -6 -11 -2 -1
right_child=11 -3 -4 4 9 -7 7 -9 -10 10 -12 -13 -14
leaf_value=-2.8160403972624328 -2.8027163776880855 -2.7997222450824086 -2.8048918416542521 -2.8008015888200473 -2.8106757024829077 -2.8106757024829077 -2.814561642560228 -2.8087297976182768 -2.8106757024829077 -2.8175687811037999 -2.8106757024829077 -2.7839627895162278 -2.8111503595505396
leaf_count=691 65 99 110 86 85 71 388 116 322 74 88 73 132
internal_value=0 -0.108567 -0.17685 -0.22926 0.0416299 0.540737 -0.308244 -0.127525 -0.210327 -0.205855 -0.324004 1.97021 -0.458987
internal_count=2400 2262 2163 2053 404 157 1649 826 710 247 162 138 823
cat_boundaries=0 1 2
cat_threshold=2 2
shrinkage=1


Tree=1
num_leaves=14
num_cat=0
split_feature=6 0 11 11 8 10 10 11 10 11 11 3 3
split_gain=24.1759 9.14577 5.9512 17.3088 3.40892 3.25348 2.13764 2.11764 1.09369 1.01199 0.76366 0.697153 1.92485
threshold=83866.750000000015 18.250000000000004 25.000000000000004 456.25000000000006 188.50000000000003 84.250000000000014 1.7500000000000002 6361.7500000000009 448.75000000000006 25500.250000000004 1371.2500000000002 55.000000000000007 190.75000000000003
decision_type=2 2 2 2 2 2 2 2 2 2 2 2 2
left_child=1 2 4 -4 11 7 -2 10 -7 -10 -5 -1 -13
right_child=6 -3 3 5 -6 8 -8 -9 9 -11 -12 12 -14
leaf_value=-0.005303510113532953 0.0062594230077326644 0.011157028405057402 0.017472374273683665 0.0020998457491448468 0.0026510994558969648 -0.0071235352977564214 0.020252932841605009 0.0084930806990323876 0.0013099071047385704 -0.00338054857759798 -0.0034279593996720641 0.0032054264588380326 -0.0055398222685028179
leaf_count=1021 139 97 101 85 95 175 96 63 91 186 86 77 88
internal_value=0 -0.12481 -0.197565 0.0756522 -0.381202 -0.153507 1.28917 0.197323 -0.381015 -0.100973 -0 -0.45211 -0.0239495
internal_count=2400 2165 2068 787 1281 686 235 234 452 277 171 1186 165
shrinkage=0.0106144


Tree=2
num_leaves=14
num_cat=1
split_feature=7 0 7 5 5 5 9 0 7 5 5 0 6
split_gain=36.7672 7.44131 4.23963 3.49329 7.914 3.07981 1.67911 1.46581 1.27164 0.539447 2.00882 0.534357 0.149682
threshold=346413.00000000006 18.250000000000004 5006.5000000000009 2122.7500000000005 19.750000000000004 18433.000000000004 0 7.7500000000000009 263015.50000000006 1102.0000000000002 241.75000000000003 4.7500000000000009 7582.7500000000009
decision_type=2 2 2 2 2 2 1 2 2 2 2 2 2
left_child=1 2 6 4 -4 11 -1 -8 -7 10 -6 12 -5
right_child=-2 -3 3 5 9 8 7 -9 -10 -11 -12 -13 -14
leaf_value=-0.0051542026928300582 0.024339660254673209 0.0098190000502023124 -0.0042117053372246098 -0 0.0019659710700374875 0.0058911303697757452 -0.0023631358013949584 0.0028714373335514761 -0 0.00089224308345911487 0.018349736348833474 -0 -0.0052687111919686403
leaf_count=673 109 103 97 64 71 109 567 93 67 62 64 72 249
internal_value=0 -0.102357 -0.167097 0.0487515 0.436708 -0.122518 -0.32149 -0.11673 0.272332 0.947016 1.15512 -0.360991 -0.435401
internal_count=2400 2291 2188 855 294 561 1333 660 176 197 135 385 313
cat_boundaries=0 1
cat_threshold=2
shrinkage=0.0106144


Tree=3
num_leaves=13
num_cat=1
split_feature=7 11 11 7 3 8 1 11 11 11 6 6
split_gain=35.4007 7.18612 21.3853 5.1188 6.772 3.53044 3.19655 1.38596 2.04087 1.7068 0.434186 0.303244
threshold=346413.00000000006 25.000000000000004 456.25000000000006 66613.000000000015 772.00000000000011 87.250000000000014 0 17563.000000000004 26478.250000000004 63781.000000000007 47446.000000000007 18047.500000000004
decision_type=2 2 2 2 2 2 5 2 2 2 2 2
left_child=1 3 -3 5 10 -1 -4 11 -9 -10 -5 -8
right_child=-2 2 6 4 -6 -7 7 8 9 -11 -12 -13
leaf_value=-0.0051352502144822306 0.023651231459455559 0.018826140537461448 0.0033532739749331754 0.00072277356228021351 -0.0066073779812960689 0.0030301566293540198 -0.0055069982568078197 0.0061205078106339071 -0.0058883377735380908 0 0.012052675405003373 -0
leaf_count=1129 109 120 101 63 68 78 261 62 132 140 76 61
internal_value=0 -0.101111 0.189407 -0.297586 0.255598 -0.413171 -0.0664462 -0.19634 -0 -0.212581 0.842533 -0.450639
internal_count=2400 2291 877 1414 207 1207 757 656 334 272 139 322
cat_boundaries=0 2
cat_threshold=25296928 268435460
shrinkage=0.0106144


Tree=4
num_leaves=13
num_cat=0
split_feature=4 0 11 11 7 8 4 11 4 11 11 6
split_gain=37.8928 11.1607 6.8084 16.2766 3.57041 2.8215 2.7603 3.20926 1.8787 0.911668 0.796787 0.163062
threshold=126202.50000000001 18.250000000000004 25.000000000000004 424.75000000000006 66613.000000000015 76.000000000000014 2934.2500000000005 23863.000000000004 11246.500000000002 941.50000000000011 14005.750000000002 82348.000000000015
decision_type=2 2 2 2 2 2 2 2 2 2 2 2
left_child=1 2 4 -4 8 -6 9 -8 -1 -5 -11 -7
right_child=-2 -3 3 6 5 11 7 -9 -10 10 -12 -13
leaf_value=-0.0052341527079649407 0.032083621306633524 0.012521188428399463 0.021732099641719987 0 0.0086808323561819445 0 0.0079535975269297218 -0.0010170607390734365 2.4684376887016194e-05 -0.0059089422066102406 -0.00066086087524634294 -0.0024891535472749598
leaf_count=1088 58 105 60 104 61 68 136 100 68 171 286 95
internal_value=0 -0.0743053 -0.151688 0.131216 -0.34417 0.0719015 -0.024429 0.321143 -0.445519 -0.213334 -0.303478 -0.131045
internal_count=2400 2342 2237 857 1380 224 797 236 1156 561 457 163
shrinkage=0.0106144


Tree=5
num_leaves=14
num_cat=2
split_feature=4 0 4 3 4 3 2 4 8 9 0 3 10
split_gain=36.3871 10.8616 6.14292 3.55351 3.33455 1.42509 1.33518 1.13488 1.05831 0.947322 1.48495 0.519616 0.278928
threshold=126202.50000000001 18.250000000000004 1423.0000000000002 16.750000000000004 3342.2500000000005 40.750000000000007 0 16379.500000000002 296.50000000000006 1 7.7500000000000009 55.000000000000007 36.250000000000007
decision_type=2 2 2 2 2 2 5 2 2 1 2 2 2
left_child=1 2 5 4 -4 9 -5 11 -9 -1 12 -8 -11
right_child=-2 -3 3 6 -6 -7 7 8 -10 10 -12 -13 -14
leaf_value=-0.0052628663638918565 0.031078361241044423 0.012282017030596504 -0 0.0023974129939390576 0.01232324023476929 0.00091108754330247244 -0.0018952656126481266 -0.0062281421364245677 -0 -0.0041846771369966809 0.0018067904745197531 0.0021461798019591864 -0.00060118464771719579
leaf_count=695 58 105 74 106 92 62 70 140 147 326 101 158 266
internal_value=0 -0.0732026 -0.15009 0.13508 0.672035 -0.32275 -0 -0.11301 -0.331695 -0.357331 -0.182687 0 -0.282362
internal_count=2400 2342 2237 787 166 1450 621 515 287 1388 693 228 592
cat_boundaries=0 2 3
cat_threshold=268437520 1073742370 2
shrinkage=0.0106144


Tree=6
num_leaves=16
num_cat=0
split_feature=5 11 11 10 6 3 3 6 10 10 11 11 11 5 11
split_gain=28.3014 6.82217 20.1649 4.58634 4.54318 5.15402 3.46258 2.83692 2.28135 2.53772 1.74049 0.868467 1.51978 0.773402 0.609352
threshold=43495.750000000007 25.000000000000004 456.25000000000006 1.7500000000000002 40848.250000000007 783.25000000000011 55.000000000000007 14377.000000000002 107.50000000000001 448.75000000000006 10114.750000000002 25500.250000000004 106189.00000000001 28.750000000000004 1289.5000000000002
decision_type=2 2 2 2 2 2 2 2 2 2 2 2 2 2 2
left_child=1 4 -3 -2 6 -6 -1 -8 10 -10 13 -11 -13 14 -4
right_child=3 2 8 -5 5 -7 7 -9 9 11 -12 12 -14 -15 -16
leaf_value=-0.0052096288273019639 0.0060931112003954927 0.017989903773777533 0 0.028379955721943639 0.011274564534268474 -0.0035642559835155781 0.006648279842730271 -0.003241187066651986 -0.0070712632774321939 0.0028199386443485473 0.0078824873699333865 -0.0060310270767646255 0.00015658003054725274 0.0036354206404313623 -0.0046562409334174673
leaf_count=1057 79 120 62 59 78 61 92 109 174 107 65 98 102 61 76
internal_value=0 -0.101741 0.181801 1.76236 -0.295607 0.339958 -0.388247 0.0385757 -0.0732626 -0.268035 0.201362 -0 -0.18914 -0 -0.193786
internal_count=2400 2262 865 138 1397 139 1258 201 745 481 264 307 200 199 138
shrinkage=0.0106144


Tree=7
num_leaves=12
num_cat=0
split_feature=7 11 11 7 8 8 6 7 7 11 6
split_gain=31.6202 6.79504 19.377 4.84212 3.42113 1.95511 1.3342 1.04385 2.1951 1.29596 0.301851
threshold=346413.00000000006 25.000000000000004 456.25000000000006 66613.000000000015 87.250000000000014 91.000000000000014 29513.500000000004 14834.500000000002 2001.2500000000002 14005.750000000002 82348.000000000015
decision_type=2 2 2 2 2 2 2 2 2 2 2
left_child=1 3 -3 4 -1 -5 7 8 9 -4 -7
right_child=-2 2 6 5 -6 10 -8 -9 -10 -11 -12
leaf_value=-0.005036046273017767 0.021748787096521623 0.017592495810368421 -0.0046490491416716672 0.0085670630476846685 0.0029781756149747599 0.0014061100451850602 0.0029294189006489105 -0.0055197814103216617 0.0056762794475326171 0 -0.0022998061695909057
leaf_count=1129 109 120 198 61 78 74 119 122 76 242 72
internal_value=0 -0.0963351 0.184504 -0.289338 -0.40367 0.243644 -0.0631822 -0.165561 -0.0284911 -0.187671 -0
internal_count=2400 2291 877 1414 1207 207 757 638 516 440 146
shrinkage=0.0106144


Tree=8
num_leaves=14
num_cat=1
split_feature=4 4 2 5 5 4 3 7 3 10 7 7 10
split_gain=35.8389 6.23534 4.65651 4.68153 6.77665 3.84039 2.04343 2.92946 1.22902 1.42601 1.10038 1.03156 0.573414
threshold=129368.50000000001 1423.0000000000002 0 43495.750000000007 2142.2500000000005 5444.5000000000009 43.000000000000007 2325.2500000000005 55.000000000000007 13.750000000000002 757.75000000000011 3.2500000000000004 36.250000000000007
decision_type=2 2 5 2 2 2 2 2 2 2 2 2 2
left_child=1 6 -3 4 5 -4 7 10 -6 -10 11 12 -1
right_child=-2 2 3 -5 8 -7 -8 -9 9 -11 -12 -13 -14
leaf_value=-0.0023629214483755737 0.030745656011919031 -0.0032699985690136072 0 0.015567862093865457 -0.0042282476679426353 0.014378864345291467 0.0036352889769496973 -0.0090546364964936774 0.0032329508184205545 -0.0026011304104114593 0.00081264888689676937 -0.0069794592224492235 0
leaf_count=763 55 109 104 60 126 113 61 164 211 97 130 125 282
internal_value=0 -0.0719307 0.212643 0.322172 0.239227 0.841683 -0.244481 -0.287269 -0.0305085 0.0623848 -0.190715 -0.239531 -0.160833
internal_count=2400 2345 820 711 651 217 1525 1464 434 308 1300 1170 1045
cat_boundaries=0 3
cat_threshold=262436 264 8192
shrinkage=0.0106144


Tree=9
num_leaves=13
num_cat=0
split_feature=5 0 11 11 6 5 11 11 5 11 3 6
split_gain=25.8983 7.48396 5.17423 15.5938 4.11823 2.50889 2.0856 4.73579 2.08389 2.06124 1.5525 1.70369
threshold=43495.750000000007 18.250000000000004 25.000000000000004 424.75000000000006 55756.000000000007 93199.750000000015 26478.250000000004 17563.000000000004 19.750000000000004 156601.00000000003 55.000000000000007 14377.000000000002
decision_type=2 2 2 2 2 2 2 2 2 2 2 2
left_child=1 2 4 -4 10 -2 7 8 -5 -8 -1 -12
right_child=5 -3 3 6 -6 -7 9 -9 -10 -11 11 -13
leaf_value=-0.0052455688257515625 0.0068619204334825152 0.0099275976883558461 0.020383271740073008 -0.0038140002838546274 0.0033368077195080662 0.025953692312561175 -0.006223358240498765 0.010566963822500126 0.0022954689512469186 0.00050526302294073128 0.0037162402814863572 -0.0040200658430745067
leaf_count=1012 84 99 60 254 114 54 223 73 154 65 86 122
internal_value=0 -0.0983793 -0.164542 0.0811506 -0.33658 1.65349 -0.0796192 0.0583444 -0.0879532 -0.375891 -0.421454 -0
internal_count=2400 2262 2163 829 1334 138 769 481 408 288 1220 208
shrinkage=0.0106144


Tree=10
num_leaves=17
num_cat=0
split_feature=5 11 11 6 10 11 10 3 6 6 6 5 11 3 11 11
split_gain=26.4534 7.94004 18.9668 4.75923 3.33542 3.69435 2.90566 2.66702 7.10094 1.83034 1.54104 1.14123 0.792189 0.711456 0.591135 0.387337
threshold=93483.250000000015 25.000000000000004 456.25000000000006 2916.2500000000005 84.250000000000014 9262.7500000000018 1382.5000000000002 772.00000000000011 40848.250000000007 6723.2500000000009 9682.7500000000018 13912.750000000002 1371.2500000000002 12.250000000000002 124670.00000000001 19354.750000000004
decision_type=2 2 2 2 2 2 2 2 2 2 2 2 2 2 2 2
left_child=1 3 -3 13 5 12 15 8 9 -5 14 -11 -4 -1 -8 -6
right_child=-2 2 4 7 6 -7 10 -9 -10 11 -12 -13 -14 -15 -16 -17
leaf_value=-0.0052528497620806776 0.026894726325918678 0.0176376187232569 0.0031020473210451554 0.0048620146737730447 -0.0084034608202032696 0.0119744509373906 -0.003387829217490626 -0.0051239265527425566 0.012880490691747319 -0.0045899810438038459 0.0059325308569683375 0 -0.0024211737776021268 -0 8.6051465248519418e-05 -0.0014830149606976312
leaf_count=845 51 123 92 68 122 67 111 109 86 196 72 69 99 74 68 148
internal_value=0 -0.0566557 0.244054 -0.265069 -0 0.36333 -0.222894 0.0216619 0.217692 -0.0300071 0.0384202 -0.250729 0 -0.458346 -0.0924238 -0.534075
internal_count=2400 2349 902 1447 779 258 521 528 419 333 251 265 191 919 179 270
shrinkage=0.0106144


Tree=11
num_leaves=14
num_cat=1
split_feature=5 1 5 11 11 6 3 11 11 3 11 11 11
split_gain=26.3153 11.2774 8.96198 6.39195 8.13075 2.31373 9.51662 2.46177 10.2747 1.65338 1.49819 2.22649 0.337617
threshold=94512.250000000015 0 19.750000000000004 25.000000000000004 962.50000000000011 36334.750000000007 783.25000000000011 10904.500000000002 25.000000000000004 55.000000000000007 14005.750000000002 25500.250000000004 80202.250000000015
decision_type=2 5 2 2 2 2 2 2 2 2 2 2 2
left_child=1 3 -3 -1 -5 7 -7 8 9 -4 -6 -12 -13
right_child=-2 2 5 4 10 6 -8 -9 -10 -11 11 12 -14
leaf_value=-0.0058507781547744468 0.026798285744916349 -0.0028110869492592797 -0.0020553805099656156 0.0091646896650527526 -0.0064320957479587614 0.018923798209758449 0 -0.0021160116211048226 0.019586107898007028 0.0048107503468110893 0.005995504296747574 -0.0047103992379931266 -0
leaf_count=896 50 272 162 140 151 115 108 72 65 104 62 107 96
internal_value=0 -0.0563596 0.280043 -0.284242 0.00369489 0.622271 1.00714 0.318851 0.496668 0 -0.272361 -0 -0.282953
internal_count=2400 2350 898 1452 556 626 223 403 331 266 416 265 203
cat_boundaries=0 3
cat_threshold=62493061 16913024 32768
shrinkage=0.0106144


Tree=12
num_leaves=14
num_cat=1
split_feature=4 0 1 0 4 4 6 6 7 0 0 7 7
split_gain=34.6566 10.1984 5.88387 4.65918 2.94724 3.82695 0.950297 1.31311 1.1735 0.833609 2.75041 0.961684 0.87812
threshold=132478.00000000003 18.250000000000004 0 1.7500000000000002 12284.500000000002 20297.500000000004 83866.750000000015 171951.50000000003 86419.000000000015 9.2500000000000018 12.250000000000002 60628.000000000007 3.2500000000000004
decision_type=2 2 5 2 2 2 2 2 2 2 2 2 2
left_child=1 2 3 -1 9 -6 8 -8 -7 11 -11 12 -4
right_child=-2 -3 4 -5 5 6 7 -9 -10 10 -12 -13 -14
leaf_value=0.013713811979236787 0.02998443135491706 0.011750208855748005 -0.0025121757542681256 -0 0.0098871063554129678 0 0.0058589869483587362 -0.0013410211663340409 -0.0071302710148613471 0.0056371211283601595 -0.0054256128575047927 0 -0.0058668704286272619
leaf_count=100 52 105 904 64 65 85 60 77 78 76 85 98 551
internal_value=0 -0.0705985 -0.146332 0.378457 -0.216166 0.0625608 -0.0910073 0.0542776 -0.334631 -0.315999 -0 -0.347395 -0.376447
internal_count=2400 2348 2243 164 2079 365 300 137 163 1714 161 1553 1455
cat_boundaries=0 4
cat_threshold=4333600 65544 0 536903680
shrinkage=0.0106144


Tree=13
num_leaves=16
num_cat=1
split_feature=7 0 7 5 5 8 10 5 10 9 0 8 10 10 3
split_gain=26.7197 6.29903 3.56858 3.53237 7.43543 7.13004 2.97422 2.35017 2.34845 1.55848 1.25702 0.716453 0.221835 1.03331 0.119441
threshold=346413.00000000006 18.250000000000004 5006.5000000000009 2122.7500000000005 19.750000000000004 19.750000000000004 152.50000000000003 18433.000000000004 1.7500000000000002 0 7.7500000000000009 49.750000000000007 36.250000000000007 261.25000000000006 407.50000000000006
decision_type=2 2 2 2 2 2 2 2 2 1 2 2 2 2 2
left_child=1 2 9 4 -4 -6 7 11 -2 -1 12 -5 -11 -14 -9
right_child=8 -3 3 6 5 -7 -8 14 -10 10 -12 -13 13 -15 -16
leaf_value=-0.0048762841248014884 0.0064043637513140428 0.0088034613264848065 -0.0040708643670667941 -0.0037026325654256264 0.016849745098756527 -0 -0.0071846561479101236 0 0.027197830730424755 -0.0031190309317096604 0.0026674071049317652 0 0.0035425574095480131 -0.002462865429227665 0.0071482358412226898
leaf_count=673 60 103 97 170 109 88 128 68 49 313 93 129 62 192 66
internal_value=0 -0.0903126 -0.152651 0.0414846 0.432193 0.919177 -0.130342 0 1.81177 -0.298 -0.09957 -0.167687 -0.202304 -0.000890653 0.47855
internal_count=2400 2291 2188 855 294 197 561 433 109 1333 660 299 567 254 134
cat_boundaries=0 1
cat_threshold=2
shrinkage=0.0106144


Tree=14
num_leaves=12
num_cat=1
split_feature=7 0 1 0 10 6 5 0 0 0 5
split_gain=25.9673 6.15123 5.87414 4.48322 2.09082 1.49407 2.82111 0.478247 3.0077 0.840843 0.949982
threshold=346413.00000000006 18.250000000000004 0 1.7500000000000002 1.7500000000000002 40848.250000000007 8806.0000000000018 9.2500000000000018 12.250000000000002 4.7500000000000009 241.75000000000003
decision_type=2 2 5 2 2 2 2 2 2 2 2
left_child=1 2 3 -1 -2 7 -7 9 -9 10 -4
right_child=4 -3 5 -5 -6 6 -8 8 -10 -11 -12
leaf_value=0.013396999899005621 0.0063181065713573186 0.0086605726799710379 -0.0032739798974496309 -0 0.026454272200830489 0.0080695712592875109 -0.0023384883612836758 0.0055994397381440523 -0.0057599343189131324 -0.0067617618241692639 -0
leaf_count=100 60 103 1074 64 49 62 136 76 91 212 373
internal_value=0 -0.0892484 -0.151207 0.372656 1.77495 -0.222619 0.0200646 -0.285718 -0 -0.309206 -0.240359
internal_count=2400 2291 2188 164 109 2024 198 1826 167 1659 1447
cat_boundaries=0 4
cat_threshold=4333600 65544 0 536903680
shrinkage=0.0106144


Tree=15
num_leaves=15
num_cat=0
split_feature=7 0 7 5 5 8 10 5 10 8 0 0 7 10
split_gain=25.2447 6.0092 3.45645 3.443 7.20717 6.83088 2.94123 2.30227 1.85322 0.704057 0.568941 1.80959 0.826006 0.145826
threshold=346413.00000000006 18.250000000000004 5006.5000000000009 2122.7500000000005 19.750000000000004 19.750000000000004 152.50000000000003 18433.000000000004 1.7500000000000002 49.750000000000007 7.7500000000000009 10.750000000000002 3.2500000000000004 2696.5000000000005
decision_type=2 2 2 2 2 2 2 2 2 2 2 2 2 2
left_child=1 2 10 4 -4 -6 7 9 -2 -5 12 -12 13 -1
right_child=8 -3 3 6 5 -7 -8 -9 -10 -11 11 -13 -14 -15
leaf_value=-0.0024504378278469761 0.006233351595486835 0.0085209045537026074 -0.0040322444376815906 -0.0036760075784795562 0.016429739203930031 -0 -0.0071598634690823891 0.0050166279912034865 0.025743561456604343 0 0.0046090105287175448 -0.0042737482606689725 -0.0062985088360553356 -0
leaf_count=813 60 103 97 170 109 88 128 134 49 129 71 98 277 74
internal_value=0 -0.0883202 -0.1499 0.0404869 0.425335 0.901216 -0.129282 0 1.73929 -0.166306 -0.293624 -0 -0.329268 -0.213687
internal_count=2400 2291 2188 855 294 197 561 433 109 299 1333 169 1164 887
shrinkage=0.0106144


Tree=16
num_leaves=15
num_cat=0
split_feature=4 0 11 11 5 5 7 5 4 5 11 3 11 11
split_gain=31.2233 9.35284 6.0696 16.1118 3.02197 2.35706 3.62749 2.78095 2.16562 3.76113 3.30977 1.50897 0.743847 0.804614
threshold=132478.00000000003 18.250000000000004 25.000000000000004 190.00000000000003 241.75000000000003 2565.2500000000005 9667.0000000000018 6726.2500000000009 2934.2500000000005 2746.7500000000005 10114.750000000002 772.00000000000011 941.50000000000011 14005.750000000002
decision_type=2 2 2 2 2 2 2 2 2 2 2 2 2 2
left_child=1 2 4 -4 -1 6 -6 -7 12 -10 -11 -9 -5 -14
right_child=-2 -3 3 8 5 7 -8 11 9 10 -12 -13 13 -15
leaf_value=-0.0052373561177976842 0.027669548101179775 0.011048055929272443 0.021479810975576271 0 -0.0016171866074656449 -0.0081982995336436007 0.0099210983787665977 0.002320808190103009 0.011450748454923049 0.0062482153991912951 -0.0052600844403112995 -0.0048297491353414546 -0.0057366348945626297 -0.00049621011202009662
leaf_count=861 52 105 55 107 70 114 84 181 59 69 113 73 171 286
internal_value=0 -0.0680899 -0.142176 0.121298 -0.327651 -0.0258778 0.356442 -0.244708 -0.03269 0.258058 -0 0 -0.204709 -0.286656
internal_count=2400 2348 2243 860 1383 522 154 368 805 241 182 254 564 457
shrinkage=0.0106144


Tree=17
num_leaves=15
num_cat=4
split_feature=7 1 7 7 1 8 9 7 7 0 9 8 5 7
split_gain=31.516 10.1945 6.98588 2.47211 2.34767 1.96706 2.61677 1.68999 2.40463 1.21687 1.39582 0.850097 0.683353 0.312254
threshold=509778.00000000006 0 51646.000000000007 3.2500000000000004 1 37.750000000000007 2 5006.5000000000009 27852.250000000004 9.2500000000000018 3 307.00000000000006 510.25000000000006 113.50000000000001
decision_type=2 5 2 2 5 2 1 2 2 2 1 2 2 2
left_child=1 3 4 9 -3 -4 11 13 12 -1 -11 -7 -9 -6
right_child=-2 2 5 -5 7 6 -8 8 -10 10 -12 -13 -14 -15
leaf_value=-0.002399129328035563 0.029298974138524139 0.0033395991347276409 0.015746631362548006 -0.0061505121360614038 -0 0.00094091845042760191 -0 0 -0.0042494247374481623 -0.0011322884885732604 0.0059738766499903805 0.012722611294190089 0.0074381403198638231 -0.0062746259246921699
leaf_count=835 46 114 74 494 90 72 104 65 98 63 69 62 66 148
internal_value=0 -0.0635855 0.255863 -0.280245 0 0.790362 0.432278 -0.138137 0 -0.149649 0.131754 0.794925 0.430661 -0.449237
internal_count=2400 2354 893 1461 581 312 238 467 229 967 132 134 131 238
cat_boundaries=0 3 7 8 9
cat_threshold=62493061 16913026 32768 4194306 268763136 2048 536903680 2 2
shrinkage=0.0106144


Tree=18
num_leaves=15
num_cat=0
split_feature=7 0 4 5 8 5 6 3 7 3 6 0 6 0
split_gain=30.3453 7.05668 5.48373 5.07868 6.61223 3.24995 3.78073 1.2774 1.96061 1.08803 0.761376 0.630072 0.216592 0.122002
threshold=509778.00000000006 18.250000000000004 1423.0000000000002 2142.2500000000005 4.7500000000000009 18433.000000000004 165309.00000000003 40.750000000000007 3.2500000000000004 783.25000000000011 60443.500000000007 7.7500000000000009 7582.7500000000009 9.2500000000000018
decision_type=2 2 2 2 2 2 2 2 2 2 2 2 2 2
left_child=1 2 7 4 -4 10 9 8 13 -7 12 -10 -5 -1
right_child=-2 -3 3 5 -6 6 -8 -9 11 -11 -12 -13 -14 -15
leaf_value=-0.0021785008120489961 0.028462698210541051 0.0095344179542353798 0.014187775629597936 -0 -0 0.0092336603982501927 -0.0040232017682534172 0.00084301394336386813 -0.0075360230647732313 0 0 -0 -0.0056765769330906837 -0
leaf_count=908 46 104 112 87 114 104 61 62 323 59 62 66 201 91
internal_value=0 -0.0624608 -0.127696 0.132645 0.66409 -0.0498545 0.27808 -0.297578 -0.331896 0.640411 -0.341327 -0.623205 -0.435487 -0.189209
internal_count=2400 2354 2250 800 226 574 224 1450 1388 163 350 389 288 999
shrinkage=0.0106144


Tree=19
num_leaves=13
num_cat=1
split_feature=4 11 11 4 3 1 3 6 6 11 6 6
split_gain=28.5723 7.57389 17.4172 4.09833 4.90202 2.28887 2.14477 1.9048 1.01208 1.68345 0.425633 0.0307846
threshold=132478.00000000003 25.000000000000004 456.25000000000006 10924.000000000002 652.00000000000011 0 59.500000000000007 29513.500000000004 1.7500000000000002 14005.750000000002 40848.250000000007 26947.750000000004
decision_type=2 2 2 2 2 5 2 2 2 2 2 2
left_child=1 3 -3 6 10 -4 -1 8 9 -7 -5 -8
right_child=-2 2 5 4 -6 7 11 -9 -10 -11 -12 -13
leaf_value=-0.0049723086476156668 0.025869959200144212 0.01651266553259791 0.0031010132776501964 0.0012293563028070863 -0.0057988432640766075 -0.0045590257313551904 -0 0.0023566597038712396 -0.0062100637207373518 0.00098167133111431515 0.0092767152584312205 0.00092568616528486696
leaf_count=1025 52 123 104 122 89 170 83 106 183 212 71 60
internal_value=0 -0.0657815 0.227255 -0.27045 0.126637 -0.0111331 -0.394785 -0.138834 -0.299475 -0.0885584 0.547549 0
internal_count=2400 2348 898 1450 282 775 1168 671 565 382 193 143
cat_boundaries=0 2
cat_threshold=25296928 268435460
shrinkage=0.0106144


Tree=20
num_leaves=14
num_cat=0
split_feature=4 0 11 11 10 5 5 5 4 5 11 3 11
split_gain=27.5494 8.8235 5.8807 15.1525 6.62892 3.6773 2.89324 2.32145 3.42536 2.7161 1.68034 1.44513 0.0504727
threshold=132478.00000000003 18.250000000000004 25.000000000000004 190.00000000000003 84.250000000000014 68.500000000000014 241.75000000000003 2565.2500000000005 1708.0000000000002 6726.2500000000009 156601.00000000003 772.00000000000011 847.00000000000011
decision_type=2 2 2 2 2 2 2 2 2 2 2 2 2
left_child=1 2 6 -4 5 12 -1 8 -8 -9 -6 -11 -5
right_child=-2 -3 3 4 10 -7 7 9 -10 11 -12 -13 -14
leaf_value=-0.0051527060892686679 0.025176068422054013 0.01063351718217837 0.020578705270334813 -0 -0.0049861892940164096 0.010818536973678971 -0.0015022312567057753 -0.0081598341162758149 0.0096315808068298224 0.0022252652100042407 0.00040137432418910365 -0.0047824936695034289 0.00092230472124167466
leaf_count=861 52 105 55 87 434 102 70 114 84 181 66 73 116
internal_value=0 -0.0645202 -0.137614 0.121087 -0.0300233 0.425903 -0.321478 -0.025713 0.352501 -0.243527 -0.361285 0 0
internal_count=2400 2348 2243 860 805 305 1383 522 154 368 500 254 203
shrinkage=0.0106144


Tree=21
num_leaves=18
num_cat=1
split_feature=7 4 5 5 5 3 3 3 7 9 10 10 10 6 10 6 6
split_gain=27.839 5.09939 4.13207 4.7161 3.32551 3.91434 3.25134 1.84051 3.05343 2.2435 1.48752 1.75531 0.845688 0.67317 0.397548 0.325958 0.649446
threshold=509778.00000000006 1423.0000000000002 2142.2500000000005 510.25000000000006 18433.000000000004 220.00000000000003 6.2500000000000009 43.000000000000007 2325.2500000000005 0 152.50000000000003 22.750000000000004 152.50000000000003 166684.50000000003 2696.5000000000005 7582.7500000000009 47446.000000000007
decision_type=2 2 2 2 2 2 2 2 2 1 2 2 2 2 2 2 2
left_child=1 7 3 6 12 -6 -3 8 9 -1 11 -11 15 -7 -12 -4 -17
right_child=-2 2 4 -5 5 13 -8 -9 -10 10 14 -13 -14 -15 -16 16 -18
leaf_value=-0.00369510915020593 0.026661065116594541 0.0083363583861542669 0.00028095556424552384 0.014533406231957527 0.011526749673908895 0.0018807462598371069 -0.0037621054328899144 0.0034946781028072586 -0.008963945102133471 0 -0.0039395668475158086 0.0081218203706803355 -0.0071053955785829121 -0.0035657671953403698 -0 -0.0037110561617581237 0
leaf_count=659 46 61 66 85 65 109 90 61 164 335 153 62 80 57 91 145 71
internal_value=0 -0.0601301 0.188819 0.647789 -0 0.362866 0.0149985 -0.221821 -0.264367 -0.166016 0 0.179745 -0.266509 -0 -0.243091 -0.056056 -0.173881
internal_count=2400 2354 829 236 593 231 151 1525 1464 1300 641 397 362 166 244 282 216
cat_boundaries=0 1
cat_threshold=2
shrinkage=0.0106144


Tree=22
num_leaves=15
num_cat=1
split_feature=7 11 11 4 3 10 10 3 11 4 9 3 7 7
split_gain=26.8522 6.08867 19.5618 5.27871 6.21344 3.22989 3.2706 2.69787 2.21897 1.39077 1.13129 0.705473 0.567829 0.302654
threshold=509778.00000000006 25.000000000000004 456.25000000000006 14744.500000000002 652.00000000000011 84.250000000000014 448.75000000000006 59.500000000000007 9262.7500000000018 2934.2500000000005 0 208.75000000000003 3.2500000000000004 40486.750000000007
decision_type=2 2 2 2 2 2 2 2 2 2 1 2 2 2
left_child=1 3 -3 7 11 8 -7 -1 10 12 -4 -5 -8 -9
right_child=-2 2 5 4 -6 6 9 13 -10 -11 -12 -13 -14 -15
leaf_value=-0.0049732834319915651 0.025945969767878135 0.016832009350405075 -0.0023564929398061313 0.010406713142682185 -0.005494717061705452 -0.0074450252154578097 -0 0.0028386158936937675 0.0093288130381330558 0.0042252765818608217 0.0044242964182851967 0 -0.0048553872477263074 -0
leaf_count=1035 46 124 121 102 84 197 148 64 67 93 70 64 79 106
internal_value=0 -0.0592601 0.201387 -0.243729 0.249977 -0.0571395 -0.276626 -0.378581 0.289904 -0 0 0.744009 -0.189675 0.0120334
internal_count=2400 2354 899 1455 250 775 517 1205 258 320 191 166 227 170
cat_boundaries=0 1
cat_threshold=1
shrinkage=0.0106144


Tree=23
num_leaves=17
num_cat=1
split_feature=7 1 11 11 5 11 11 7 11 7 11 5 5 7 11 11
split_gain=25.9113 10.1165 5.00645 9.49476 4.10368 5.0577 11.8704 1.64507 1.29909 1.04127 0.884214 0.724919 1.52661 0.491503 0.486108 0.133691
threshold=509778.00000000006 0 25.000000000000004 456.25000000000006 19.750000000000004 10904.500000000002 25.000000000000004 3.2500000000000004 14005.750000000002 940.00000000000011 1441.0000000000002 510.25000000000006 2122.7500000000005 64067.500000000007 42622.000000000007 112.75000000000001
decision_type=2 5 2 2 2 2 2 2 2 2 2 2 2 2 2 2
left_child=1 2 -1 -4 9 6 11 8 10 -3 -5 -6 -13 -7 -10 -11
right_child=-2 4 3 7 5 13 -8 -9 14 15 -12 12 -14 -15 -16 -17
leaf_value=-0.0056918601471190227 0.025262312758076465 0.00078956290649013117 0.012404661697245061 -0 -0 -0.0042206191346655323 0.018739893171495756 -0.0071278450863860318 0.0037899500934897201 -0.0052776204785223149 -0.0068846675097257032 0.0088546605959450402 0.00072404060990604018 0 -0 -0
leaf_count=866 46 118 78 74 84 70 115 130 89 88 79 79 266 56 99 63
internal_value=0 -0.0583743 -0.28463 -0 0.24686 0.470373 0.652486 -0.265951 -0.0255023 -0.103615 -0.36065 0.236521 0.323626 -0.164747 0.13852 -0.367618
internal_count=2400 2354 1415 549 939 670 544 471 341 269 153 429 345 126 188 151
cat_boundaries=0 3
cat_threshold=314151301 16913090 32768
shrinkage=0.0106144


Tree=24
num_leaves=10
num_cat=2
split_feature=4 0 1 4 2 5 5 8 4
split_gain=24.5419 8.53021 5.53445 4.78119 4.43759 4.23017 4.27611 3.95672 0.720958
threshold=132478.00000000003 18.250000000000004 0 254.50000000000003 1 2142.2500000000005 18433.000000000004 19.750000000000004 1.7500000000000002
decision_type=2 2 5 2 5 2 2 2 2
left_child=1 2 8 -4 -5 7 -7 -6 -1
right_child=-2 -3 3 4 5 6 -8 -9 -10
leaf_value=-0.0025947702004859518 0.023108769671300888 0.010418624882004788 -0.0036859215194264454 -0.0025002073309725553 0.014899677223647188 -0.0019380234371903016 0.0074603170314964723 0 -0.0064679823246535937
leaf_count=1012 52 105 260 130 145 198 134 85 279
internal_value=0 -0.0614593 -0.134042 0.100132 0.313831 0.416422 0.154578 0.996702 -0.303457
internal_count=2400 2348 2243 952 692 562 332 230 1291
cat_boundaries=0 3 5
cat_threshold=42570117 8836 2048 3204 264
shrinkage=0.0106144


end of trees

feature importances:
n_table_3.n_3=65
n_table_1.n_16=45
n_table_1.n_19=40
n_table_1.n_18=33
n_1=31
n_table_1.n_12=30
n_table_2.n_13=27
n_table_1.n_15=26
n_table_1.n_26=14
c_table_1.c_2=9
c_table_2.c_1=9
c_table_1.c_4=3

parameters:
[boosting: gbdt]
[objective: binary]
[metric: auc]
[tree_learner: serial]
[device_type: cpu]
[data: ]
[valid: ]
[num_iterations: 100]
[learning_rate: 0.0106144]
[num_leaves: 100]
[num_threads: 4]
[max_depth: 7]
[min_data_in_leaf: 20]
[min_sum_hessian_in_leaf: 3.27847]
[bagging_fraction: 0.6]
[bagging_freq: 77]
[bagging_seed: 3]
[feature_fraction: 0.6]
[feature_fraction_seed: 2]
[early_stopping_round: 0]
[max_delta_step: 0]
[lambda_l1: 1.1416]
[lambda_l2: 0.747566]
[min_gain_to_split: 0]
[drop_rate: 0.1]
[max_drop: 50]
[skip_drop: 0.5]
[xgboost_dart_mode: 0]
[uniform_drop: 0]
[drop_seed: 4]
[top_rate: 0.2]
[other_rate: 0.1]
[min_data_per_group: 100]
[max_cat_threshold: 32]
[cat_l2: 10]
[cat_smooth: 10]
[max_cat_to_onehot: 4]
[top_k: 20]
[monotone_constraints: ]
[feature_contri: ]
[forcedsplits_filename: ]
[refit_decay_rate: 0.9]
[verbosity: -1]
[max_bin: 255]
[min_data_in_bin: 3]
[bin_construct_sample_cnt: 200000]
[histogram_pool_size: -1]
[data_random_seed: 1]
[output_model: LightGBM_model.txt]
[snapshot_freq: -1]
[input_model: ]
[output_result: LightGBM_predict_result.txt]
[initscore_filename: ]
[valid_data_initscores: ]
[pre_partition: 0]
[enable_bundle: 1]
[max_conflict_rate: 0]
[is_enable_sparse: 1]
[sparse_threshold: 0.8]
[use_missing: 1]
[zero_as_missing: 0]
[two_round: 0]
[save_binary: 0]
[enable_load_from_binary_file: 1]
[header: 0]
[label_column: ]
[weight_column: ]
[group_column: ]
[ignore_column: ]
[categorical_feature: ]
[predict_raw_score: 0]
[predict_leaf_index: 0]
[predict_contrib: 0]
[num_iteration_predict: -1]
[pred_early_stop: 0]
[pred_early_stop_freq: 10]
[pred_early_stop_margin: 10]
[convert_model_language: ]
[convert_model: gbdt_prediction.cpp]
[num_class: 1]
[is_unbalance: 0]
[scale_pos_weight: 1]
[sigmoid: 1]
[boost_from_average: 1]
[reg_sqrt: 0]
[alpha: 0.9]
[fair_c: 1]
[poisson_max_delta_step: 0.7]
[tweedie_variance_power: 1.5]
[max_position: 20]
[label_gain: ]
[metric_freq: 1]
[is_provide_training_metric: 0]
[eval_at: ]
[num_machines: 1]
[local_listen_port: 12400]
[time_out: 120]
[machine_list_filename: ]
[machines: ]
[gpu_platform_id: -1]
[gpu_device_id: -1]
[gpu_use_dp: 0]

end of parameters

pandas_categorical:[[0, 1, 2, 3, 4, 5, 6, 7, 8, 9, 10, 11, 12, 13, 14, 15, 16, 17, 18, 19, 20, 21, 22, 23, 24, 25, 26, 27, 28, 29, 30, 31, 32, 33, 34, 35, 36, 37, 38, 39, 40, 41, 42, 43, 44, 45, 46, 47, 48, 49, 50, 51, 52, 53, 54, 55, 56, 57, 58, 59, 60, 61, 62, 63, 64, 65, 66, 67, 68, 69, 70, 71, 72, 73, 74, 75, 76, 77, 78, 79, 80, 81, 82, 83, 84, 85, 86, 87, 88, 89, 90, 91, 92, 93, 94, 95, 96, 97, 98, 99, 100, 101, 102, 103, 104, 105, 106, 107, 108, 109, 110, 111, 112, 113, 114, 115, 116, 117, 118, 119, 120, 121, 122, 123, 124, 125, 126, 127, 128, 129, 130, 131, 132, 133, 134, 135, 136, 137, 138, 139, 140, 141, 142, 143, 144, 145, 146, 147, 148, 149, 150, 151, 152, 153, 154, 155, 156, 157, 158, 159, 160, 161, 162, 163, 164, 165, 166, 167, 168, 169, 170, 171, 172, 173, 174, 175, 176, 177, 178, 179, 180, 181, 182, 183, 184, 185, 186, 187, 188, 189, 190, 191, 192, 193, 194, 195], [0, 1, 2, 3, 4, 5, 6, 7, 8, 9, 10, 11, 12, 13, 14, 15, 16, 17, 18, 19, 20, 21, 22, 23, 24, 25, 26, 27, 28, 29, 30, 31, 32, 33, 34, 35, 36, 37, 38, 39, 40, 41, 42, 43, 44, 45, 46, 47, 48, 49, 50, 51, 52, 53, 54, 55, 56, 57, 58, 59, 60, 61, 62, 63, 64, 65, 66, 67, 68, 69, 70, 71, 72, 73, 74, 75, 76, 77, 78, 79, 80, 81, 82, 83, 84, 85, 86, 87, 88, 89, 90, 91, 92, 93, 94, 95, 96, 97, 98, 99, 100, 101, 102, 103, 104, 105, 106, 107, 108, 109, 110, 111, 112, 113, 114, 115, 116, 117, 118, 119, 120, 121, 122, 123, 124, 125, 126, 127, 128, 129, 130, 131, 132, 133, 134, 135, 136, 137, 138, 139, 140, 141, 142, 143, 144, 145, 146, 147, 148, 149, 150, 151], [0, 1]]
