tree
version=v2
num_class=1
num_tree_per_iteration=1
label_index=0
max_feature_idx=11
objective=binary sigmoid:1
feature_names=n_1 c_table_1.c_2 c_table_1.c_4 n_table_1.n_12 n_table_1.n_15 n_table_1.n_16 n_table_1.n_18 n_table_1.n_19 n_table_1.n_26 c_table_2.c_1 n_table_2.n_13 n_table_3.n_3
feature_infos=[1:335.5] 24:0:17:16:10:7:34:23:19:60:18:15:44:28:1:5:8:35:45:38:41:68:4:12:25:13:2:75:49:20:39:48:50:46:21:111:22:92:33:56:57:59:87:27:79:120:9:37:43:62:125:26:47:96:40:61:70:73:3:6:67:72:76:31:42:66:77:85:104:108:124:132:53:54:89:91:93:136:55:64:82:84:94:101:115:121:140:36:51:71:80:81:88:97:98:102:103:119:127:135:147:149:30:52:63:118:123:133:139:144:165:167:32:58:69:74:78:90:99:110:112:114:116:131:134:137:146:161:162:166:174 4:0:10:12:2:11:7:5:45:51:35:8:18:23:33:40:77:30:37:38:41:57:29:28:16:74:62:49:13:21:48:104:6:69:22:26:39:54:19:27:72:87:95:3:31:55:56:106:15:17:60:61:96:103:92:25:66:67:78:80:81:93:94:109:113:117:122:1:24:44:46:47:53:59:65:83:84:99:112:121:133:14:20:36:63:70:82:97:102:116:136:32:34:42:52:58:64:71:75:85:90:98:107:111:115:124:129:130:131:132 [1:8524] [1:274774] [1:249100] [1:574087] [1:1285890] [1:121640] 1:0 [1:395101] [1:509664]
tree_sizes=1171 1722 922 1103 1428 1229 1209 1026 1449 1363 942 1339 987 887 1252 1168 931 833 899 963 1058 1008 1342 1183 974 1186 554

Tree=0
num_leaves=14
num_cat=1
split_feature=6 0 6 6 3 6 6 8 9 0 10 6 3
split_gain=19.3006 6.81974 3.81614 3.31069 2.10241 3.10726 2.37825 3.72755 0.942469 0.860728 0.90182 0.735214 0.185551
threshold=83866.750000000015 18.250000000000004 211059.00000000003 177081.50000000003 4.7500000000000009 11620.000000000002 13700.500000000002 4.7500000000000009 0 7.7500000000000009 1.7500000000000002 40848.250000000007 100.00000000000001
decision_type=2 2 2 2 2 2 2 2 1 2 2 2 2
left_child=1 4 3 -2 5 8 7 -6 -1 10 -10 -8 -9
right_child=2 -3 -4 -5 6 -7 11 12 9 -11 -12 -13 -14
leaf_value=-3.2491675224714895 -2.0443796930297551 -2.0737163065239566 -0.93269118385599747 -2.8106757024829077 -2.1409408016067126 -2.5257622726022162 -3.1417943449172929 -2.9572881610119013 -3.1681928621819484 -2.8106757024829077 -2.8106757024829077 -2.8106757024829077 -2.8106757024829077
leaf_count=788 145 108 68 61 154 82 270 123 339 114 340 139 69
internal_value=0 -0.151282 1.0423 0.482004 -0.210985 -0.296975 -0 0.239885 -0.351726 -0.167332 -0.236958 -0.241565 -0.00441056
internal_count=2800 2526 274 206 2418 1663 755 346 1581 793 679 409 192
cat_boundaries=0 1
cat_threshold=2
shrinkage=1


Tree=1
num_leaves=22
num_cat=2
split_feature=1 1 11 11 11 11 6 6 11 11 11 11 6 11 6 11 11 10 0 11 6
split_gain=12.6991 3.70328 2.17839 2.98348 1.19073 8.80752 1.16251 2.3337 1.12863 4.92224 1.84714 1.12031 0.889948 0.803119 0.777631 0.747353 0.257937 0.176603 0.098037 0.0656225 0.0318673
threshold=0 1 143.50000000000003 1371.2500000000002 25.000000000000004 691.00000000000011 103357.00000000001 12193.750000000002 25.000000000000004 456.25000000000006 14005.750000000002 25500.250000000004 6694.7500000000009 1441.0000000000002 6277.0000000000009 40729.750000000007 10114.750000000002 1578.2500000000002 1.7500000000000002 12696.250000000002 294.25000000000006
decision_type=5 5 2 2 2 2 2 2 2 2 2 2 2 2 2 2 2 2 2 2 2
left_child=2 8 -1 -4 6 -6 7 14 12 -10 13 -12 18 -11 20 19 -5 -13 -2 -7 -3
right_child=1 4 3 16 5 15 -8 -9 9 10 11 17 -14 -15 -16 -17 -18 -19 -20 -21 -22
leaf_value=-0.72793201484614944 -0.074757222961960426 0 0.28725266221671741 -0 1.8847537421888227 0.0067125333295140165 -0.12010293736849127 0.53962218335583456 0.92643982657573087 -0 0.52770419385232747 0 0 -0.61596663040234689 -0.28381899256734006 0.37067055369328805 -0.49702037016294248 -0.15586864795749869 -0.41580134700406596 -0.10288254426385869 0.20306283258170141
leaf_count=453 527 82 70 50 48 79 39 170 70 99 58 104 78 109 85 75 152 101 204 62 85
internal_value=0 0.0798891 -0.49511 -0.177555 0.273058 0.570891 0.114683 0.243468 -0.0569969 0.033521 -0.0756018 0.0499174 -0.195749 -0.441674 -0 0.113533 -0.47095 -0 -0.270856 -0 0.15542
internal_count=2800 2075 725 272 725 264 461 422 1350 541 471 263 809 208 252 216 202 205 731 141 167
cat_boundaries=0 3 5
cat_threshold=330994080 16923140 268468224 66577 33571010
shrinkage=0.892591


Tree=2
num_leaves=11
num_cat=2
split_feature=2 3 3 3 5 5 6 6 9 0
split_gain=5.25535 3.07167 3.13556 1.18844 1.15961 0.969604 0.996895 1.8185 0.884864 0.264459
threshold=0 783.25000000000011 562.00000000000011 12.250000000000002 93199.750000000015 37876.000000000007 83866.750000000015 1.7500000000000002 1 10.750000000000002
decision_type=5 2 2 2 2 2 2 2 1 2
left_child=3 2 5 -1 -3 6 7 9 -9 -2
right_child=1 4 -4 -5 -6 -7 -8 8 -10 -11
leaf_value=0 -0 -0.6186689889096938 0.68177379942447247 0.63858773512684741 -0 0.062479356411660261 0.06119782296645012 -0.087162897664065264 -0.46466383126770233 -0.16389951756775159
leaf_count=97 1184 181 37 140 23 57 59 457 412 153
internal_value=0 -0.178573 -0.109768 0.31341 -0.575099 -0.150496 -0.18028 -0.207253 -0.358943 -0.0467705
internal_count=2800 2563 2359 237 204 2322 2265 2206 869 1337
cat_boundaries=0 3 4
cat_threshold=1082130576 1073947138 1024 2
shrinkage=0.892591


Tree=3
num_leaves=14
num_cat=1
split_feature=1 5 7 6 8 7 11 11 5 5 5 11 11
split_gain=5.33989 2.25031 2.40848 1.68934 0.876486 0.253974 0.129588 0.977916 0.0815002 2.77498 0.353752 0.016762 0.00777547
threshold=0 131689.50000000003 3.2500000000000004 36539.500000000007 1138.0000000000002 1229.5000000000002 19354.750000000004 992.50000000000011 8467.7500000000018 510.25000000000006 1027.7500000000002 42622.000000000007 25.000000000000004
decision_type=5 2 2 2 2 2 2 2 2 2 2 2 2
left_child=3 2 6 5 8 -1 7 12 9 -4 -11 -8 -2
right_child=1 -3 4 -5 -6 -7 11 -9 -10 10 -12 -13 -14
leaf_value=0 -0 0.36037384205206502 -0.42911052721509496 -0 0 0.64341474739199223 0.090863064563728183 -0.33770003644194735 -0.45957672334061922 0.24890276583319601 -0 0 0.025166086209012214
leaf_count=93 733 23 373 77 96 258 77 170 317 80 262 123 118
internal_value=0 -0.140561 -0.19064 0.309002 -0.318863 0.619936 -0 -0.0481613 -0.35531 -0.204282 0 0.0555183 0
internal_count=2800 2372 2349 428 1128 351 1221 1021 1032 715 342 200 851
cat_boundaries=0 4
cat_threshold=21110788 402677800 2048 536903680
shrinkage=0.892591


Tree=4
num_leaves=18
num_cat=2
split_feature=2 7 7 6 2 8 7 0 11 11 0 8 11 8 0 8 7
split_gain=2.4324 0.828757 1.88686 1.26366 1.39919 0.930621 1.75204 0.644708 0.607727 0.547105 0.478134 0.388857 0.667406 0.326927 0.282782 0.221505 0.0170316
threshold=0 51646.000000000007 79565.500000000015 11672.500000000002 1 4.7500000000000009 1.7500000000000002 9.2500000000000018 143.50000000000003 26170.750000000004 1.7500000000000002 1138.0000000000002 190.00000000000003 1279.0000000000002 10.750000000000002 1.7500000000000002 372863.00000000006
decision_type=5 2 2 2 5 2 2 2 2 2 2 2 2 2 2 2 2
left_child=13 3 -3 4 5 6 14 10 -8 11 15 12 16 -1 -2 -6 -4
right_child=1 2 9 -5 7 -7 8 -9 -10 -11 -12 -13 -14 -15 -16 -17 -18
leaf_value=-0.61860845281252608 0.012772184085782288 0.60925133341397442 0.014250205452378553 -0.34683869248504667 0.28665094289791909 0.28041654501308277 -0.57087450862971589 0.71157160611263071 -0 0.26760939004212475 -0 0.12334734638755238 -0.34363935900198267 -0 -0.16001191326466369 0 -0.051370920555976168
leaf_count=184 1044 145 182 145 139 87 215 45 104 71 62 42 77 42 123 58 35
internal_value=0 0.0196797 0.153521 -0.012535 0.00369587 -0.0488143 -0.110299 0.210359 -0.431209 0 0.0577372 -0.00716013 -0.119581 -0.327761 -0 0.220743 -0
internal_count=2800 2574 552 2022 1877 1573 1486 304 319 407 259 336 294 226 1167 197 217
cat_boundaries=0 3 4
cat_threshold=805578116 33554688 8192 17
shrinkage=0.892591


Tree=5
num_leaves=16
num_cat=0
split_feature=4 10 10 3 4 4 10 3 3 8 10 4 4 0 10
split_gain=2.68375 1.78008 1.95697 0.668757 0.984496 0.938776 0.639661 0.542427 1.54547 0.409475 0.666622 0.357723 0.103914 0.0498405 0.0353863
threshold=135130.00000000003 152.50000000000003 1.7500000000000002 783.25000000000011 14744.500000000002 27209.500000000004 12092.500000000002 129.25000000000003 13.750000000000002 54.250000000000007 143.50000000000003 57643.000000000007 51271.000000000007 13.750000000000002 25.750000000000004
decision_type=2 2 2 2 2 2 2 2 2 2 2 2 2 2 2
left_child=1 2 3 4 7 -6 13 8 -1 10 14 -5 -7 -3 -4
right_child=-2 6 9 11 5 12 -8 -9 -10 -11 -12 -13 -14 -15 -16
leaf_value=-0.020441607288301626 0.52391510237791583 -0.29764962318523897 0.086239046485233423 -0.52068837070370044 0.45860438006964943 -0.091733465573393042 0 0.025242442789788072 -0.50905452333350687 0 0.68561911324955649 -0 0.08431407962443585 -0 -0
leaf_count=1257 37 527 77 62 112 58 52 142 136 48 35 66 66 47 78
internal_value=0 -0.0654799 0 -0.0568375 -0.00553463 0.186801 -0.26552 -0.0833312 -0.132954 0.336851 0.422382 -0.370442 0 -0.313767 0
internal_count=2800 2763 2137 1899 1771 236 626 1535 1393 238 190 128 124 574 155
shrinkage=0.892591


Tree=6
num_leaves=15
num_cat=1
split_feature=2 11 10 5 5 10 10 8 3 8 8 5 5 5
split_gain=1.38578 1.66895 4.90631 0.894307 2.59166 0.796626 1.18867 0.434785 1.63504 1.13558 0.572082 0.466905 0.253206 0.0457219
threshold=0 847.00000000000011 107.50000000000001 822.25000000000011 37876.000000000007 448.75000000000006 2749.7500000000005 188.50000000000003 1502.5000000000002 7.7500000000000009 1.7500000000000002 82784.500000000015 68.500000000000014 4121.5000000000009
decision_type=5 2 2 2 2 2 2 2 2 2 2 2 2 2
left_child=-1 7 -3 5 -5 -4 -7 9 -9 10 12 -11 -2 -14
right_child=1 2 3 4 -6 6 -8 8 -10 11 -12 -13 13 -15
leaf_value=-0.20392001237063892 -0.081361922634428763 0.7328923841532593 -0 -0.65446517038531327 0.0045654881718412404 0.60854760110476125 0 0.38450723276989934 -0.1859992716903375 -0.40094429295381401 0.32218188895395089 -0 0.067329284126741162 -0
leaf_count=319 1037 209 124 130 34 126 134 127 38 177 56 23 145 121
internal_value=0 0.0236197 0.218838 -0 -0.245063 0.135846 0.323064 -0.0324057 0.0872659 -0.0774802 -0 -0.343765 -0.041897 0
internal_count=2800 2481 757 548 164 384 260 1724 165 1559 1359 200 1303 266
cat_boundaries=0 3
cat_threshold=537144708 33620840 8192
shrinkage=0.892591


Tree=7
num_leaves=13
num_cat=1
split_feature=0 0 5 5 6 5 5 8 0 5 7 2
split_gain=0.796156 1.21937 2.25413 1.56631 1.54951 0.626936 0.560007 0.542122 0.292996 0.169977 0.0978792 0.040327
threshold=18.250000000000004 10.750000000000002 2122.7500000000005 18433.000000000004 294.25000000000006 1984.0000000000002 19.750000000000004 40.000000000000007 7.7500000000000009 25203.250000000004 553938.00000000012 0
decision_type=2 2 2 2 2 2 2 2 2 2 2 5
left_child=1 2 4 -4 8 -3 -2 -6 11 -5 -11 -1
right_child=6 5 3 9 7 -7 -8 -9 -10 10 -12 -13
leaf_value=-0.050037526644900375 -0 -0.50792472376845232 -0.38036796498736253 0.10760236569480654 0.34078094931962505 -0 0.43470826445611371 -0 0.20110290633669725 -0.10804029848763386 0 0
leaf_count=1134 81 133 432 54 342 44 35 103 68 215 37 122
internal_value=0 -0.0770847 -0.029477 -0.214641 0.0618652 -0.416045 0.181119 0.297828 -0 -0 -0.0725128 -0.0508246
internal_count=2800 2684 2507 738 1769 177 116 445 1324 306 252 1256
cat_boundaries=0 2
cat_threshold=17 8192
shrinkage=0.892591


Tree=8
num_leaves=19
num_cat=1
split_feature=2 6 6 7 6 10 5 4 6 10 10 6 10 6 4 10 5 10
split_gain=0.743871 0.934745 1.27788 0.630575 1.06554 1.02601 0.694064 1.73 0.394109 0.274205 0.415892 0.54495 0.416149 0.252625 0.248882 0.191099 0.0729491 0.00720829
threshold=0 129145.50000000001 9832.7500000000018 60628.000000000007 177081.50000000003 3.2500000000000004 163.00000000000003 10924.000000000002 3847.0000000000005 384.25000000000006 71.500000000000014 1084.7500000000002 3.2500000000000004 1.7500000000000002 9656.5000000000018 4603.0000000000009 24007.750000000004 1.7500000000000002
decision_type=5 2 2 2 2 2 2 2 2 2 2 2 2 2 2 2 2 2
left_child=3 2 8 6 5 16 9 -8 13 10 11 12 -1 -2 -4 -11 -5 -3
right_child=1 17 14 4 -6 -7 7 -9 -10 15 -12 -13 -14 -15 -16 -17 -18 -19
leaf_value=0.12087746012369163 0 -0 -0 0.091448788549775339 -0 0.67155841224440616 -0.4660362447295987 0 0.18474094872940297 -0.13271533595908908 0.26069526059517162 -0.24737243172007664 -0.00073195673982210036 -0.24257413809090275 -0.57226502703380844 0 -0 0.038701736125313198
leaf_count=950 102 60 88 98 73 81 221 111 74 197 123 101 58 119 179 73 59 33
internal_value=0 -0.128273 -0.266013 0.0186223 0.170851 0.317777 -0.00101549 -0.214985 -0 0.0196436 0.0749655 0 0.0711952 -0.146326 -0.499328 -0.0452401 0 0
internal_count=2800 655 562 2145 311 238 1834 332 295 1502 1232 1109 1008 221 267 270 157 93
cat_boundaries=0 2
cat_threshold=276895921 663554
shrinkage=0.892591


Tree=9
num_leaves=18
num_cat=3
split_feature=2 0 11 11 5 0 9 5 5 9 5 5 0 11 0 0 5
split_gain=0.541675 1.13212 0.681573 2.00173 0.515919 0.651692 0.36016 0.39948 0.261091 0.251518 0.850192 1.19939 0.393353 1.08222 0.233078 0.971063 0.00387351
threshold=0 18.250000000000004 941.50000000000011 17563.000000000004 9.2500000000000018 1.7500000000000002 1 33751.000000000007 33751.000000000007 2 241.75000000000003 24456.250000000004 1.7500000000000002 143.50000000000003 4.7500000000000009 13.750000000000002 40.750000000000007
decision_type=5 2 2 2 2 2 1 2 2 1 2 2 2 2 2 2 2
left_child=2 9 6 -4 5 -5 8 14 16 10 -2 -12 13 -11 -8 -16 -1
right_child=1 -3 3 4 -6 -7 7 -9 -10 12 11 -13 -14 -15 15 -17 -18
leaf_value=-0.012836441072884881 -0.05387504937268757 0.54272053254216146 -0.4901972036344785 0.25405777371325428 -0.2002779699497845 -0 -0.050898118303038357 0.32082795240145767 -0.29546155022339043 -0.49376904702696267 0.40896505093659807 -0 0 0 0.42926454443217049 -0 0
leaf_count=624 128 25 255 181 122 64 361 36 50 107 195 50 86 141 107 37 231
internal_value=0 0.0433605 -0.0716735 -0.202322 -0 0.106237 -0 0.0667882 -0.0858223 0 0.0850184 0.254125 -0.0736904 -0.187787 0 0.14694 -0
internal_count=2800 732 2068 622 367 245 1446 541 905 707 373 245 334 248 505 144 855
cat_boundaries=0 4 5 6
cat_threshold=537142533 1107820832 9216 256 2 2
shrinkage=0.892591


Tree=10
num_leaves=12
num_cat=1
split_feature=2 8 3 3 11 10 11 10 3 3 10
split_gain=0.336539 0.336745 0.564018 1.20321 0.30047 0.189868 0.129555 0.128926 0.349164 0.183963 0.0388431
threshold=0 967.75000000000011 208.75000000000003 43.000000000000007 642.25000000000011 51.250000000000007 124670.00000000001 6.2500000000000009 1.7500000000000002 1.7500000000000002 22.750000000000004
decision_type=5 2 2 2 2 2 2 2 2 2 2
left_child=4 2 3 6 -1 -4 7 9 -9 -2 -5
right_child=1 -3 5 10 -6 -7 -8 8 -10 -11 -12
leaf_value=0.17146816447930271 0 0 -0.30814934801580829 0.22297736542336766 -0 -0 0 -0.21790843499339616 0 -0.1300244169041338 0
leaf_count=144 1162 109 230 138 70 98 82 418 78 210 61
internal_value=0 -0.0682245 -0.0934132 -0.0373611 0.0312383 -0.273213 -0.0984001 -0.108942 -0.19749 -0.0289967 0.203941
internal_count=2800 2586 2477 2149 214 328 1950 1868 496 1372 199
cat_boundaries=0 2
cat_threshold=8394912 139778
shrinkage=0.892591


Tree=11
num_leaves=17
num_cat=3
split_feature=1 6 6 5 0 5 5 0 1 5 5 0 6 9 6 0
split_gain=5.06765 3.65316 4.1673 4.04841 1.63635 1.40404 2.2606 0.681703 0.578459 0.550917 0.518736 0.346237 0.414519 0.0658135 0.0522748 0.0375357
threshold=0 40848.250000000007 177081.50000000003 18433.000000000004 1.7500000000000002 5582.5000000000009 569.50000000000011 7.7500000000000009 1 1.7500000000000002 15069.250000000002 10.750000000000002 1.7500000000000002 2 927.25000000000011 18.250000000000004
decision_type=5 2 2 2 2 2 2 2 5 2 2 2 2 1 2 2
left_child=10 4 3 -3 5 6 8 14 -2 -10 -1 -9 15 -4 -6 -13
right_child=1 2 13 -5 7 -7 -8 11 9 -11 -12 12 -14 -15 -16 -17
leaf_value=-0.52225518851142683 0.10951668680072613 0 0.034507538464259413 1.4125349338302973 -0.4325022879560701 -0.19013553999153038 0.73806259147780207 0.10991459904766621 -0.39496579071871307 0 -0 -0.066968707441944844 -0.30824415237557584 -0.099112528514362891 -0 0.046105642357520446
leaf_count=396 896 111 49 85 226 81 115 106 115 119 108 92 81 58 102 60
internal_value=0 0.0876458 0.487522 0.892898 0 0.110244 0.192268 -0.179266 0.0628267 -0.0604056 -0.34435 -0 -0.132845 -0 -0.394149 -0
internal_count=2800 2296 303 196 1993 1326 1245 667 1130 234 504 339 233 107 328 152
cat_boundaries=0 4 6 7
cat_threshold=307036466 266312 276824080 32768 16912385 4 2
shrinkage=0.892591


Tree=12
num_leaves=12
num_cat=3
split_feature=2 1 0 6 6 1 7 0 4 6 7
split_gain=4.18906 2.5177 1.62652 1.41281 2.78303 1.14551 0.966462 0.882191 0.702836 1.32476 0.392126
threshold=0 1 10.750000000000002 9682.7500000000018 861.25000000000011 2 148886.50000000003 24.250000000000004 254.50000000000003 182263.50000000003 847.75000000000011
decision_type=5 5 2 2 2 5 2 2 2 2 2
left_child=-1 3 5 4 10 -3 -5 -4 -7 -10 -2
right_child=1 2 7 6 -6 8 -8 -9 9 -11 -12
leaf_value=-0.32688827089502553 0 -0.2079583049517815 -0.51247007653912247 0.91963590431320541 -0.46212137475148035 -0 0 -0 0.31304053384101599 -0 0.67372203835591238
leaf_count=369 64 227 160 102 116 1140 58 49 379 74 62
internal_value=0 0.0315429 -0.0349197 0.2834 0 0 0.693857 -0.369745 0.0630292 0.212492 0.479532
internal_count=2800 2431 2029 402 242 1820 160 209 1593 453 126
cat_boundaries=0 3 7 11
cat_threshold=1613241488 1074266656 1024 17237122 419454980 0 536870912 302518544 262208 8390656 32768
shrinkage=0.892591


Tree=13
num_leaves=11
num_cat=1
split_feature=7 7 3 10 10 9 10 3 5 7
split_gain=1.12666 0.969767 1.06352 0.623243 2.37586 0.856522 0.605519 0.538055 0.198355 0.0736783
threshold=865.75000000000011 346413.00000000006 670.00000000000011 2018.5000000000002 10.750000000000002 0 229.00000000000003 1838.5000000000002 114552.50000000001 488206.00000000006
decision_type=2 2 2 2 2 1 2 2 2 2
left_child=3 2 -2 4 5 -1 -6 -4 9 -3
right_child=1 8 7 -5 6 -7 -8 -9 -10 -11
leaf_value=-0 -0.24544012979495353 0.19981145882629414 0.28711204737633683 0.28435628538042806 -0.54103477029626446 0.2291662080403627 -0 -0.086840591927609942 -0 0
leaf_count=604 1106 67 88 154 115 375 157 65 36 33
internal_value=0 -0.159851 -0.217574 8.12436e-05 -0.00202528 0.0917667 -0.387624 0 0 0.153522
internal_count=2800 1395 1259 1405 1251 979 272 153 136 100
cat_boundaries=0 1
cat_threshold=2
shrinkage=0.892591


Tree=14
num_leaves=16
num_cat=2
split_feature=1 0 1 8 5 8 6 10 5 6 6 6 0 0 10
split_gain=1.17354 0.678671 0.407477 0.911091 1.34153 0.348096 1.41778 1.68318 1.28778 0.808664 0.248144 0.213607 0.193507 0.192122 0.00180516
threshold=0 9.2500000000000018 1 32.500000000000007 116.50000000000001 57.250000000000007 84234.250000000015 1.7500000000000002 727.75000000000011 3940.7500000000005 86190.250000000015 129145.50000000001 1.7500000000000002 24.250000000000004 4311.2500000000009
decision_type=5 2 5 2 2 2 2 2 2 2 2 2 2 2 2
left_child=1 11 3 4 -2 8 -7 -8 9 12 -10 -1 14 -14 -4
right_child=2 -3 5 -5 -6 6 7 -9 10 -11 -12 -13 13 -15 -16
leaf_value=-0.35811549046056773 0 0 0.0062762026908020031 -0 0.75606024164985841 0.40929450537286804 -0.44350924402118275 0.25713673598824244 -0.36418811737159357 0.38511364138152482 -0 -0 -0.1695793325042603 0 -0
leaf_count=443 139 64 842 174 87 163 53 26 211 64 31 60 348 35 60
internal_value=0 -0.191484 0.0106834 0.128454 0.418243 -0.00231994 0.100151 -0 -0.051272 0 -0.326727 -0.341349 -0.0182529 -0.119149 0
internal_count=2800 567 2233 400 226 1833 242 79 1591 1349 242 503 1285 383 902
cat_boundaries=0 4 8
cat_threshold=461898160 1342439428 268435456 32768 491526 16851080 0 536870912
shrinkage=0.892591


Tree=15
num_leaves=15
num_cat=0
split_feature=8 6 0 8 5 7 7 7 6 6 7 10 10 0
split_gain=0.453756 1.17987 0.673051 0.618764 0.101405 0.629169 0.42319 0.418844 0.375357 0.176454 0.0692692 0.0532863 0.456986 0.0164589
threshold=100.75000000000001 255116.00000000003 1.7500000000000002 57.250000000000007 49.750000000000007 33877.000000000007 169.75000000000003 148886.50000000003 861.25000000000011 24883.750000000004 24532.750000000004 2696.5000000000005 10.750000000000002 7.7500000000000009
decision_type=2 2 2 2 2 2 2 2 2 2 2 2 2 2
left_child=3 2 -2 4 6 8 11 9 -6 -7 -10 12 -1 -4
right_child=1 -3 13 -5 5 7 -8 -9 10 -11 -12 -13 -14 -15
leaf_value=0 -0.33680691178701333 0.15051800894208234 0.033544336538549678 0.32205819641808275 0 0 0.18015531002835439 -0.044536702151413775 -0.36912218063626695 0.2920046508188886 -0 0.0053433691847967904 -0.18795078678047186 -0.043903172486943573
leaf_count=911 295 22 63 103 89 134 338 73 202 71 41 121 275 62
internal_value=0 -0.131645 -0.257572 0.00592065 -0 -0.0553928 0.00938519 0 -0.214978 0.204539 -0.325604 -0 -0.0337391 -0
internal_count=2800 442 420 2358 2255 610 1645 278 332 205 243 1307 1186 125
shrinkage=0.892591


Tree=16
num_leaves=11
num_cat=1
split_feature=2 11 3 11 3 4 7 4 7 4
split_gain=0.879494 1.32105 1.03584 1.00743 0.307674 1.17906 1.48926 0.827257 0.0813608 0.0151361
threshold=0 134020.00000000003 1529.5000000000002 56427.250000000007 220.00000000000003 250.75000000000003 15073.000000000002 31756.000000000004 3.2500000000000004 10366.750000000002
decision_type=5 2 2 2 2 2 2 2 2 2
left_child=-1 2 3 4 5 8 -7 9 -2 -6
right_child=1 -3 -4 -5 7 6 -8 -9 -10 -11
leaf_value=-0.17607862677923178 -0 -0.3630975373507721 0.44738279894634492 0.41243813122424061 -0 0.51547392552330973 0 -0.37373761738514105 -0.10519578823975305 0.05006834492937786
leaf_count=229 1131 101 89 103 71 187 392 111 286 100
internal_value=0 0.0337451 0.0752674 0.0311397 0 0.0306339 0.201544 -0.128881 -0.0295802 0
internal_count=2800 2571 2470 2381 2278 1996 579 282 1417 171
cat_boundaries=0 4
cat_threshold=1613497728 33554720 1024 256
shrinkage=0.892591


Tree=17
num_leaves=10
num_cat=3
split_feature=2 5 1 7 5 7 7 5 9
split_gain=1.12323 2.13933 0.938397 0.545398 0.591187 0.313625 0.235227 0.0134646 0.012972
threshold=0 21735.250000000004 1 169.75000000000003 93483.250000000015 47939.500000000007 8687.5000000000018 45964.000000000007 2
decision_type=5 2 5 2 2 2 2 2 1
left_child=2 -2 -1 8 5 6 -5 -3 -4
right_child=1 7 3 4 -6 -7 -8 -9 -10
leaf_value=-0.13956086173865992 -0.36273518248773789 0.063568005587779947 -0 0.15263361232287484 -0 0.34623088918733075 -0 -0 0.018372491600712585
leaf_count=344 497 56 602 175 46 221 185 46 628
internal_value=0 -0.164764 0.0246706 0.076308 0.178812 0.237334 0.0126855 0.032913 0
internal_count=2800 599 2201 1857 627 581 360 102 1230
cat_boundaries=0 3 6 7
cat_threshold=8394805 1107828834 8224 277415204 131648 276826112 2
shrinkage=0.892591


Tree=18
num_leaves=12
num_cat=0
split_feature=7 4 6 6 8 4 8 0 4 0 0
split_gain=0.144684 0.975731 0.403322 0.769823 0.33852 0.293744 0.0702689 0.0359502 0.0188713 0.00624663 0.000321324
threshold=865.75000000000011 4271.5000000000009 72269.500000000015 18366.250000000004 49.750000000000007 148260.00000000003 11.500000000000002 9.2500000000000018 59645.500000000007 21.250000000000004 3.2500000000000004
decision_type=2 2 2 2 2 2 2 2 2 2 2
left_child=7 4 3 -3 -2 6 -4 10 -8 -9 -1
right_child=1 2 5 -5 -6 -7 8 9 -10 -11 -12
leaf_value=0 -0.24150480001130409 -0 0 0.30817553269122683 0 0 -0 0.077340137966577321 -0.19271707701355378 0 -0.0071756705333034408
leaf_count=1029 540 241 38 206 85 28 139 136 118 46 194
internal_value=0 -0.0492812 0.00182797 0.138593 -0.218182 -0.033367 -0.130308 0 -0.157267 0.0574235 -0
internal_count=2800 1395 770 447 625 323 295 1405 257 182 1223
shrinkage=0.892591


Tree=19
num_leaves=12
num_cat=3
split_feature=11 6 4 1 6 6 3 9 11 9 6
split_gain=0.632684 1.23811 1.05767 0.772095 0.451111 0.623699 0.530912 0.647643 0.408648 0.0368867 0.0350916
threshold=18401.500000000004 4.7500000000000009 28058.500000000004 0 271.75000000000006 6694.7500000000009 594.25000000000011 1 80202.250000000015 2 86190.250000000015
decision_type=2 2 2 5 2 2 2 1 2 1 2
left_child=3 8 -3 -1 9 -6 10 -8 -2 -5 -7
right_child=1 2 -4 4 5 6 7 -9 -10 -11 -12
leaf_value=-0.1159523663585785 -0.041023008360790501 -0.53268656868743836 0 -0.022973262591900859 0.36795590498826253 -0.038400926433418879 0.36673773063443765 -0 0.25686234761159343 0.028231327231771491 0
leaf_count=334 144 188 61 623 247 348 96 61 93 528 77
internal_value=0 -0.149095 -0.384337 0.0294963 0.073839 0.152059 0.0290618 0.215871 0 0 -0
internal_count=2800 486 249 2314 1980 829 582 157 237 1151 425
cat_boundaries=0 2 3 4
cat_threshold=307761426 184963648 2 2
shrinkage=0.892591


Tree=20
num_leaves=13
num_cat=1
split_feature=1 10 11 4 11 10 10 11 11 4 4 0
split_gain=0.509353 0.307406 1.05795 0.936208 0.162291 0.729969 0.0975879 0.241703 0.0728439 0.0443884 0.0493357 0.0277796
threshold=0 10.750000000000002 10904.500000000002 8936.5000000000018 134020.00000000003 2696.5000000000005 10.750000000000002 42214.750000000007 456.25000000000006 862.75000000000011 9.2500000000000018 10.750000000000002
decision_type=5 2 2 2 2 2 2 2 2 2 2 2
left_child=4 9 3 -3 5 6 8 -8 -1 10 -2 -11
right_child=1 2 -4 -5 -6 -7 7 -9 -10 11 -12 -13
leaf_value=0.054880054942304836 -0.10863800899538893 -0 -0.21088563586495604 0.49773031797324746 -0.0036820192627773115 0.37451060878835274 -0.14334097241887889 0 -0 -0.17512762102776769 0 -0
leaf_count=861 207 101 265 60 57 91 227 57 143 550 118 63
internal_value=0 -0.0881483 0 0.265381 0.0240544 0.0568326 0 -0.0342598 0.0411247 -0.15553 -0 -0.18094
internal_count=2800 1364 426 161 1436 1379 1288 284 1004 938 325 613
cat_boundaries=0 4
cat_threshold=134258691 419496076 16 536870912
shrinkage=0.892591


Tree=21
num_leaves=13
num_cat=0
split_feature=10 10 10 4 4 3 5 3 3 7 7 3
split_gain=0.267861 0.227264 0.0938453 0.450919 0.599381 0.442785 0.229932 0.549251 0.317176 0.12263 0.302189 0.00481973
threshold=3157.7500000000005 14191.000000000002 1.7500000000000002 13135.000000000002 3298.7500000000005 164.50000000000003 100650.25000000001 1838.5000000000002 670.00000000000011 222467.00000000003 48199.000000000007 1.7500000000000002
decision_type=2 2 2 2 2 2 2 2 2 2 2 2
left_child=2 -2 6 4 11 -5 7 8 9 10 -1 -4
right_child=1 -3 3 5 -6 -7 -8 -9 -10 -11 -12 -13
leaf_value=-0 -0.27731287502272567 0 0.015490946648520836 0 0.40431900275714122 -0.22933714815512402 0.1095968073002094 -0.38481393270951203 0.19405527166106104 0 -0.20466541398977725 -0
leaf_count=1427 126 45 410 63 96 104 35 63 77 55 228 71
internal_value=0 -0.184067 0 0.0450644 0.14517 -0.0177348 -0.0175432 -0.0499377 -0.003099 -0.0431444 -0.0618716 0
internal_count=2800 171 2629 744 577 167 1885 1850 1787 1710 1655 481
shrinkage=0.892591


Tree=22
num_leaves=18
num_cat=1
split_feature=9 10 10 4 5 5 4 11 5 4 7 11 11 7 11 5 10
split_gain=2.39226 1.663 1.72559 1.1176 1.93343 3.19647 1.6698 0.953279 1.02474 0.620045 0.718463 0.578818 0.327587 0.235659 0.21183 0.147179 0.146052
threshold=0 36.250000000000007 152.50000000000003 30447.250000000004 40.750000000000007 3754.7500000000005 95599.750000000015 134020.00000000003 4.7500000000000009 24821.500000000004 1.7500000000000002 29542.000000000004 20694.250000000004 631.00000000000011 1371.2500000000002 26840.500000000004 3.2500000000000004
decision_type=1 2 2 2 2 2 2 2 2 2 2 2 2 2 2 2 2
left_child=3 9 -3 4 13 -6 -5 8 12 10 14 -10 -4 16 -2 -7 -1
right_child=1 2 7 6 5 15 -8 -9 11 -11 -12 -13 -14 -15 -16 -17 -18
leaf_value=0.13707127578716394 -0.10545558069096625 0.50036989889876604 0.25877231042155457 -0.27416722885943456 0.89997466175978391 -0 0.36491743562724815 0.43404794852219258 -0.51849050998087942 0 -0.41427691026072511 -0 -0 -0 0 0.1837286207916787 -0
leaf_count=574 274 93 110 122 196 184 56 74 108 98 324 93 152 150 70 44 78
internal_value=0 -0.016004 0.128448 0.243385 0.319742 0.570958 -0 -0 -0.0944104 -0.181781 -0.244303 -0.37188 0 0.0401351 -0.00717864 0 0.114897
internal_count=2800 1396 630 1404 1226 424 178 537 463 766 668 201 262 802 344 228 652
cat_boundaries=0 1
cat_threshold=2
shrinkage=0.892591


Tree=23
num_leaves=15
num_cat=2
split_feature=1 1 0 8 11 8 5 11 11 5 5 8 11 0
split_gain=4.42953 2.31249 0.981158 0.678441 0.357995 0.583592 1.17526 0.453791 0.393735 0.20531 0.31823 0.156301 0.0806162 0.0527064
threshold=0 1 10.750000000000002 493.75000000000006 847.00000000000011 182.50000000000003 1555.0000000000002 162.25000000000003 40044.250000000007 6043.7500000000009 1027.7500000000002 182.50000000000003 84444.250000000015 10.750000000000002
decision_type=5 5 2 2 2 2 2 2 2 2 2 2 2 2
left_child=2 -2 3 -1 7 6 8 9 -6 10 13 -11 -10 -3
right_child=1 4 -4 -5 5 -7 -8 -9 12 11 -12 -13 -14 -15
leaf_value=-0.44353328460756614 0.37969888641820293 0.036551904362128788 0 -0 0.1633156830664319 -0 0.70716289792339526 -0.19676442073751371 -0.13714724185237329 0.24991348111450615 -0.20061266712317485 0 0 -0
leaf_count=497 370 765 61 36 279 62 74 118 69 101 103 72 97 96
internal_value=0 0.107805 -0.280674 -0.439579 0.0111929 0.114746 0.197036 -0.00480517 0.0144179 0 -0 0.143914 -0.001727 0
internal_count=2800 2206 594 533 1836 581 519 1255 445 1137 964 173 166 861
cat_boundaries=0 3 7
cat_threshold=28321158 436215814 34832 269385776 327688 8388608 32768
shrinkage=0.892591


Tree=24
num_leaves=12
num_cat=2
split_feature=1 2 4 4 4 3 0 0 5 0 3
split_gain=1.37247 1.44124 1.19676 0.754386 0.996991 0.788961 0.213473 0.239985 0.0982573 0.0378407 0.00912119
threshold=0 1 16066.750000000002 38779.750000000007 1.7500000000000002 594.25000000000011 1.7500000000000002 10.750000000000002 28054.000000000004 12.250000000000002 430.75000000000006
decision_type=5 5 2 2 2 2 2 2 2 2 2
left_child=2 -2 -1 4 6 9 -3 -8 -5 -6 -10
right_child=1 3 -4 8 5 -7 7 -9 10 -11 -12
leaf_value=0.49958236641634052 0.1798167763636756 -0.067036842596896795 -0 -0 -0.36387636058334411 0 0.15610742247084239 -0 0 -0 0.11400824333274039
leaf_count=313 217 940 102 88 528 59 256 148 31 53 65
internal_value=0 -0.0339955 0.221543 -0.0857896 -0.137061 -0.299488 -0.0254271 0 0.030531 -0.376157 0.101771
internal_count=2800 2385 415 2168 1984 640 1344 404 184 581 96
cat_boundaries=0 4 7
cat_threshold=285605936 17047680 8388608 32768 1074008100 1073938538 8192
shrinkage=0.892591


Tree=25
num_leaves=15
num_cat=1
split_feature=11 1 11 4 11 11 0 0 3 11 3 0 11 11
split_gain=1.78947 0.892338 1.30144 0.929344 0.865509 0.530803 0.610712 0.225045 0.591999 0.198151 0.0997439 0.0600224 0.0224837 0.0141574
threshold=167260.00000000003 0 4838.5000000000009 13754.500000000002 10654.750000000002 25.000000000000004 10.750000000000002 4.7500000000000009 164.50000000000003 190.00000000000003 910.00000000000011 1.7500000000000002 40044.250000000007 17563.000000000004
decision_type=2 5 2 2 2 2 2 2 2 2 2 2 2 2
left_child=1 2 5 4 -3 11 -7 8 -5 10 -10 -1 -4 -11
right_child=-2 3 12 7 -6 6 -8 -9 9 13 -12 -13 -14 -15
leaf_value=0.057753313277066523 0.64295819911641194 -0.26114976158516384 -0 0.26623718064794549 0 0.4775499240197395 0 -0.1230175011215756 -0 -0.222175431773629 0.13352544245003808 -0 -0.15052170509541007 -0
leaf_count=627 57 739 198 140 154 159 44 78 74 39 77 236 137 41
internal_value=0 -0.00971614 0.0569429 -0.0961232 -0.220908 0.17864 0.394785 0 0.0692414 -0 0.0335124 0.0354824 -0.105576 -0.172988
internal_count=2800 2743 1401 1342 893 1066 203 449 371 231 151 863 335 80
cat_boundaries=0 4
cat_threshold=273195189 262144 2048 32768
shrinkage=0.892591


Tree=26
num_leaves=6
num_cat=2
split_feature=1 0 8 8 9
split_gain=2.10771 0.311744 0.807416 0.339327 0.816404
threshold=0 21.250000000000004 100.75000000000001 296.50000000000006 1
decision_type=5 2 2 2 1
left_child=-1 2 -2 -4 -5
right_child=1 -3 3 4 -6
leaf_value=-0.092039614613242504 0.26330624171244071 -0 -0.1440057534308915 0.31339745749294579 -0
leaf_count=1714 754 34 92 104 102
internal_value=0 0.139334 0.190626 0 0.117897
internal_count=2800 1086 1052 298 206
cat_boundaries=0 3 4
cat_threshold=61866369 436351566 32784 2
shrinkage=0.892591


end of trees

feature importances:
n_table_3.n_3=48
n_table_1.n_16=45
n_table_1.n_18=42
n_1=40
n_table_2.n_13=35
n_table_1.n_15=27
n_table_1.n_19=27
n_table_1.n_12=26
n_table_1.n_26=23
c_table_1.c_2=17
c_table_1.c_4=12
c_table_2.c_1=11

parameters:
[boosting: gbdt]
[objective: binary]
[metric: auc]
[tree_learner: serial]
[device_type: cpu]
[data: ]
[valid: ]
[num_iterations: 100]
[learning_rate: 0.892591]
[num_leaves: 77]
[num_threads: 4]
[max_depth: 7]
[min_data_in_leaf: 20]
[min_sum_hessian_in_leaf: 2.94897]
[bagging_fraction: 0.7]
[bagging_freq: 11]
[bagging_seed: 3]
[feature_fraction: 0.5]
[feature_fraction_seed: 2]
[early_stopping_round: 0]
[max_delta_step: 0]
[lambda_l1: 1.84934]
[lambda_l2: 0.300959]
[min_gain_to_split: 0]
[drop_rate: 0.1]
[max_drop: 50]
[skip_drop: 0.5]
[xgboost_dart_mode: 0]
[uniform_drop: 0]
[drop_seed: 4]
[top_rate: 0.2]
[other_rate: 0.1]
[min_data_per_group: 100]
[max_cat_threshold: 32]
[cat_l2: 10]
[cat_smooth: 10]
[max_cat_to_onehot: 4]
[top_k: 20]
[monotone_constraints: ]
[feature_contri: ]
[forcedsplits_filename: ]
[refit_decay_rate: 0.9]
[verbosity: -1]
[max_bin: 255]
[min_data_in_bin: 3]
[bin_construct_sample_cnt: 200000]
[histogram_pool_size: -1]
[data_random_seed: 1]
[output_model: LightGBM_model.txt]
[snapshot_freq: -1]
[input_model: ]
[output_result: LightGBM_predict_result.txt]
[initscore_filename: ]
[valid_data_initscores: ]
[pre_partition: 0]
[enable_bundle: 1]
[max_conflict_rate: 0]
[is_enable_sparse: 1]
[sparse_threshold: 0.8]
[use_missing: 1]
[zero_as_missing: 0]
[two_round: 0]
[save_binary: 0]
[enable_load_from_binary_file: 1]
[header: 0]
[label_column: ]
[weight_column: ]
[group_column: ]
[ignore_column: ]
[categorical_feature: ]
[predict_raw_score: 0]
[predict_leaf_index: 0]
[predict_contrib: 0]
[num_iteration_predict: -1]
[pred_early_stop: 0]
[pred_early_stop_freq: 10]
[pred_early_stop_margin: 10]
[convert_model_language: ]
[convert_model: gbdt_prediction.cpp]
[num_class: 1]
[is_unbalance: 0]
[scale_pos_weight: 1]
[sigmoid: 1]
[boost_from_average: 1]
[reg_sqrt: 0]
[alpha: 0.9]
[fair_c: 1]
[poisson_max_delta_step: 0.7]
[tweedie_variance_power: 1.5]
[max_position: 20]
[label_gain: ]
[metric_freq: 1]
[is_provide_training_metric: 0]
[eval_at: ]
[num_machines: 1]
[local_listen_port: 12400]
[time_out: 120]
[machine_list_filename: ]
[machines: ]
[gpu_platform_id: -1]
[gpu_device_id: -1]
[gpu_use_dp: 0]

end of parameters

pandas_categorical:[[0, 1, 2, 3, 4, 5, 6, 7, 8, 9, 10, 11, 12, 13, 14, 15, 16, 17, 18, 19, 20, 21, 22, 23, 24, 25, 26, 27, 28, 29, 30, 31, 32, 33, 34, 35, 36, 37, 38, 39, 40, 41, 42, 43, 44, 45, 46, 47, 48, 49, 50, 51, 52, 53, 54, 55, 56, 57, 58, 59, 60, 61, 62, 63, 64, 65, 66, 67, 68, 69, 70, 71, 72, 73, 74, 75, 76, 77, 78, 79, 80, 81, 82, 83, 84, 85, 86, 87, 88, 89, 90, 91, 92, 93, 94, 95, 96, 97, 98, 99, 100, 101, 102, 103, 104, 105, 106, 107, 108, 109, 110, 111, 112, 113, 114, 115, 116, 117, 118, 119, 120, 121, 122, 123, 124, 125, 126, 127, 128, 129, 130, 131, 132, 133, 134, 135, 136, 137, 138, 139, 140, 141, 142, 143, 144, 145, 146, 147, 148, 149, 150, 151, 152, 153, 154, 155, 156, 157, 158, 159, 160, 161, 162, 163, 164, 165, 166, 167, 168, 169, 170, 171, 172, 173, 174, 175, 176, 177, 178, 179, 180, 181, 182, 183, 184, 185, 186, 187, 188, 189, 190, 191, 192, 193, 194, 195], [0, 1, 2, 3, 4, 5, 6, 7, 8, 9, 10, 11, 12, 13, 14, 15, 16, 17, 18, 19, 20, 21, 22, 23, 24, 25, 26, 27, 28, 29, 30, 31, 32, 33, 34, 35, 36, 37, 38, 39, 40, 41, 42, 43, 44, 45, 46, 47, 48, 49, 50, 51, 52, 53, 54, 55, 56, 57, 58, 59, 60, 61, 62, 63, 64, 65, 66, 67, 68, 69, 70, 71, 72, 73, 74, 75, 76, 77, 78, 79, 80, 81, 82, 83, 84, 85, 86, 87, 88, 89, 90, 91, 92, 93, 94, 95, 96, 97, 98, 99, 100, 101, 102, 103, 104, 105, 106, 107, 108, 109, 110, 111, 112, 113, 114, 115, 116, 117, 118, 119, 120, 121, 122, 123, 124, 125, 126, 127, 128, 129, 130, 131, 132, 133, 134, 135, 136, 137, 138, 139, 140, 141, 142, 143, 144, 145, 146, 147, 148, 149, 150, 151], [0, 1]]
