tree
version=v2
num_class=1
num_tree_per_iteration=1
label_index=0
max_feature_idx=11
objective=binary sigmoid:1
feature_names=n_1 c_table_1.c_2 c_table_1.c_4 n_table_1.n_12 n_table_1.n_15 n_table_1.n_16 n_table_1.n_18 n_table_1.n_19 n_table_1.n_26 c_table_2.c_1 n_table_2.n_13 n_table_3.n_3
feature_infos=[1:335.5] 24:0:17:16:10:7:34:23:19:60:18:15:44:28:1:5:8:35:45:38:41:68:4:12:25:13:2:75:49:20:39:48:50:46:21:111:22:92:33:56:57:59:87:27:79:120:9:37:43:62:125:26:47:96:40:61:70:73:3:6:67:72:76:31:42:66:77:85:104:108:124:132:53:54:89:91:93:136:55:64:82:84:94:101:115:121:140:36:51:71:80:81:88:97:98:102:103:119:127:135:147:149:30:52:63:118:123:133:139:144:165:167:32:58:69:74:78:90:99:110:112:114:116:131:134:137:146:161:162:166:174 4:0:10:12:2:11:7:5:45:51:35:8:18:23:33:40:77:30:37:38:41:57:29:28:16:74:62:49:13:21:48:104:6:69:22:26:39:54:19:27:72:87:95:3:31:55:56:106:15:17:60:61:96:103:92:25:66:67:78:80:81:93:94:109:113:117:122:1:24:44:46:47:53:59:65:83:84:99:112:121:133:14:20:36:63:70:82:97:102:116:136:32:34:42:52:58:64:71:75:85:90:98:107:111:115:124:129:130:131:132 [1:8524] [1:274774] [1:249100] [1:574087] [1:1285890] [1:121640] 1:0 [1:395101] [1:509664]
tree_sizes=1483 1768 1863 1798 1242 1594 1363 2003 1474 1960 1827 1957 1571 1458 1443 1099 1663 1309 1178 2044 1466 1329 1491 1251 1357 1873 1267 1313 1427 1462 1490 1668 1113 1294 1598 1403 1448 1527 1347 1451 1423 1672 1462 1961 1306 2000 1667 1435 1284 1557 1752 925 1405 1598 1849 1768 1149 1552 1369 1951

Tree=0
num_leaves=18
num_cat=1
split_feature=5 6 2 8 3 10 0 11 11 3 10 0 5 5 11 8 0
split_gain=33.2298 12.065 8.86873 10.0567 8.33696 5.86238 5.09923 3.59395 4.80864 3.29235 2.83797 2.27115 2.02744 7.94871 1.88858 0.92595 0.284966
threshold=18608.500000000004 102161.00000000001 0 25.750000000000004 355.00000000000006 1.7500000000000002 18.250000000000004 25.000000000000004 190.00000000000003 307.75000000000006 84.250000000000014 1.7500000000000002 650.50000000000011 2122.7500000000005 12696.250000000002 87.250000000000014 25.750000000000004
decision_type=2 2 5 2 2 2 2 2 2 2 2 2 2 2 2 2 2
left_child=2 9 3 -1 -3 -6 7 12 -9 -2 14 -12 -4 -14 -10 -15 -8
right_child=1 4 6 -5 5 -7 16 8 10 -11 11 -13 13 15 -16 -17 -18
leaf_value=-2.6386535037987837 -2.72645844252449 -2.7729168771629742 -2.8653147774196461 -2.8116228133923671 -2.7214912998118672 -2.4284850976248968 -2.7292089548501224 -2.710732311089505 -2.8106757024829077 -2.832425932119389 -2.8248275217182197 -2.8974130167426884 -2.7191226048489474 -2.8811512674608735 -2.7344511887336855 -2.8117986410763742 -2.8106757024829077
leaf_count=107 83 75 1165 106 61 54 54 57 280 91 426 141 89 174 56 124 57
internal_value=0 1.19495 -0.163602 0.445973 1.91643 2.61562 -0.237225 -0.299878 -0.0673728 0.211946 -0.168281 -0.358805 -0.429997 -0.0927305 0.104518 -0.471442 0.545488
internal_count=3200 364 2836 213 190 115 2623 2512 960 174 903 567 1552 387 336 298 111
cat_boundaries=0 2
cat_threshold=1350635648 205346
shrinkage=1


Tree=1
num_leaves=23
num_cat=2
split_feature=7 1 7 3 11 11 0 1 3 11 11 3 3 10 10 7 3 8 0 11 0 10
split_gain=43.9256 16.1901 7.46764 8.26066 5.96961 7.26053 3.77919 2.82087 2.39406 1.97692 3.40769 1.88074 2.75809 1.56815 1.21582 1.03267 0.981333 1.66391 0.574804 0.763508 0.490509 0.210118
threshold=553938.00000000012 0 63418.750000000007 90.250000000000014 25.000000000000004 962.50000000000011 7.7500000000000009 1 12.250000000000002 17563.000000000004 26170.750000000004 783.25000000000011 407.50000000000006 3.2500000000000004 3.2500000000000004 3.2500000000000004 129.25000000000003 1.7500000000000002 12.250000000000002 456.25000000000006 16.750000000000004 1.7500000000000002
decision_type=2 5 2 2 2 2 2 5 2 2 2 2 2 2 2 2 2 2 2 2 2 2
left_child=1 4 6 -4 20 18 7 -3 -8 14 -11 12 -5 -13 -7 -12 17 -9 19 -6 21 -1
right_child=-2 2 3 11 5 9 8 16 -10 10 15 13 -14 -15 -16 -17 -18 -19 -20 -21 -22 -23
leaf_value=-0.05625061375132466 0.34777318558815173 0.029119702864592215 0.21721282770255562 0.0034830130725675198 0.13348701330717341 -0 0 -0.0081686080913704467 0.13274774414300425 0.077014006364111653 -0 -0.03406947628028692 0.13957421204972106 0.053273945636954617 -0.078320282550552775 -0.060097171329189097 0 -0.083659662738604229 0 0.016772016352440605 -0 -0
leaf_count=1172 44 108 69 98 52 100 76 231 54 64 208 82 60 49 161 95 98 123 55 75 57 69
internal_value=0 -0.0765655 0.317873 0.85715 -0.291131 -0.00504902 0.0726618 -0.05961 0.696458 -0.250372 -0 0.409648 0.699908 0 -0.527305 -0.239853 -0.214924 -0.405181 0.684125 0.849616 -0.50226 -0.521455
internal_count=3200 3156 1048 358 2108 810 690 560 130 628 367 289 158 131 261 303 452 354 182 127 1298 1241
cat_boundaries=0 2 6
cat_threshold=330011009 135748 4194322 268500992 0 32768
shrinkage=0.104284


Tree=2
num_leaves=25
num_cat=3
split_feature=7 1 11 11 6 3 0 5 7 5 6 6 11 11 5 2 11 9 0 11 0 7 5 5
split_gain=28.9325 14.6122 5.27785 6.03709 5.13598 6.74162 3.22373 2.56684 3.12073 2.3467 1.98849 1.81997 1.70405 2.70941 0.992899 0.964877 0.643474 0.583341 0.430196 0.354288 1.60696 0.222983 0.0948098 1.27496
threshold=553938.00000000012 0 25.000000000000004 962.50000000000011 33567.250000000007 783.25000000000011 7.7500000000000009 2122.7500000000005 18337.000000000004 527.50000000000011 113580.00000000001 12580.000000000002 17563.000000000004 26170.750000000004 25.000000000000004 1 1384.7500000000002 2 16.750000000000004 456.25000000000006 10.750000000000002 3.2500000000000004 8467.7500000000018 37876.000000000007
decision_type=2 5 2 2 2 2 2 2 2 2 2 2 2 2 2 5 2 1 2 2 2 2 2 2
left_child=1 2 18 19 6 22 7 8 15 -8 -7 -9 16 -14 -15 -3 -5 -10 21 20 -4 -1 -6 -24
right_child=-2 4 3 12 5 10 9 11 17 -11 -12 -13 13 14 -16 -17 -18 -19 -20 -21 -22 -23 23 -25
leaf_value=-0.037201014637405709 0.25186957853498204 -0.022034695363674112 0.13009347668443411 -0 0.18542483417736894 -0.045736011771845379 0 -0.079828897444868319 0.11002783258760945 0.1207675698054794 0.051028859129129231 0 0.064775537362672816 -0 -0.066493580794019375 0.011162678595954819 -0.064365027277968709 0 -0 0.0063899698091201438 0 -0.068564360880205483 0 0.11008318057558057
leaf_count=772 44 120 47 60 59 72 76 108 51 61 60 82 65 233 71 159 201 54 57 82 55 478 64 69
internal_value=0 -0.0647499 -0.273654 -0.00591971 0.305348 0.777599 0.110432 -0.0126847 0.158298 0.649631 0 -0.430141 -0.237641 -0 -0.228334 -0.0378959 -0.50327 0.737411 -0.478185 0.600449 0.798726 -0.496949 1.22034 0.706646
internal_count=3200 3156 2121 814 1035 324 711 574 384 137 132 190 630 369 304 279 261 105 1307 184 102 1250 192 133
cat_boundaries=0 2 3 4
cat_threshold=330011009 135750 1 2
shrinkage=0.104284


Tree=3
num_leaves=23
num_cat=3
split_feature=1 6 11 11 3 6 8 11 7 3 9 5 7 11 7 11 5 11 11 5 7 9
split_gain=23.8259 14.5548 4.56924 3.98686 3.44828 6.22833 2.99661 4.82326 9.59798 3.17934 3.43379 2.39156 1.93137 1.52002 2.42913 3.87814 1.17973 0.778482 0.653014 0.489852 0.68425 0.0679419
threshold=0 113580.00000000001 25.000000000000004 962.50000000000011 783.25000000000011 33567.250000000007 3.2500000000000004 456.25000000000006 9667.0000000000018 43.000000000000007 1 9896.5000000000018 2819.5000000000005 17563.000000000004 16618.750000000004 26478.250000000004 43495.750000000007 99332.500000000015 1384.7500000000002 18608.500000000004 3.2500000000000004 2
decision_type=5 2 2 2 2 2 2 2 2 2 1 2 2 2 2 2 2 2 2 2 2 1
left_child=2 4 19 -4 5 6 7 8 -2 -8 -11 -7 -9 18 15 -15 -13 -17 -5 20 21 -1
right_child=1 -3 3 13 -6 11 9 12 -10 10 -12 16 -14 14 -16 17 -18 -19 -20 -21 -22 -23
leaf_value=-0.041888686293403338 0 0.16773198476415033 0.046666594717800096 -0 -0.047331405383159594 0.17547538769712395 -0.078224133579704411 0.014852184429721924 0.1677017113233128 0.066223849323031339 -0.046076362831040218 -0 -0.068647175487845158 0.10960962516860598 -0.069044118644485883 -0.028964711267047399 0.077714706179809828 0.015265599518403514 -0.06209696934461871 -0 -0.072680187731878163 -0.010454605644962017
leaf_count=560 184 126 186 58 78 55 103 74 102 102 72 66 72 47 69 152 49 95 201 60 445 244
internal_value=0 0.45104 -0.273805 -0.0247523 0.280513 0.365304 0.135587 0.364687 0.687393 -0.170511 0.103938 1.00951 -0.168292 -0.221325 -0 0.142278 0.392227 -0.0476302 -0.478838 -0.471637 -0.491713 -0.339119
internal_count=3200 1083 2117 808 957 879 709 432 286 277 174 170 146 622 363 294 115 247 259 1309 1249 804
cat_boundaries=0 2 3 4
cat_threshold=330994065 50469446 2 2
shrinkage=0.104284


Tree=4
num_leaves=15
num_cat=1
split_feature=4 0 2 11 11 5 6 8 5 4 8 0 6 8
split_gain=19.1423 7.9094 6.4914 3.98491 9.82463 3.25078 2.39013 1.97576 3.26325 2.36879 1.7405 0.614209 0.392047 0.172191
threshold=135130.00000000003 18.250000000000004 0 25.000000000000004 162.25000000000003 18433.000000000004 150181.50000000003 32.500000000000007 877.75000000000011 31047.250000000004 28.750000000000004 25.750000000000004 73723.750000000015 154.00000000000003
decision_type=2 2 5 2 2 2 2 2 2 2 2 2 2 2
left_child=1 2 10 5 -5 12 -7 8 -6 -9 -1 -3 -4 -12
right_child=-2 11 3 4 7 6 -8 9 -10 -11 13 -13 -14 -15
leaf_value=0.10836144167766397 0.18691030927807645 0.12576039159435717 -0.043739495871484214 0.14199253584317825 -0.0066831134793312033 0.059044090065420766 -0.029904124229131419 0.057269087661586462 -0.085295245001712219 -0.02203373852762211 -0 0.01203221920970024 -0 0.02710166209343479
leaf_count=99 42 64 1501 57 687 98 72 130 131 82 71 63 51 52
internal_value=0 -0.0565542 -0.11135 -0.178725 0 -0.329872 0.130231 -0.110866 -0.222448 0.19107 0.382705 0.889608 -0.404838 0.104438
internal_count=3200 3158 3031 2809 1087 1722 170 1030 818 212 222 127 1552 123
cat_boundaries=0 3
cat_threshold=1354829824 655970 1024
shrinkage=0.104284


Tree=5
num_leaves=20
num_cat=3
split_feature=4 2 0 4 9 0 0 9 10 10 10 7 5 8 4 7 5 7 10
split_gain=14.07 6.59141 6.40085 4.11293 2.93697 2.20837 2.62111 1.57042 2.0405 3.48586 1.3909 1.77851 1.12767 5.7144 0.876463 0.802671 1.07074 0.996968 0.72542
threshold=135130.00000000003 0 10.750000000000002 379.00000000000006 1 24.250000000000004 10.750000000000002 2 384.25000000000006 143.50000000000003 229.00000000000003 122803.00000000001 2565.2500000000005 188.50000000000003 2934.2500000000005 25374.250000000004 5964.2500000000009 865.75000000000011 13.750000000000002
decision_type=2 5 2 2 1 2 2 1 2 2 2 2 2 2 2 2 2 2 2
left_child=1 5 3 18 12 6 7 15 9 -9 11 -6 -5 -14 -10 17 -17 -1 -3
right_child=-2 2 -4 4 10 -7 -8 8 14 -11 -12 -13 13 -15 -16 16 -18 -19 -20
leaf_value=-0.020620552488208391 0.15159537818667734 -0.051652113011145244 0.12791274867171554 0.10784765265023591 -0.00012236721360422682 0.044526120779057439 -0.073854463611850732 -0.0032244037708080192 -0.04671188957514915 0.07175484668543447 -0.041878246107421781 0.079772189592591469 -0.024797117791915759 0.1193003930434068 0 0.038626367838093673 -0.023826481005222878 -0.070454063666116687 0
leaf_count=629 42 157 86 97 87 66 189 626 244 122 81 43 109 53 85 59 159 202 64
internal_value=0 -0.0487303 0.238856 0.108118 0.332892 -0.171791 -0.217969 -0.155274 -0.0181473 0.0904777 -0 0.230182 0.617044 0.23318 -0.315817 -0.284444 -0 -0.35551 -0.339245
internal_count=3200 3158 777 691 470 2381 2315 2126 1077 748 211 130 259 162 329 1049 218 831 221
cat_boundaries=0 2 3 4
cat_threshold=537144741 33554760 2 2
shrinkage=0.104284


Tree=6
num_leaves=17
num_cat=0
split_feature=4 11 11 4 8 11 10 3 5 8 3 8 5 5 11 8
split_gain=10.8339 5.01223 14.7499 4.73793 6.49084 3.26405 3.64657 2.73853 2.73502 0.983102 2.41329 0.956195 0.908864 1.93663 0.690213 0.230569
threshold=132478.00000000003 25.000000000000004 456.25000000000006 13754.500000000002 11.500000000000002 167260.00000000003 84.250000000000014 157.00000000000003 28.750000000000004 188.50000000000003 803.50000000000011 130.75000000000003 40927.750000000007 822.25000000000011 847.00000000000011 139.00000000000003
decision_type=2 2 2 2 2 2 2 2 2 2 2 2 2 2 2 2
left_child=1 3 8 11 -5 6 7 14 -3 -6 -11 -1 13 -8 -4 -2
right_child=15 2 5 4 9 -7 12 -9 -10 10 -12 -13 -14 -15 -16 -17
leaf_value=-0.036727710878591301 0.027410477189774542 0.04308526761945624 -0.033118333958477145 0.12096391116843423 -0.048688690711902086 0.077509509350505643 -0.016170683964073201 0.089485395476920859 0.18447989977783172 0.052591160564110791 -0.038950876362091234 0 0 -0.081107051255821627 0.012447981555296354 0.14370655262977433
leaf_count=1517 37 95 79 73 79 64 442 59 63 96 85 71 39 177 193 31
internal_value=0 -0.0517575 0.146599 -0.205806 0.206762 -0.0515683 -0.134159 0.190063 1.15412 -0.0805508 0.0121625 -0.323667 -0.332523 -0.38535 -0 1.08449
internal_count=3200 3132 1211 1921 333 1053 989 331 158 260 181 1588 658 619 272 68
shrinkage=0.104284


Tree=7
num_leaves=25
num_cat=1
split_feature=1 6 3 6 7 8 11 7 3 3 5 7 3 11 11 11 0 7 7 11 11 0 8 8
split_gain=15.6529 4.39485 3.17106 3.58327 2.89216 2.85001 3.08414 4.27368 2.5538 2.17067 1.79838 1.73395 1.66634 1.5671 2.28528 1.50506 1.75106 1.01161 0.604816 0.413191 0.223653 0.201462 0.0187064 2.34251
threshold=0 35350.000000000007 783.25000000000011 113580.00000000001 3.2500000000000004 3.2500000000000004 456.25000000000006 9667.0000000000018 43.000000000000007 2594.5000000000005 5582.5000000000009 1376.5000000000002 1408.7500000000002 25.000000000000004 456.25000000000006 14005.750000000002 1.7500000000000002 2819.5000000000005 26054.500000000004 1441.0000000000002 42622.000000000007 1.7500000000000002 1.7500000000000002 76.000000000000014
decision_type=5 2 2 2 2 2 2 2 2 2 2 2 2 2 2 2 2 2 2 2 2 2 2 2
left_child=4 5 -3 -4 13 6 7 11 -7 -5 -10 -2 22 21 -15 19 20 -8 -9 -16 -17 -1 -6 -24
right_child=1 2 3 9 12 8 17 18 10 -11 -12 -13 -14 14 15 16 -18 -19 -20 -21 -22 -23 23 -25
leaf_value=-0.013671520020631921 0.048827315669309042 0.1079339440316415 -0.043321379417161507 0.00026077319246826534 -0.06964957014639396 -0.074386251443547088 0.015184991929325523 0.15388016239548463 0.054429086483059358 0.11402875853392845 -0.023351308135622181 -0.030784907287116973 0 0.064598908858122278 -0 0.052985327839267335 -0.036431030888575071 -0.046102517837374457 0.021351265234812282 -0.057883467830100427 0 -0.046268148461622215 0.011703507689728228 -0.061010668942655062
leaf_count=600 92 195 75 64 441 102 71 62 83 28 96 87 54 69 102 100 65 75 42 111 95 204 101 186
internal_value=0 0.35202 0.705029 0.232129 -0.231781 0.145663 0.363154 0.607667 -0.156038 0.573988 0.0643014 0.0272138 -0.480731 -0.101754 0.0423193 -0.0571634 0.110678 -0.0471102 1.1487 -0.353044 0.354598 -0.24928 -0.545788 -0.287084
internal_count=3200 1072 362 167 2128 710 429 283 281 92 179 179 782 1346 542 473 260 146 104 213 195 804 728 287
cat_boundaries=0 3
cat_threshold=330994065 50469446 32768
shrinkage=0.104284


Tree=8
num_leaves=18
num_cat=1
split_feature=4 2 11 11 5 5 5 4 3 4 4 3 5 4 3 7 3
split_gain=7.27563 4.88646 5.88695 4.38738 2.15203 3.29565 1.89456 4.74311 3.61603 2.71716 2.58225 1.61166 2.69987 0.481597 0.556386 0.472036 0.373881
threshold=135130.00000000003 0 25.000000000000004 10904.500000000002 18433.000000000004 24007.750000000004 2122.7500000000005 2554.0000000000005 25.750000000000004 1000.7500000000001 250.75000000000003 1838.5000000000002 33751.000000000007 19880.500000000004 12.250000000000002 19898.500000000004 594.25000000000011
decision_type=2 5 2 2 2 2 2 2 2 2 2 2 2 2 2 2 2
left_child=1 2 13 -4 6 -6 7 9 15 10 -3 12 -7 14 -1 -9 -8
right_child=-2 4 3 -5 5 11 16 8 -10 -11 -12 -13 -14 -15 -16 -17 -18
leaf_value=-0.038138011063497845 0.099702485846338798 -0.017697590973205012 0.17195310994652541 0.0043307562823880442 0.10405330364231642 -0.025096733552092132 -0.054261716894220303 0.12825592468531752 -0.0010638096720048903 -0.082565222468406391 0.062082908697536465 -0.052636758272922891 0.064330899009633458 0.023900997785275182 0 0.013483104113642912 -0
leaf_count=100 42 1626 65 68 44 86 358 60 102 153 71 70 82 68 51 51 103
internal_value=0 -0.0360909 0.31535 1.03018 -0.11259 0.168714 -0.172934 -0.0974382 0.441074 -0.189515 -0.119104 -0 0.161863 -0 -0.151798 0.903087 -0.438677
internal_count=3200 3158 352 133 2806 282 2524 2063 213 1850 1697 238 168 219 151 111 461
cat_boundaries=0 3
cat_threshold=1086394384 729634 9216
shrinkage=0.104284


Tree=9
num_leaves=25
num_cat=3
split_feature=1 0 6 1 11 3 4 4 11 11 4 5 4 4 11 0 11 0 6 11 3 9 0 0
split_gain=11.616 4.5709 3.32712 3.10806 2.06377 1.94472 1.69655 1.4302 1.24056 10.8924 1.54783 1.22641 1.08647 1.05783 0.757042 1.8151 2.30968 1.53311 0.731719 0.715317 0.623158 0.591048 1.21339 0.0148214
threshold=0 16.750000000000004 33567.250000000007 1 25.000000000000004 783.25000000000011 175379.00000000003 25779.250000000004 456.25000000000006 25.000000000000004 11246.500000000002 18608.500000000004 42843.250000000007 7665.2500000000009 1441.0000000000002 1.7500000000000002 14005.750000000002 3.2500000000000004 1264.7500000000002 26170.750000000004 13.750000000000002 2 1.7500000000000002 3.2500000000000004
decision_type=5 2 2 5 2 2 2 2 2 2 2 2 2 2 2 2 2 2 2 2 2 1 2 2
left_child=3 2 8 4 21 7 12 13 9 10 20 -5 -7 -4 17 16 -16 -6 -10 -18 -2 22 -1 -23
right_child=1 -3 5 11 14 6 -8 -9 18 -11 -12 -13 -14 -15 15 -17 19 -19 -20 -21 -22 23 -24 -25
leaf_value=-0.0089078908384438386 -0 0.13719203382035608 0.051990654525078256 -0.077255447285197856 -0 0.021690207612724537 0.064311376067606507 0.1041981429190237 0 0.17823520725504249 0.038399439682647987 -0 -0.0388018275631992 -0.0072909506752393488 -0.033219009032994649 -0.053385465018337866 0.084308196009932515 0.067315144580333053 -0.043429614888401774 0.0094569494433852253 -0.046726235766261476 -0.0040293033652509065 -0.064898655183155851 0.00057700621962894581
leaf_count=465 204 55 45 473 99 52 21 109 76 34 61 80 83 40 104 101 56 92 141 169 151 213 204 72
internal_value=0 0.295919 0.245795 -0.205446 -0.0512926 0.490184 0.101184 0.725653 0.0119473 0.156774 -0.0711105 -0.466063 -0.0535364 0.160522 0.107554 -0 0.150038 0.303968 -0.2255 0.408385 -0.22927 -0.219692 -0.299443 -0
internal_count=3200 1072 1017 2128 1575 350 156 194 667 450 416 553 135 85 621 430 329 191 217 225 355 954 669 285
cat_boundaries=0 3 5 6
cat_threshold=330994065 50469446 32768 16908305 64 2
shrinkage=0.104284


Tree=10
num_leaves=23
num_cat=4
split_feature=1 1 5 2 10 10 6 10 5 11 10 6 5 6 11 5 11 11 9 6 11 11
split_gain=9.66776 2.88736 2.62854 2.1343 2.0079 7.09103 4.00038 5.07488 2.03492 1.97773 2.36811 1.76655 1.61595 0.960917 0.668491 0.468187 0.370664 0.553963 0.360924 0.261817 0.229865 1.72912
threshold=0 1 19.750000000000004 2 1.7500000000000002 152.50000000000003 29513.500000000004 1689.2500000000002 2122.7500000000005 25.000000000000004 357.25000000000006 1.7500000000000002 650.50000000000011 12580.000000000002 124670.00000000001 22582.750000000004 42622.000000000007 17563.000000000004 3 1264.7500000000002 18401.500000000004 1441.0000000000002
decision_type=5 5 2 5 2 2 2 2 2 2 2 2 2 2 2 2 2 2 1 2 2 2
left_child=1 9 11 -4 8 -6 -7 -8 12 18 20 -2 -5 -10 16 -15 17 -12 -1 -13 21 -11
right_child=2 -3 3 4 5 6 7 -9 13 10 14 19 -14 15 -16 -17 -18 -19 -20 -21 -22 -23
leaf_value=-0.02927550014492717 0.025886413113802464 -0.047195772141963063 -0.01226236678794103 0.0015345016028779845 0.15629715198050373 -0.047550325020412683 -0 0.13187046182052697 -0.030564047703553098 0.042903473954911765 -0.03728911049610225 -0 0.10204312735581793 0.040261454066522942 0.006997363890560388 0 -0.059660911049941569 0.0055977707959148316 -0 -0.063913576338709852 0.077141197478411999 -0.023160516427827984
leaf_count=673 103 525 131 91 82 80 49 48 75 178 78 63 78 82 72 119 69 101 296 71 48 88
internal_value=0 -0.190676 0.266045 0.393839 0.420478 0.766802 0.203594 0.59176 0.273501 -0.046666 0.105798 -0.0440736 0.611968 0.0275789 -0.136789 0.178478 -0.273804 -0.0228075 -0.213166 -0.421333 0.359935 0.186695
internal_count=3200 2128 1072 835 704 259 177 97 445 1603 634 237 169 276 320 201 248 179 969 134 314 266
cat_boundaries=0 3 5 7 8
cat_threshold=330994065 50469446 32768 25296897 64 536872964 1073742088 2
shrinkage=0.104284


Tree=11
num_leaves=26
num_cat=4
split_feature=1 0 6 1 1 8 0 5 11 5 7 7 3 11 0 0 11 11 11 8 0 9 5 11 3
split_gain=7.95416 3.44573 2.54237 2.52838 2.34342 2.45434 1.60962 3.25304 1.47449 1.41805 1.21313 1.18078 0.78254 0.746533 1.73408 1.72986 0.660691 0.751638 0.580539 0.494954 0.776771 0.952112 0.400083 1.51485 1.53575
threshold=0 16.750000000000004 102161.00000000001 1 2 9.2500000000000018 4.7500000000000009 2122.7500000000005 25.000000000000004 685.75000000000011 24532.750000000004 40114.000000000007 541.00000000000011 992.50000000000011 4.7500000000000009 3.2500000000000004 17563.000000000004 26170.750000000004 5749.7500000000009 1.7500000000000002 1.7500000000000002 3 25318.750000000004 26170.750000000004 1040.5000000000002
decision_type=5 2 2 5 5 2 2 2 2 2 2 2 2 2 2 2 2 2 2 2 2 1 2 2 2
left_child=3 2 4 8 10 6 7 -6 19 -8 -2 -7 -13 15 16 -10 18 -18 -15 20 -1 -22 -4 24 -24
right_child=1 -3 22 -5 5 11 9 -9 13 -11 -12 12 -14 14 -16 -17 17 -19 -20 -21 21 -23 23 -25 -26
leaf_value=-0.008822916763185109 -0.067475254748229671 0.11165584907305275 0 -0.045628283847015491 0.089977895333507085 -0.048709632600226274 -0.040875108749411006 -0 -0 0.046313424581972601 -0 0.024967665721546253 -0.019380315041892325 0.0082990472177593214 -0.053933082320242215 0.071954521015774237 0.066833575871396614 0 -0.037721662326437581 0 -0.069749473085889691 0 0.073493214518118202 0.12291843693779715 -0
leaf_count=641 137 55 38 498 186 86 57 67 80 36 99 160 60 77 102 68 43 187 84 88 188 72 28 23 40
internal_value=0 0.234023 0.184456 -0.17936 0.0581668 0.170466 0.434292 0.596895 -0.0471055 0 -0.209857 -0.00532345 0.077629 0.078547 -0 0.297238 0.114619 0.260595 -0.030722 -0.192105 -0.23433 -0.48867 0.54458 0.63117 0.19782
internal_count=3200 1072 1017 2128 888 652 346 253 1630 93 236 306 220 641 493 148 391 230 161 989 901 260 129 91 68
cat_boundaries=0 3 5 8 9
cat_threshold=330994065 50469446 32768 25296913 64 66596 270368 2048 2
shrinkage=0.104284


Tree=12
num_leaves=20
num_cat=2
split_feature=1 4 0 2 10 8 8 10 8 10 6 0 0 0 4 6 3 8 7
split_gain=7.1423 5.88077 2.4378 2.28498 1.40789 2.45927 2.74851 2.40335 3.62126 3.3748 1.69758 1.2647 2.31485 1.55613 1.21559 0.861972 0.827951 0.773675 0.407785
threshold=0 1423.0000000000002 22.750000000000004 1 1.7500000000000002 296.50000000000006 19.750000000000004 152.50000000000003 154.00000000000003 1689.2500000000002 12193.750000000002 10.750000000000002 7.7500000000000009 4.7500000000000009 585.25000000000011 86190.250000000015 941.50000000000011 188.50000000000003 757.75000000000011
decision_type=5 2 2 5 2 2 2 2 2 2 2 2 2 2 2 2 2 2 2
left_child=16 2 11 -3 5 6 10 8 -6 15 -5 12 13 14 -2 -9 -1 -8 -13
right_child=1 3 -4 4 7 -7 17 9 -10 -11 -12 18 -14 -15 -16 -17 -18 -19 -20
leaf_value=-0.064447791066035917 0 -0.015093195989701684 0.063096536102287937 0 0.17541955536515932 0.077382288191511564 -0.040426591332059829 -0.046606329952250433 0 0.078469179352895407 0.080775897138295125 -0.064351712694866989 0.05642513887774385 -0.056802082097553434 -0.059215081227133315 0.0081905804612623177 -0 0 -0
leaf_count=546 1188 118 65 119 42 91 132 67 25 90 65 115 102 163 80 20 67 52 53
internal_value=0 0.0962336 -0.0606625 0.342818 0.374498 0.248841 0.0502821 0.674943 1.1553 0.288178 0.398077 -0.112108 -0.0483167 -0.112617 -0.037535 -0.109758 -0.399229 -0.225852 -0.462982
internal_count=3200 2587 1766 821 703 459 368 244 67 177 184 1701 1533 1431 1268 87 613 184 168
cat_boundaries=0 3 5
cat_threshold=314085776 50469446 32768 536872964 1073742088
shrinkage=0.104284


Tree=13
num_leaves=18
num_cat=2
split_feature=1 6 0 1 5 7 8 0 5 7 6 6 5 8 6 7 5
split_gain=5.79262 5.09751 3.0152 2.78544 1.90055 2.94738 4.24849 1.81967 1.08312 0.940374 0.673046 2.06261 0.65028 0.446064 0.441838 0.257397 0.132122
threshold=0 113580.00000000001 18.250000000000004 1 2122.7500000000005 558.25000000000011 18.250000000000004 1.7500000000000002 6313.7500000000009 3.2500000000000004 177081.50000000003 268776.50000000006 8993.5000000000018 13.750000000000002 7582.7500000000009 1701.2500000000002 93199.750000000015
decision_type=5 2 2 5 2 2 2 2 2 2 2 2 2 2 2 2 2
left_child=-1 2 3 7 5 9 -7 14 13 -5 -3 16 -10 -6 15 -2 -12
right_child=1 10 -4 4 8 6 -8 -9 12 -11 11 -13 -14 -15 -16 -17 -18
leaf_value=-0.042765575663529502 -0.0035421234905558211 0.092222245608582915 0.061904546543538309 0 -0.062167835632938456 0.081395674884716981 -0.0070395371192993154 -0.044707715556446342 0.045959665478978173 -0.057224297334195567 0 0.073572817201910778 -0 -0 -0.030830963959981795 0.024118328969311553 -0.019277736692143291
leaf_count=478 968 74 113 50 65 247 109 469 37 57 27 23 231 47 115 63 27
internal_value=0 0.0763392 0.00494308 -0.0267531 0.12765 0.331996 0.510156 -0.149838 -0.0149055 -0.173114 0.577214 0.232895 0.066847 -0.377974 -0.0476426 -0 -0.027998
internal_count=3200 2722 2571 2458 843 463 356 1615 380 107 151 77 268 112 1146 1031 54
cat_boundaries=0 3 6
cat_threshold=305697152 50469442 32768 8586273 270340 2048
shrinkage=0.104284


Tree=14
num_leaves=17
num_cat=3
split_feature=1 5 0 11 7 1 0 11 11 9 8 6 0 0 11 11
split_gain=5.03661 4.88581 4.22147 2.5329 2.34786 1.35828 1.23015 1.16747 6.22819 3.81949 2.29925 1.57884 0.495618 1.17414 0.364671 2.05676
threshold=0 19.750000000000004 16.750000000000004 99332.500000000015 806.50000000000011 1 22.750000000000004 25.000000000000004 469.00000000000006 2 296.50000000000006 80549.500000000015 10.750000000000002 7.7500000000000009 143.50000000000003 10114.750000000002
decision_type=5 2 2 2 2 5 2 2 2 1 2 2 2 2 2 2
left_child=14 3 5 4 6 -3 12 10 -9 -10 11 -7 13 -2 -1 -16
right_child=1 2 -4 -5 -6 7 -8 8 9 -11 -12 -13 -14 -15 15 -17
leaf_value=-0.059694521402693879 -0.010768365185921662 -0.014049607921218456 0.13194090915288345 0.055601044084324085 -0.06508111605137698 -0.020639786213489185 0.047137551180871443 0.14839623156986453 0.073698927172251169 -0.013364171976944146 0.06396125393624523 0.033166230522948481 -0.041971614580565787 0.045269539805049004 0.018001981264745958 -0.056159206372656159
leaf_count=447 1117 100 36 93 193 309 45 37 77 179 72 77 108 64 105 141
internal_value=0 0.0818056 0.289353 -0.0783049 -0.140585 0.19807 -0.0510284 0.228339 0.440012 0.129675 0.0938611 -0.00822064 -0.10025 -0.0469959 -0.322431 -0.149671
internal_count=3200 2507 887 1620 1527 851 1334 751 293 256 458 386 1289 1181 693 246
cat_boundaries=0 3 6 7
cat_threshold=330863024 50469378 32768 2 24640 2048 2
shrinkage=0.104284


Tree=15
num_leaves=13
num_cat=1
split_feature=8 2 11 0 0 0 11 5 5 0 0 3
split_gain=3.34985 3.0452 2.23565 2.13715 2.55791 2.08941 1.98968 1.70993 1.57203 1.11538 1.06999 0.468247
threshold=3870.2500000000005 0 25.000000000000004 18.250000000000004 10.750000000000002 9.2500000000000018 10904.500000000002 95.500000000000014 122692.50000000001 3.2500000000000004 1.7500000000000002 12.250000000000002
decision_type=2 5 2 2 2 2 2 2 2 2 2 2
left_child=1 2 9 4 5 8 -4 -5 10 11 -3 -1
right_child=-2 3 6 7 -6 -7 -8 -9 -10 -11 -12 -13
leaf_value=-0.04034066321638264 0.093174061695297308 -0.0080788724636766829 0.11002735502471384 -0 -0.063963351238876254 0.060254510951670837 2.3023186331278406e-05 0.087089631953021593 0.046771975982809126 0.047552660499629994 -0.037095829680596902 0
leaf_count=87 21 1961 61 83 195 62 68 35 20 52 472 83
internal_value=0 -0.023316 0.240469 -0.0871743 -0.130281 -0.079034 0.661696 0.354244 -0.109939 0 -0.137273 -0.132787
internal_count=3200 3179 351 2828 2710 2515 129 118 2453 222 2433 170
cat_boundaries=0 4
cat_threshold=1086394384 729698 0 256
shrinkage=0.104284


Tree=16
num_leaves=21
num_cat=3
split_feature=1 4 2 7 7 0 5 0 11 3 7 3 11 5 5 3 9 5 7 5
split_gain=4.56419 3.23002 2.23811 1.98901 3.64655 1.98314 1.42598 1.31931 1.2256 1.08022 1.05351 1.02928 0.73925 3.07952 2.91919 1.67566 1.29047 0.947915 0.543304 0.484479
threshold=0 1423.0000000000002 1 940.00000000000011 558.25000000000011 22.750000000000004 601.75000000000011 10.750000000000002 19354.750000000004 40.750000000000007 36757.000000000007 1408.7500000000002 25.000000000000004 1102.0000000000002 241.75000000000003 1730.5000000000002 2 37876.000000000007 263015.50000000006 40927.750000000007
decision_type=5 2 5 2 2 2 2 2 2 2 2 2 2 2 2 2 1 2 2 2
left_child=6 3 -3 4 5 7 -1 8 -2 -5 -8 -12 14 -14 -4 19 18 -18 -15 -16
right_child=1 2 12 9 -6 -7 10 -9 -10 -11 11 -13 13 16 15 -17 17 -19 -20 -21
leaf_value=-0.078391534281865891 -0.01036061427317782 -0.015307212963229656 -0.047258098780832127 -0.051915814417366604 0.10229552569440865 0.067083267547183842 0.013296591050931769 -0.055915091066002794 0.02662904704607472 0 -0.05133100193591595 0 0.13796354203965688 0 0.056734585317747506 -0.012846788902191831 -0.016578223545841712 0.038105977430237692 0.0907248510286882 0
leaf_count=264 1023 127 72 273 39 47 99 113 212 55 239 70 52 33 235 34 103 35 23 52
internal_value=0 0.0822643 0.270003 -0.0314054 0.0316004 -0.0115983 -0.302196 -0.0717272 -0.0057094 -0.359045 -0.165287 -0.309813 0.31584 0.547296 0.197915 0.350706 0.270299 0 0.610889 0.460196
internal_count=3200 2528 766 1762 1434 1395 672 1348 1235 328 408 309 639 246 393 321 194 138 56 287
cat_boundaries=0 3 5 6
cat_threshold=305762736 50469446 32768 805308544 1073742088 2
shrinkage=0.104284


Tree=17
num_leaves=16
num_cat=2
split_feature=1 0 8 1 7 5 8 5 7 11 8 11 7 7 11
split_gain=4.15468 2.47634 2.42221 2.91349 2.02565 2.03437 1.68035 1.415 1.14178 1.0085 0.79151 0.241143 0.172874 1.20165 0.0950004
threshold=0 18.250000000000004 3870.2500000000005 1 558.25000000000011 822.25000000000011 9.2500000000000018 19.750000000000004 222467.00000000003 19354.750000000004 1138.0000000000002 1441.0000000000002 5006.5000000000009 78480.250000000015 42622.000000000007
decision_type=5 2 2 5 2 2 2 2 2 2 2 2 2 2 2
left_child=10 2 3 12 9 6 -6 -3 -7 11 -1 -5 -2 -14 -11
right_child=1 7 -4 4 5 8 -8 -9 -10 14 -12 -13 13 -15 -16
leaf_value=-0.058157839886633728 -0.07673714754222985 0.0032893341870832639 0.080987757245636796 -0.0063150679032390623 0.068887422874634854 -0.0048824605510870362 -0 0.11088698415046264 0.027244447180426002 0.030184912038097249 -0 -0.03568312626020425 0 -0.057394087342974236 0
leaf_count=515 153 84 21 953 193 384 71 27 158 90 74 139 124 75 139
internal_value=0 0.0700136 0.0324539 0.00109263 0.0702898 0.209295 0.507027 0.57817 0.0614952 -0.0435105 -0.324916 -0.124524 -0.293232 -0.198181 0.17596
internal_count=3200 2611 2500 2479 2127 806 264 111 542 1321 589 1092 352 199 229
cat_boundaries=0 3 6
cat_threshold=314085808 50469442 32768 197632 286724 2048
shrinkage=0.104284


Tree=18
num_leaves=14
num_cat=0
split_feature=8 0 0 11 11 4 8 7 5 4 3 7 3
split_gain=2.14427 1.99592 1.79667 1.91437 9.00067 1.7002 2.48053 1.50043 2.31967 1.0083 0.846767 0.741191 0.537128
threshold=3870.2500000000005 18.250000000000004 13.750000000000002 25.000000000000004 456.25000000000006 13754.500000000002 4.7500000000000009 553938.00000000012 822.25000000000011 5597.5000000000009 59.500000000000007 222467.00000000003 4.7500000000000009
decision_type=2 2 2 2 2 2 2 2 2 2 2 2 2
left_child=1 2 3 5 -5 9 -7 8 -6 10 -1 -8 -3
right_child=-2 12 -4 4 7 6 11 -9 -10 -11 -12 -13 -14
leaf_value=-0.020949425173086796 0.072292813261239625 0 -0.062166869023231867 0.094208566793208118 0.0010941580510264951 0.070635818555906491 -0.035713041682929519 0.045036065943554714 -0.042252929794554535 -0.066517583360400298 0.011338789392280363 0.0028605308408630931 0.069686596601618092
leaf_count=1243 21 88 103 109 683 64 122 20 309 128 117 154 39
internal_value=0 -0.0166659 -0.0513094 -0.0223186 0.0949444 -0.130801 0.0800717 -0.0556546 -0.119501 -0.221549 -0.147637 -0.0619157 0.395469
internal_count=3200 3179 3052 2949 1121 1828 340 1012 992 1488 1360 276 127
shrinkage=0.104284


Tree=19
num_leaves=27
num_cat=5
split_feature=1 4 3 6 4 1 5 6 5 5 2 11 11 5 5 11 11 4 6 8 5 9 9 4 11 3
split_gain=3.24743 2.47375 1.29463 1.04392 1.10935 0.778496 1.52725 2.45885 2.42541 1.58808 0.698109 0.773382 0.888128 0.690921 1.63883 0.54887 0.675999 0.506494 2.5131 0.778403 0.417038 0.32706 0.298836 0.16866 0.0500516 0.0387604
threshold=0 1423.0000000000002 1408.7500000000002 1264.7500000000002 250.75000000000003 1 2565.2500000000005 133643.50000000003 45522.250000000007 569.50000000000011 2 19354.750000000004 134020.00000000003 43495.750000000007 23140.000000000004 1441.0000000000002 25.000000000000004 852.25000000000011 18700.000000000004 1.7500000000000002 5351.5000000000009 3 4 66029.500000000015 469.00000000000006 2374.7500000000005
decision_type=5 2 2 2 2 5 2 2 2 2 5 2 2 2 2 2 2 2 2 2 2 1 1 2 2 2
left_child=2 3 17 10 -5 20 9 13 -9 21 11 15 -13 14 -8 16 -2 -1 19 -19 -3 -7 -15 -4 -12 -10
right_child=1 5 23 4 -6 6 7 8 25 -11 24 12 -14 22 -16 -17 -18 18 -20 -21 -22 -23 -24 -25 -26 -27
leaf_value=-0.067762696853619839 -0.012880712579166845 -0.036885935891590116 -0.0018002758059343007 -0.069818050012501742 0 -0 0 0.11751989243232396 -0 0.1015194654554353 0.05277306678136616 0.035815750421566463 -0.010135418818207115 0 -0.069277397690996195 -0.038979143346629656 0.014044585595612743 -0.0045158325072858279 -0.058131134065626956 0.041860195920831157 0 0.03126069862900703 0.043291245105944245 0.02183675720709545 0 0.0100843523754858
leaf_count=283 868 59 68 84 65 50 207 23 28 75 71 179 60 30 49 154 183 111 241 101 52 41 29 23 45 21
internal_value=0 0.0778492 -0.233204 -0.0202291 -0.35965 0.248872 0.26774 0.160756 0.54208 0.632342 0.0064731 -0.0283088 0.157868 -0 -0.135005 -0.100959 -0.0319896 -0.399931 -0.192013 0.110021 -0.0472178 0.076934 0.227326 0 0.18551 0.0116571
internal_count=3200 2373 827 1709 149 664 553 387 72 166 1560 1444 239 315 256 1205 1051 736 453 212 111 91 59 91 116 49
cat_boundaries=0 3 6 8 9 10
cat_threshold=330928560 50485826 32768 2 270504 268435456 1025 8192 2 2
shrinkage=0.104284


Tree=20
num_leaves=18
num_cat=1
split_feature=1 5 4 4 0 5 0 3 5 0 11 10 11 5 11 0 11
split_gain=2.74856 2.77323 2.30431 1.97159 1.30811 1.60176 4.98082 2.31638 2.02947 1.14064 1.15213 1.0174 0.924232 0.719643 0.603958 0.302927 0.108365
threshold=0 19.750000000000004 40.000000000000007 147.25000000000003 16.750000000000004 2565.2500000000005 4.7500000000000009 129.25000000000003 5351.5000000000009 22.750000000000004 19354.750000000004 916.75000000000011 469.00000000000006 9.2500000000000018 1441.0000000000002 10.750000000000002 124670.00000000001
decision_type=5 2 2 2 2 2 2 2 2 2 2 2 2 2 2 2 2
left_child=13 2 9 -3 5 6 7 -5 -7 10 14 -12 -10 -1 15 -2 -13
right_child=1 3 -4 4 -6 8 -8 -9 12 -11 11 16 -14 -15 -16 -17 -18
leaf_value=0 -0 -0.032929588853046844 -0.058945262698756072 0.031698119672017605 0.08756160313017998 -0.051257466484710544 -0.033027910072965454 0.14943698604540795 0.029307463067187491 0.051044448576125216 0.048410931255420009 -0.016248886020158251 -0 -0.050124846181624293 -0.041788524148828651 -0.029045450265028794 0.0023168376097880755
leaf_count=102 949 84 195 131 31 84 60 52 305 49 107 73 180 467 166 95 70
internal_value=0 0.0588895 -0.0624289 0.208598 0.261518 0.19716 0.457629 0.764094 0.0653013 -0 -0.0349316 0.192135 0.156887 -0.267107 -0.118156 -0.0444187 -0
internal_count=3200 2631 1704 927 843 812 243 183 569 1509 1460 250 485 569 1210 1044 143
cat_boundaries=0 3
cat_threshold=54038944 50469378 32768
shrinkage=0.104284


Tree=21
num_leaves=16
num_cat=3
split_feature=1 10 4 10 6 5 9 6 8 1 7 10 5 10 7
split_gain=2.55126 1.5787 2.17059 2.27121 1.65107 1.38043 1.37549 1.13839 0.961215 2.29329 2.55984 1.43296 0.823678 0.0279622 0.0247112
threshold=0 12679.750000000002 250.75000000000003 302.50000000000006 1380.2500000000002 601.75000000000011 1 17156.500000000004 1368.2500000000002 2 13372.750000000002 1689.2500000000002 45154.000000000007 36.250000000000007 1.7500000000000002
decision_type=5 2 2 2 2 2 1 2 2 5 2 2 2 2 2
left_child=5 2 3 4 6 -1 14 -7 9 -4 -11 -12 -9 -8 -2
right_child=1 -3 8 -5 -6 7 13 12 -10 10 11 -13 -14 -15 -16
leaf_value=-0.071988966134380855 -0.0077326776768771241 0.073949191571781425 -0.022753643744683191 -0.043488191774981533 -0.061137808693229698 0.021555257017144194 0.013097320738780749 -0.049079249384557162 0.064444315404656852 0.082983401715583577 0.0015707604383881097 0.055862465404637178 0 0.04776914674435017 0
leaf_count=264 608 49 186 300 77 120 403 227 49 101 541 69 61 75 70
internal_value=0 0.0599438 0.0383661 -0.0772539 0.00253406 -0.237605 0.0681127 -0.0937295 0.170126 0.113203 0.184258 0.108487 -0.279418 0.245265 -0.0620725
internal_count=3200 2528 2479 1533 1233 672 1156 408 946 897 711 610 288 478 678
cat_boundaries=0 3 4 5
cat_threshold=305762736 50469446 32768 2 8520706
shrinkage=0.104284


Tree=22
num_leaves=18
num_cat=1
split_feature=2 4 10 10 11 11 11 7 10 10 8 3 10 7 4 4 5
split_gain=2.54243 2.10902 1.38318 2.02222 2.0537 1.10919 2.21042 0.956741 0.881596 1.57171 1.60186 1.67686 1.81219 0.718156 0.3017 0.0482435 0.125156
threshold=0 852.25000000000011 8834.5000000000018 261.25000000000006 25.000000000000004 456.25000000000006 20500.000000000004 2353.0000000000005 3423.2500000000005 1689.2500000000002 1138.0000000000002 1040.5000000000002 357.25000000000006 558.25000000000011 17360.500000000004 598.75000000000011 82784.500000000015
decision_type=5 2 2 2 2 2 2 2 2 2 2 2 2 2 2 2 2
left_child=15 2 3 4 7 -6 -7 13 9 10 11 12 -3 -2 -11 -1 -17
right_child=1 8 -4 -5 5 6 -8 -9 -10 14 -12 -13 -14 -15 -16 16 -18
leaf_value=-0 -0.012149411072714222 0.021722477189729601 0.052821467970639836 -0.042821316026059555 0.055327814342666128 -0.018002262806430837 0.071545839737967409 -0.056336559854623269 -0.016808598517032369 0.10462141576487054 0.060171903532829113 -0.042022766670429965 -0.043774637261164769 0.029132453473403493 0.0044648049286255664 -0.057734657732491201 -0
leaf_count=52 893 687 53 331 89 225 49 134 40 40 63 64 68 79 36 263 34
internal_value=0 0.0515579 -0.0472171 -0.0870585 -0 0.242135 0 -0.137653 0.186337 0.219663 0.142749 0.0560394 0.134391 -0.0437685 0.713675 -0.276964 -0.483676
internal_count=3200 2851 1853 1800 1469 363 274 1106 998 958 882 819 755 972 76 349 297
cat_boundaries=0 4
cat_threshold=805645572 1107296584 8192 256
shrinkage=0.104284


Tree=23
num_leaves=15
num_cat=2
split_feature=1 8 10 10 5 3 9 7 7 10 7 8 7 8
split_gain=2.2151 2.32503 1.62605 1.89376 1.38165 1.27976 1.58664 1.43575 1.27293 0.42847 0.370184 2.60874 1.48349 0.760191
threshold=0 1368.2500000000002 12679.750000000002 5033.5000000000009 19.750000000000004 772.00000000000011 1 139898.00000000003 806.50000000000011 261.25000000000006 61973.500000000007 1.7500000000000002 24532.750000000004 1138.0000000000002
decision_type=5 2 2 2 2 2 1 2 2 2 2 2 2 2
left_child=10 2 3 4 8 7 -7 -6 9 -2 11 12 -1 -12
right_child=1 -3 -4 -5 5 6 -8 -9 -10 -11 13 -13 -14 -15
leaf_value=-0.063264042158690525 0.0038476718855285945 0.081894384487157731 0.069355861084844442 -0.065975433257948857 0.008801553612700172 -0.06041226329332057 0.011979847446116167 0.054661273172060161 -0.04478421810781523 -0.018632515832139412 -0.068774359612902208 0.038774923330430595 0 -0
leaf_count=293 1108 32 45 68 548 47 48 102 205 229 187 119 96 73
internal_value=0 0.0590631 0.0311437 0.0037413 0.033889 0.150748 -0.125523 0.222782 -0.0545634 -0 -0.206725 -0.0849308 -0.392389 -0.432226
internal_count=3200 2432 2400 2355 2287 745 95 650 1542 1337 768 508 389 260
cat_boundaries=0 3 4
cat_threshold=322539952 50469442 268468224 2
shrinkage=0.104284


Tree=24
num_leaves=16
num_cat=2
split_feature=2 0 4 1 5 3 3 0 4 4 7 4 3 5 4
split_gain=2.18032 1.97638 1.81495 1.49692 1.18951 1.18263 1.39875 1.15372 0.850459 1.45259 0.697992 0.65288 0.486356 0.331256 0.257847
threshold=0 18.250000000000004 58801.750000000007 1 601.75000000000011 430.75000000000006 1529.5000000000002 13.750000000000002 254.50000000000003 28058.500000000004 2353.0000000000005 132478.00000000003 4.7500000000000009 5964.2500000000009 598.75000000000011
decision_type=5 2 2 5 2 2 2 2 2 2 2 2 2 2 2
left_child=11 2 3 4 -2 -4 -7 8 10 -10 -5 14 -3 -6 -1
right_child=1 12 5 7 13 6 -8 -9 9 -11 -12 -13 -14 -15 -16
leaf_value=-0 -0.077690164171013376 0.0045946963015516635 0.081540735593806007 0.00061120071182467451 0.00089393322666878375 -0.0205673000215333 0.044466898265289947 -0.046882185103268775 0.026215873406361379 -0.02116484882244201 -0.041148192579558596 -0 0.083157929720331689 -0.027154410461014609 -0.06261694951819724
leaf_count=52 212 79 34 1373 116 67 39 75 524 87 102 34 28 133 245
internal_value=0 0.0469914 0.0118989 -0.02203 -0.243395 0.335962 0.049046 0.021382 0.0529615 0.16398 -0.00747456 -0.25632 0.490663 -0.0313331 -0.506021
internal_count=3200 2869 2762 2622 461 140 106 2161 2086 611 1475 331 107 249 297
cat_boundaries=0 4 7
cat_threshold=805643524 1107820872 8192 256 9011584 16785478 34816
shrinkage=0.104284


Tree=25
num_leaves=24
num_cat=2
split_feature=1 11 0 1 3 4 4 7 10 10 5 3 0 4 4 11 7 7 10 11 4 3 11
split_gain=1.72664 1.52995 1.67102 1.65138 0.740779 0.72321 0.677227 1.64502 0.581248 1.94234 1.3594 1.48061 1.20113 0.966579 0.678249 0.52874 0.358064 0.343781 0.298082 0.290074 0.218426 0.156881 0.0139235
threshold=0 42214.750000000007 3.2500000000000004 1 1408.7500000000002 438.25000000000006 852.25000000000011 43408.750000000007 152.50000000000003 1.7500000000000002 3324.2500000000005 9.2500000000000018 1.7500000000000002 8936.5000000000018 86940.250000000015 469.00000000000006 1.7500000000000002 290527.00000000006 5631.2500000000009 143.50000000000003 16379.500000000002 2965.0000000000005 29542.000000000004
decision_type=5 2 2 5 2 2 2 2 2 2 2 2 2 2 2 2 2 2 2 2 2 2 2
left_child=4 3 18 5 6 -2 -1 19 9 10 11 -5 -11 16 -12 17 22 -9 -3 -8 -7 -6 -10
right_child=1 2 -4 8 21 20 7 15 13 12 14 -13 -14 -15 -16 -17 -18 -19 -20 -21 -22 -23 -24
leaf_value=-0.065385004820339043 -0 0.069753699532820068 -0.0030891551307360254 -0.0076682874030661033 0.020400103995918718 0.058752845569982448 -0 -0.02819518986188704 -0.010892277770912394 0 -0.04503349088821141 0.036544056058828947 0.071696406447297564 0.0014656498637217205 0 -0.071103893068193022 -0.069464306666864012 0 0 0.034870053432862973 0.0026255207348642434 -0.0050803248140460274 -0
leaf_count=241 68 118 74 1107 41 140 109 136 129 97 165 128 62 45 26 102 70 66 53 62 51 50 60
internal_value=0 0.0531152 0.347568 0.00788771 -0.17625 0.226517 -0.306767 -0.131319 -0.042529 -0 -0.0732151 0 0.363646 -0.213697 -0.33084 -0.375704 -0.370152 -0.0533571 0.539531 0.149068 0.439137 0 -0.077034
internal_count=3200 2393 245 2148 807 259 716 475 1889 1585 1426 1235 159 304 191 304 259 202 171 171 191 91 189
cat_boundaries=0 3 7
cat_threshold=62493104 50469442 268468240 4456448 402923532 0 536903680
shrinkage=0.104284


Tree=26
num_leaves=15
num_cat=2
split_feature=10 10 1 6 6 11 11 11 1 4 8 0 4 11
split_gain=1.5747 2.37057 1.64261 1.81128 1.7938 0.819053 0.638213 2.54169 1.40865 1.38628 1.12078 0.733087 0.506458 0.363418
threshold=14191.000000000002 3961.7500000000005 0 127291.50000000001 156191.50000000003 20500.000000000004 25.000000000000004 456.25000000000006 1 13754.500000000002 19.750000000000004 13.750000000000002 4602.2500000000009 162.25000000000003
decision_type=2 2 5 2 2 2 2 2 5 2 2 2 2 2
left_child=1 2 -1 6 -5 13 9 11 -9 12 -11 -8 -4 -6
right_child=-2 -3 3 4 5 -7 7 8 -10 10 -12 -13 -14 -15
leaf_value=-0.026571321125409136 0.064138757723508064 -0.064259651458062367 -0.0078409355369006926 0.1011654723678727 0.0031957644495792231 0.046035234697982041 0.059916624510987705 0.01063288954339911 -0.020424676664006432 0.05881628433571863 -0 0 -0.04370671849254476 -0.031536187946590022
leaf_count=391 44 114 1292 24 57 20 92 499 293 56 146 43 109 20
internal_value=0 -0.0160352 0.00261189 0.0433494 0.354099 0.078915 0 0.0857038 -0.0189518 -0.0559407 0.183422 0.449605 -0.136368 -0.000748391
internal_count=3200 3156 3042 2651 121 97 2530 927 792 1603 202 135 1401 77
cat_boundaries=0 3 5
cat_threshold=37261696 50469378 32768 17170465 268435460
shrinkage=0.104284


Tree=27
num_leaves=16
num_cat=4
split_feature=1 10 10 1 3 10 9 3 8 1 7 8 5 10 5
split_gain=1.52868 1.09318 2.10165 1.0472 1.08799 1.8433 2.86758 1.55259 1.04603 0.682729 1.46311 0.636766 0.622213 0.332556 0.24663
threshold=0 14191.000000000002 3961.7500000000005 1 21.250000000000004 10.750000000000002 2 1591.7500000000002 1.7500000000000002 3 63418.750000000007 130.75000000000003 68.500000000000014 384.25000000000006 43495.750000000007
decision_type=5 2 2 5 2 2 1 2 2 5 2 2 2 2 2
left_child=-1 2 3 8 9 7 -7 -6 12 13 -11 14 -2 -5 -10
right_child=1 -3 -4 4 5 6 -8 -9 11 10 -12 -13 -14 -15 -16
leaf_value=-0.026670448497665901 0.00068389659782879279 0.056602864012371149 -0.059281077266240594 0.0040909200049601318 0.0059349511272248521 0.096626330338288199 0 -0.057450033370204309 -0.027830493601472675 -0.04012504348479469 0.011759916811779961 0.029286621658025366 0.073398417884722858 -0.018940030986410804 0
leaf_count=403 112 44 102 1052 336 45 136 56 86 463 31 64 76 162 32
internal_value=0 0.0315662 0.0126045 0.0424426 -0 0.119353 0.371981 -0.0164412 0.190404 -0.0781942 -0.182311 0 0.480889 0 -0.109437
internal_count=3200 2797 2753 2651 2281 573 181 392 370 1708 494 182 188 1214 118
cat_boundaries=0 3 7 8 9
cat_threshold=37261696 50469378 32768 4595714 402923528 0 536903680 2 5
shrinkage=0.104284


Tree=28
num_leaves=17
num_cat=2
split_feature=2 0 1 6 11 5 0 11 0 6 6 0 11 6 3 5
split_gain=1.76835 1.59269 1.31366 1.383 1.2541 1.08385 0.985195 0.976082 1.1305 0.916628 0.863271 0.744479 0.5928 0.446309 0.433395 0.0482481
threshold=0 18.250000000000004 1 83866.750000000015 10322.500000000002 601.75000000000011 13.750000000000002 143.50000000000003 9.2500000000000018 177081.50000000003 113580.00000000001 1.7500000000000002 40729.750000000007 25130.500000000004 4.7500000000000009 82784.500000000015
decision_type=5 2 5 2 2 2 2 2 2 2 2 2 2 2 2 2
left_child=15 2 5 6 9 -2 7 11 -9 10 -5 -4 -6 -7 -3 -1
right_child=1 14 3 4 12 13 -8 8 -10 -11 -12 -13 -14 -15 -16 -17
leaf_value=-0.045283473246257235 -0.071629943396273557 0.0018375812840614684 9.9822430763420438e-05 0.0015938704484929863 -0.033672694753097379 0.0074886110484053778 -0.04635838004032565 0.0060016739403320491 0.061793907252930207 0 0.096906838810561585 -0.025441157960221512 0.022199214310381327 -0.025938588516024236 0.073923422233791433 -0
leaf_count=295 191 81 955 40 22 150 73 728 55 29 41 320 22 136 28 34
internal_value=0 0.0393773 0.00675201 0.0525913 0.306079 -0.189315 0.00162985 0.031172 0.145158 0.484482 0.635731 -0.0454339 -0 -0.0247052 0.431317 -0.241267
internal_count=3200 2871 2762 2285 154 477 2131 2058 783 110 81 1275 44 286 109 329
cat_boundaries=0 4 7
cat_threshold=805645572 1107296552 0 256 2720128 16790022 34816
shrinkage=0.104284


Tree=29
num_leaves=18
num_cat=1
split_feature=10 10 5 11 11 4 8 9 5 3 0 4 3 4 3 6 5
split_gain=1.03465 1.88883 0.952598 0.716812 3.80046 1.2162 1.64248 1.13927 3.90928 2.69573 1.10827 1.05564 0.794961 0.786881 0.796 0.738336 0.071268
threshold=14191.000000000002 3423.2500000000005 122692.50000000001 25.000000000000004 456.25000000000006 13754.500000000002 11.500000000000002 0 601.75000000000011 21.250000000000004 13.750000000000002 27209.500000000004 783.25000000000011 4602.2500000000009 129.25000000000003 10021.750000000002 28.750000000000004
decision_type=2 2 2 2 2 2 2 1 2 2 2 2 2 2 2 2 2
left_child=1 2 3 5 10 13 11 8 -6 -9 16 -7 -8 14 -1 -15 -5
right_child=-2 -3 -4 4 7 6 12 9 -10 -11 -12 -13 -14 15 -16 -17 -18
leaf_value=-0.014536560596073719 0.050138375285662916 -0.055050373489333483 0.038498010241434517 0.017179513100908636 0.0055721831095697843 0.089080664844592136 0.0077038346975301054 -0.021022927969265335 -0.063094727994703004 0.058862580405922196 0 0 -0.035311637037331166 -0 0.020547453790070461 -0.073207005324343974 0.087720401074317819
leaf_count=1319 44 125 31 55 453 43 175 150 233 89 48 30 103 59 99 98 46
internal_value=0 -0.0128373 0.0042066 -0.00668114 0.0653744 -0.0736647 0.0982729 -0.0554284 -0.169036 0.139828 0.499247 0.515341 -0.0214313 -0.154214 -0.0844314 -0.47542 0.641966
internal_count=3200 3156 3031 3000 1074 1926 351 925 686 239 149 73 278 1575 1418 157 101
cat_boundaries=0 1
cat_threshold=1
shrinkage=0.104284


Tree=30
num_leaves=19
num_cat=2
split_feature=2 0 1 4 10 10 10 8 11 10 10 0 10 6 8 0 11 10
split_gain=1.54947 1.15126 1.59935 1.26743 0.989628 1.99091 1.63048 1.00695 0.755184 1.17911 0.612443 0.816702 0.529305 0.417695 0.41384 0.263572 0.0984001 0.000679632
threshold=0 18.250000000000004 1 250.75000000000003 152.50000000000003 1.7500000000000002 1689.2500000000002 307.00000000000006 19354.750000000004 302.50000000000006 3.2500000000000004 6.2500000000000009 3423.2500000000005 208216.00000000003 154.00000000000003 25.750000000000004 478.75000000000006 6008.5000000000009
decision_type=5 2 5 2 2 2 2 2 2 2 2 2 2 2 2 2 2 2
left_child=-1 2 13 8 5 7 -6 -5 10 -10 16 -12 -8 -2 -7 -3 -4 -11
right_child=1 15 3 4 6 14 12 -9 9 17 11 -13 -14 -15 -16 -17 -18 -19
leaf_value=-0.028551161532697041 -0.040525780654199289 0.052672011959531792 -0.0049933363799179896 0 -0.045159457291048657 0.086429594140262758 0.037065437609650149 0.040956373561668244 0.062774430524514424 -0.00093116784155378553 -0.049518633135006811 0 -0 0 0 0 0.006461567518642311 0
leaf_count=218 477 56 945 455 86 50 69 86 46 164 183 47 36 57 23 55 94 53
internal_value=0 0.0330425 0.00507959 0.0548851 0.162967 0.23574 -0.00562497 0.09812 -0.0271235 0.149057 -0.0964806 -0.306506 0.189785 -0.205211 0.657867 0.360653 -0.0106703 -0
internal_count=3200 2982 2871 2337 805 614 191 541 1532 263 1269 230 105 534 73 111 1039 217
cat_boundaries=0 2 5
cat_threshold=537208068 1107296512 2720128 16806470 34816
shrinkage=0.104284


Tree=31
num_leaves=21
num_cat=5
split_feature=2 6 2 1 11 4 9 6 5 6 11 11 11 9 11 5 11 6 11 5
split_gain=1.50759 1.11291 1.58551 1.83079 1.75486 1.75179 1.56091 1.59773 1.50243 1.20668 1.14456 0.917219 0.798982 0.458756 1.55636 1.89606 0.892267 0.45351 0.575838 0.0513123
threshold=0 127291.50000000001 1 2 143.50000000000003 254.50000000000003 3 82348.000000000015 7203.2500000000009 177081.50000000003 26170.750000000004 143.50000000000003 16948.000000000004 4 469.00000000000006 68.500000000000014 10654.750000000002 1156.7500000000002 25.000000000000004 5351.5000000000009
decision_type=5 2 5 5 2 2 1 2 2 2 2 2 2 1 2 2 2 2 2 2
left_child=-1 2 4 13 -2 -5 8 -8 -7 -3 11 -11 -6 17 15 -15 -16 18 -4 -19
right_child=1 9 3 5 12 6 7 -9 -10 10 -12 -13 -14 14 16 -17 -18 19 -20 -21
leaf_value=-0.02734749906722795 0 0.063723056050989768 -0.0016309352165588089 -0.057970102360492978 0.10538036076271776 0.03126046640720808 -0.047477927661193436 0.013879258516546596 -0.019369180762405354 0 0.04791500954934784 -0.055413329021452393 0 0.0074957890487506104 -0.032933325420136675 0.091087101321441072 0.0088399078500998526 -0.036146065711156368 0.031243920598642599 -0
leaf_count=241 148 46 549 332 41 236 281 37 123 67 25 29 46 305 161 60 253 62 106 52
internal_value=0 0.0334193 0 -0.0401665 0.236446 -0.172316 -0.0730182 -0.300496 0.0711387 0.268438 0 -0.149874 0.729321 0.0541435 0.134668 0.336462 -0.0192718 -0.00284207 0.0283863 -0.246559
internal_count=3200 2959 2792 2557 235 1009 677 318 359 167 121 96 87 1548 779 365 414 769 655 114
cat_boundaries=0 2 4 8 9 10
cat_threshold=537208068 1107296520 1086328848 204802 401541 8204 2048 536903680 2 2
shrinkage=0.104284


Tree=32
num_leaves=13
num_cat=2
split_feature=2 0 11 0 2 7 6 6 6 5 4 5
split_gain=1.38753 0.979239 0.927189 0.776711 0.509894 1.96202 1.76367 1.53227 3.38916 1.27093 0.27419 0.112444
threshold=0 18.250000000000004 167260.00000000003 13.750000000000002 1 47939.500000000007 137862.50000000003 129145.50000000001 9832.7500000000018 1642.7500000000002 116900.00000000001 19.750000000000004
decision_type=5 2 2 2 5 2 2 2 2 2 2 2
left_child=-1 2 3 4 5 9 -7 8 -6 -2 -9 -3
right_child=1 11 -4 -5 7 6 -8 10 -10 -11 -12 -13
leaf_value=-0.026394083426879274 0.0015427569336503417 9.7464237676813141e-05 0.044358044033960195 -0.040088067024292615 0.013693013374243279 0.053044947317456133 -0 0.040088172037380937 -0.050646280984104945 -0.047314984656775708 0 0.052802431772490367
leaf_count=241 1625 80 59 94 238 216 88 36 340 127 26 30
internal_value=0 0.0318734 0.00521811 -0.00352934 0.00430739 0.0495137 0.322652 -0.0712839 -0.209951 -0.0112428 0.2144 0.332911
internal_count=3200 2959 2849 2790 2696 2056 304 640 578 1752 62 110
cat_boundaries=0 2 4
cat_threshold=537208068 1107296520 1082134545 2
shrinkage=0.104284


Tree=33
num_leaves=16
num_cat=2
split_feature=2 2 6 5 6 11 10 11 11 10 10 7 10 11 10
split_gain=1.27429 0.922882 1.25532 1.24456 0.879686 1.23219 0.86044 1.88316 1.56418 1.04661 0.587927 0.681145 0.773147 0.22705 0.138366
threshold=0 1 127291.50000000001 9896.5000000000018 177081.50000000003 26170.750000000004 357.25000000000006 23863.000000000004 1384.7500000000002 143.50000000000003 12679.750000000002 110584.00000000001 3064.7500000000005 143.50000000000003 10.750000000000002
decision_type=5 5 2 2 2 2 2 2 2 2 2 2 2 2 2
left_child=-1 3 6 13 -4 14 7 8 9 -3 11 12 -8 -2 -6
right_child=1 2 4 -5 5 -7 10 -9 -10 -11 -12 -13 -14 -15 -16
leaf_value=-0.025477759703489283 0.0098471834948022953 -0.0016468172227001485 0.060490829862079404 -0 -0 0.050586919492019655 -0.011408018569534783 0.061066754743426328 -0.044451667964616623 0.045250237058821106 0 0 -0.074833301803018962 0.070826621776443499 -0.031790279070695801
leaf_count=241 139 1768 38 38 62 22 302 61 174 43 42 43 124 78 25
internal_value=0 0.0300039 -0 0.199642 0.257312 0 -0.0391351 0 -0.0297512 0.00172503 -0.207893 -0.27676 -0.354876 0.473806 -0.164563
internal_count=3200 2959 2704 255 147 109 2557 2046 1985 1811 511 469 426 217 87
cat_boundaries=0 2 4
cat_threshold=537208068 1107296520 1086328848 204802
shrinkage=0.104284


Tree=34
num_leaves=20
num_cat=3
split_feature=1 5 11 2 4 6 7 7 10 10 11 11 9 11 4 6 6 5 11
split_gain=1.34597 1.0197 1.11656 0.935478 1.28874 1.72252 1.06244 1.41203 0.885429 0.991611 1.33655 0.5854 0.517533 0.481015 1.18895 0.294808 0.347495 0.287962 0.00941292
threshold=0 601.75000000000011 10114.750000000002 1 254.50000000000003 1380.2500000000002 15073.000000000002 47939.500000000007 10886.500000000002 261.25000000000006 20500.000000000004 143.50000000000003 2 40729.750000000007 28058.500000000004 17156.500000000004 113580.00000000001 57996.250000000007 25.000000000000004
decision_type=5 2 2 5 2 2 2 2 2 2 2 2 1 2 2 2 2 2 2
left_child=1 -1 15 17 5 8 11 12 9 10 -5 -6 -8 14 -9 -3 -17 18 -2
right_child=3 2 -4 4 6 -7 7 13 -10 -11 -12 -13 -14 -15 -16 16 -18 -19 -20
leaf_value=-0.071024763565365606 -0.049414861221295139 0.027058769766573464 -0.050588178053087851 0 0.0047727805319831727 -0.064068971418196882 0 0.034915981864720266 0.051751715903488427 -0.026546712585385181 0.063408868621130168 0.084501151098388377 -0.035485225465069097 0.053725292272509412 -0.0017570635028352462 -0.026688385323811858 0.0073356860765904017 -0 -0
leaf_count=222 110 90 92 1162 107 107 81 170 40 279 39 61 90 49 164 143 85 42 67
internal_value=0 -0.186793 -0.0714029 0.0402051 0.0737073 -0 0.190273 0.0987826 0.0274634 -0 0.0594786 0.510012 -0.14973 0.209042 0.108286 0.0224197 -0 -0.141149 -0.368784
internal_count=3200 632 410 2568 2349 1627 722 554 1520 1480 1201 168 171 383 334 318 228 219 177
cat_boundaries=0 3 5 6
cat_threshold=45715888 50469442 32768 805373056 1074266408 2
shrinkage=0.104284


Tree=35
num_leaves=17
num_cat=2
split_feature=1 3 0 0 2 6 3 3 5 11 6 6 3 10 11 5
split_gain=1.20073 1.09651 0.901845 0.752548 0.983571 2.32059 2.29234 1.9926 1.27746 1.17619 0.985804 2.30083 2.21675 0.824888 0.588391 0.304541
threshold=0 1408.7500000000002 18.250000000000004 13.750000000000002 1 11620.000000000002 164.50000000000003 15.250000000000002 676.00000000000011 17563.000000000004 5658.2500000000009 536.50000000000011 143.50000000000003 97.750000000000014 40729.750000000007 19.750000000000004
decision_type=5 2 2 2 5 2 2 2 2 2 2 2 2 2 2 2
left_child=1 -1 3 4 5 8 7 -7 9 -2 11 -6 -12 -8 -14 -4
right_child=2 -3 15 -5 10 6 13 -9 -10 -11 12 -13 14 -15 -16 -17
leaf_value=-0.052623445318057287 -0.0013940668291021223 0 0 -0.037587631275558482 -0.024110678886598669 0.019074053966037726 0.019909928955440769 0.12902930522949663 -0.041702551786722816 0.029783719189510772 -0.066289349461080227 0.056627923518480131 -0.011838049658417822 -0.039203438301691956 0.02720549464562701 0.056215074168452901
leaf_count=433 1198 68 85 90 162 82 79 34 135 268 149 94 227 39 30 27
internal_value=0 -0.203536 0.0328158 0.00588072 0.0272253 0.0867417 0.371873 0.647831 0 0.048671 -0.0790497 0.0889843 -0.205864 0 -0 0.322038
internal_count=3200 501 2699 2587 2497 1835 234 116 1601 1466 662 256 406 118 257 112
cat_boundaries=0 3 5
cat_threshold=45126064 50469442 32768 1082134545 131072
shrinkage=0.104284


Tree=36
num_leaves=18
num_cat=4
split_feature=1 10 10 10 11 11 11 10 0 4 1 6 0 9 6 9 10
split_gain=1.04512 1.11857 1.08856 0.918361 0.655569 1.51967 1.14115 1.37866 0.924471 0.782346 0.713267 1.4605 0.997179 0.641948 0.531824 0.387343 0.0945548
threshold=0 15655.000000000002 5033.5000000000009 3.2500000000000004 25.000000000000004 456.25000000000006 17563.000000000004 37.750000000000007 1.7500000000000002 4379.5000000000009 1 6694.7500000000009 4.7500000000000009 2 6406.7500000000009 3 1864.7500000000002
decision_type=5 2 2 2 2 2 2 2 2 2 5 2 2 1 2 1 2
left_child=3 2 4 13 10 9 7 -7 -8 -6 11 -2 14 -1 -12 -14 -5
right_child=1 -3 -4 16 5 6 8 -9 -10 -11 12 -13 15 -15 -16 -17 -18
leaf_value=0.07010211479172633 -0.016713941840490968 0.049223291921255033 -0.061034122166101289 -0.013397635346028553 0.046480884944021181 0 0.021586462551294198 -0.052942356262093836 -0.018129297800912509 -0 0 0.0512813586470501 -0.050427533757769899 0.0070321050712747017 -0.019798887947968035 -0 0.0053150585117895648
leaf_count=80 130 33 86 61 113 235 302 207 113 36 819 112 241 156 348 86 42
internal_value=0 -0.0356174 -0.0594449 0.16247 -0.0353764 0.0294593 -0.0440917 -0.226619 0.071551 0.309319 -0.103752 0.077336 -0.137362 0.376594 -0.0580921 -0.389105 -0
internal_count=3200 2861 2828 339 2742 1006 857 442 415 149 1736 242 1494 236 1167 327 103
cat_boundaries=0 4 6 7 8
cat_threshold=393218 402915336 2048 536903680 623636 8260 1 2
shrinkage=0.104284


Tree=37
num_leaves=19
num_cat=4
split_feature=1 10 10 10 6 1 9 6 10 3 11 10 10 9 11 4 10 4
split_gain=0.961494 1.02348 0.998072 0.723745 0.553928 0.980726 2.20248 1.5989 0.800458 1.35152 0.898873 0.635146 0.788825 0.545412 0.353279 0.229729 0.186984 0.114601
threshold=0 15655.000000000002 13.750000000000002 3961.7500000000005 113580.00000000001 1 2 2916.2500000000005 22.750000000000004 1730.5000000000002 10322.500000000002 384.25000000000006 143.50000000000003 3 42622.000000000007 12284.500000000002 1864.7500000000002 14240.500000000002
decision_type=5 2 2 2 2 5 1 2 2 2 2 2 2 1 2 2 2 2
left_child=2 3 13 4 5 11 7 -7 9 -6 -10 12 -2 -1 -13 -8 -4 -15
right_child=1 -3 16 -5 8 6 15 -9 10 -11 -12 14 -14 17 -16 -17 -18 -19
leaf_value=0.057990192932964958 0 0.045766873057042468 -0.017421509566127757 -0.048385242290992628 0.017310703798062099 -0.040992674336447175 -0.063265952831192324 0.016389844779166603 0.068235908658101266 -0.055015491354892324 0 -0 0.036401374387565341 0.013834367607015886 -0.043356228483136819 -0.011410812449930533 0.0050455342271872464 -0
leaf_count=99 1222 32 77 106 89 197 270 308 26 39 45 124 105 147 83 146 53 32
internal_value=0 -0.038033 0.140454 -0.0624861 -0.038796 -0.071691 -0.170334 -0 0.101909 -0.0297465 0.315387 0.0046997 0.0590412 0.325925 -0.215894 -0.462227 -0 0.0600052
internal_count=3200 2792 408 2760 2654 2455 921 505 199 128 71 1534 1327 278 207 416 130 179
cat_boundaries=0 4 7 8 9
cat_threshold=4595714 402923528 2048 536903680 285212821 65696 16 2 1
shrinkage=0.104284


Tree=38
num_leaves=16
num_cat=2
split_feature=2 1 5 11 5 0 0 11 11 6 4 0 0 0 11
split_gain=1.01987 2.45275 1.0512 0.926786 0.850099 1.15018 1.72345 1.84853 2.2717 0.813481 0.807305 0.184574 1.43696 0.563308 0.00232043
threshold=0 1 9896.5000000000018 17563.000000000004 28.750000000000004 16.750000000000004 9.2500000000000018 469.00000000000006 143.50000000000003 127291.50000000001 40.000000000000007 24.250000000000004 10.750000000000002 7.7500000000000009 143.50000000000003
decision_type=5 5 2 2 2 2 2 2 2 2 2 2 2 2 2
left_child=2 3 14 -2 10 6 7 8 -6 -9 11 12 13 -3 -1
right_child=1 4 -4 -5 5 -7 -8 9 -10 -11 -12 -13 -14 -15 -16
leaf_value=0.0095612165332589604 -0.060301195650040412 -0.00027176592135086484 -0 -0 0.012214254368158345 0.06145004083205001 -0.050965037392352086 -0.02974503901680961 0.098209231622923443 0.0068305589221848107 -0.041431480489628428 0.020382885191870502 -0.054126870286544997 0.038928130782714294 0.060675058848794872
leaf_count=139 490 1210 38 98 415 29 59 186 23 44 167 41 117 66 78
internal_value=0 -0.0315388 0.178682 -0.301137 0.0203211 0.113132 0.050402 0.11782 0.266216 -0.0985181 -0.0466787 -0 -0.0249572 0.00807804 0.42614
internal_count=3200 2945 255 588 2357 756 727 668 438 230 1601 1434 1393 1276 217
cat_boundaries=0 2 5
cat_threshold=1086328848 204802 54039842 50731714 32768
shrinkage=0.104284


Tree=39
num_leaves=18
num_cat=3
split_feature=2 8 1 11 5 11 4 4 11 9 10 10 10 5 0 0 8
split_gain=0.976703 0.750956 1.22219 2.09197 1.49561 0.711435 0.986283 3.06966 1.56241 0.992316 0.827511 0.82558 0.289264 0.282112 0.236025 0.744548 0.49451
threshold=0 3870.2500000000005 1 962.50000000000011 1863.2500000000002 25.000000000000004 13135.000000000002 147.25000000000003 33459.250000000007 2 436.00000000000006 12679.750000000002 13.750000000000002 8467.7500000000018 4.7500000000000009 7.7500000000000009 307.00000000000006
decision_type=5 2 5 2 2 2 2 2 2 1 2 2 2 2 2 2 2
left_child=-1 2 3 4 -2 12 7 11 -9 -8 -11 -7 14 -6 16 -16 -4
right_child=1 -3 5 -5 13 6 9 8 -10 10 -12 -13 -14 -15 15 -17 -18
leaf_value=-0.021744755614840849 -0.047784019501561782 0.045212785537177509 0 -0.077946766220684721 0.038248752913092592 -0.0010045263792190975 0.015936993228087649 0.083901576159930574 0 -0.062294546949014963 0 0.048561000554242346 -0.026167523261984401 0 -0.041129715321736655 0 0.038176906801508426
leaf_count=253 202 20 1000 173 106 602 42 106 58 40 41 34 71 92 117 204 39
internal_value=0 0.0269957 0.00928211 -0.173963 -0 0.0523659 0.134763 0.206198 0.600132 -0.0538779 -0.324532 0.0146214 -0.00181946 0.219655 0.00118301 -0.0855657 0.0494771
internal_count=3200 2947 2927 573 400 2354 923 800 164 123 81 636 1431 198 1360 321 1039
cat_boundaries=0 4 7 8
cat_threshold=537208068 1107296520 0 256 11109776 16783938 268468224 2
shrinkage=0.104284


Tree=40
num_leaves=18
num_cat=2
split_feature=2 1 11 5 10 10 5 10 5 7 7 5 11 11 11 10 7
split_gain=0.914006 2.04299 1.30049 0.888564 0.810301 1.56712 0.876697 0.815007 0.802767 0.847074 0.800233 0.665187 0.52514 0.242585 0.512819 0.0839066 0.0286296
threshold=0 1 17563.000000000004 9896.5000000000018 261.25000000000006 51.250000000000007 37876.000000000007 16.000000000000004 18433.000000000004 413985.50000000006 60783.250000000007 822.25000000000011 691.00000000000011 124670.00000000001 40044.250000000007 114.25000000000001 757.75000000000011
decision_type=5 5 2 2 2 2 2 2 2 2 2 2 2 2 2 2 2
left_child=3 2 -2 16 5 7 11 8 10 -10 -3 13 -7 14 -6 -14 -1
right_child=1 4 -4 -5 6 12 -8 -9 9 -11 -12 -13 15 -15 -16 -17 -18
leaf_value=0 -0.066836296064485198 0.0030590210305633174 0 -0 0 0.062975887731118882 0.01255178978054643 -0.038640682906039572 0.039396555303960516 -0 -0.030356452284932105 -0.056036274311946639 0.015474011356865703 0.0015197968312951453 -0.043373256484137139 -0 0.045295394924441366
leaf_count=89 406 1411 81 38 193 55 37 64 142 31 118 107 36 78 90 61 163
internal_value=0 -0.0310922 -0.29366 0.1653 0.0130189 0.0625015 -0.127386 0.00279911 0.037052 0.234589 -0 -0.236072 0.388954 -0.0484158 -0.152507 0 0.381446
internal_count=3200 2910 487 290 2423 1918 505 1766 1702 173 1529 468 152 361 283 97 252
cat_boundaries=0 2 5
cat_threshold=1086328880 204802 54006822 50731650 32768
shrinkage=0.104284


Tree=41
num_leaves=21
num_cat=2
split_feature=2 10 1 5 11 4 7 0 0 7 10 10 5 0 11 11 7 4 5 4
split_gain=0.811312 1.00041 0.761891 1.35524 1.18753 0.555565 1.11454 1.03798 1.24531 0.958232 1.29097 1.39496 0.982794 0.359482 1.06625 0.991923 0.336451 0.224119 0.219615 0.0109218
threshold=0 128.50000000000003 1 751.00000000000011 1065.2500000000002 250.75000000000003 15073.000000000002 22.750000000000004 10.750000000000002 47939.500000000007 1.7500000000000002 112.75000000000001 22582.750000000004 6.2500000000000009 143.50000000000003 19354.750000000004 228130.00000000003 1459.0000000000002 1775.5000000000002 6556.7500000000009
decision_type=5 2 5 2 2 2 2 2 2 2 2 2 2 2 2 2 2 2 2 2
left_child=1 -1 3 -2 16 7 17 8 13 18 12 -12 -11 15 -15 -4 -5 -7 19 -8
right_child=2 -3 5 4 -6 6 9 -9 -10 10 11 -13 -14 14 -16 -17 -18 -19 -20 -21
leaf_value=-0.057354932549510643 -0.065819813380901787 0 -0.011448439896770794 -0 -0.046431247120988818 0.07462164112921775 -0.0051068532960769067 0.045491735852258276 -0.047265430661058011 0.017219355246207668 0.083832153646439186 0.0054243452143025476 -0.026002153124143956 0.059567269881410187 -0 0.019977516341586628 0.034207376259736216 0.0084575231434047791 -0.034546456669932162 0
leaf_count=190 216 77 1063 164 107 70 39 52 139 160 29 115 92 101 58 222 74 99 84 49
internal_value=0 -0.181114 0.0247872 -0.112952 -0 0.0593916 0.135361 0 -0.0308731 0.0473222 0.141024 0.34995 -0 0 0.21365 -0.0144205 0.148015 0.44449 -0.15936 -0
internal_count=3200 267 2933 561 345 2372 737 1635 1583 568 396 144 252 1444 159 1285 238 169 172 88
cat_boundaries=0 2 5
cat_threshold=537208196 1107296544 10584464 16783974 268468240
shrinkage=0.104284


Tree=42
num_leaves=18
num_cat=4
split_feature=2 0 1 10 10 5 6 5 5 9 6 10 9 5 0 6 0
split_gain=0.767153 0.733068 0.949694 0.707332 1.20894 1.00738 1.02478 0.566861 1.28648 0.867689 0.528623 0.529224 0.484845 0.43214 0.399234 0.198583 0.0166069
threshold=0 18.250000000000004 1 357.25000000000006 1689.2500000000002 40.750000000000007 1264.7500000000002 23140.000000000004 18433.000000000004 2 31120.000000000004 12679.750000000002 3 82784.500000000015 9.2500000000000018 4.7500000000000009 24.250000000000004
decision_type=5 2 5 2 2 2 2 2 2 1 2 2 1 2 2 2 2
left_child=13 2 12 5 15 6 14 8 -7 -9 11 -6 -2 -1 -4 -5 -3
right_child=1 16 3 4 10 7 -8 9 -10 -11 -12 -13 -14 -15 -16 -17 -18
leaf_value=-0.035330416402058543 -0 0.048878047878231995 -0 -0.0013407058796613958 -0.023807354912463313 0.015108145354895007 -0.047783398262776035 -0.016066338417735696 0.091587116923514053 0.030606372968211101 0.030594549670701247 0.01693389121370124 -0.067918747545425054 0 0.027412822311013402 -0.058759021434914599 0.0024663845555736004
leaf_count=320 162 37 1071 132 192 475 102 86 27 56 50 37 149 42 112 78 72
internal_value=0 0.0281417 0.00227017 0.0381459 -0.0873788 0.0856161 -0 0.192661 0.272864 0 0.0352711 -0.0265446 -0.198093 -0.154332 0.0318405 -0.3603 0.287572
internal_count=3200 2838 2729 2418 489 1929 1285 644 502 142 279 229 311 362 1183 210 109
cat_boundaries=0 4 7 8 9
cat_threshold=805645700 1107296552 0 256 2195712 16785924 34816 2 2
shrinkage=0.104284


Tree=43
num_leaves=26
num_cat=3
split_feature=1 0 7 0 3 3 5 7 0 11 2 10 10 1 11 11 11 5 8 10 7 7 10 11 7
split_gain=0.709814 1.88382 1.22646 1.01154 0.893355 1.34989 0.461829 0.458727 0.389434 0.373654 0.291767 0.515688 2.00611 1.02548 0.691826 0.545396 1.34366 0.368317 0.27398 0.260778 0.636749 0.456173 0.105586 0.0949326 0.0511721
threshold=0 7.7500000000000009 2353.0000000000005 10.750000000000002 12.250000000000002 61.750000000000007 2746.7500000000005 306585.00000000006 18.250000000000004 143.50000000000003 1 250.75000000000003 1.7500000000000002 2 847.00000000000011 23863.000000000004 5311.7500000000009 12487.750000000002 6.2500000000000009 1689.2500000000002 51646.000000000007 3.2500000000000004 8247.2500000000018 143.50000000000003 3.2500000000000004
decision_type=5 2 2 2 2 2 2 2 2 2 5 2 2 5 2 2 2 2 2 2 2 2 2 2 2
left_child=1 4 -3 10 9 -6 -7 23 -5 -1 17 12 13 14 -12 16 -14 -2 -15 21 22 -13 -21 -8 -10
right_child=3 2 -4 8 5 6 7 -9 24 -11 11 19 15 18 -16 -17 -18 -19 -20 20 -22 -23 -24 -25 -26
leaf_value=-0.037490369240001362 0.041778584608175059 0.097908971946912643 0 -0.04675410947196431 0.059507897113768284 0.027960718417826335 -0 0 0 0 -0 -0 0.03675635518445617 -0.0041033126321013171 0.041492834322245625 0.069513091657489451 -0.02745975244068553 -0 -0.039417983651500774 -0.031991259537552406 0.022403189155128324 -0.054906386333825871 -0 -0.042298052046397375 -0.010835446808700498
leaf_count=152 74 55 77 159 75 52 90 33 57 95 797 112 130 339 82 46 65 33 252 135 52 90 47 61 40
internal_value=0 0.102996 0.548406 -0.0386189 0 0.137132 -0 -0.108419 -0.278297 -0.208951 -0 -0.0251523 0 -0.0730696 0.0340506 0.319569 0.0887594 0.10858 -0.188623 -0.165882 -0 -0.294274 -0.219195 -0.267459 -0
internal_count=3200 690 132 2510 558 311 236 184 256 247 2254 2147 1711 1470 879 241 195 107 591 436 234 202 182 151 97
cat_boundaries=0 4 6 9
cat_threshold=21365766 402940044 2048 536903680 268439680 131138 8421393 0 16
shrinkage=0.104284


Tree=44
num_leaves=16
num_cat=2
split_feature=2 8 1 11 5 11 0 3 5 10 4 0 4 0 5
split_gain=0.651902 0.655003 0.885806 1.45242 1.46324 0.621401 1.27989 1.263 0.61978 0.58219 0.910748 0.537574 0.505387 0.27129 0.230676
threshold=0 3870.2500000000005 1 962.50000000000011 1863.2500000000002 7720.7500000000009 3.2500000000000004 1040.5000000000002 82784.500000000015 5033.5000000000009 1423.0000000000002 19.750000000000004 25.750000000000004 10.750000000000002 8467.7500000000018
decision_type=5 2 5 2 2 2 2 2 2 2 2 2 2 2 2
left_child=8 2 3 4 -2 7 9 11 -1 10 -7 12 -4 -8 -6
right_child=1 -3 5 -5 14 6 13 -9 -10 -11 -12 -13 -14 -15 -16
leaf_value=-0.057893125716395988 -0.05698025045780359 0.041586290246103115 -0.0064926990189914649 -0.072130063444863002 0.032041873834003663 0.0032388067759336323 -0.034338140356268927 -0.048245486837489922 -0 -0 0.055851764632361175 0.030698348740358775 0.0096593273410052506 0 -0
leaf_count=196 169 20 1181 160 106 221 83 60 60 80 116 68 536 52 92
internal_value=0 0.0222676 0.00485862 -0.156197 -0 0.0420385 0.159898 0 -0.165876 0.264534 0.328967 0.0313088 0 -0.154466 0.176568
internal_count=3200 2944 2924 527 367 2397 552 1845 256 417 337 1785 1717 135 198
cat_boundaries=0 4 7
cat_threshold=537208068 1107820800 0 256 10585488 16783938 268468224
shrinkage=0.104284


Tree=45
num_leaves=26
num_cat=1
split_feature=5 10 5 4 10 11 11 11 11 0 4 8 4 8 0 0 11 9 0 10 7 0 11 5 10
split_gain=0.484946 0.553255 2.11862 1.97733 1.69506 1.51212 1.30708 0.999916 0.803837 0.762791 0.645201 1.21664 0.737585 0.662681 0.968188 0.63743 0.63698 0.520503 0.502342 0.490454 0.268909 0.219195 0.076535 0.0352425 0.0197901
threshold=122692.50000000001 152.50000000000003 822.25000000000011 939.25000000000011 15655.000000000002 106189.00000000001 25.000000000000004 456.25000000000006 9262.7500000000018 13.750000000000002 13754.500000000002 11.500000000000002 5597.5000000000009 188.50000000000003 4.7500000000000009 1.7500000000000002 26170.750000000004 0 3.2500000000000004 384.25000000000006 86419.000000000015 7.7500000000000009 1441.0000000000002 28.750000000000004 3064.7500000000005
decision_type=2 2 2 2 2 2 2 2 2 2 2 2 2 2 2 2 2 1 2 2 2 2 2 2 2
left_child=1 6 3 4 19 -4 10 9 18 23 12 20 15 -13 -15 17 -10 -1 22 -3 -12 -17 -9 -8 -21
right_child=-2 2 5 -5 -6 -7 7 8 16 -11 11 13 -14 14 -16 21 -18 -19 -20 24 -22 -23 -24 -25 -26
leaf_value=0.010969537237006706 0.026847387582463252 0 -0.06469580856357969 0.068918288846952072 0.048118444210667133 0 0.0087357560248801872 -0 0.053843935506059523 -0 0.067000968073083852 -0.033823539202801872 -0.048131418968112474 0.03119542862190984 -0.025246549233148102 -0.038577536537809598 -0 -0.014932064457095608 0.004565249993176969 -0.0088495791796980999 0 -0 -0.038553659457740308 0.06610380580301313 -0.060727690127011034
leaf_count=697 31 85 198 60 29 52 53 109 52 48 39 96 132 140 41 214 41 292 77 199 32 224 108 45 106
internal_value=0 -0.0128977 -0.125018 0.0332251 -0.0645367 -0.430822 0.0134685 0.172193 0 0.362447 -0.0508769 0.0669149 -0.114666 -0.0314117 0.0458646 -0.0512026 0.273013 0 -0.107684 -0.246021 0.430428 -0.217544 -0.240383 0.479013 -0.356382
internal_count=3200 3169 729 479 419 250 2440 533 387 146 1907 348 1559 277 181 1427 93 989 294 390 71 438 217 98 305
cat_boundaries=0 1
cat_threshold=2
shrinkage=0.104284


Tree=46
num_leaves=21
num_cat=3
split_feature=1 2 1 5 5 4 6 11 11 11 11 4 6 5 7 6 11 11 11 5
split_gain=0.642275 0.449553 0.737298 1.09721 0.633503 1.45649 1.01784 0.597997 0.451677 1.2702 0.392811 0.697577 1.10047 0.675398 0.545093 0.327948 0.231536 0.696653 0.681089 0.150082
threshold=0 1 2 122692.50000000001 7144.7500000000009 250.75000000000003 5658.2500000000009 25.000000000000004 134020.00000000003 63781.000000000007 26626.000000000004 6556.7500000000009 861.25000000000011 31807.750000000004 66613.000000000015 133643.50000000003 992.50000000000011 25.000000000000004 14005.750000000002 877.75000000000011
decision_type=5 5 5 2 2 2 2 2 2 2 2 2 2 2 2 2 2 2 2 2
left_child=10 7 8 4 5 -4 -7 19 9 16 11 12 -1 14 -13 -6 17 -3 -18 -2
right_child=1 2 3 -5 15 6 -8 -9 -10 -11 -12 13 -14 -15 -16 -17 18 -19 -20 -21
leaf_value=0.033738561887554336 0.003983502268871216 -0.0017423989842436885 -0.051382231215741862 0.012385202319344136 -0.060314685828639511 0.033392268016771885 -0.013181897551105702 0.034604680277849104 -0.029277592423274656 0.059119736992909289 -0 0 -0.025049948707946513 0 0.084467705730700282 -0 -0.036536064239164397 0.02478364800633464 0 -0.019108842844388116
leaf_count=107 94 988 217 29 197 148 259 86 74 52 64 41 125 38 37 57 179 151 197 60
internal_value=0 -0.0318925 -0.0589774 -0.14881 -0.252001 -0.101182 0 0.0816931 0 0.0309134 0.115534 0.21374 0 0.388821 0.558951 -0.456513 -0 0.0313436 -0.103543 -0
internal_count=3200 2788 2548 907 878 624 407 240 1641 1567 412 348 232 116 78 254 1515 1139 376 154
cat_boundaries=0 4 6 9
cat_threshold=4588546 402915336 2048 536903680 1077940272 131106 276865169 90150 8388624
shrinkage=0.104284


Tree=47
num_leaves=18
num_cat=4
split_feature=1 0 10 10 0 0 1 3 10 0 5 9 4 0 9 0 4
split_gain=0.567303 1.06758 0.62458 0.57678 0.615865 0.844504 0.558029 1.06578 0.654552 0.398537 0.341721 0.805878 0.52915 0.254168 0.232132 0.152831 0.0732143
threshold=0 12.250000000000002 16877.500000000004 3961.7500000000005 10.750000000000002 9.2500000000000018 1 79.750000000000014 128.50000000000003 3.2500000000000004 22425.250000000004 2 438.25000000000006 18.250000000000004 3 25.750000000000004 852.25000000000011
decision_type=5 2 2 2 2 2 5 2 2 2 2 1 2 2 1 2 2
left_child=1 9 3 4 5 6 8 -8 -2 10 12 -12 -1 16 -14 -15 -6
right_child=2 -3 -4 -5 13 -7 7 -9 -10 -11 11 -13 14 15 -16 -17 -18
leaf_value=-0 -0.043560633251107476 0.065828128909209568 0.033484908229673031 -0.044209936180187717 -0.048099644085281612 0.044202970010707186 -0.0052827404660658337 0.019363070080268545 0 -0.02061401882076035 -0.038872238038587165 0.019739157615452804 0.051399379696541049 0.0039313612495163325 0 -0.019091290199511484 -0
leaf_count=99 258 33 33 103 123 60 1563 380 84 72 33 45 71 56 71 53 63
internal_value=0 0.105711 -0.0307722 -0.0523289 -0.0302193 -0 -0.0198767 0.00807743 -0.157552 0.0222709 0.104496 -0 0.201509 -0.204881 0.316984 -0 -0.329638
internal_count=3200 424 2776 2743 2640 2345 2285 1943 342 391 319 78 241 295 142 109 186
cat_boundaries=0 4 6 7 8
cat_threshold=272901122 402915340 2048 536903680 51450116 24704 2 2
shrinkage=0.104284


Tree=48
num_leaves=16
num_cat=2
split_feature=1 5 0 0 1 4 4 6 7 11 5 10 5 5 11
split_gain=0.536107 0.510137 0.377504 0.50667 0.52211 0.464545 1.34162 1.24978 0.439564 0.367998 0.652973 0.304054 0.26643 0.196286 0.174519
threshold=0 18608.500000000004 18.250000000000004 13.750000000000002 1 147.25000000000003 939.25000000000011 1627.0000000000002 3.2500000000000004 456.25000000000006 601.75000000000011 469.00000000000006 19.750000000000004 7203.2500000000009 19354.750000000004
decision_type=5 2 2 2 5 2 2 2 2 2 2 2 2 2 2
left_child=1 -1 3 4 9 8 -7 -8 14 10 -2 -11 -4 -12 -6
right_child=2 -3 12 -5 5 6 7 -9 -10 11 13 -13 -14 -15 -16
leaf_value=-0.047740854594289936 -0.03333630403728649 -0 0 -0.032737234837171683 -0 0.062429293801204974 -0.04225970982096347 0.011884676396738783 -0.026789641496594494 -0.044311468076010836 0.027208993505688606 -0 0.039259618329699486 -0 0.012969270610767863
leaf_count=308 135 105 86 91 1061 80 107 531 168 83 72 65 28 72 208
internal_value=0 -0.150237 0.0195476 0 0.0176882 0.0512046 0.12423 0.0444329 -0 -0.0872422 -0 -0.288457 0.20115 0.115536 0.0232715
internal_count=3200 413 2787 2673 2582 2155 718 638 1437 427 279 148 114 144 1269
cat_boundaries=0 3 6
cat_threshold=45125920 50469442 32768 589954 268722180 268437520
shrinkage=0.104284


Tree=49
num_leaves=19
num_cat=3
split_feature=2 1 5 5 6 0 0 10 11 11 11 4 0 0 1 3 5 4
split_gain=0.576633 1.56445 1.55925 0.682368 0.66353 0.853191 0.864125 0.650472 1.1731 1.09146 1.06886 0.487615 0.484431 0.706891 0.407026 0.696097 0.235297 0.128802
threshold=0 1 15.250000000000002 9896.5000000000018 129145.50000000001 4.7500000000000009 16.750000000000004 6.2500000000000009 10654.750000000002 162.25000000000003 25500.250000000004 84808.750000000015 10.750000000000002 7.7500000000000009 2 55.000000000000007 95.500000000000014 162987.00000000003
decision_type=5 5 2 2 2 2 2 2 2 2 2 2 2 2 5 2 2 2
left_child=3 2 -2 -1 5 7 12 14 9 -9 -10 -6 13 -7 -3 -16 -8 -13
right_child=1 4 -4 -5 11 6 16 8 10 -11 -12 17 -14 -15 15 -17 -18 -19
leaf_value=0.032364169331904252 0 -0.0067868244204282091 -0.074275680672153135 -0 0.048821183230637596 -0.032882620269909971 -0.0021289606422161393 -0 0.046447262208018085 -0.071783430976677123 -0.0057433782140626465 -0.0033325578712151099 -0.060594645757169621 0.0062014796121311316 0.0046926471109428004 0.036475436543083356 0.023738574335755862 0.014679323005072849
leaf_count=252 106 122 372 38 31 192 93 69 82 119 263 44 140 119 938 169 26 25
internal_value=0 -0.0269766 -0.272878 0.128505 0.00854053 -0.00924655 -0.167453 0.0310818 -0.0739901 -0.367516 0.0246283 0.2101 -0.29633 -0.0791539 0.0998555 0.119964 0 0
internal_count=3200 2910 478 290 2432 2332 570 1762 533 188 345 100 451 311 1229 1107 119 69
cat_boundaries=0 2 5 6
cat_threshold=1086328880 204802 54038566 50731650 32768 277151872
shrinkage=0.104284


Tree=50
num_leaves=22
num_cat=3
split_feature=1 0 4 0 3 10 4 10 8 8 1 8 10 3 10 5 1 5 5 10 10
split_gain=0.577162 1.16012 1.15239 1.15201 0.553825 1.71628 1.23204 1.01512 1.57669 0.512804 0.484147 1.02642 0.844959 0.657004 0.453638 0.4226 0.345211 0.211836 0.201548 0.187191 0.00904413
threshold=0 9.2500000000000018 9.2500000000000018 4.7500000000000009 79.750000000000014 1864.7500000000002 12943.000000000002 36.250000000000007 296.50000000000006 542.50000000000011 1 36.250000000000007 152.50000000000003 12.250000000000002 10.750000000000002 100650.25000000001 2 31807.750000000004 733.75000000000011 6.2500000000000009 3.2500000000000004
decision_type=5 2 2 2 2 2 2 2 2 2 5 2 2 2 2 2 5 2 2 2 2
left_child=1 10 20 4 5 -2 -6 8 15 -9 11 13 17 16 18 -8 19 -12 -5 -1 -3
right_child=3 2 -4 14 6 -7 7 9 -10 -11 12 -13 -14 -15 -16 -17 -18 -19 -20 -21 -22
leaf_value=0.0047000423175204134 -0.03312535486208814 0.0035507515013895774 0.070937440416642975 -0.00041962499437263686 0.042741818636681944 0.037639586882309332 -0.039262863752680878 -0 0.045965621217974081 -0.059235300121418276 0.03596923302139568 -0.058342629842382934 -0.0097275267257960693 0.030925139211505311 -0 0 -0.019454079850350595 0 -0.06048494531649494 -0.0089653357454000122 -0
leaf_count=775 442 135 62 109 149 56 78 44 112 54 173 87 74 76 88 32 126 41 97 332 58
internal_value=0 0.0449477 0.295405 -0.071001 -0 -0.138849 0.0808413 -0.00391789 0.106378 -0.317328 -0 -0.0485216 0.101391 -0.00280243 -0.311592 -0.135982 -0.0561482 0.272665 -0.42078 -0 0.00126398
internal_count=3200 1939 255 1261 967 498 469 320 222 98 1684 1396 288 1309 294 110 1233 214 206 1107 193
cat_boundaries=0 4 7 8
cat_threshold=289678343 403005580 2048 536903680 16777223 286852 2048 1
shrinkage=0.104284


Tree=51
num_leaves=11
num_cat=3
split_feature=2 10 10 0 0 2 6 7 0 9
split_gain=0.550744 0.415142 0.61825 0.29733 0.394034 0.429158 1.39655 1.20152 0.275501 0.121448
threshold=0 16877.500000000004 3423.2500000000005 18.250000000000004 13.750000000000002 1 9832.7500000000018 47939.500000000007 24.250000000000004 2
decision_type=5 2 2 2 2 5 2 2 2 1
left_child=9 2 3 4 5 7 -7 -2 -5 -1
right_child=1 -3 -4 8 -6 6 -8 -9 -10 -11
leaf_value=-0 -0 0.034712944545184053 -0.032324141139854837 0.041394196644149138 -0.029292682815497389 0.016325755272371661 -0.023888590350103791 0.027898504306445662 0 -0.051293959218515796
leaf_count=149 1685 31 121 36 92 239 348 302 68 129
internal_value=0 0.0149673 0.000199278 0.0201897 0 0.0172719 -0.0559126 0.0566443 0.186709 -0.161552
internal_count=3200 2922 2891 2770 2666 2574 587 1987 104 278
cat_boundaries=0 3 4 5
cat_threshold=537210116 33554720 1024 1350570001 2
shrinkage=0.104284


Tree=52
num_leaves=18
num_cat=4
split_feature=2 0 1 0 4 6 4 10 10 3 6 10 4 6 3 9 9
split_gain=0.487252 0.35004 0.543483 0.525497 0.557298 0.386221 0.506338 0.37074 1.4229 1.77407 0.757355 0.667953 0.94782 0.339019 0.203188 0.0797333 0.0405504
threshold=0 18.250000000000004 1 10.750000000000002 852.25000000000011 3872.5000000000005 132478.00000000003 357.25000000000006 1.7500000000000002 1591.7500000000002 1232.5000000000002 1689.2500000000002 2328.2500000000005 4.7500000000000009 57.250000000000007 2 3
decision_type=5 2 5 2 2 2 2 2 2 2 2 2 2 2 2 1 1
left_child=15 2 5 7 -5 -2 -7 8 9 -4 -10 13 -13 -9 16 -1 -3
right_child=1 14 3 4 -6 6 -8 11 10 -11 -12 12 -14 -15 -16 -17 -18
leaf_value=-0 0 -0 0.0061837697637189626 -0.044247152853511974 0 -0.040367246885664135 0 -0 0.0013430973008770727 -0.065803587716503298 0.055988012525730609 -0.0097336100557873836 0.035806573898077752 -0.049466978567831298 0.040274053845141267 -0.048706814418927699 0.010594537131070217
leaf_count=149 138 57 1413 119 50 317 35 117 157 44 94 192 69 68 20 129 32
internal_value=0 0.0136175 0 0.0290712 -0.177517 -0.120571 -0.262465 0.0571794 0.090991 0.00612989 0.32965 -0.0253177 0.055129 -0.259528 0.187514 -0.152916 0
internal_count=3200 2922 2813 2323 169 490 352 2154 1708 1457 251 446 261 185 109 278 89
cat_boundaries=0 3 6 7 8
cat_threshold=537210116 33554720 1024 2195714 16806470 268470288 2 2
shrinkage=0.104284


Tree=53
num_leaves=21
num_cat=2
split_feature=1 0 5 5 7 5 10 10 0 10 6 1 7 5 11 7 10 10 11 10
split_gain=0.493781 0.899274 0.774274 1.09795 0.876294 0.506556 1.16394 1.81981 0.987451 0.73775 0.506571 0.399731 0.452307 0.636057 0.292328 0.265125 0.708009 0.19706 0.841358 0.390931
threshold=0 9.2500000000000018 510.25000000000006 727.75000000000011 12.250000000000002 122692.50000000001 152.50000000000003 3.2500000000000004 4.7500000000000009 2790.2500000000005 39340.000000000007 1 66613.000000000015 31807.750000000004 1342.7500000000002 1062.2500000000002 3.2500000000000004 3064.7500000000005 19354.750000000004 3.2500000000000004
decision_type=5 2 2 2 2 2 2 2 2 2 2 5 2 2 2 2 2 2 2 2
left_child=1 11 4 -4 -2 6 7 8 -5 -8 -9 14 17 -14 -1 16 -3 18 19 -13
right_child=2 15 3 5 -6 -7 9 10 -10 -11 -12 12 13 -15 -16 -17 -18 -19 -20 -21
leaf_value=-0.041786225281249895 0 0.052956088953124168 0.045147797324630472 -0 -0.043920209971461843 0.013474101898773731 -0.067526935510449415 0.070535493825212264 -0.053413585704376168 -0 0 0 0.048262681810143683 -0 -0 0 -0 -0.018689107162494983 0.030035179900552975 -0.022956477809465872
leaf_count=167 56 130 60 371 360 30 119 33 89 48 27 963 45 42 82 88 54 111 151 174
internal_value=0 0.0380568 -0.0689015 -0 -0.284636 -0.0657434 -0.122627 -0 -0.15034 -0.43748 0.42681 -0 0.0293922 0.233635 -0.129454 0.255687 0.342592 0 0.0187816 -0.0195825
internal_count=3200 2007 1193 777 416 717 687 520 460 167 60 1735 1486 87 249 272 184 1399 1288 1137
cat_boundaries=0 4 7
cat_threshold=289801223 402940044 2048 536903680 16777220 286724 2048
shrinkage=0.104284


Tree=54
num_leaves=23
num_cat=2
split_feature=2 5 8 0 6 5 11 9 8 7 8 11 7 7 10 10 10 10 6 11 0 11
split_gain=0.417057 0.564141 0.545433 0.424274 0.678264 1.36616 0.661053 1.9302 0.279843 0.866639 0.595442 0.493346 1.2276 1.10684 0.384279 0.63473 0.355302 0.260838 0.199233 0.273857 0.166808 0.147477
threshold=0 9896.5000000000018 3870.2500000000005 4.7500000000000009 303.25000000000006 3180.2500000000005 472.00000000000006 1 6.2500000000000009 182719.00000000003 285.25000000000006 1141.0000000000002 413985.50000000006 404360.00000000006 261.25000000000006 71.500000000000014 3.2500000000000004 161.50000000000003 1.7500000000000002 42622.000000000007 13.750000000000002 143.50000000000003
decision_type=5 2 2 2 2 2 2 1 2 2 2 2 2 2 2 2 2 2 2 2 2 2
left_child=1 21 3 8 6 -6 7 -5 14 10 17 12 -11 -13 15 16 -2 -10 19 -16 -7 -1
right_child=2 -3 -4 4 5 20 -8 -9 9 11 -12 13 -14 -15 18 -17 -18 -19 -20 -21 -22 -23
leaf_value=0 0.0058200183291421655 -0.00064833892904193197 0.028874496486588602 0.048560340083953539 -0.059101035966095554 -0.009144712864432655 -0.032969623395785734 -0.024241110612177392 -0.045045903489201462 0.042704366509090042 0 -0.053298466617262702 -0.016150156582223515 0.0088340771649713882 0.01259906624032095 0.03856472566706879 -0.023264591529944097 -0 -0.027458961918549376 -0.01856387272194758 0.019729382775019295 0.040103885463700091
leaf_count=166 1076 50 21 125 169 72 115 165 241 113 74 61 40 30 146 83 66 63 105 90 36 93
internal_value=0 0.103218 -0.0266791 -0.0467182 -0.151564 -0.309821 -0 0.106755 -0.00533074 -0.0825155 -0.251276 0.0217036 0.1854 -0.0990604 0.022588 0.0738388 0.00955741 -0.356427 -0.0929745 -0 0 0.258541
internal_count=3200 309 2891 2870 682 277 405 290 2188 622 378 244 153 91 1566 1225 1142 304 341 236 108 259
cat_boundaries=0 3 4
cat_threshold=1086328880 204802 8192 1
shrinkage=0.104284


Tree=55
num_leaves=23
num_cat=2
split_feature=1 6 11 10 5 7 5 7 5 6 7 11 11 10 10 4 4 9 7 6 7 7
split_gain=0.436883 1.47011 0.843506 0.601574 0.527212 1.83211 1.43601 0.85436 1.27176 0.489537 0.400871 0.308907 0.308473 0.832967 0.329111 0.265813 0.370169 0.260717 0.103234 0.100511 0.0504781 0.316344
threshold=0 927.25000000000011 124670.00000000001 1749.2500000000002 569.50000000000011 3.2500000000000004 2409.2500000000005 222467.00000000003 7072.7500000000009 177081.50000000003 757.75000000000011 39151.000000000007 19354.750000000004 3.2500000000000004 261.25000000000006 6556.7500000000009 17799.250000000004 1 509778.00000000006 33076.000000000007 2001.2500000000002 12508.000000000002
decision_type=5 2 2 2 2 2 2 2 2 2 2 2 2 2 2 2 2 1 2 2 2 2
left_child=1 10 3 4 5 12 17 8 -8 -9 -1 -5 13 -2 -14 19 -17 -6 -18 -3 -7 -22
right_child=2 15 -4 11 6 20 7 9 -10 -11 -12 -13 14 -15 -16 16 18 -19 -20 -21 21 -23
leaf_value=0 0 -0.019637295855984716 0.027208279040453316 -0 0.054565401082186597 -0.069177187732626017 0 0.022694826611966167 -0.055933960355760343 -0.003132769201417912 0.063839316888325767 -0.055135135542228958 0.039310609256568027 -0.035824384639261145 -0 0.026942365969998498 -0.014971422242057841 0 9.0269851998027263e-05 -0 0 -0.030769525184787257
leaf_count=85 929 159 114 112 87 234 209 114 147 111 52 86 29 142 76 73 78 56 23 67 101 116
internal_value=0 0.0804343 -0.0341433 -0.0649387 -0.0328394 -0.09606 0.0364879 -0.031055 -0.217249 0.074053 0.448366 -0.322648 -0 -0.0400838 0.173981 -0 0.0719097 0.396135 -0 -0.123826 -0.424972 -0.140954
internal_count=3200 537 2663 2549 2351 1627 724 581 356 225 137 198 1176 1071 105 400 174 143 101 226 451 217
cat_boundaries=0 4 5
cat_threshold=289677318 402940040 2048 536903680 2
shrinkage=0.104284


Tree=56
num_leaves=14
num_cat=2
split_feature=2 4 10 10 1 6 4 6 10 11 11 3 10
split_gain=0.402769 0.623833 0.361897 0.564338 0.542013 1.37264 1.35739 0.590306 0.558563 1.72243 0.850221 0.461223 0.206567
threshold=0 108301.00000000001 16877.500000000004 3423.2500000000005 1 861.25000000000011 25.750000000000004 6389.5000000000009 261.25000000000006 23863.000000000004 4838.5000000000009 21.250000000000004 2289.2500000000005
decision_type=5 2 2 2 5 2 2 2 2 2 2 2 2
left_child=1 -1 3 4 5 6 -2 -7 9 10 -6 -9 -10
right_child=2 -3 -4 -5 8 7 -8 11 12 -11 -12 -13 -14
leaf_value=-0.041789647672216448 0 0 0.032089327184850011 -0.031270984051292784 0 -0.02862734675714532 0.099680541231975742 -0 -0.026474042646781031 0.059238594645581927 -0.038934964492983934 0.023123317462370986 0
leaf_count=256 76 37 31 122 1710 128 48 91 263 49 107 193 89
internal_value=0 -0.126976 0.0135278 0 0.0187287 0.115471 0.505845 0 -0.0131103 0.00710117 -0.0172354 0.0998835 -0.189067
internal_count=3200 293 2907 2876 2754 536 124 412 2218 1866 1817 284 352
cat_boundaries=0 3 7
cat_threshold=537142660 34079520 1024 17179670 268460044 2048 536903680
shrinkage=0.104284


Tree=57
num_leaves=20
num_cat=5
split_feature=2 4 1 3 4 5 6 6 9 7 0 6 4 3 0 0 9 9 4
split_gain=0.329709 0.586665 0.258852 0.979172 0.4424 1.02443 1.3008 1.08406 1.07399 0.525895 0.50099 1.6026 1.15037 0.676725 0.468814 0.579288 0.352123 0.174667 0.100048
threshold=0 108301.00000000001 1 670.00000000000011 250.75000000000003 2409.2500000000005 6277.0000000000009 31120.000000000004 2 2353.0000000000005 6.2500000000000009 12580.000000000002 16379.500000000002 294.25000000000006 22.750000000000004 10.750000000000002 3 4 19880.500000000004
decision_type=5 2 5 2 2 2 2 2 1 2 2 2 2 2 2 2 1 1 2
left_child=1 -1 3 18 9 6 8 17 -6 14 11 -7 -13 -12 15 16 -4 -8 -2
right_child=2 -3 4 -5 5 10 7 -9 -10 -11 13 12 -14 -15 -16 -17 -18 -19 -20
leaf_value=-0.041267045342607389 -0.050108126106269024 0 -0.0070468436142787144 0.01660366015411963 0.093108911968430297 -0.065681654676788104 -0.020987548204552908 0.043792891067025851 0 -0.037040990196197603 0.049962701989865979 0.031968569542459011 -0.012293228052672798 -0 0.030333941037609415 -0.034843592411730524 0.0088100051914272309 0 -0
leaf_count=271 290 37 669 51 70 82 84 42 66 121 44 94 170 32 49 123 686 74 145
internal_value=0 -0.116817 0.0119976 -0.0772675 0.0322836 0.0981084 0.251448 0.0157527 0.559174 -0.00821706 -0 -0.066469 0 0.220486 0 -0.0107599 0.00230121 -0.0896708 -0.338337
internal_count=3200 308 2892 486 2406 758 336 200 136 1648 422 346 264 76 1527 1478 1355 158 435
cat_boundaries=0 3 6 7 8 9
cat_threshold=537144708 34078976 1024 11108736 16783938 268468224 2 2 1
shrinkage=0.104284


Tree=58
num_leaves=17
num_cat=3
split_feature=2 10 7 7 0 10 1 10 10 3 9 11 0 5 0 11
split_gain=0.336961 0.279034 0.516121 1.11582 0.903465 0.758477 0.6473 0.96415 1.36095 0.95907 0.402485 0.609785 0.896043 0.271657 0.206315 0.0776774
threshold=0 16877.500000000004 558.25000000000011 2819.5000000000005 1.7500000000000002 849.25000000000011 1 1.7500000000000002 152.50000000000003 1838.5000000000002 2 19354.750000000004 3.2500000000000004 100650.25000000001 1.7500000000000002 25.000000000000004
decision_type=5 2 2 2 2 2 5 2 2 2 1 2 2 2 2 2
left_child=13 2 5 4 -4 10 -5 9 -9 -8 14 12 -12 -1 15 -2
right_child=1 -3 3 6 -6 -7 7 8 -10 -11 11 -13 -14 -15 -16 -17
leaf_value=-0.030638607559679946 0 0.028021288176039241 -0 -0.012982984496898331 0.067765282922876174 -0.038619036809622899 0.0026913070425460361 0.054659978497809236 0 -0.050259592027199929 -0.017176006934203875 0.035004899599043654 0.023198647583064211 -0 -0.027418935917475948 -0.014258793270543191
leaf_count=276 471 31 89 406 76 191 472 79 184 35 356 86 150 46 192 60
internal_value=0 0.0128118 0 0.059684 0.396411 -0.0632037 0.00203145 0.0636569 0.240237 -0.00553044 -0.00304932 0.0568156 -0 -0.111994 -0.109944 -0
internal_count=3200 2878 2847 1341 165 1506 1176 770 263 507 1315 592 506 322 723 531
cat_boundaries=0 3 5 6
cat_threshold=805578116 1107821344 1024 19497218 14856 2
shrinkage=0.104284


Tree=59
num_leaves=25
num_cat=1
split_feature=1 6 10 6 7 10 10 5 4 7 10 10 4 10 4 6 7 5 10 10 7 0 0 7
split_gain=0.3305 1.15579 1.35151 1.23489 1.2664 0.844454 1.71816 0.509278 0.611889 1.4306 1.27267 0.453365 0.577824 0.462032 0.421091 0.785204 1.22261 0.288395 0.257076 1.02353 0.189038 0.130381 0.328218 0.0376514
threshold=0 2916.2500000000005 71.500000000000014 5700.2500000000009 51646.000000000007 3.2500000000000004 71.500000000000014 2565.2500000000005 12943.000000000002 222467.00000000003 3.2500000000000004 357.25000000000006 457.75000000000006 731.50000000000011 13754.500000000002 1844.5000000000002 558.25000000000011 21735.250000000004 3064.7500000000005 14191.000000000002 20725.750000000004 22.750000000000004 4.7500000000000009 757.75000000000011
decision_type=5 2 2 2 2 2 2 2 2 2 2 2 2 2 2 2 2 2 2 2 2 2 2 2
left_child=5 2 -2 -3 -5 14 -7 -6 10 -10 -9 12 -8 -13 15 16 21 -16 23 -20 -17 22 -1 -15
right_child=1 3 -4 4 7 6 11 8 9 -11 -12 13 -14 18 17 20 -18 -19 19 -21 -22 -23 -24 -25
leaf_value=0.0047854876865979232 -0.060174130258716867 0.049565767502922638 0 -0.042015590727530749 0.032278091791769256 -0.057831803211515716 0 -0.005029704301744679 -0.061594841616158795 0 0.057083277049939006 -0.031014113530199897 0.049225042234745241 0 0 -0.036343019537022132 0.053003225531097771 0.053350709061531311 -0.055410691996914715 0.0088271272936843708 -0 0.018757817712020113 -0.020454613789508466 0.021120670366446416
leaf_count=733 284 66 98 191 59 87 88 88 94 232 47 118 41 102 80 87 139 35 107 32 96 38 189 69
internal_value=0 -0.0587203 -0.341233 0 -0.0507533 0.0295962 -0.0749901 0.00690458 -0.0134948 -0.126517 0.161302 0 0.185066 -0.061656 0.110735 0.0519539 0.120748 0.336626 0 -0.103778 -0.17271 0.0193959 -0 0.142421
internal_count=3200 1159 382 777 711 2041 644 520 461 326 135 557 129 428 1397 1282 1099 115 310 139 183 960 922 171
cat_boundaries=0 4
cat_threshold=290390023 403005576 2048 536903680
shrinkage=0.104284


end of trees

feature importances:
n_table_3.n_3=170
n_table_2.n_13=135
n_table_1.n_16=131
n_1=124
n_table_1.n_15=90
n_table_1.n_19=88
n_table_1.n_18=83
c_table_1.c_2=70
n_table_1.n_12=66
n_table_1.n_26=54
c_table_1.c_4=38
c_table_2.c_1=38

parameters:
[boosting: gbdt]
[objective: binary]
[metric: auc]
[tree_learner: serial]
[device_type: cpu]
[data: ]
[valid: ]
[num_iterations: 100]
[learning_rate: 0.104284]
[num_leaves: 77]
[num_threads: 4]
[max_depth: 7]
[min_data_in_leaf: 20]
[min_sum_hessian_in_leaf: 2.85758]
[bagging_fraction: 0.8]
[bagging_freq: 100]
[bagging_seed: 3]
[feature_fraction: 0.8]
[feature_fraction_seed: 2]
[early_stopping_round: 0]
[max_delta_step: 0]
[lambda_l1: 0.955576]
[lambda_l2: 0.923962]
[min_gain_to_split: 0]
[drop_rate: 0.1]
[max_drop: 50]
[skip_drop: 0.5]
[xgboost_dart_mode: 0]
[uniform_drop: 0]
[drop_seed: 4]
[top_rate: 0.2]
[other_rate: 0.1]
[min_data_per_group: 100]
[max_cat_threshold: 32]
[cat_l2: 10]
[cat_smooth: 10]
[max_cat_to_onehot: 4]
[top_k: 20]
[monotone_constraints: ]
[feature_contri: ]
[forcedsplits_filename: ]
[refit_decay_rate: 0.9]
[verbosity: -1]
[max_bin: 255]
[min_data_in_bin: 3]
[bin_construct_sample_cnt: 200000]
[histogram_pool_size: -1]
[data_random_seed: 1]
[output_model: LightGBM_model.txt]
[snapshot_freq: -1]
[input_model: ]
[output_result: LightGBM_predict_result.txt]
[initscore_filename: ]
[valid_data_initscores: ]
[pre_partition: 0]
[enable_bundle: 1]
[max_conflict_rate: 0]
[is_enable_sparse: 1]
[sparse_threshold: 0.8]
[use_missing: 1]
[zero_as_missing: 0]
[two_round: 0]
[save_binary: 0]
[enable_load_from_binary_file: 1]
[header: 0]
[label_column: ]
[weight_column: ]
[group_column: ]
[ignore_column: ]
[categorical_feature: ]
[predict_raw_score: 0]
[predict_leaf_index: 0]
[predict_contrib: 0]
[num_iteration_predict: -1]
[pred_early_stop: 0]
[pred_early_stop_freq: 10]
[pred_early_stop_margin: 10]
[convert_model_language: ]
[convert_model: gbdt_prediction.cpp]
[num_class: 1]
[is_unbalance: 0]
[scale_pos_weight: 1]
[sigmoid: 1]
[boost_from_average: 1]
[reg_sqrt: 0]
[alpha: 0.9]
[fair_c: 1]
[poisson_max_delta_step: 0.7]
[tweedie_variance_power: 1.5]
[max_position: 20]
[label_gain: ]
[metric_freq: 1]
[is_provide_training_metric: 0]
[eval_at: ]
[num_machines: 1]
[local_listen_port: 12400]
[time_out: 120]
[machine_list_filename: ]
[machines: ]
[gpu_platform_id: -1]
[gpu_device_id: -1]
[gpu_use_dp: 0]

end of parameters

pandas_categorical:[[0, 1, 2, 3, 4, 5, 6, 7, 8, 9, 10, 11, 12, 13, 14, 15, 16, 17, 18, 19, 20, 21, 22, 23, 24, 25, 26, 27, 28, 29, 30, 31, 32, 33, 34, 35, 36, 37, 38, 39, 40, 41, 42, 43, 44, 45, 46, 47, 48, 49, 50, 51, 52, 53, 54, 55, 56, 57, 58, 59, 60, 61, 62, 63, 64, 65, 66, 67, 68, 69, 70, 71, 72, 73, 74, 75, 76, 77, 78, 79, 80, 81, 82, 83, 84, 85, 86, 87, 88, 89, 90, 91, 92, 93, 94, 95, 96, 97, 98, 99, 100, 101, 102, 103, 104, 105, 106, 107, 108, 109, 110, 111, 112, 113, 114, 115, 116, 117, 118, 119, 120, 121, 122, 123, 124, 125, 126, 127, 128, 129, 130, 131, 132, 133, 134, 135, 136, 137, 138, 139, 140, 141, 142, 143, 144, 145, 146, 147, 148, 149, 150, 151, 152, 153, 154, 155, 156, 157, 158, 159, 160, 161, 162, 163, 164, 165, 166, 167, 168, 169, 170, 171, 172, 173, 174, 175, 176, 177, 178, 179, 180, 181, 182, 183, 184, 185, 186, 187, 188, 189, 190, 191, 192, 193, 194, 195], [0, 1, 2, 3, 4, 5, 6, 7, 8, 9, 10, 11, 12, 13, 14, 15, 16, 17, 18, 19, 20, 21, 22, 23, 24, 25, 26, 27, 28, 29, 30, 31, 32, 33, 34, 35, 36, 37, 38, 39, 40, 41, 42, 43, 44, 45, 46, 47, 48, 49, 50, 51, 52, 53, 54, 55, 56, 57, 58, 59, 60, 61, 62, 63, 64, 65, 66, 67, 68, 69, 70, 71, 72, 73, 74, 75, 76, 77, 78, 79, 80, 81, 82, 83, 84, 85, 86, 87, 88, 89, 90, 91, 92, 93, 94, 95, 96, 97, 98, 99, 100, 101, 102, 103, 104, 105, 106, 107, 108, 109, 110, 111, 112, 113, 114, 115, 116, 117, 118, 119, 120, 121, 122, 123, 124, 125, 126, 127, 128, 129, 130, 131, 132, 133, 134, 135, 136, 137, 138, 139, 140, 141, 142, 143, 144, 145, 146, 147, 148, 149, 150, 151], [0, 1]]
