tree
version=v2
num_class=1
num_tree_per_iteration=1
label_index=0
max_feature_idx=11
objective=binary sigmoid:1
feature_names=n_1 c_table_1.c_2 c_table_1.c_4 n_table_1.n_12 n_table_1.n_15 n_table_1.n_16 n_table_1.n_18 n_table_1.n_19 n_table_1.n_26 c_table_2.c_1 n_table_2.n_13 n_table_3.n_3
feature_infos=[1:335.5] 24:0:17:16:10:7:34:23:19:60:18:15:44:28:1:5:8:35:45:38:41:68:4:12:25:13:2:75:49:20:39:48:50:46:21:111:22:92:33:56:57:59:87:27:79:120:9:37:43:62:125:26:47:96:40:61:70:73:3:6:67:72:76:31:42:66:77:85:104:108:124:132:53:54:89:91:93:136:55:64:82:84:94:101:115:121:140:36:51:71:80:81:88:97:98:102:103:119:127:135:147:149:30:52:63:118:123:133:139:144:165:167:32:58:69:74:78:90:99:110:112:114:116:131:134:137:146:161:162:166:174 4:0:10:12:2:11:7:5:45:51:35:8:18:23:33:40:77:30:37:38:41:57:29:28:16:74:62:49:13:21:48:104:6:69:22:26:39:54:19:27:72:87:95:3:31:55:56:106:15:17:60:61:96:103:92:25:66:67:78:80:81:93:94:109:113:117:122:1:24:44:46:47:53:59:65:83:84:99:112:121:133:14:20:36:63:70:82:97:102:116:136:32:34:42:52:58:64:71:75:85:90:98:107:111:115:124:129:130:131:132 [1:8524] [1:274774] [1:249100] [1:574087] [1:1285890] [1:121640] 1:0 [1:395101] [1:509664]
tree_sizes=635 729 840 823 730 734 808 843 844 845 827 975 846 922 927 925 920 995 811 900 906 983 923 928 855 928 856 928 859 889 932 939 933 920 846 945 943 924 919 863 776 861 852 772 918

Tree=0
num_leaves=7
num_cat=0
split_feature=5 11 11 3 5 11
split_gain=29.0534 7.39913 16.2457 3.37374 4.11668 1.14151
threshold=18433.000000000004 25.000000000000004 941.50000000000011 4.7500000000000009 2565.2500000000005 25500.250000000004
decision_type=2 2 2 2 2 2
left_child=1 3 -3 -1 -5 -4
right_child=-2 2 5 4 -6 -7
leaf_value=-2.8482200152766994 -2.7167412497882162 -2.7236635409068182 -2.8112073938188193 -2.7811995939833869 -2.8413591158676255 -2.8387640724025327
leaf_count=896 282 194 320 197 221 290
internal_value=0 -0.157947 0.164348 -0.354766 -0.0288983 -0.192069
internal_count=2400 2118 804 1314 418 610
shrinkage=1


Tree=1
num_leaves=8
num_cat=0
split_feature=6 11 11 3 10 10 7
split_gain=22.6534 7.41732 14.2165 4.44468 3.4031 2.4407 0.367158
threshold=83866.750000000015 25.000000000000004 562.00000000000011 55.000000000000007 84.250000000000014 1382.5000000000002 9667.0000000000018
decision_type=2 2 2 2 2 2 2
left_child=1 3 -3 6 -4 -6 -1
right_child=-2 2 4 -5 5 -7 -8
leaf_value=-0.037177054198132095 0.088102050840113105 0.085701911205120329 0.025401860345475136 0.011078201831397185 -0.044649233110050465 0.00066297570990706759 -0.016276140636960743
leaf_count=884 235 173 178 272 242 230 186
internal_value=0 -0.128848 0.185542 -0.327904 -0.12935 -0.319193 -0.453891
internal_count=2400 2165 823 1342 650 472 1070
shrinkage=0.0750598


Tree=2
num_leaves=9
num_cat=2
split_feature=5 1 11 11 1 5 5 7
split_gain=24.4982 5.90647 5.56648 5.20919 4.84937 4.25003 2.02892 0.707477
threshold=37876.000000000007 0 25.000000000000004 1384.7500000000002 1 19.750000000000004 2122.7500000000005 3.2500000000000004
decision_type=2 5 2 2 5 2 2 2
left_child=1 2 7 -4 -3 -6 -7 -1
right_child=-2 4 3 -5 5 6 -8 -9
leaf_value=-0.031216778650246104 0.10557530791734712 -0.015985415710484289 0.042050194453562596 -0.021159142559399078 -0.0078219418176010396 0.071167847112156138 0.022253708066527992 -0.058276367530789984
leaf_count=584 161 321 164 353 184 207 206 220
internal_value=0 -0.114771 -0.277765 0.023114 0.142388 0.338485 0.662904 -0.545721
internal_count=2400 2239 1321 517 918 597 413 804
cat_boundaries=0 2 5
cat_threshold=9015685 4740 287572992 16932930 32768
shrinkage=0.0750598


Tree=3
num_leaves=9
num_cat=2
split_feature=5 1 11 11 6 2 7 7
split_gain=20.0007 5.28081 5.10545 4.46777 4.03588 3.02636 1.18584 0.712735
threshold=40927.750000000007 0 25.000000000000004 1384.7500000000002 38244.250000000007 1 5006.5000000000009 3.2500000000000004
decision_type=2 5 2 2 2 5 2 2
left_child=1 2 7 -4 5 6 -3 -1
right_child=-2 4 3 -5 -6 -7 -8 -9
leaf_value=-0.029808080355863034 0.094060198550902682 -0.037474204055127719 0.038087077056319418 -0.020057649288947894 0.051687274225010182 0.017862602959018672 -0.0033936388191976434 -0.057068738354889958
leaf_count=584 151 201 164 353 166 341 220 220
internal_value=0 -0.105625 -0.263331 0.0220726 0.13266 0.0113076 -0.196714 -0.526261
internal_count=2400 2249 1321 517 928 762 421 804
cat_boundaries=0 2 3
cat_threshold=9015685 4740 1025
shrinkage=0.0750598


Tree=4
num_leaves=8
num_cat=0
split_feature=5 11 11 4 4 11 8
split_gain=17.4003 5.29104 9.60223 4.9305 1.38928 1.89784 0.513858
threshold=43495.750000000007 25.000000000000004 962.50000000000011 10924.000000000002 1423.0000000000002 17563.000000000004 1.7500000000000002
decision_type=2 2 2 2 2 2 2
left_child=1 3 -3 6 5 -4 -1
right_child=-2 2 4 -5 -6 -7 -8
leaf_value=-0.033076657684555803 0.088050211026228134 0.061487462853122905 -0.042038435016475154 0.019058915572922424 0.01063434853955678 -0.00030986596301989488 -0.011521594916226745
leaf_count=971 138 209 187 237 205 264 189
internal_value=0 -0.0971253 0.154774 -0.269376 -0.12935 -0.263864 -0.395536
internal_count=2400 2262 865 1397 656 451 1160
shrinkage=0.0750598


Tree=5
num_leaves=8
num_cat=0
split_feature=5 4 0 3 7 4 10
split_gain=14.2733 4.59479 3.09388 2.70698 1.11155 2.58096 0.190754
threshold=43495.750000000007 25779.250000000004 9.2500000000000018 55.000000000000007 3.2500000000000004 1423.0000000000002 1.7500000000000002
decision_type=2 2 2 2 2 2 2
left_child=1 2 3 4 6 -6 -1
right_child=-2 -3 -4 -5 5 -7 -8
leaf_value=-0.018135109544134304 0.077109839198608629 0.034443458786345686 0.019193124532284892 0.0087475904455683092 -0.052100194295704207 -0.0068710563166358724 -0.0064004048881243242
leaf_count=618 138 199 260 317 345 233 290
internal_value=0 -0.0908349 -0.159063 -0.226267 -0.308685 -0.458087 -0.195971
internal_count=2400 2262 2063 1803 1486 578 908
shrinkage=0.0750598


Tree=6
num_leaves=9
num_cat=0
split_feature=7 11 10 4 11 3 10 7
split_gain=11.9979 4.46148 8.28513 3.93813 2.75012 2.04175 2.03684 0.695098
threshold=306585.00000000006 25.000000000000004 152.50000000000003 14744.500000000002 562.00000000000011 57.250000000000007 1382.5000000000002 2001.2500000000002
decision_type=2 2 2 2 2 2 2 2
left_child=1 3 4 5 -3 7 -4 -1
right_child=-2 2 6 -5 -6 -7 -8 -9
leaf_value=-0.024834504058023354 0.070666263760514714 0.065035602146903168 -0.040302845831426216 0.019286295045505809 0.013476778447044665 0.0043683233038208317 0.0014499666400010949 -0.048520383170415536
leaf_count=780 135 167 222 198 228 176 245 249
internal_value=0 -0.0829769 0.146629 -0.243323 0.543851 -0.349837 -0.257567 -0.432035
internal_count=2400 2265 862 1403 395 1205 467 1029
shrinkage=0.0750598


Tree=7
num_leaves=9
num_cat=1
split_feature=1 5 11 6 11 7 11 11
split_gain=15.4191 8.7311 4.95141 3.88844 2.67401 2.12998 0.668898 0.136291
threshold=0 19.750000000000004 25.000000000000004 1.7500000000000002 25.000000000000004 66613.000000000015 1891.0000000000002 112.75000000000001
decision_type=5 2 2 2 2 2 2 2
left_child=3 -2 5 4 -1 -3 -6 -5
right_child=1 2 -4 7 6 -7 -8 -9
leaf_value=-0.025049034693722157 -0.018623969286910423 0.0017900658368549629 0.080390072436324608 -0.053500805951330117 0.022042175060929713 0.044917754505505135 -0.0025079220296979109 -0.028304621614312773
leaf_count=618 265 226 245 289 144 184 261 168
internal_value=0 0.376433 0.662139 -0.26611 -0.131776 0.343438 0.11771 -0.614423
internal_count=2400 920 655 1480 1023 410 405 457
cat_boundaries=0 3
cat_threshold=62428549 16913090 32768
shrinkage=0.0750598


Tree=8
num_leaves=9
num_cat=1
split_feature=7 2 11 11 11 4 5 7
split_gain=14.0002 3.4602 2.9794 9.1353 4.19603 2.59569 0.725803 0.895279
threshold=346413.00000000006 0 25.000000000000004 962.50000000000011 17563.000000000004 10924.000000000002 1555.0000000000002 3.2500000000000004
decision_type=2 5 2 2 2 2 2 2
left_child=1 -1 5 -4 -5 6 7 -3
right_child=-2 2 3 4 -6 -7 -8 -9
leaf_value=0.022743724621369379 0.080626982477236944 -0.0233749218396745 0.049756296858721218 -0.047518621665844564 0.0046114999860161843 0.0073942020429084371 -0.0090494726717059108 -0.050130879007345516
leaf_count=181 109 609 194 264 354 209 187 293
internal_value=0 -0.0871476 -0.141004 0.0358935 -0.254179 -0.294083 -0.394421 -0.453529
internal_count=2400 2291 2110 812 618 1298 1089 902
cat_boundaries=0 3
cat_threshold=1350565904 8770 1024
shrinkage=0.0750598


Tree=9
num_leaves=9
num_cat=1
split_feature=1 4 5 6 11 11 11 11
split_gain=13.1247 8.82749 4.0108 3.86518 3.08537 2.10547 0.833144 0.704699
threshold=0 51271.000000000007 19.750000000000004 22.000000000000004 25.000000000000004 25.000000000000004 143.50000000000003 1441.0000000000002
decision_type=5 2 2 2 2 2 2 2
left_child=3 2 -2 5 -4 -1 -5 -7
right_child=1 -3 4 6 -6 7 -8 -9
leaf_value=-0.022643796488249438 -0.019703233640244296 0.083454810226691253 0.0070598158483278434 -0.056985791028066009 0.054803372020546408 0.021213180442539937 -0.021957927354867592 -0.0037651661622716682
leaf_count=618 279 141 335 279 184 136 159 269
internal_value=0 0.340424 0.175243 -0.251102 0.367569 -0.116042 -0.602999 0.101299
internal_count=2400 939 798 1461 519 1023 438 405
cat_boundaries=0 3
cat_threshold=62427557 16913090 32768
shrinkage=0.0750598


Tree=10
num_leaves=9
num_cat=2
split_feature=1 5 6 11 5 5 9 11
split_gain=10.8054 5.7523 3.2884 3.22649 2.69415 5.55125 2.51814 0.329914
threshold=0 43495.750000000007 22.000000000000004 14005.750000000002 2122.7500000000005 19.750000000000004 1 25.000000000000004
decision_type=5 2 2 2 2 2 1 2
left_child=2 4 3 7 5 -2 -6 -1
right_child=1 -3 -4 -5 6 -7 -8 -9
leaf_value=-0.024652775803328853 -0.0056608601068705629 0.073950082235343176 -0.047025802141171733 0.025813316322127002 0.017197399933017062 0.058962443744549072 -0.02864540155431175 -0.008556751633027165
leaf_count=623 288 95 339 196 213 252 179 215
internal_value=0 0.288228 -0.245566 -0.13643 0.185461 0.38784 -0.0598734 -0.262502
internal_count=2400 1027 1373 1034 932 540 392 838
cat_boundaries=0 3 4
cat_threshold=45650341 16913030 32768 2
shrinkage=0.0750598


Tree=11
num_leaves=11
num_cat=3
split_feature=7 1 7 5 5 11 0 9 3 9
split_gain=9.02281 4.4037 3.46831 3.41529 3.69933 1.78438 1.65867 1.14945 1.00207 0.356917
threshold=346413.00000000006 0 3.2500000000000004 2122.7500000000005 19.750000000000004 10654.750000000002 3.2500000000000004 1 46.000000000000007 2
decision_type=2 5 2 2 2 2 2 1 2 1
left_child=1 2 5 4 -3 6 9 -5 -4 -1
right_child=-2 3 8 7 -6 -7 -8 -9 -10 -11
leaf_value=-0.014147313479104615 0.060796263562754506 -0.0012456031463767621 -0.060780239205031471 0.0056406169573100075 0.052236797573168431 0.019097767580978614 0.0085827130602759566 -0.025589304049088258 -0.021393074941681411 -0.034826199155334102
leaf_count=339 109 270 231 213 252 192 210 159 189 236
internal_value=0 -0.0742011 -0.224789 0.134553 0.389095 -0.0997352 -0.200112 -0.112501 -0.593895 -0.332189
internal_count=2400 2291 1397 894 522 977 785 372 420 575
cat_boundaries=0 3 4 5
cat_threshold=11112837 16913094 32768 2 2
shrinkage=0.0750598


Tree=12
num_leaves=9
num_cat=2
split_feature=1 7 6 0 1 3 10 4
split_gain=9.27015 7.59243 4.2833 2.29273 1.98152 2.25253 0.117475 0.0976541
threshold=0 346413.00000000006 1.7500000000000002 6.2500000000000009 1 16.750000000000004 1.7500000000000002 13754.500000000002
decision_type=5 2 2 2 5 2 2 2
left_child=2 4 3 6 -2 -6 -1 -4
right_child=1 -3 7 -5 5 -7 -8 -9
leaf_value=-0.017547247199689864 -0.0087555476875521253 0.079880937150919346 -0.053212163477012631 0.022809711516586471 0.04264810220611237 0.0031759623173094891 -0.0069141936161246156 -0.028232280466261809
leaf_count=573 316 85 287 198 276 246 256 163
internal_value=0 0.274826 -0.220516 -0.0769036 0.144722 0.246845 -0.192794 -0.601528
internal_count=2400 923 1477 1027 838 522 829 450
cat_boundaries=0 3 5
cat_threshold=62428549 16921218 32768 268894256 16452
shrinkage=0.0750598


Tree=13
num_leaves=10
num_cat=1
split_feature=1 7 7 7 5 5 8 0 10
split_gain=7.60953 6.25261 4.30102 2.67052 1.96059 3.99998 1.56983 0.429479 0.0759707
threshold=0 346413.00000000006 3.2500000000000004 145401.00000000003 1.7500000000000002 1027.7500000000002 36.250000000000007 6.2500000000000009 1.7500000000000002
decision_type=5 2 2 2 2 2 2 2 2
left_child=2 3 7 4 -2 -6 -7 8 -1
right_child=1 -3 -4 -5 5 6 -8 -9 -10
leaf_value=-0.011984691856597493 -0.0074836568625662363 0.069122946116918674 -0.047302262158969717 -0.024051818260399104 0.059370632664306519 -0.013827421913436727 0.024460466906794365 0.0070915617903949037 -0.003667079942248731
leaf_count=528 278 87 413 130 176 192 163 188 245
internal_value=0 0.229736 -0.217776 0.11632 0.220487 0.348141 0.0714395 -0.0740639 -0.126096
internal_count=2400 1026 1374 939 809 531 355 961 773
cat_boundaries=0 3
cat_threshold=45651333 16921218 32768
shrinkage=0.0750598


Tree=14
num_leaves=10
num_cat=3
split_feature=1 8 6 1 11 0 5 7 9
split_gain=7.01033 4.07305 3.30065 3.01188 2.32108 1.71305 1.44539 3.78802 0.301901
threshold=0 130.75000000000003 22.000000000000004 1 14005.750000000002 3.2500000000000004 8083.0000000000009 5006.5000000000009 2
decision_type=5 2 2 5 2 2 2 2 1
left_child=2 3 4 -2 5 8 7 -5 -1
right_child=1 -3 -4 6 -6 -7 -8 -9 -10
leaf_value=-0.035041855452262245 0.029212909789432025 0.04994090037462523 -0.044553234364347188 -0.025683054903819683 0.022847668162262219 0.0074370113042774985 -0.027028415529329802 0.028417106846477982 -0.015364705504120188
leaf_count=252 172 206 360 244 196 226 150 230 364
internal_value=0 0.223987 -0.205703 0.0998631 -0.0933657 -0.205741 -0.0704211 0.0444338 -0.341889
internal_count=2400 1002 1398 796 1038 842 624 474 616
cat_boundaries=0 3 7 8
cat_threshold=45650341 16921222 32768 16785410 134283264 0 536903680 1
shrinkage=0.0750598


Tree=15
num_leaves=10
num_cat=1
split_feature=2 5 11 10 3 5 10 7 7
split_gain=6.34227 8.48169 2.19215 6.45713 2.33776 2.13689 1.9054 1.69097 0.151966
threshold=0 43495.750000000007 25.000000000000004 152.50000000000003 4.7500000000000009 2565.2500000000005 1689.2500000000002 806.50000000000011 3.2500000000000004
decision_type=5 2 2 2 2 2 2 2 2
left_child=-1 2 4 7 8 -6 -5 -4 -2
right_child=1 -3 3 6 5 -7 -8 -9 -10
leaf_value=-0.036072218518687062 -0.015606590091303446 0.065554131493407219 0.018358552783731105 -0.034862959673686765 0.032347852688075648 -0.0099709793436782417 0.0056684790639863333 0.060940463843055459 -0.029764215431302522
leaf_count=190 619 95 222 227 180 253 219 146 249
internal_value=0 0.0934653 0.00866654 0.165949 -0.118349 0.114135 -0.198946 0.516684 -0.280081
internal_count=2400 2210 2115 814 1301 433 446 368 868
cat_boundaries=0 3
cat_threshold=537134372 1073742088 8192
shrinkage=0.0750598


Tree=16
num_leaves=10
num_cat=3
split_feature=2 1 5 0 11 5 4 7 9
split_gain=5.90336 7.59857 3.86567 2.68712 2.66283 1.97896 3.06803 0.21066 0.295082
threshold=0 1 43495.750000000007 9.2500000000000018 14005.750000000002 7203.2500000000009 254.50000000000003 3.2500000000000004 2
decision_type=5 5 2 2 2 2 2 2 1
left_child=-1 3 5 4 7 6 -3 8 -2
right_child=1 2 -4 -5 -6 -7 -8 -9 -10
leaf_value=-0.035295369245517148 -0.011724956612977334 -0.0031252748402235582 0.067991725878613657 0.021692324146349248 0.011439907704592139 -0.0055698121553368982 0.045511512810280777 -0.036173082101184126 -0.029088137602900969
leaf_count=190 398 218 82 173 243 199 295 316 286
internal_value=0 0.0868807 0.33434 -0.135904 -0.243273 0.243049 0.379199 -0.357999 -0.275847
internal_count=2400 2210 794 1416 1243 712 513 1000 684
cat_boundaries=0 3 6 7
cat_threshold=537134372 1073742088 8192 28869765 16781382 32768 2
shrinkage=0.0750598


Tree=17
num_leaves=11
num_cat=3
split_feature=2 6 1 5 7 5 11 7 0 9
split_gain=5.49403 6.55667 4.15548 2.28231 2.03225 1.70378 1.36398 1.15507 0.952662 0.394881
threshold=0 129145.50000000001 1 1027.7500000000002 3.2500000000000004 1.7500000000000002 14005.750000000002 54106.750000000007 3.2500000000000004 2
decision_type=5 2 5 2 2 2 2 2 2 1
left_child=-1 2 4 5 6 -4 8 -5 9 -2
right_child=1 -3 3 7 -6 -7 -8 -9 -10 -11
leaf_value=-0.03453907651816579 -0.0093828084878298836 0.058298810282692459 0.010345253056281764 -0.015773198322896607 -0.035754381912789325 0.054558083181983609 0.017954633510729665 0.0144607350198013 0.005451266827911699 -0.030342123211772688
leaf_count=190 338 116 212 166 359 156 187 225 212 239
internal_value=0 0.0804035 0.00756963 0.201821 -0.155841 0.479136 -0.0656753 0.0435181 -0.15811 -0.266622
internal_count=2400 2210 2094 759 1335 368 976 391 789 577
cat_boundaries=0 3 6 7
cat_threshold=537134372 1073742088 8192 11076741 16789574 32768 2
shrinkage=0.0750598


Tree=18
num_leaves=9
num_cat=0
split_feature=7 11 11 11 11 4 3 7
split_gain=4.1807 2.27383 5.57547 8.22352 4.86389 1.86452 1.30974 1.47692
threshold=398847.00000000006 25500.250000000004 25.000000000000004 456.25000000000006 7720.7500000000009 14744.500000000002 51.250000000000007 2001.2500000000002
decision_type=2 2 2 2 2 2 2 2
left_child=1 2 5 -4 -5 6 7 -1
right_child=-2 -3 3 4 -6 -7 -8 -9
leaf_value=-0.014445621474821733 0.043699813894368354 -0.027478553513018155 0.075841021661298233 -0.025261949085914757 0.038152568784664428 0.0097614175371511774 0.0049904595309118701 -0.04633820164150905
leaf_count=780 80 324 123 260 181 227 177 248
internal_value=0 -0.0543814 0.00556819 0.318392 -0.00226559 -0.164591 -0.255039 -0.330074
internal_count=2400 2320 1996 564 441 1432 1205 1028
shrinkage=0.0750598


Tree=19
num_leaves=10
num_cat=4
split_feature=2 4 1 11 1 8 9 11 4
split_gain=5.19697 5.79825 3.69123 3.67846 1.65717 1.6449 0.852112 3.63478 0.449069
threshold=0 254.50000000000003 1 25.000000000000004 2 19.750000000000004 3 469.00000000000006 17799.250000000004
decision_type=5 2 5 2 5 2 1 2 2
left_child=-1 4 -3 5 6 -4 -2 -8 -5
right_child=1 2 3 8 -6 -7 7 -9 -10
leaf_value=-0.033972805760867149 -0.010575397141156597 -0.014849634114919434 0.036540291239250226 0.071181779088206831 -0.024733204181706395 0 0.037813198464168522 -0.015418780612303642 0.035212666593402019
leaf_count=190 518 207 187 137 305 221 243 279 113
internal_value=0 0.0756611 0.304686 0.37435 -0.131723 0.19066 0.00100605 0.119827 0.75555
internal_count=2400 2210 865 658 1345 408 1040 522 250
cat_boundaries=0 3 5 9 10
cat_threshold=537134372 1073742088 8192 9732098 12352 268435459 73730 0 536870912 2
shrinkage=0.0750598


Tree=20
num_leaves=10
num_cat=3
split_feature=1 11 10 9 6 0 9 4 11
split_gain=4.77951 2.51094 3.81472 2.05795 1.53348 0.873006 0.83988 0.837838 0.319573
threshold=0 25.000000000000004 152.50000000000003 1 40848.250000000007 1.7500000000000002 2 2790.2500000000005 847.00000000000011
decision_type=5 2 2 1 2 2 1 2 2
left_child=3 4 8 -1 5 6 -2 -4 -3
right_child=1 2 7 -5 -6 -7 -8 -9 -10
leaf_value=0.0085221087699467422 -0.0070900370889919479 0.01380633232761396 -0.026139674737959452 0.056320633436296424 0.0034933868280420696 -0.040270027490493812 -0.033222188583203117 0.0012469774954431522 0.033919529152322075
leaf_count=151 554 172 305 158 173 310 249 140 188
internal_value=0 -0.0963153 0.059698 0.335783 -0.242049 -0.328037 -0.216833 -0.21178 0.325865
internal_count=2400 2091 805 309 1286 1113 803 445 360
cat_boundaries=0 4 5 6
cat_threshold=4399106 402997256 0 536903680 2 2
shrinkage=0.0750598


Tree=21
num_leaves=11
num_cat=3
split_feature=1 6 10 10 10 1 7 5 4 9
split_gain=4.68788 4.74715 2.74574 3.88135 2.0931 1.79434 1.04696 0.248894 0.199314 0.0399005
threshold=0 129145.50000000001 152.50000000000003 1.7500000000000002 1382.5000000000002 1 66613.000000000015 1922.5000000000002 3028.0000000000005 2
decision_type=5 2 2 2 2 5 2 2 2 1
left_child=7 2 3 5 -4 9 8 -1 -7 -2
right_child=1 -3 4 -5 -6 6 -8 -9 -10 -11
leaf_value=-0.021365997647516562 -0.01451207116457557 0.051258203888785783 -0.04315717570432847 0.046305114736538693 0.0011296704349731087 0.011445359941737286 0.033464188914783033 -0.045973642802803923 -0.00274658464224073 -0.0072008707425815187
leaf_count=247 508 88 200 174 209 183 120 227 156 288
internal_value=0 0.0874302 0.0211687 0.112471 -0.276515 0.0120903 0.161264 -0.340689 0.0610981 -0.125293
internal_count=2400 1926 1838 1429 409 1255 459 474 339 796
cat_boundaries=0 3 4 5
cat_threshold=54038932 16913030 32768 277020705 2
shrinkage=0.0750598


Tree=22
num_leaves=10
num_cat=1
split_feature=2 4 10 5 7 5 11 7 11
split_gain=4.89214 4.33591 2.17554 2.82933 2.15 1.59448 1.48015 1.2724 0.62854
threshold=0 254.50000000000003 1.7500000000000002 22425.250000000004 3.2500000000000004 650.50000000000011 14005.750000000002 122803.00000000001 162.25000000000003
decision_type=5 2 2 2 2 2 2 2 2
left_child=-1 4 3 5 6 -3 8 -4 -2
right_child=1 2 7 -5 -6 -7 -8 -9 -10
leaf_value=-0.033479741542462367 -0.00059282479974745895 -0.0025780107324364712 0.014867163444421532 -0.02027065570135567 -0.033819302870151398 0.034382435943415141 0.022869808622891168 0.054791379964135203 -0.020798175801428856
leaf_count=190 650 174 165 125 295 293 199 108 201
internal_value=0 0.0688355 0.262658 0.112036 -0.114078 0.287804 -0.00900079 0.511644 -0.103204
internal_count=2400 2210 865 592 1345 467 1050 273 851
cat_boundaries=0 3
cat_threshold=537134372 1073742088 8192
shrinkage=0.0750598


Tree=23
num_leaves=10
num_cat=2
split_feature=1 7 10 10 10 1 8 11 11
split_gain=4.34989 5.03026 1.69838 4.07526 1.29046 0.957744 1.25137 0.55877 0.166424
threshold=0 346413.00000000006 152.50000000000003 1.7500000000000002 1382.5000000000002 1 9.2500000000000018 3.2500000000000004 143.50000000000003
decision_type=5 2 2 2 2 5 2 2 2
left_child=8 2 3 5 -4 7 -7 -2 -1
right_child=1 -3 4 -5 -6 6 -8 -9 -10
leaf_value=-0.038652697027431508 -0.016821755233383019 0.054776805025558997 -0.034403457205297222 0.046913445117849818 0.0007353869012134553 0.023350830332941701 -0.0055587065169317319 0.0038801701687792476 -0.018757579669650103
leaf_count=345 604 65 196 162 206 283 207 145 187
internal_value=0 0.0880957 0.0210341 0.0939222 -0.215372 -0.0074603 0.100694 -0.109916 -0.309691
internal_count=2400 1868 1803 1401 402 1239 490 749 532
cat_boundaries=0 3 5
cat_threshold=62428564 16913026 32784 268501025 4
shrinkage=0.0750598


Tree=24
num_leaves=9
num_cat=3
split_feature=2 4 1 1 3 0 7 5
split_gain=4.71945 3.97323 3.77471 1.86242 1.45709 1.12115 1.06423 2.14015
threshold=0 852.25000000000011 1 2 783.25000000000011 7.7500000000000009 108966.00000000001 1984.0000000000002
decision_type=5 2 5 5 2 2 2 2
left_child=-1 3 -3 5 6 -2 7 -4
right_child=1 2 4 -5 -6 -7 -8 -9
leaf_value=-0.032239120486813266 -0.0033147514576905381 -0.014684488891029081 0.045855059232546957 -0.022118154502007045 0.0080422681941928406 0.023654243241519678 0.060927422858377794 0.00061947334312040616
leaf_count=203 843 178 212 393 116 169 113 173
internal_value=0 0.0676181 0.26228 -0.100164 0.348844 0.032898 0.530483 0.365704
internal_count=2400 2197 792 1405 614 1012 498 385
cat_boundaries=0 3 6 10
cat_threshold=537199908 1073742088 8192 1343490 8264 16 131075 73728 0 536870912
shrinkage=0.0750598


Tree=25
num_leaves=10
num_cat=2
split_feature=1 7 10 11 10 1 5 11 3
split_gain=4.1816 3.4649 2.05131 3.67765 2.24545 1.75758 1.17587 1.11588 1.03199
threshold=0 359479.00000000006 152.50000000000003 25.000000000000004 1382.5000000000002 1 2122.7500000000005 562.00000000000011 55.000000000000007
decision_type=5 2 2 2 2 5 2 2 2
left_child=8 2 3 5 -4 -2 -7 -5 -1
right_child=1 -3 4 7 -6 6 -8 -9 -10
leaf_value=-0.053381344322534739 -0.013840434534632641 0.045404628150791541 -0.041789895842120173 0.044661405354387305 0.0038049166352855397 0.029014334048136383 -0.0020586476858130052 0.011183240670468001 -0.015615240384603039
leaf_count=282 732 64 201 141 210 189 198 184 199
internal_value=0 0.0745548 0.021234 0.0980306 -0.236748 -0.0509948 0.121936 0.404033 -0.336787
internal_count=2400 1919 1855 1444 411 1119 387 325 481
cat_boundaries=0 3 5
cat_threshold=45651348 16913094 32768 285409281 268435456
shrinkage=0.0750598


Tree=26
num_leaves=9
num_cat=1
split_feature=1 11 10 5 10 6 0 6
split_gain=3.56664 2.72314 2.73253 1.37799 1.345 1.29735 1.38795 0.541845
threshold=0 25.000000000000004 152.50000000000003 822.25000000000011 3.2500000000000004 40848.250000000007 4.7500000000000009 2916.2500000000005
decision_type=5 2 2 2 2 2 2 2
left_child=-1 5 4 -4 -3 6 7 -2
right_child=1 2 3 -5 -6 -7 -8 -9
leaf_value=0.021967619770264079 -0.020950177319645744 0.0072920305877697978 0.0023915145742084516 -0.032197748194040511 0.041733968468974189 0.0018785661668557847 -0.045481710008888468 -0.00027652435462548392
leaf_count=255 663 245 316 138 127 173 266 217
internal_value=0 -0.0870952 0.072256 -0.165096 0.283861 -0.239545 -0.319769 -0.1984
internal_count=2400 2145 826 454 372 1319 1146 880
cat_boundaries=0 4
cat_threshold=4268034 402997256 2048 536903680
shrinkage=0.0750598


Tree=27
num_leaves=10
num_cat=1
split_feature=1 7 10 10 10 8 8 3 11
split_gain=3.57794 3.03364 1.48743 2.74087 1.4683 1.09049 1.83239 2.56423 0.657192
threshold=0 346413.00000000006 152.50000000000003 1.7500000000000002 1382.5000000000002 130.75000000000003 4.7500000000000009 1.7500000000000002 25.000000000000004
decision_type=5 2 2 2 2 2 2 2 2
left_child=-1 2 3 5 -4 6 7 8 -2
right_child=1 -3 4 -5 -6 -7 -8 -9 -10
leaf_value=-0.025013362190351003 -0.013631480442710923 0.040513653464089777 -0.034864841294517258 0.036378412579378468 0.0018371702646854298 0.020798403440215239 -0.0311331021403554 0.032853434950289147 0.0068144059865903042
leaf_count=385 718 69 216 176 219 130 158 163 166
internal_value=0 0.0644679 0.013125 0.0779227 -0.20472 -0.00451129 -0.0594079 0.0261688 -0.0963016
internal_count=2400 2015 1946 1511 435 1335 1205 1047 884
cat_boundaries=0 3
cat_threshold=45650324 16913026 32784
shrinkage=0.0750598


Tree=28
num_leaves=9
num_cat=2
split_feature=2 5 1 0 5 7 11 11
split_gain=4.41959 2.64246 2.10961 1.22497 2.44699 5.85832 2.57415 0.467767
threshold=0 43495.750000000007 1 7.7500000000000009 2122.7500000000005 5006.5000000000009 10114.750000000002 3.2500000000000004
decision_type=5 2 5 2 2 2 2 2
left_child=-1 2 -2 4 5 6 7 -4
right_child=1 -3 3 -5 -6 -7 -8 -9
leaf_value=-0.031691841399385995 -0.018315552493396246 0.034115845507049374 -0.0082117751850386677 0.02256271188836622 -0.021334173992655667 0.050422612011473959 0.024888354838269434 -0.028536555991949961
leaf_count=203 377 95 595 298 274 183 208 167
internal_value=0 0.061599 0.00945729 0.0735663 0.0195387 0.127161 -0.0646956 -0.21146
internal_count=2400 2197 2102 1725 1427 1153 970 762
cat_boundaries=0 3 6
cat_threshold=537199908 1073742088 8192 279543940 16781382 32768
shrinkage=0.0750598


Tree=29
num_leaves=10
num_cat=0
split_feature=4 3 6 6 3 11 11 11 6
split_gain=2.437 2.41907 2.21652 1.38268 3.31504 1.23089 2.24734 2.28475 0.726893
threshold=108301.00000000001 783.25000000000011 40848.250000000007 13700.500000000002 33.250000000000007 25.000000000000004 472.00000000000006 14005.750000000002 1.7500000000000002
decision_type=2 2 2 2 2 2 2 2 2
left_child=1 2 3 4 5 8 -7 -8 -1
right_child=-2 -3 -4 -5 -6 6 7 -9 -10
leaf_value=-0.007894095022758528 0.031254163893977921 -0.03577168171847505 0.027352368121291919 -0.024161978791470581 0.037399967645933015 0.028454496545972863 -0.034991519101120055 0.009342107176739927 -0.031304009258550265
leaf_count=724 75 148 156 278 163 132 194 284 246
internal_value=0 -0.0560614 -0.00779363 -0.0614635 -0.00635459 -0.0850415 0.0457081 -0.12908 -0.212891
internal_count=2400 2325 2177 2021 1743 1580 610 478 970
shrinkage=0.0750598


Tree=30
num_leaves=10
num_cat=1
split_feature=2 4 11 11 11 11 8 0 6
split_gain=3.9042 3.09486 1.65907 5.00388 1.65138 3.20851 0.552336 0.857034 0.202353
threshold=0 51271.000000000007 25.000000000000004 456.25000000000006 7720.7500000000009 30176.500000000004 87.250000000000014 1.7500000000000002 2916.2500000000005
decision_type=5 2 2 2 2 2 2 2 2
left_child=-1 2 6 -4 -5 -6 7 8 -2
right_child=1 -3 3 4 5 -7 -8 -9 -10
leaf_value=-0.029022912535750133 -0.009183401945264973 0.035315250379718749 0.050779904519441747 -0.023193266310322602 0.037024661703783719 -0.014712244892985756 0.0058012641626787086 -0.027943439662701065 0.0032018111891406538
leaf_count=209 621 135 110 230 183 265 162 307 178
internal_value=0 0.0576124 -0.0012442 0.129526 -0.0489934 0.105636 -0.121206 -0.16935 -0.0697127
internal_count=2400 2191 2056 788 678 448 1268 1106 799
cat_boundaries=0 3
cat_threshold=537134372 1074266376 8192
shrinkage=0.0750598


Tree=31
num_leaves=10
num_cat=3
split_feature=2 4 1 11 3 1 11 11 3
split_gain=3.85186 2.47317 2.92572 3.36221 1.70107 1.65892 0.389625 0.384188 0.199744
threshold=0 852.25000000000011 1 25.000000000000004 208.75000000000003 2 14005.750000000002 162.25000000000003 241.75000000000003
decision_type=5 2 5 2 2 5 2 2 2
left_child=-1 5 -3 4 -4 6 7 -2 -5
right_child=1 2 3 8 -6 -7 -8 -9 -10
leaf_value=-0.030300466882905198 0.0051701469854974497 -0.014746310500272556 0.022873661904881232 0.05706547970836507 -0.01269235893750259 -0.020344405305344593 0.015442503959346762 -0.010542904853212277 0.029146740145525759
leaf_count=203 628 167 253 132 147 393 192 192 93
internal_value=0 0.0529332 0.202153 0.275649 0.0890381 -0.0828157 0.0388163 -0.00456809 0.62079
internal_count=2400 2197 792 625 400 1405 1012 820 225
cat_boundaries=0 3 6 10
cat_threshold=537199908 1073742088 8192 1081346 12360 16 131075 73728 0 536870912
shrinkage=0.0750598


Tree=32
num_leaves=10
num_cat=1
split_feature=2 11 11 11 11 8 8 0 7
split_gain=2.98595 1.4084 3.04555 4.48942 1.19102 1.08728 1.52032 1.13104 0.136808
threshold=0 17563.000000000004 962.50000000000011 25.000000000000004 44447.500000000007 188.50000000000003 7.7500000000000009 1.7500000000000002 3.2500000000000004
decision_type=5 2 2 2 2 2 2 2 2
left_child=-1 2 3 5 -3 6 7 8 -2
right_child=1 4 -4 -5 -6 -7 -8 -9 -10
leaf_value=0.020410466864841541 0.0024703533570973467 0.026126413318128972 -0.040699535444406992 0.026993284981889906 -0.0068661913871443285 0.0060186787743247046 -0.04404489016578602 -0.029284157364432392 -0.0079866764841296616
leaf_count=281 453 177 267 195 189 153 148 301 236
internal_value=0 -0.0834689 -0.146187 -0.0598291 0.129603 -0.195854 -0.260136 -0.153201 -0.0268887
internal_count=2400 2119 1753 1486 366 1291 1138 990 689
cat_boundaries=0 4
cat_threshold=1350572176 8770 1024 256
shrinkage=0.0750598


Tree=33
num_leaves=10
num_cat=1
split_feature=2 3 8 6 10 11 7 11 11
split_gain=2.71013 1.83673 3.27956 1.16378 1.97 1.5493 1.52655 1.49997 0.144479
threshold=0 783.25000000000011 188.50000000000003 1.7500000000000002 152.50000000000003 25.000000000000004 50145.250000000007 10322.500000000002 162.25000000000003
decision_type=5 2 2 2 2 2 2 2 2
left_child=-1 2 3 7 5 6 -5 8 -2
right_child=1 -3 -4 4 -6 -7 -8 -9 -10
leaf_value=0.023138422021183509 -0.0026238143835628593 -0.029860835928505719 0.032809390982045973 -0.032902792992008517 -0.042920234270773489 0.015645798010920219 0.00441385783525428 0.023160529973904859 -0.012495227720045132
leaf_count=179 709 169 161 299 172 129 159 220 203
internal_value=0 -0.0688344 -0.0262995 -0.0920046 -0.208756 -0.0817405 -0.225839 0.0130316 -0.0832954
internal_count=2400 2221 2052 1891 759 587 458 1132 912
cat_boundaries=0 2
cat_threshold=1082134672 8192
shrinkage=0.0750598


Tree=34
num_leaves=9
num_cat=2
split_feature=1 7 10 11 11 10 1 5
split_gain=3.12742 2.22008 1.53333 2.228 2.86585 2.06054 1.49593 1.18236
threshold=0 398847.00000000006 152.50000000000003 25.000000000000004 456.25000000000006 1689.2500000000002 1 2122.7500000000005
decision_type=5 2 2 2 2 2 5 2
left_child=-1 2 3 6 -5 -4 -2 -8
right_child=1 -3 5 4 -6 -7 7 -9
leaf_value=-0.02226525869528764 -0.012291361198123197 0.036596328016880064 -0.037342876604088825 0.051522166592270054 0.0027352108972940551 0.0059274084002300872 0.02892022296649896 -0.0031354698303894292
leaf_count=483 761 58 218 90 238 195 189 168
internal_value=0 0.06113 0.0184909 0.085487 0.309798 -0.203545 -0.0385268 0.122964
internal_count=2400 1917 1859 1446 328 413 1118 357
cat_boundaries=0 3 5
cat_threshold=37524884 16913094 32768 293797889 268435456
shrinkage=0.0750598


Tree=35
num_leaves=10
num_cat=3
split_feature=1 2 1 11 11 6 6 11 0
split_gain=2.96882 2.43827 2.58307 2.19213 1.23738 1.42957 1.13667 0.553694 1.74967
threshold=0 1 2 17563.000000000004 962.50000000000011 6723.2500000000009 67707.250000000015 25.000000000000004 1.7500000000000002
decision_type=5 5 5 2 2 2 2 2 2
left_child=-1 -2 -3 4 5 7 -7 8 -4
right_child=1 2 3 -5 -6 6 -8 -9 -10
leaf_value=-0.023352263523183817 0.026657970553800384 0.022513145235221035 0.0086855833287831502 0.016106916553776992 -0.03290634858950884 -0.038617144010248565 -0.0040692350079431401 0.013542897240916759 -0.027917680211912387
leaf_count=424 148 107 540 295 223 158 112 131 262
internal_value=0 0.0533644 -0.0110361 -0.0767589 -0.161545 -0.097998 -0.299006 0.0130905 -0.0620066
internal_count=2400 1976 1828 1721 1426 1203 270 933 802
cat_boundaries=0 3 5 9
cat_threshold=37261716 16921286 32768 1082136720 64 4202496 402915328 0 536903680
shrinkage=0.0750598


Tree=36
num_leaves=10
num_cat=2
split_feature=1 4 4 3 1 11 11 0 3
split_gain=2.65058 1.84492 1.61803 1.82153 2.27288 1.15292 2.2822 0.74721 0.0412332
threshold=0 108301.00000000001 31756.000000000004 43.000000000000007 1 10654.750000000002 456.25000000000006 7.7500000000000009 282.25000000000006
decision_type=5 2 2 2 5 2 2 2 2
left_child=-1 2 3 4 -2 6 7 -6 -5
right_child=1 -3 -4 8 5 -7 -8 -9 -10
leaf_value=-0.022770431757940301 0.020447320114045906 0.032254038943532216 -0.022672926570552809 0.029333502427805042 -0.010895372900646986 0.0096392065534052704 -0.042993966231768266 0.011547774183193209 0.014737981271895666
leaf_count=384 165 70 148 160 721 266 192 169 125
internal_value=0 0.0495916 0.0109367 0.0592608 -0.0156502 -0.096345 -0.184493 -0.0617303 0.318917
internal_count=2400 2016 1946 1798 1513 1348 1082 890 285
cat_boundaries=0 3 7
cat_threshold=37262740 16908934 32768 16785410 268501000 0 536903680
shrinkage=0.0750598


Tree=37
num_leaves=10
num_cat=3
split_feature=1 8 1 6 6 4 11 0 9
split_gain=2.45874 1.5246 1.70757 1.28449 3.38401 1.213 1.02573 0.687054 0.5035
threshold=0 296.50000000000006 1 5700.2500000000009 40848.250000000007 147.25000000000003 14005.750000000002 6.2500000000000009 2
decision_type=5 2 5 2 2 2 2 2 1
left_child=-1 2 -2 5 -5 6 7 8 -4
right_child=1 -3 3 4 -6 -7 -8 -9 -10
leaf_value=-0.02121192083937281 0.018664259240407582 0.025164142507155384 -0.0048166141294915732 -0.040291113883248533 0.010424664619014245 0.024202587462081752 0.015044860740876281 0.0059750393008786967 -0.025796903460754233
leaf_count=378 180 160 416 252 123 181 216 194 300
internal_value=0 0.0500955 0.00640273 -0.052742 -0.23208 0.025077 -0.0409767 -0.121644 -0.205042
internal_count=2400 2022 1862 1682 375 1307 1126 910 716
cat_boundaries=0 3 7 8
cat_threshold=37523844 16908934 32784 16785410 134283264 0 536903680 2
shrinkage=0.0750598


Tree=38
num_leaves=10
num_cat=4
split_feature=2 4 1 5 8 11 1 11 9
split_gain=3.52653 2.1059 1.92993 2.38811 2.7863 2.94911 1.48944 0.576394 1.41846
threshold=0 254.50000000000003 1 822.25000000000011 36.250000000000007 1289.5000000000002 2 456.25000000000006 3
decision_type=5 2 5 2 2 2 5 2 1
left_child=-1 6 -3 -4 -5 -6 7 8 -2
right_child=1 2 3 4 5 -7 -8 -9 -10
leaf_value=-0.028399488574479367 -0.0054410284709900071 -0.011213666952920483 0.048210112401513593 -0.018352710456168455 0.0034157215597624448 0.053877466073475218 -0.020134879553714426 -0.0067607163463337012 0.027690191447376149
leaf_count=216 426 198 197 189 175 83 340 341 235
internal_value=0 0.0542375 0.187385 0.242435 0.147802 0.322116 -0.0774109 0.0361992 0.134439
internal_count=2400 2184 842 644 447 258 1342 1002 661
cat_boundaries=0 3 6 10 11
cat_threshold=537199908 1073742120 8192 9732098 12288 16 3 73728 0 536870912 2
shrinkage=0.0750598


Tree=39
num_leaves=9
num_cat=3
split_feature=2 1 1 4 4 5 11 11
split_gain=2.4888 4.8159 2.03011 1.59296 1.09003 1.13147 1.37975 0.606115
threshold=0 1 2 58801.750000000007 13135.000000000002 1863.2500000000002 19354.750000000004 456.25000000000006
decision_type=5 5 5 2 2 2 2 2
left_child=-1 -2 -3 4 5 6 7 -4
right_child=1 2 3 -5 -6 -7 -8 -9
leaf_value=0.021678639021535683 -0.03204780799930125 0.022621969290261699 -0.0067568329415591787 0.022565562903362528 -0.027672445449619134 0.018641454171066881 0.015645818185112851 -0.026196210555493402
leaf_count=191 432 153 822 78 130 161 198 235
internal_value=0 -0.0669959 0.0348079 -0.0307678 -0.0864104 -0.0356584 -0.0922024 -0.167683
internal_count=2400 2209 1777 1624 1546 1416 1255 1057
cat_boundaries=0 2 4 8
cat_threshold=1082134672 8194 54105382 16913026 12591232 134283276 0 536903680
shrinkage=0.0750598


Tree=40
num_leaves=8
num_cat=1
split_feature=2 8 0 0 11 7 5
split_gain=3.09621 1.72617 1.56057 2.28668 2.32957 2.53045 4.52665
threshold=0 296.50000000000006 7.7500000000000009 1.7500000000000002 17563.000000000004 73870.000000000015 40.750000000000007
decision_type=5 2 2 2 2 2 2
left_child=-1 2 3 4 5 6 -2
right_child=1 -3 -4 -5 -6 -7 -8
leaf_value=-0.025875383632887002 -0.014214569557207898 0.026315818339152267 0.019403064148796195 -0.032020805225248715 0.025724885692379587 -0.033776570868848152 0.03540565660981386
leaf_count=222 785 172 298 269 253 145 256
internal_value=0 0.0510174 0.00513152 -0.0541717 0.0182454 -0.0795365 0.0395524
internal_count=2400 2178 2006 1708 1439 1186 1041
cat_boundaries=0 3
cat_threshold=537199908 1074266376 8192
shrinkage=0.0750598


Tree=41
num_leaves=9
num_cat=2
split_feature=2 8 1 5 4 8 10 11
split_gain=3.00758 1.77406 1.52712 1.15036 5.53472 1.61703 0.879072 0.539694
threshold=0 296.50000000000006 1 1102.0000000000002 295.00000000000006 36.250000000000007 261.25000000000006 25.000000000000004
decision_type=5 2 5 2 2 2 2 2
left_child=-1 2 -2 4 6 -5 7 -4
right_child=1 -3 3 5 -6 -7 -8 -9
leaf_value=-0.026434912396196376 -0.018200297268306263 0.026324869779250849 -0.0036168243144313219 -0.027269312945387533 0.05095936944713348 0.0075493703450343055 -0.018468143431209987 0.013290082309951904
leaf_count=214 270 168 701 215 173 165 241 253
internal_value=0 0.0469904 0.000768582 0.0510646 0.128654 -0.110292 -0.0220604 0.0491068
internal_count=2400 2186 2018 1748 1368 380 1195 954
cat_boundaries=0 4 7
cat_threshold=537199908 1073742088 8192 256 11338884 2 32768
shrinkage=0.0750598


Tree=42
num_leaves=9
num_cat=3
split_feature=1 1 6 5 6 0 9 10
split_gain=2.17828 0.831546 1.87852 2.03483 0.9981 1.30296 0.404269 0.835877
threshold=0 1 40848.250000000007 39946.750000000007 5700.2500000000009 4.7500000000000009 2 36.250000000000007
decision_type=5 5 2 2 2 2 1 2
left_child=-1 -2 4 -4 5 6 -3 -8
right_child=1 2 3 -5 -6 -7 7 -9
leaf_value=0.016862293158112864 -0.019031112030838831 0.01195452392181446 0.039037446716261658 -0.004108106094164672 -0.023584775749558258 -0.018898789436064906 -0.015929637968096894 0.011624370123126983
leaf_count=227 300 511 121 102 307 341 265 226
internal_value=0 -0.0745194 -0.028793 0.212559 -0.107846 -0.0428003 0.0581411 -0.0341909
internal_count=2400 2173 1873 223 1650 1343 1002 491
cat_boundaries=0 4 7 8
cat_threshold=4268034 402980872 0 536903680 54038788 16777728 32768 2
shrinkage=0.0750598


Tree=43
num_leaves=8
num_cat=1
split_feature=1 7 3 10 11 5 7
split_gain=1.95079 1.47602 2.07263 2.01982 1.90265 1.47438 0.644474
threshold=0 51646.000000000007 157.00000000000003 152.50000000000003 25.000000000000004 50557.750000000007 2001.2500000000002
decision_type=5 2 2 2 2 2 2
left_child=-1 3 -3 4 6 -4 -2
right_child=1 2 5 -5 -6 -7 -8
leaf_value=-0.018595068812515693 0.0012076968600323893 0.042099938925059019 -0.012575379458583698 -0.024117568180954538 0.020987658195933658 0.021511519084769577 -0.018814337017933766
leaf_count=438 711 113 178 348 291 84 237
internal_value=0 0.0421099 0.209514 -0.0337728 0.0561916 0.0455758 -0.0831115
internal_count=2400 1962 375 1587 1239 262 948
cat_boundaries=0 3
cat_threshold=54300948 16908934 32768
shrinkage=0.0750598


Tree=44
num_leaves=10
num_cat=1
split_feature=1 11 10 11 8 4 0 8 5
split_gain=8.03817 1.27381 4.32098 3.8892 2.69152 2.69097 2.69338 2.18694 0.859698
threshold=0 18401.500000000004 1255.0000000000002 456.25000000000006 9.2500000000000018 438.25000000000006 1.7500000000000002 130.75000000000003 13912.750000000002
decision_type=5 2 2 2 2 2 2 2 2
left_child=8 3 -3 4 5 6 -2 -6 -1
right_child=1 2 -4 -5 7 -7 -8 -9 -10
leaf_value=-0.045845158997062395 0.032754311432803378 0.060223004894723091 -0.0042237109822182263 -0.020678542749912918 -0.027191487210541286 0.058266372636535717 -0.011229062716578694 0.019284447086356345 -0.015107228541998842
leaf_count=398 526 158 185 305 140 191 248 107 142
internal_value=0 0.169367 0.395498 0.121299 0.241354 0.3833 0.204106 -0.05988 -0.356785
internal_count=2400 1860 343 1517 1212 965 774 247 540
cat_boundaries=0 3
cat_threshold=310882704 268589088 2048
shrinkage=0.0750598


end of trees

feature importances:
n_table_3.n_3=84
c_table_1.c_2=47
n_table_1.n_16=41
n_table_1.n_19=38
n_table_2.n_13=31
n_table_1.n_15=27
n_table_1.n_18=23
n_1=20
n_table_1.n_12=19
c_table_1.c_4=18
n_table_1.n_26=18
c_table_2.c_1=13

parameters:
[boosting: gbdt]
[objective: binary]
[metric: auc]
[tree_learner: serial]
[device_type: cpu]
[data: ]
[valid: ]
[num_iterations: 100]
[learning_rate: 0.0750598]
[num_leaves: 77]
[num_threads: 4]
[max_depth: 8]
[min_data_in_leaf: 20]
[min_sum_hessian_in_leaf: 9.55014]
[bagging_fraction: 0.6]
[bagging_freq: 44]
[bagging_seed: 3]
[feature_fraction: 0.8]
[feature_fraction_seed: 2]
[early_stopping_round: 0]
[max_delta_step: 0]
[lambda_l1: 0.0268981]
[lambda_l2: 1.6608]
[min_gain_to_split: 0]
[drop_rate: 0.1]
[max_drop: 50]
[skip_drop: 0.5]
[xgboost_dart_mode: 0]
[uniform_drop: 0]
[drop_seed: 4]
[top_rate: 0.2]
[other_rate: 0.1]
[min_data_per_group: 100]
[max_cat_threshold: 32]
[cat_l2: 10]
[cat_smooth: 10]
[max_cat_to_onehot: 4]
[top_k: 20]
[monotone_constraints: ]
[feature_contri: ]
[forcedsplits_filename: ]
[refit_decay_rate: 0.9]
[verbosity: -1]
[max_bin: 255]
[min_data_in_bin: 3]
[bin_construct_sample_cnt: 200000]
[histogram_pool_size: -1]
[data_random_seed: 1]
[output_model: LightGBM_model.txt]
[snapshot_freq: -1]
[input_model: ]
[output_result: LightGBM_predict_result.txt]
[initscore_filename: ]
[valid_data_initscores: ]
[pre_partition: 0]
[enable_bundle: 1]
[max_conflict_rate: 0]
[is_enable_sparse: 1]
[sparse_threshold: 0.8]
[use_missing: 1]
[zero_as_missing: 0]
[two_round: 0]
[save_binary: 0]
[enable_load_from_binary_file: 1]
[header: 0]
[label_column: ]
[weight_column: ]
[group_column: ]
[ignore_column: ]
[categorical_feature: ]
[predict_raw_score: 0]
[predict_leaf_index: 0]
[predict_contrib: 0]
[num_iteration_predict: -1]
[pred_early_stop: 0]
[pred_early_stop_freq: 10]
[pred_early_stop_margin: 10]
[convert_model_language: ]
[convert_model: gbdt_prediction.cpp]
[num_class: 1]
[is_unbalance: 0]
[scale_pos_weight: 1]
[sigmoid: 1]
[boost_from_average: 1]
[reg_sqrt: 0]
[alpha: 0.9]
[fair_c: 1]
[poisson_max_delta_step: 0.7]
[tweedie_variance_power: 1.5]
[max_position: 20]
[label_gain: ]
[metric_freq: 1]
[is_provide_training_metric: 0]
[eval_at: ]
[num_machines: 1]
[local_listen_port: 12400]
[time_out: 120]
[machine_list_filename: ]
[machines: ]
[gpu_platform_id: -1]
[gpu_device_id: -1]
[gpu_use_dp: 0]

end of parameters

pandas_categorical:[[0, 1, 2, 3, 4, 5, 6, 7, 8, 9, 10, 11, 12, 13, 14, 15, 16, 17, 18, 19, 20, 21, 22, 23, 24, 25, 26, 27, 28, 29, 30, 31, 32, 33, 34, 35, 36, 37, 38, 39, 40, 41, 42, 43, 44, 45, 46, 47, 48, 49, 50, 51, 52, 53, 54, 55, 56, 57, 58, 59, 60, 61, 62, 63, 64, 65, 66, 67, 68, 69, 70, 71, 72, 73, 74, 75, 76, 77, 78, 79, 80, 81, 82, 83, 84, 85, 86, 87, 88, 89, 90, 91, 92, 93, 94, 95, 96, 97, 98, 99, 100, 101, 102, 103, 104, 105, 106, 107, 108, 109, 110, 111, 112, 113, 114, 115, 116, 117, 118, 119, 120, 121, 122, 123, 124, 125, 126, 127, 128, 129, 130, 131, 132, 133, 134, 135, 136, 137, 138, 139, 140, 141, 142, 143, 144, 145, 146, 147, 148, 149, 150, 151, 152, 153, 154, 155, 156, 157, 158, 159, 160, 161, 162, 163, 164, 165, 166, 167, 168, 169, 170, 171, 172, 173, 174, 175, 176, 177, 178, 179, 180, 181, 182, 183, 184, 185, 186, 187, 188, 189, 190, 191, 192, 193, 194, 195], [0, 1, 2, 3, 4, 5, 6, 7, 8, 9, 10, 11, 12, 13, 14, 15, 16, 17, 18, 19, 20, 21, 22, 23, 24, 25, 26, 27, 28, 29, 30, 31, 32, 33, 34, 35, 36, 37, 38, 39, 40, 41, 42, 43, 44, 45, 46, 47, 48, 49, 50, 51, 52, 53, 54, 55, 56, 57, 58, 59, 60, 61, 62, 63, 64, 65, 66, 67, 68, 69, 70, 71, 72, 73, 74, 75, 76, 77, 78, 79, 80, 81, 82, 83, 84, 85, 86, 87, 88, 89, 90, 91, 92, 93, 94, 95, 96, 97, 98, 99, 100, 101, 102, 103, 104, 105, 106, 107, 108, 109, 110, 111, 112, 113, 114, 115, 116, 117, 118, 119, 120, 121, 122, 123, 124, 125, 126, 127, 128, 129, 130, 131, 132, 133, 134, 135, 136, 137, 138, 139, 140, 141, 142, 143, 144, 145, 146, 147, 148, 149, 150, 151], [0, 1]]
