tree
version=v2
num_class=1
num_tree_per_iteration=1
label_index=0
max_feature_idx=11
objective=binary sigmoid:1
feature_names=n_1 c_table_1.c_2 c_table_1.c_4 n_table_1.n_12 n_table_1.n_15 n_table_1.n_16 n_table_1.n_18 n_table_1.n_19 n_table_1.n_26 c_table_2.c_1 n_table_2.n_13 n_table_3.n_3
feature_infos=[1:335.5] 24:0:17:16:10:7:34:23:19:60:18:15:44:28:1:5:8:35:45:38:41:68:4:12:25:13:2:75:49:20:39:48:50:46:21:111:22:92:33:56:57:59:87:27:79:120:9:37:43:62:125:26:47:96:40:61:70:73:3:6:67:72:76:31:42:66:77:85:104:108:124:132:53:54:89:91:93:136:55:64:82:84:94:101:115:121:140:36:51:71:80:81:88:97:98:102:103:119:127:135:147:149:30:52:63:118:123:133:139:144:165:167:32:58:69:74:78:90:99:110:112:114:116:131:134:137:146:161:162:166:174 4:0:10:12:2:11:7:5:45:51:35:8:18:23:33:40:77:30:37:38:41:57:29:28:16:74:62:49:13:21:48:104:6:69:22:26:39:54:19:27:72:87:95:3:31:55:56:106:15:17:60:61:96:103:92:25:66:67:78:80:81:93:94:109:113:117:122:1:24:44:46:47:53:59:65:83:84:99:112:121:133:14:20:36:63:70:82:97:102:116:136:32:34:42:52:58:64:71:75:85:90:98:107:111:115:124:129:130:131:132 [1:8524] [1:274774] [1:249100] [1:574087] [1:1285890] [1:121640] 1:0 [1:395101] [1:509664]
tree_sizes=855 1024 826 845 868 839 870 1091 863 980 954 1095 921 1063 1089 1095 1025 935 1029 1123 995 1044 1094 1170 845 1000 1032

Tree=0
num_leaves=10
num_cat=0
split_feature=5 11 11 6 3 10 10 11 11
split_gain=36.5848 7.72646 25.3836 5.47777 3.82625 2.70316 3.1473 1.44839 0.173449
threshold=43495.750000000007 25.000000000000004 456.25000000000006 40848.250000000007 55.000000000000007 107.50000000000001 448.75000000000006 26478.250000000004 2949.2500000000005
decision_type=2 2 2 2 2 2 2 2 2
left_child=1 3 -3 4 -1 8 -7 -8 -4
right_child=-2 2 5 -5 -6 6 7 -9 -10
leaf_value=-2.8219552469381601 -2.7642272707759497 -2.7672241279785434 -2.8101505993436882 -2.8009712952506942 -2.8087934764744684 -2.8269853282591946 -2.802759479162654 -2.8159419271635722 -2.8024812135513355
leaf_count=1057 138 120 144 139 201 174 108 199 120
internal_value=0 -0.113053 0.198617 -0.314488 -0.409717 -0.0904811 -0.292975 -0 0.232762
internal_count=2400 2262 865 1397 1258 745 481 307 264
shrinkage=1


Tree=1
num_leaves=12
num_cat=0
split_feature=6 11 11 8 8 10 10 3 3 10 11
split_gain=25.3739 7.71017 25.034 6.2589 3.03686 2.72688 2.96624 1.20963 0.811226 0.765609 0.0652754
threshold=83866.750000000015 25.000000000000004 456.25000000000006 130.75000000000003 542.50000000000011 84.250000000000014 448.75000000000006 4.7500000000000009 139.75000000000003 3102.2500000000005 2467.7500000000005
decision_type=2 2 2 2 2 2 2 2 2 2 2
left_child=1 3 -3 7 -2 10 -7 -1 -9 -8 -4
right_child=4 2 5 -5 -6 6 9 8 -10 -11 -12
leaf_value=-0.011393095163962334 0.040295052084732497 0.042577343835490306 0.0006505122563105662 0.012066462241504067 0.012919183043832728 -0.016359526087753783 0.0028948511345661039 0 -0.0093597747001513704 -0.0065368879456394182 0.0076878848751590866
leaf_count=904 123 117 126 117 112 178 177 209 112 117 108
internal_value=0 -0.128201 0.189782 -0.334084 1.32945 -0.113978 -0.313604 -0.432287 -0.143743 -0.00277137 0.233735
internal_count=2400 2165 823 1342 235 706 472 1225 321 294 234
shrinkage=0.0219009


Tree=2
num_leaves=9
num_cat=1
split_feature=7 11 11 7 3 9 5 11
split_gain=38.8924 7.22687 21.5043 5.25516 3.36959 2.23923 2.29261 2.63076
threshold=346413.00000000006 25.000000000000004 456.25000000000006 66613.000000000015 59.500000000000007 0 1863.2500000000002 7720.7500000000009
decision_type=2 2 2 2 2 1 2 2
left_child=1 3 -3 4 -1 6 7 -4
right_child=-2 2 5 -5 -6 -7 -8 -9
leaf_value=-0.011078203942154889 0.052192397855783716 0.038775836808168478 -0.011662204331754491 0.0062744118907950867 0.0028644268332384342 0.006696877449349734 -0.014983965572449858 0.0037297036523997657
leaf_count=1061 109 120 137 207 146 180 145 295
internal_value=0 -0.105578 0.191091 -0.301608 -0.417301 -0.0789849 -0.22304 -0.0312783
internal_count=2400 2291 877 1414 1207 757 577 432
cat_boundaries=0 1
cat_threshold=1
shrinkage=0.0219009


Tree=3
num_leaves=9
num_cat=1
split_feature=7 11 11 7 1 3 11 5
split_gain=35.7524 6.94084 19.9208 5.07969 3.33817 3.28391 1.67423 0.627957
threshold=346413.00000000006 25.000000000000004 456.25000000000006 66613.000000000015 0 59.500000000000007 63781.000000000007 21.250000000000004
decision_type=2 2 2 2 5 2 2 2
left_child=1 3 -3 5 -4 -1 7 -6
right_child=-2 2 4 -5 6 -7 -8 -9
leaf_value=-0.010945046478239951 0.048947720023235781 0.036762701420604074 0.0068991718151291733 0.0061086546254134092 -0.0045395612536636631 0.0027979807423657022 0.0019368744283253211 -0.013976488701398939
leaf_count=1061 109 120 123 207 324 146 136 174
internal_value=0 -0.10318 0.186305 -0.296514 -0.0772432 -0.411432 -0.207018 -0.388461
internal_count=2400 2291 877 1414 757 1207 634 498
cat_boundaries=0 2
cat_threshold=25297952 268435460
shrinkage=0.0219009


Tree=4
num_leaves=10
num_cat=0
split_feature=7 11 11 4 6 5 7 7 8
split_gain=32.9394 6.70769 18.4483 4.98436 1.92337 1.91767 1.48558 1.53444 1.17281
threshold=346413.00000000006 25.000000000000004 456.25000000000006 10924.000000000002 29513.500000000004 8083.0000000000009 14834.500000000002 806.50000000000011 15.250000000000002
decision_type=2 2 2 2 2 2 2 2 2
left_child=1 3 -3 8 6 -5 7 -4 -1
right_child=-2 2 4 5 -6 -7 -8 -9 -10
leaf_value=-0.010208990843510887 0.046034198458082813 0.034915053361962385 -0.0042497493947495886 0.012439465342839946 0.0084368302791599254 -0.0024692430633121774 -0.013374282727422705 0.0077493250028593226 -0
leaf_count=1042 109 120 407 138 119 108 122 109 126
internal_value=0 -0.100291 0.183391 -0.291473 -0.0738799 0.224745 -0.182305 -0.0516604 -0.417111
internal_count=2400 2291 877 1414 757 246 638 516 1168
shrinkage=0.0219009


Tree=5
num_leaves=9
num_cat=1
split_feature=7 4 3 0 2 8 7 7
split_gain=30.4418 5.12432 6.20093 4.8808 2.40612 3.3455 4.32873 1.16977
threshold=346413.00000000006 1423.0000000000002 16.750000000000004 9.2500000000000018 0 296.50000000000006 67023.250000000015 3.2500000000000004
decision_type=2 2 2 2 5 2 2 2
left_child=1 3 -3 7 -4 6 -6 -1
right_child=-2 2 4 -5 5 -7 -8 -9
leaf_value=-0.0053040010484608066 0.043403849791484594 0.019279917532863677 -0.0074639757528726135 0.0067342468806685625 0.0075940078535174562 0.01587848065847695 -0.012911597306366991 -0.012697827462118403
leaf_count=912 109 175 107 218 203 132 150 394
internal_value=0 -0.0981724 0.177357 -0.249034 -0.0146925 0.120108 -0.0283197 -0.356511
internal_count=2400 2291 767 1524 592 485 353 1306
cat_boundaries=0 3
cat_threshold=536871204 264 8192
shrinkage=0.0219009


Tree=6
num_leaves=10
num_cat=0
split_feature=7 11 11 7 10 10 3 7 11
split_gain=28.213 6.46626 16.9803 4.79014 4.38652 3.32485 3.10886 2.44591 0.560989
threshold=346413.00000000006 25.000000000000004 456.25000000000006 66613.000000000015 84.250000000000014 448.75000000000006 59.500000000000007 847.75000000000011 26626.000000000004
decision_type=2 2 2 2 2 2 2 2 2
left_child=1 3 -3 6 7 -6 -1 -4 -7
right_child=-2 2 4 -5 5 8 -8 -9 -10
leaf_value=-0.010670354276265774 0.041017504816264962 0.033067212318602282 -0 0.0058981583256654596 -0.016695946447248252 0.004383027259414145 0.0026559754980277142 0.01823850266174562 -0.0036501259910992254
leaf_count=1061 109 120 144 207 193 108 146 108 204
internal_value=0 -0.0966733 0.181006 -0.285629 -0.0695918 -0.316478 -0.399411 0.36784 -0.000380133
internal_count=2400 2291 877 1414 757 505 1207 252 312
shrinkage=0.0219009


Tree=7
num_leaves=12
num_cat=1
split_feature=7 1 11 11 6 11 5 11 6 6 7
split_gain=26.1787 6.25185 3.7297 9.13862 5.15629 2.39486 1.88909 1.8956 1.34401 3.82811 0.519915
threshold=346413.00000000006 0 25.000000000000004 456.25000000000006 40848.250000000007 143.50000000000003 3754.7500000000005 10654.750000000002 2916.2500000000005 14377.000000000002 3.2500000000000004
decision_type=2 5 2 2 2 2 2 2 2 2 2
left_child=1 5 4 -4 8 -1 7 -5 10 -10 -3
right_child=-2 2 3 6 -6 -7 -8 -9 9 -11 -12
leaf_value=0.0037784020800742842 0.038842883192560254 -0.0092053025009162463 0.022675649441032789 -0.0075010992416965922 0.0087328418401315441 0.024539772172451634 -0.013994936652967397 0.0036452000615415556 0.0084616158564838773 -0.012974305055682108 -0.017672806695578001
leaf_count=158 109 619 108 232 125 107 131 299 122 157 233
internal_value=0 -0.094407 -0.182124 0.0191163 -0.349728 0.373967 -0.178779 -0.0355791 -0.453372 -0.12636 -0.548106
internal_count=2400 2291 2026 770 1256 265 662 531 1131 279 852
cat_boundaries=0 4
cat_threshold=4333602 268779528 2048 536903680
shrinkage=0.0219009


Tree=8
num_leaves=10
num_cat=0
split_feature=7 11 11 7 10 10 3 7 4
split_gain=24.3394 5.97118 15.0472 4.50136 4.2537 3.23367 3.02589 2.263 1.50488
threshold=346413.00000000006 25.000000000000004 456.25000000000006 66613.000000000015 84.250000000000014 448.75000000000006 59.500000000000007 847.75000000000011 655.75000000000011
decision_type=2 2 2 2 2 2 2 2 2
left_child=1 3 -3 6 7 -6 -1 -4 -7
right_child=-2 2 4 -5 5 8 -8 -9 -10
leaf_value=-0.010434193379203765 0.036853151846600561 0.030452529287046722 -0 0.00564150163279917 -0.016578866704011059 -0.0055675816361237772 0.0027418707273894334 0.017576787268388801 0.007740646089461985
leaf_count=1061 109 120 144 207 193 204 146 108 108
internal_value=0 -0.0923348 0.17236 -0.276051 -0.0678514 -0.31251 -0.388393 0.360832 -0.00167281
internal_count=2400 2291 877 1414 757 505 1207 252 312
shrinkage=0.0219009


Tree=9
num_leaves=11
num_cat=1
split_feature=5 11 11 4 3 3 9 5 11 6
split_gain=21.1338 5.6115 14.1454 4.95066 3.78696 2.36922 1.7731 2.26888 2.52959 0.19592
threshold=43495.750000000007 25.000000000000004 456.25000000000006 10924.000000000002 190.75000000000003 59.500000000000007 0 1863.2500000000002 7720.7500000000009 880.00000000000011
decision_type=2 2 2 2 2 2 1 2 2 2
left_child=1 3 -3 5 -5 9 -4 8 -8 -1
right_child=-2 2 6 4 -6 -7 7 -9 -10 -11
leaf_value=-0.0086852432755082469 0.031185760286303238 0.028972802280054159 0.0059337858155601077 0.01837976179079186 -0.0035820023471229406 0.0009398764001241444 -0.011334928607832404 -0.014716562501022592 0.0039556057534606932 -0.015556565291132118
leaf_count=793 138 120 171 107 130 141 137 142 295 226
internal_value=0 -0.095579 0.161147 -0.275747 0.241616 -0.405265 -0.0774721 -0.206686 -0.0162497 -0.484626
internal_count=2400 2262 865 1397 237 1160 745 574 432 1019
cat_boundaries=0 1
cat_threshold=2
shrinkage=0.0219009


Tree=10
num_leaves=11
num_cat=2
split_feature=5 1 11 11 6 11 2 6 6 10
split_gain=19.7623 6.25502 5.32137 7.39242 3.62548 3.53501 2.9451 3.22843 1.98897 0.907254
threshold=43495.750000000007 0 25.000000000000004 962.50000000000011 40848.250000000007 14005.750000000002 1 5700.2500000000009 4995.2500000000009 1348.7500000000002
decision_type=2 5 2 2 2 2 5 2 2 2
left_child=1 2 -1 -4 6 -5 8 -8 -3 -7
right_child=-2 4 3 5 -6 9 7 -9 -10 -11
leaf_value=-0.011826972973105931 0.029758781266512612 -0.010583011612760252 0.017906122333932999 -0.017672450209836744 0.016207156682818129 0.0066347544178822233 0.018061821616942267 -0 0.001750852842784323 -0.0045920405626714549
leaf_count=813 138 264 127 149 164 117 172 176 153 127
internal_value=0 -0.0936104 -0.269452 0.00141749 0.159762 -0.293373 0.041311 0.268965 -0.169417 0
internal_count=2400 2262 1333 520 929 393 765 348 417 244
cat_boundaries=0 2 3
cat_threshold=11112837 4740 1025
shrinkage=0.0219009


Tree=11
num_leaves=12
num_cat=1
split_feature=7 1 11 11 6 3 11 5 11 7 5
split_gain=20.4838 5.69416 3.20453 7.16896 4.69462 2.13586 1.96853 1.86243 1.77444 0.605077 0.317163
threshold=346413.00000000006 0 25.000000000000004 456.25000000000006 2916.2500000000005 190.75000000000003 143.50000000000003 3754.7500000000005 10654.750000000002 3.2500000000000004 2746.7500000000005
decision_type=2 5 2 2 2 2 2 2 2 2 2
left_child=1 6 4 -4 9 10 -1 8 -5 -3 -6
right_child=-2 2 3 7 5 -7 -8 -9 -10 -11 -12
leaf_value=0.0036256765538405693 0.03260905285940336 -0.0086627187816577921 0.019090278455274213 -0.0072415363513975194 0.011154908620178589 -0.0062150137931450376 0.022542169390922448 -0.013831514229070826 0.0035966874901751356 -0.017438950091144885 0.00057129280693873604
leaf_count=158 109 619 108 232 114 179 107 131 299 233 111
internal_value=0 -0.0874712 -0.172972 0.00968949 -0.331698 0.0185965 0.355013 -0.171415 -0.0293592 -0.527857 0.32885
internal_count=2400 2291 2026 770 1256 404 265 662 531 852 225
cat_boundaries=0 4
cat_threshold=4333602 268779528 2048 536903680
shrinkage=0.0219009


Tree=12
num_leaves=10
num_cat=1
split_feature=7 1 4 8 0 0 0 4 0
split_gain=19.1437 5.46345 2.93855 3.71159 2.28191 1.09083 0.779642 0.762525 0.436042
threshold=346413.00000000006 0 12284.500000000002 21.250000000000004 9.2500000000000018 1.7500000000000002 4.7500000000000009 1708.0000000000002 15.250000000000002
decision_type=2 5 2 2 2 2 2 2 2
left_child=1 5 4 -4 6 -1 7 -3 -6
right_child=-2 2 3 -5 8 -7 -8 -9 -10
leaf_value=0.017977432806017487 0.031106512475873697 -0.0070328214644922501 0.017408514399740033 -0.0027429738570750512 0.0063763306962004761 0.0024758499787573651 -0.014198296932105468 -0 -0.00015454858541754429
leaf_count=152 109 1077 108 204 111 113 191 223 112
internal_value=0 -0.0855253 -0.169866 0.16568 -0.263065 0.346088 -0.330274 -0.270787 0.0948352
internal_count=2400 2291 2026 312 1714 265 1491 1300 223
cat_boundaries=0 4
cat_threshold=4333602 268779528 2048 536903680
shrinkage=0.0219009


Tree=13
num_leaves=12
num_cat=1
split_feature=7 0 7 5 5 10 5 9 10 0 7
split_gain=17.9165 4.21584 3.24407 4.59173 8.29024 3.38939 2.77007 1.82083 1.25674 1.28779 0.341242
threshold=346413.00000000006 16.750000000000004 5006.5000000000009 2122.7500000000005 241.75000000000003 152.50000000000003 18433.000000000004 0 152.50000000000003 3.2500000000000004 3.2500000000000004
decision_type=2 2 2 2 2 2 2 1 2 2 2
left_child=1 2 7 4 -4 6 -5 10 9 -9 -1
right_child=-2 -3 3 5 -6 -7 -8 8 -10 -11 -12
leaf_value=-0.0071009790309388811 0.029711730015951045 0.013670053838424697 -0.0016447453593652381 -0.0045779801389605225 0.028848248166355662 -0.016769045129810284 0.010969472777070038 -0.0023407407335463777 -0.0075421025914555158 0.00858908488785751 -0.015554921645347686
leaf_count=497 109 128 165 297 122 125 134 282 238 129 174
internal_value=0 -0.0837311 -0.136593 0.0564221 0.503179 -0.153277 0.000385451 -0.278817 -0.0893459 0.0319202 -0.45073
internal_count=2400 2291 2163 843 287 556 431 1320 649 411 671
cat_boundaries=0 1
cat_threshold=2
shrinkage=0.0219009


Tree=14
num_leaves=12
num_cat=1
split_feature=7 1 11 11 6 10 5 11 6 6 7
split_gain=16.7948 5.18734 3.1072 6.60193 4.51441 2.49347 2.1254 1.8429 1.12901 3.69592 0.626493
threshold=346413.00000000006 0 25.000000000000004 456.25000000000006 40848.250000000007 84.250000000000014 822.25000000000011 143.50000000000003 2916.2500000000005 14377.000000000002 3.2500000000000004
decision_type=2 5 2 2 2 2 2 2 2 2 2
left_child=1 7 4 -4 8 -5 -7 -1 10 -10 -3
right_child=-2 2 3 5 -6 6 -8 -9 9 -11 -12
leaf_value=0.0031836654425617581 0.028413605888871731 -0.0083885071814458201 0.018225339308651552 0.0038886756594743764 0.00798031327095137 -0.0028140865240581393 -0.019369010200909281 0.021261163579588457 0.0083195471212604358 -0.012794619102639439 -0.017269150893663248
leaf_count=158 109 619 108 219 125 327 116 107 122 157 233
internal_value=0 -0.0822796 -0.16532 0.0150165 -0.322561 -0.161343 -0.361546 0.336039 -0.424798 -0.119483 -0.516381
internal_count=2400 2291 2026 770 1256 662 443 265 1131 279 852
cat_boundaries=0 4
cat_threshold=4333602 268779528 2048 536903680
shrinkage=0.0219009


Tree=15
num_leaves=13
num_cat=0
split_feature=7 0 11 10 5 5 5 5 5 11 10 7
split_gain=15.7509 7.81184 3.93437 9.37383 4.8239 3.24011 2.8729 4.06147 1.96564 0.527354 0.462223 0.341893
threshold=346413.00000000006 18.250000000000004 25.000000000000004 152.50000000000003 28.750000000000004 241.75000000000003 2565.2500000000005 6726.2500000000009 822.25000000000011 992.50000000000011 1382.5000000000002 1376.5000000000002
decision_type=2 2 2 2 2 2 2 2 2 2 2 2
left_child=1 2 5 4 9 11 -7 -8 10 -4 -5 -1
right_child=-2 -3 3 8 -6 6 7 -9 -10 -11 -12 -13
leaf_value=-0.0083413703640613634 0.02720252745758257 0.021921066629631739 0.0065258291817275613 -0.0063273396386778289 0.024421463477611208 0.010079992318425981 -0.019561363221991535 0.0010959539546047782 -0.017270325922282056 -0.00043664964962995313 0 -0.017190348048090859
leaf_count=717 109 103 119 146 144 154 114 219 139 122 170 144
internal_value=0 -0.0804487 -0.144598 0.0687244 0.537332 -0.300289 -0 -0.243076 -0.351367 0.110525 -0.107833 -0.473943
internal_count=2400 2291 2188 840 385 1348 487 333 455 241 316 861
shrinkage=0.0219009


Tree=16
num_leaves=12
num_cat=0
split_feature=4 0 11 11 5 5 5 11 11 11 7
split_gain=18.3845 11.4296 4.50259 9.01719 2.51196 3.31886 3.15764 1.79901 3.23236 1.06591 0.340639
threshold=108301.00000000001 18.250000000000004 25.000000000000004 456.25000000000006 241.75000000000003 2565.2500000000005 6726.2500000000009 25500.250000000004 9262.7500000000018 63781.000000000007 1376.5000000000002
decision_type=2 2 2 2 2 2 2 2 2 2 2
left_child=1 2 4 -4 10 -6 -7 8 -5 -9 -1
right_child=-2 -3 3 7 5 6 -8 9 -10 -11 -12
leaf_value=-0.0082223519410073928 0.036445572329095115 0.026605787017915997 0.022571010380533479 -0.0041720347953673343 0.0097852930357400347 -0.01939995293206976 -0 -0.013170164806879121 0.012526185705883245 -0.00020617246884145518 -0.017083545481125579
leaf_count=717 75 105 107 278 154 112 244 161 150 153 144
internal_value=0 -0.0676447 -0.144031 0.082841 -0.308182 -0.0518379 -0.287225 -0.102539 0.0578893 -0.354011 -0.4683
internal_count=2400 2325 2220 849 1371 510 356 742 428 314 861
shrinkage=0.0219009


Tree=17
num_leaves=11
num_cat=2
split_feature=1 7 5 5 6 0 9 8 7 8
split_gain=16.1515 14.2747 7.28349 4.67278 3.80957 2.76104 2.27967 4.1359 0.867622 0.490482
threshold=0 359479.00000000006 19.750000000000004 727.75000000000011 22.000000000000004 9.2500000000000018 1 49.750000000000007 806.50000000000011 37.750000000000007
decision_type=5 2 2 2 2 2 1 2 2 2
left_child=4 2 8 -4 5 -1 7 -5 -2 -8
right_child=1 -3 3 6 -6 -7 9 -9 -10 -11
leaf_value=-0.0055168124901705815 -0 0.041559849088921796 0.026809082543651136 -0 -0.014517209930054131 0.0078219756924159719 0.0036324706871076781 0.021955007598892049 -0.011804445967083688 -0.004634193044090136
leaf_count=886 138 66 136 121 413 137 110 140 142 111
internal_value=0 0.387217 0.259042 0.510432 -0.275165 -0.14379 0.28202 0.540573 -0.308204 -0
internal_count=2400 964 898 618 1436 1023 482 261 280 221
cat_boundaries=0 3 4
cat_threshold=62427525 16913090 32768 2
shrinkage=0.0219009


Tree=18
num_leaves=12
num_cat=0
split_feature=4 0 11 11 5 5 7 11 11 11 7
split_gain=16.5161 10.633 4.35799 8.45687 2.37683 3.16311 2.34646 1.74481 3.07859 1.04264 0.352835
threshold=108301.00000000001 18.250000000000004 25.000000000000004 456.25000000000006 241.75000000000003 2565.2500000000005 60628.000000000007 25500.250000000004 9262.7500000000018 63781.000000000007 1376.5000000000002
decision_type=2 2 2 2 2 2 2 2 2 2 2
left_child=1 2 4 -4 10 -6 -7 8 -5 -9 -1
right_child=-2 -3 3 7 5 6 -8 9 -10 -11 -12
leaf_value=-0.0080461366146772802 0.033785304884846393 0.025265832866277579 0.021677288933025538 -0.0040606416352118287 0.0093768059039564394 -0.016626852813131837 -0 -0.013031196273338763 0.012193557392117655 -0.00015780623578364697 -0.016970349617545264
leaf_count=717 75 105 107 278 154 132 224 161 150 153 144
internal_value=0 -0.0657982 -0.140757 0.0819048 -0.303148 -0.0536356 -0.285091 -0.0992169 0.0581333 -0.348386 -0.460659
internal_count=2400 2325 2220 849 1371 510 356 742 428 314 861
shrinkage=0.0219009


Tree=19
num_leaves=13
num_cat=3
split_feature=1 6 11 4 11 3 11 9 11 1 6 3
split_gain=16.0922 10.8323 4.36997 4.33895 3.64857 3.48372 2.33271 1.62928 1.24107 1.02028 0.412718 0.0821847
threshold=0 133643.50000000003 25.000000000000004 1423.0000000000002 962.50000000000011 16.750000000000004 14005.750000000002 1 42622.000000000007 2 22.000000000000004 197.50000000000003
decision_type=5 2 2 2 2 2 2 1 2 5 2 2
left_child=2 3 10 9 -4 -5 -6 11 -8 -2 -1 -7
right_child=1 -3 4 5 6 7 8 -9 -10 -11 -12 -13
leaf_value=-0.0082270526350754439 -0.0052947433667263726 0.035599611434612842 0.010453269496217558 0.023962550101222932 -0.01480172224408193 0.0039903906850075064 0.0064999646314408913 -0.0001173917304898367 -0.0061070170064399121 0.0018872666439612828 -0.015696224106552494 0.014778543251465213
leaf_count=633 124 80 146 138 150 99 132 157 141 227 277 96
internal_value=0 0.394951 -0.26832 0.272142 -0 0.516092 -0.245379 0.249825 -0 -0.0810703 -0.507659 0.495064
internal_count=2400 921 1479 841 569 490 423 352 273 351 910 195
cat_boundaries=0 3 4 5
cat_threshold=62427525 16913094 32768 2 268633088
shrinkage=0.0219009


Tree=20
num_leaves=11
num_cat=1
split_feature=4 0 1 4 3 6 6 11 6 11
split_gain=16.114 9.96353 6.05466 6.12918 5.26663 3.08266 3.01236 2.66809 0.221883 0.160115
threshold=116900.00000000001 18.250000000000004 0 254.50000000000003 783.25000000000011 153.25000000000003 40848.250000000007 14005.750000000002 4.7500000000000009 25.000000000000004
decision_type=2 2 5 2 2 2 2 2 2 2
left_child=1 2 5 8 6 7 -5 9 -4 -1
right_child=-2 -3 3 4 -6 -7 -8 -9 -10 -11
leaf_value=-0.0087678208993537277 0.034732473911516494 0.024191030353363039 -0.0020712848981673652 0.0072372317427280598 -0.0082713294987760942 -0.016535581986094755 0.025861939953299808 0.0045852547661706317 -0.012260154776227552 -0.0027660535403345333
leaf_count=599 63 105 119 468 110 301 96 188 150 201
internal_value=0 -0.0624456 -0.13561 0.1134 0.348468 -0.314431 0.529542 -0.21492 -0.412181 -0.338364
internal_count=2400 2337 2232 943 674 1289 564 988 269 800
cat_boundaries=0 3
cat_threshold=43553157 29316 2048
shrinkage=0.0219009


Tree=21
num_leaves=12
num_cat=2
split_feature=4 1 4 3 6 7 5 6 9 5 7
split_gain=15.5775 8.16623 5.45073 5.23604 7.50161 4.62197 2.76372 2.11717 0.493818 0.482477 0.303229
threshold=120662.50000000001 0 147.25000000000003 783.25000000000011 40848.250000000007 3.2500000000000004 28.750000000000004 1.7500000000000002 1 2485.7500000000005 81205.750000000015
decision_type=2 5 2 2 2 2 2 2 1 2 2
left_child=1 5 7 4 6 8 -4 -3 -1 -7 -11
right_child=-2 2 3 -5 -6 9 -8 -9 -10 10 -12
leaf_value=-0.0049029150686529495 0.033933322194834997 0.0013303756197750097 -0.003492582398760376 -0.0058887150991287635 0.034885114412736735 -0.020747493702428576 0.011474672252244921 -0.014126386155036948 -0 -0.0020982812882577614 -0.013392127757066013
leaf_count=481 62 131 122 111 92 197 363 137 480 118 106
internal_value=0 -0.0620138 0.208647 0.438609 0.612171 -0.271251 0.337638 -0.2663 -0.117241 -0.695013 -0.423086
internal_count=2400 2338 956 688 577 1382 485 268 961 421 224
cat_boundaries=0 3 4
cat_threshold=45715845 16913090 32768 2
shrinkage=0.0219009


Tree=22
num_leaves=13
num_cat=1
split_feature=4 11 11 10 3 3 10 8 8 7 4 9
split_gain=15.8452 5.59004 9.7892 3.88314 2.67359 5.24387 2.63606 2.46895 4.20128 2.06657 1.85534 0.124015
threshold=122460.00000000001 25.000000000000004 456.25000000000006 84.250000000000014 4.7500000000000009 772.00000000000011 448.75000000000006 130.75000000000003 6.2500000000000009 847.75000000000011 939.25000000000011 0
decision_type=2 2 2 2 2 2 2 2 2 2 2 1
left_child=1 4 -3 9 11 7 -5 8 -6 -4 -8 -1
right_child=-2 2 3 6 5 -7 10 -9 -10 -11 -12 -13
leaf_value=-0.010385971534355642 0.034357208117223925 0.02338417442180634 0 -0.014392651514825692 0.0093415720515961226 -0.017120244039079812 -0.0056820112237720077 0.015047845831485263 -0.012014798797367519 0.017061854394630573 0.0088721407071594913 -0.0043018482482889923
leaf_count=635 60 123 144 196 174 103 210 119 145 111 109 271
internal_value=0 -0.0630937 0.183983 -0.0183755 -0.244848 -0 -0.253515 0.200209 -0 0.386008 -0 -0.408519
internal_count=2400 2340 893 770 1447 541 515 438 319 255 319 906
cat_boundaries=0 1
cat_threshold=2
shrinkage=0.0219009


Tree=23
num_leaves=13
num_cat=2
split_feature=1 7 7 3 7 11 3 1 11 11 3 3
split_gain=13.0708 11.6531 4.06192 3.50925 4.85402 2.55504 2.33953 2.3927 2.09645 2.25836 1.58168 0.494295
threshold=0 398847.00000000006 3.2500000000000004 783.25000000000011 51646.000000000007 25.000000000000004 43.000000000000007 1 992.50000000000011 17563.000000000004 187.75000000000003 40.750000000000007
decision_type=5 2 2 2 2 2 2 5 2 2 2 2
left_child=2 3 5 4 6 -1 7 -2 -7 -10 -6 -4
right_child=1 -3 11 -5 10 8 -8 -9 9 -11 -12 -13
leaf_value=-0.0074151345446023826 0.0054748134119035246 0.03676245669310884 -0.020572200284838624 -0.0096622697765137554 0.024833058218981657 0.012327407828995095 0.01289417243068541 -0.0046673851391011304 -0.012341443691847856 0.0042297794026742884 0.0065806469647091258 -0.0088669858803689348
leaf_count=584 142 59 188 101 110 100 120 363 118 175 129 211
internal_value=0 0.326534 -0.265669 0.214778 0.313685 -0.12588 0.0737491 -0.0418376 0.106537 -0.0693751 0.780247 -0.678409
internal_count=2400 1024 1376 965 864 977 625 505 393 293 239 399
cat_boundaries=0 3 7
cat_threshold=45650309 16913094 32768 16777218 268500992 0 536903680
shrinkage=0.0219009


Tree=24
num_leaves=9
num_cat=1
split_feature=4 0 1 4 3 7 7 3
split_gain=15.8215 9.37075 6.53046 4.83651 5.61668 3.29809 2.95709 0.425938
threshold=129368.50000000001 18.250000000000004 0 254.50000000000003 783.25000000000011 97657.750000000015 3.2500000000000004 55.000000000000007
decision_type=2 2 5 2 2 2 2 2
left_child=1 2 6 -4 5 -5 -1 -8
right_child=-2 -3 3 4 -6 -7 7 -9
leaf_value=-0.0039366933403474193 0.034411943518984772 0.023105186282005405 -0.0074169631908319548 0.0074924173590303952 -0.0082440383838482539 0.027486899153058401 -0.019048037119963373 -0.008604116359035175
leaf_count=936 55 105 246 405 111 92 227 223
internal_value=0 -0.0632368 -0.135066 0.140057 0.366571 0.572068 -0.307818 -0.646815
internal_count=2400 2345 2240 854 608 497 1386 450
cat_boundaries=0 3
cat_threshold=43618693 268726916 2048
shrinkage=0.0219009


Tree=25
num_leaves=11
num_cat=1
split_feature=4 0 1 4 3 7 11 11 11 7
split_gain=14.8212 8.85636 6.2932 4.62183 5.1838 4.00742 2.98145 3.28869 1.51207 1.15639
threshold=129368.50000000001 18.250000000000004 0 147.25000000000003 783.25000000000011 103045.00000000001 25.000000000000004 962.50000000000011 10114.750000000002 3.2500000000000004
decision_type=2 2 5 2 2 2 2 2 2 2
left_child=1 2 6 -4 5 -5 9 -8 -9 -1
right_child=-2 -3 3 4 -6 -7 7 8 -10 -11
leaf_value=-0.0074290334968174672 0.032889918065676808 0.022205492308101229 -0.0079048618999971471 0.0066980440027205679 -0.0081284275049376964 0.028209381939949631 0.009209030038469939 -0.015952424387755151 -0.0016844420589893785 -0.017311970754001493
leaf_count=563 55 105 228 427 111 88 122 124 289 288
internal_value=0 -0.0620595 -0.132753 0.136458 0.347289 0.53744 -0.303292 -0.0755175 -0.302582 -0.527454
internal_count=2400 2345 2240 854 626 515 1386 535 413 851
cat_boundaries=0 3
cat_threshold=43618693 268726916 2048
shrinkage=0.0219009


Tree=26
num_leaves=12
num_cat=2
split_feature=4 0 1 4 11 11 6 11 11 9 6
split_gain=15.5288 8.41685 6.15205 4.42435 2.83673 3.23868 1.75769 1.42412 5.24791 0.956768 0.364878
threshold=132478.00000000003 18.250000000000004 0 254.50000000000003 25.000000000000004 962.50000000000011 4.7500000000000009 10904.500000000002 25.000000000000004 1 22.000000000000004
decision_type=2 2 5 2 2 2 2 2 2 1 2
left_child=1 2 4 9 10 -6 -7 8 -5 -4 -1
right_child=-2 -3 3 7 5 6 -8 -9 -10 -11 -12
leaf_value=-0.0084868627615723256 0.034032672334441447 0.021356921637931642 -0.012924860793488141 0.0032234307606053662 0.0089493951397868268 -0.0013908360362155827 -0.016393528992438421 -0 0.025114324293741431 -0 -0.016340067282975042
leaf_count=611 52 105 132 385 122 296 119 109 114 114 241
internal_value=0 -0.0633715 -0.132921 0.132956 -0.301816 -0.0808006 -0.305729 0.346752 0.439691 -0.329033 -0.52309
internal_count=2400 2348 2243 854 1389 537 415 608 499 246 852
cat_boundaries=0 3 4
cat_threshold=43618693 268726916 2048 2
shrinkage=0.0219009


end of trees

feature importances:
n_table_3.n_3=67
n_table_1.n_19=43
n_table_1.n_16=28
n_table_1.n_12=24
n_table_1.n_18=24
n_table_1.n_15=21
n_table_2.n_13=17
c_table_1.c_2=16
n_1=15
n_table_1.n_26=9
c_table_2.c_1=8
c_table_1.c_4=2

parameters:
[boosting: gbdt]
[objective: binary]
[metric: auc]
[tree_learner: serial]
[device_type: cpu]
[data: ]
[valid: ]
[num_iterations: 100]
[learning_rate: 0.0219009]
[num_leaves: 55]
[num_threads: 4]
[max_depth: 6]
[min_data_in_leaf: 20]
[min_sum_hessian_in_leaf: 5.77642]
[bagging_fraction: 0.6]
[bagging_freq: 44]
[bagging_seed: 3]
[feature_fraction: 0.7]
[feature_fraction_seed: 2]
[early_stopping_round: 0]
[max_delta_step: 0]
[lambda_l1: 0.633368]
[lambda_l2: 0.409417]
[min_gain_to_split: 0]
[drop_rate: 0.1]
[max_drop: 50]
[skip_drop: 0.5]
[xgboost_dart_mode: 0]
[uniform_drop: 0]
[drop_seed: 4]
[top_rate: 0.2]
[other_rate: 0.1]
[min_data_per_group: 100]
[max_cat_threshold: 32]
[cat_l2: 10]
[cat_smooth: 10]
[max_cat_to_onehot: 4]
[top_k: 20]
[monotone_constraints: ]
[feature_contri: ]
[forcedsplits_filename: ]
[refit_decay_rate: 0.9]
[verbosity: -1]
[max_bin: 255]
[min_data_in_bin: 3]
[bin_construct_sample_cnt: 200000]
[histogram_pool_size: -1]
[data_random_seed: 1]
[output_model: LightGBM_model.txt]
[snapshot_freq: -1]
[input_model: ]
[output_result: LightGBM_predict_result.txt]
[initscore_filename: ]
[valid_data_initscores: ]
[pre_partition: 0]
[enable_bundle: 1]
[max_conflict_rate: 0]
[is_enable_sparse: 1]
[sparse_threshold: 0.8]
[use_missing: 1]
[zero_as_missing: 0]
[two_round: 0]
[save_binary: 0]
[enable_load_from_binary_file: 1]
[header: 0]
[label_column: ]
[weight_column: ]
[group_column: ]
[ignore_column: ]
[categorical_feature: ]
[predict_raw_score: 0]
[predict_leaf_index: 0]
[predict_contrib: 0]
[num_iteration_predict: -1]
[pred_early_stop: 0]
[pred_early_stop_freq: 10]
[pred_early_stop_margin: 10]
[convert_model_language: ]
[convert_model: gbdt_prediction.cpp]
[num_class: 1]
[is_unbalance: 0]
[scale_pos_weight: 1]
[sigmoid: 1]
[boost_from_average: 1]
[reg_sqrt: 0]
[alpha: 0.9]
[fair_c: 1]
[poisson_max_delta_step: 0.7]
[tweedie_variance_power: 1.5]
[max_position: 20]
[label_gain: ]
[metric_freq: 1]
[is_provide_training_metric: 0]
[eval_at: ]
[num_machines: 1]
[local_listen_port: 12400]
[time_out: 120]
[machine_list_filename: ]
[machines: ]
[gpu_platform_id: -1]
[gpu_device_id: -1]
[gpu_use_dp: 0]

end of parameters

pandas_categorical:[[0, 1, 2, 3, 4, 5, 6, 7, 8, 9, 10, 11, 12, 13, 14, 15, 16, 17, 18, 19, 20, 21, 22, 23, 24, 25, 26, 27, 28, 29, 30, 31, 32, 33, 34, 35, 36, 37, 38, 39, 40, 41, 42, 43, 44, 45, 46, 47, 48, 49, 50, 51, 52, 53, 54, 55, 56, 57, 58, 59, 60, 61, 62, 63, 64, 65, 66, 67, 68, 69, 70, 71, 72, 73, 74, 75, 76, 77, 78, 79, 80, 81, 82, 83, 84, 85, 86, 87, 88, 89, 90, 91, 92, 93, 94, 95, 96, 97, 98, 99, 100, 101, 102, 103, 104, 105, 106, 107, 108, 109, 110, 111, 112, 113, 114, 115, 116, 117, 118, 119, 120, 121, 122, 123, 124, 125, 126, 127, 128, 129, 130, 131, 132, 133, 134, 135, 136, 137, 138, 139, 140, 141, 142, 143, 144, 145, 146, 147, 148, 149, 150, 151, 152, 153, 154, 155, 156, 157, 158, 159, 160, 161, 162, 163, 164, 165, 166, 167, 168, 169, 170, 171, 172, 173, 174, 175, 176, 177, 178, 179, 180, 181, 182, 183, 184, 185, 186, 187, 188, 189, 190, 191, 192, 193, 194, 195], [0, 1, 2, 3, 4, 5, 6, 7, 8, 9, 10, 11, 12, 13, 14, 15, 16, 17, 18, 19, 20, 21, 22, 23, 24, 25, 26, 27, 28, 29, 30, 31, 32, 33, 34, 35, 36, 37, 38, 39, 40, 41, 42, 43, 44, 45, 46, 47, 48, 49, 50, 51, 52, 53, 54, 55, 56, 57, 58, 59, 60, 61, 62, 63, 64, 65, 66, 67, 68, 69, 70, 71, 72, 73, 74, 75, 76, 77, 78, 79, 80, 81, 82, 83, 84, 85, 86, 87, 88, 89, 90, 91, 92, 93, 94, 95, 96, 97, 98, 99, 100, 101, 102, 103, 104, 105, 106, 107, 108, 109, 110, 111, 112, 113, 114, 115, 116, 117, 118, 119, 120, 121, 122, 123, 124, 125, 126, 127, 128, 129, 130, 131, 132, 133, 134, 135, 136, 137, 138, 139, 140, 141, 142, 143, 144, 145, 146, 147, 148, 149, 150, 151], [0, 1]]
