tree
version=v2
num_class=1
num_tree_per_iteration=1
label_index=0
max_feature_idx=22
objective=binary sigmoid:1
feature_names=n_1 c_table_1.c_1 c_table_1.c_2 n_table_1.n_2 c_table_1.c_3 c_table_1.c_4 n_table_1.n_5 n_table_1.n_6 n_table_1.n_7 n_table_1.n_8 n_table_1.n_9 n_table_1.n_10 n_table_1.n_11 n_table_1.n_12 n_table_1.n_15 n_table_1.n_16 n_table_1.n_17 n_table_1.n_18 n_table_1.n_19 n_table_1.n_20 n_table_1.n_25 n_table_1.n_26 n_table_1.n_27
feature_infos=[1:62.5] 1:0 3:0:5:36:20:4:21:8:11:62:25:56:33:44:1:31:30:153:18:69:2:28:85:135:6:35:40:43:54:61:98:9:38:49:176:55:87:84:26:42:101:155:80:137:149:19:52:39:51:27:47:177:57:58:59:125:34:63:75:94:102:113:13:29:83:103:132:151:14:15:23:66:76:88:90:99:108:114:169:180:93:126:134:171:24:68:78:95:112:117:121:127:138:139:154:158:159:10:16:53:67:97:107:109:111:123:133:166:175:182 [-49.719499999999996:81.200400000000002] 36:0:3:33:28:13:9:1:42:8:178:19:5:66:24:95:72:2:12:17:14:56:58:139:25:31:70:119:90:112:88:81:83:6:21:50:75:100:204:4:43:64:74:79:116:44:48:49:94:123:67:26:97:22:30:32:122:11:29:46:182:102:158:161:167:206:16:39:60:135:143:10:18:34:57:63:120:128:155:68:71:98:147:159:172:175:212:15:35:54:62:82:99:113:134:140:177:196:23:69:76:89:138:162:166:199:205:27:40:51:65:73:115:168:181:188:193:198:41:45:53:59:61:92:96:108:111:121:129:136:157:163:174:180:184:185:189:191:192:194:195:201 34:0:24:2:8:36:10:1:41:52:77:6:13:31:5:28:78:3:12:15:17:20:32:23:30:35:75:58:18:47:100:14:37:27:61:88:4:7:45:48:64:73:82:133:38:56:62:71:106:115:135:9:40:70:83:85:96:108:125:21:29:46:54:113:132:25:39:42:44:72:97:111:119:122:19:68:76:103:110:117:121:123:124:127:131:138 [1:24272.5] [1:46363] [1:3314.5] [1:703902] [1:2481850] [1:70] [1:6121] [1:7070.5] [1:423494] [1:245767] [1:448222] [1:441384] [1:1178200] [1:18856] [1:38.5] [1:121640] [1:151]
tree_sizes=1439 1563 1446 1340 1711 1139 1707 1223 1520 1138

Tree=0
num_leaves=18
num_cat=0
split_feature=17 0 21 0 19 12 22 10 22 22 15 13 19 10 3 21 6
split_gain=26.1614 15.769 5.77816 5.63578 2.70534 1.89087 2.55713 2.19584 1.24601 1.17566 0.977435 0.369029 0.348805 0.33025 0.144191 0.0413069 0.00292151
threshold=14869.000000000002 7.7500000000000009 94.750000000000014 16.750000000000004 138.25000000000003 6.2500000000000009 73.750000000000014 245096.50000000003 1.7500000000000002 40.750000000000007 82511.500000000015 257.50000000000006 8404.7500000000018 3785.5000000000005 37.776050000000005 18.250000000000004 3.2500000000000004
decision_type=2 2 2 2 2 2 2 2 2 2 2 2 2 2 2 2 2
left_child=2 5 3 9 -5 8 10 -8 16 11 -7 12 15 -12 -3 -1 -2
right_child=1 14 -4 4 -6 6 7 -9 -10 -11 13 -13 -14 -15 -16 -17 -18
leaf_value=-3.1950533403911217 -3.1496787487579443 -3.1372439314060441 -3.0784537357327992 -3.07904879840603 -3.1713234586573877 -3.1983623615394356 -3.0592604897854696 -3.1568912526580561 -3.0428452236449872 -3.1445489354024128 -3.1255923501709555 -3.1523190081791301 -3.1523190081791301 -3.1593187465602428 -2.8865555386573329 -3.1523190081791301 -3.1523190081791301
leaf_count=1377 29 20 49 89 35 88 39 21 32 25 32 20 21 23 40 31 29
internal_value=0 1.13898 -0.297803 -0.368479 0.482131 0.396809 0 0.685616 0.86719 -0.464147 -0.290591 -0.488518 -0.498255 0.00663003 2.873 -0.507891 0
internal_count=2000 353 1647 1598 124 293 203 60 90 1474 143 1449 1429 55 60 1408 58
shrinkage=1


Tree=1
num_leaves=21
num_cat=1
split_feature=21 0 0 10 18 3 7 10 10 1 7 19 8 19 19 16 7 19 10 19
split_gain=21.9506 7.74382 6.42135 5.56642 5.02135 2.1345 2.46878 4.76374 1.80738 1.10919 1.06608 0.999277 0.483719 1.91682 0.659911 0.378081 0.208878 0.0919312 0.0606253 0.00262516
threshold=4.7500000000000009 12.250000000000002 16.750000000000004 8452.0000000000018 101358.75000000001 35.268150000000013 684.25000000000011 1686.2500000000002 286.00000000000006 0 3.2500000000000004 372.25000000000006 4.7500000000000009 124.75000000000001 8404.7500000000018 172094.00000000003 59.500000000000007 309.25000000000006 64944.250000000007 97.000000000000014
decision_type=2 2 2 2 2 2 2 2 2 1 2 2 2 2 2 2 2 2 2 2
left_child=2 5 4 -3 9 18 7 8 -7 17 -4 -9 13 -11 -14 -13 -6 19 -2 -1
right_child=1 3 10 -5 16 6 -8 11 -10 12 -12 15 14 -15 -16 -17 -18 -19 -20 -21
leaf_value=0 -0.017163881565914158 0 0.06782683651539223 0.24541948786447543 0 0 0.12612362365070112 0.012540272045572324 0.10463753746418307 -0.034359048554040997 -0 -0.048044644985141736 -0.063503394368186181 0.029942295312646233 0 0 0.074464552544518212 0.015867515352991343 0 -0.002680833856974256
leaf_count=20 33 21 88 27 20 62 34 21 65 946 31 92 385 31 21 21 21 20 21 20
internal_value=0 0.965412 -0.287381 2.30915 -0.395176 0.480796 0.646964 0.270733 0.86628 -0.464678 0.61796 -0.267241 -0.495558 -0.354915 -0.719283 -0.479947 0.747327 0 -0.133339 -0
internal_count=2000 397 1603 48 1484 349 295 261 127 1443 119 134 1383 977 406 113 41 60 54 40
cat_boundaries=0 1
cat_threshold=2
shrinkage=0.0831216


Tree=2
num_leaves=18
num_cat=0
split_feature=17 0 0 22 6 7 17 6 18 6 10 18 14 17 16 6 17
split_gain=21.0504 10.2646 3.48107 3.01398 2.89793 2.23732 2.73129 2.39872 1.89714 4.25667 1.6699 0.547948 0.217002 0.0963928 0.0937346 0.0318156 0.00999509
threshold=14869.000000000002 7.7500000000000009 16.750000000000004 40.750000000000007 1.7500000000000002 684.25000000000011 39430.750000000007 45.250000000000007 4561.0000000000009 68.500000000000014 19.000000000000004 340875.50000000006 3.2500000000000004 196063.00000000003 43464.250000000007 25.750000000000004 119020.50000000001
decision_type=2 2 2 2 2 2 2 2 2 2 2 2 2 2 2 2 2
left_child=2 5 3 4 -1 6 7 14 12 -10 -4 -8 15 16 -2 -6 -13
right_child=1 -3 10 -5 8 -7 11 -9 9 -11 -12 13 -14 -15 -16 -17 -18
leaf_value=-0.041328204044767773 -0.014618318383132184 0.19027688927131742 0.054611285809209674 0.046203982389515175 -0.0051848586353795576 0.084280762136847168 -0.04281678878413793 0.097310693766495496 0.09430960508273252 -0.025820509361556405 -0.01487903067820039 0 -0.029787660295625604 -0.0097530275942742037 0.0025512972021029955 0.0073842700281463499 0.013541486539807563
leaf_count=1237 31 60 95 36 22 49 80 35 59 47 30 23 96 26 29 25 20
internal_value=0 1.00578 -0.258681 -0.340799 -0.393628 0.366013 0.021967 0.601059 0.0391565 0.497293 0.371951 -0.311279 -0.25317 0 -0 0 0.129124
internal_count=2000 353 1647 1522 1486 293 244 95 249 106 125 149 143 69 60 47 43
shrinkage=0.0831216


Tree=3
num_leaves=17
num_cat=2
split_feature=17 0 21 0 1 18 12 15 17 1 6 9 15 0 0 9
split_gain=18.2371 7.73099 4.28622 3.72746 1.81699 1.38984 1.58336 1.05972 0.817696 0.718698 0.572869 1.15426 0.38804 0.103639 0.602803 0.0158944
threshold=15400.750000000002 7.7500000000000009 94.750000000000014 16.750000000000004 0 101358.75000000001 6.2500000000000009 12925.750000000002 17.500000000000004 1 7.7500000000000009 138.25000000000003 102013.75000000001 19.750000000000004 24.250000000000004 12.250000000000002
decision_type=2 2 2 2 1 2 2 2 2 1 2 2 2 2 2 2
left_child=2 4 3 7 5 -2 -7 9 13 15 11 -8 -12 -5 -15 -1
right_child=1 -3 -4 8 -6 6 10 -9 -10 -11 12 -13 -14 14 -16 -17
leaf_value=-0 -0.032276253834983996 0.16607995076951884 0.061193362051429202 0.066195620099996383 0.088505504059792975 0.065644843901949232 -0.0080910629352772354 0.01100984158866997 -0 -0.036989064479801236 -0.033992179295200611 0.057764335176076882 0 -0.0082368986170454402 0.037992895385579366 0.0062849114959651993
leaf_count=43 57 58 49 22 25 51 25 22 38 1401 58 25 37 43 21 25
internal_value=0 0.943707 -0.234545 -0.30358 0.3383 0.0524977 0.291721 -0.392265 0.340341 -0.418493 -0 0.272729 -0.226105 0.537871 0.0339377 0
internal_count=2000 336 1664 1615 278 253 196 1491 124 1469 145 50 95 86 64 68
cat_boundaries=0 1 2
cat_threshold=1 2
shrinkage=0.0831216


Tree=4
num_leaves=23
num_cat=1
split_feature=21 0 18 0 10 0 18 14 19 10 16 1 19 8 19 8 19 7 14 19 16 15
split_gain=14.8413 4.42982 3.92658 3.73725 3.94713 1.57734 2.01494 2.50953 3.82664 1.67277 1.11801 0.894765 0.826884 0.822135 1.58433 0.765095 0.631332 0.182969 0.143437 0.0846059 0.0239633 0.00415041
threshold=4.7500000000000009 16.750000000000004 101358.75000000001 12.250000000000002 8452.0000000000018 4.7500000000000009 640451.50000000012 41129.500000000007 436.00000000000006 286.00000000000006 542.50000000000011 0 138.25000000000003 4.7500000000000009 124.75000000000001 100.75000000000001 8404.7500000000018 59.500000000000007 25468.000000000004 309.25000000000006 9964.0000000000018 7.0000000000000009
decision_type=2 2 2 2 2 2 2 2 2 2 2 1 2 2 2 2 2 2 2 2 2 2
left_child=1 2 11 5 -5 6 7 8 10 -9 -2 19 -3 14 -13 -10 -15 -4 -17 21 -7 -1
right_child=3 12 17 4 -6 20 -8 9 15 -11 -12 13 -14 16 -16 18 -18 -19 -20 -21 -22 -23
leaf_value=0 0 0.053547781228292887 0 -0 0.17420142808400152 0 -0.014788396830502799 0 -0.040003516846317866 0.12599589319911203 0.10556557751351271 -0.028583207550256628 -0 -0.060733581014914911 0.029349107048767392 0.015352218592365548 0 0.063245056869441055 -0.0022096621117928517 0.015173611342912879 -0.01367275903018066 -0.0033578860351092242
leaf_count=20 20 89 20 21 27 20 29 23 72 56 30 946 30 385 31 55 21 21 21 20 23 20
internal_value=0 -0.230201 -0.3327 0.769918 1.62479 0.39653 0.532349 0.671831 0.172438 1.25491 0.978817 -0.403637 0.476078 -0.434594 -0.282206 -0.193008 -0.682664 0.631748 0 0 -0.119089 -0
internal_count=2000 1603 1484 397 48 349 306 277 198 79 50 1443 119 1383 977 148 406 41 76 60 43 40
cat_boundaries=0 1
cat_threshold=2
shrinkage=0.0831216


Tree=5
num_leaves=15
num_cat=0
split_feature=17 17 10 21 8 20 8 14 22 16 19 16 15 8
split_gain=13.7945 3.66029 3.56874 3.54353 1.96792 2.06154 0.708991 1.74412 1.15547 0.494099 0.461695 0.407495 0.103368 0.00708895
threshold=14869.000000000002 235810.00000000003 245.50000000000003 94.750000000000014 669.25000000000011 9.2500000000000018 6.2500000000000009 396.25000000000006 40.750000000000007 17195.500000000004 8404.7500000000018 5440.0000000000009 41215.000000000007 300.25000000000006
decision_type=2 2 2 2 2 2 2 2 2 2 2 2 2 2
left_child=3 2 12 6 5 -4 7 -1 9 10 -8 -5 -2 -14
right_child=1 -3 4 11 -6 -7 8 -9 -10 -11 -12 -13 13 -15
leaf_value=-0.018371468373889834 -0.010162321859239704 -0.019453982697661343 0.1165348259837323 0.067590559348215645 -0 -0 -0.049856619464348294 0.041075678486611339 0.0055200921150694955 0 0 0 0.011736257548808342 0
leaf_count=1035 26 32 185 29 25 22 457 39 26 20 21 20 40 23
internal_value=0 0.781425 0.929031 -0.205318 1.16636 1.27966 -0.274276 -0.151502 -0.455177 -0.528869 -0.564053 0.648668 0 0.118814
internal_count=2000 353 321 1647 232 207 1598 1074 524 498 478 49 89 63
shrinkage=0.0831216


Tree=6
num_leaves=23
num_cat=0
split_feature=17 0 12 22 21 0 7 3 6 3 22 16 14 16 14 16 21 16 16 12 10 14
split_gain=11.1094 6.01036 3.49338 3.41119 3.19143 3.03972 1.32945 1.27508 0.970683 0.827602 0.827556 0.353411 0.346864 0.736917 0.421584 0.717806 0.270942 0.256696 0.0971263 0.184317 0.081546 0.0575899
threshold=14869.000000000002 15.250000000000002 4.7500000000000009 1.7500000000000002 94.750000000000014 16.750000000000004 684.25000000000011 35.806650000000012 16.750000000000004 50.80445000000001 40.750000000000007 5440.0000000000009 2436.2500000000005 1711.0000000000002 7270.0000000000009 90.250000000000014 13.750000000000002 17195.500000000004 133009.00000000003 9.2500000000000018 272.50000000000006 877.75000000000011
decision_type=2 2 2 2 2 2 2 2 2 2 2 2 2 2 2 2 2 2 2 2 2 2
left_child=4 2 3 20 5 10 9 -7 -8 -4 12 -6 16 14 15 -14 -1 -15 19 -11 -2 -9
right_child=1 -3 6 -5 11 7 8 21 -10 18 -12 -13 13 17 -16 -17 -18 -19 -20 -21 -22 -23
leaf_value=-0.035076859661168136 0.0078100576951943721 0.15693240447086365 -0.045490260815551027 0.11458807452018362 0.063097986683453303 0.049585973741073756 0.055840099455835339 -0.013668792678396949 -0 -0 0.0068015570506961614 0 -0 -0.036861404258262516 -0 0.054459983381005835 0 0 -0.0073776525062162644 0.024244846414886043 -0.011098681878031693 0
leaf_count=1229 43 23 86 46 29 77 27 27 28 31 25 20 44 79 22 32 21 22 22 26 21 20
internal_value=0 0.681369 0.315157 0.839258 -0.188321 -0.256484 -0 0.30977 0.351138 -0.287077 -0.345951 0.609659 -0.372328 -0.0155329 0.174041 0.36306 -0.410257 -0.339752 0 0.132707 -0 -0.0752616
internal_count=2000 353 330 110 1647 1598 220 124 55 165 1474 49 1449 199 98 76 1250 101 79 57 64 47
shrinkage=0.0831216


Tree=7
num_leaves=16
num_cat=0
split_feature=21 15 17 3 0 14 19 22 8 19 19 3 7 19 7
split_gain=9.83654 4.89818 3.97815 3.6203 3.08814 1.40117 1.22819 1.17859 0.754041 1.7205 1.07378 0.724623 0.533197 0.058616 0.00468024
threshold=94.750000000000014 8437.0000000000018 235810.00000000003 35.268150000000013 16.750000000000004 85218.250000000015 138.25000000000003 19.750000000000004 6.2500000000000009 124.75000000000001 3102.2500000000005 47.783600000000014 403.75000000000006 826.00000000000011 16.750000000000004
decision_type=2 2 2 2 2 2 2 2 2 2 2 2 2 2 2
left_child=1 4 3 -2 7 11 -6 8 9 -1 -10 -3 13 -9 -8
right_child=2 5 -4 -5 6 -7 14 12 10 -11 -12 -13 -14 -15 -16
leaf_value=-0.024781958285280854 -0 0 -0.019217800488035151 0.10728596705577105 0.046940348701163398 -0 -0.0082580161054643508 0.039738754925199023 -0.055646489796683921 0.031625675486514425 0 0.088869848314705402 -0.0073071988057183089 0 -0
leaf_count=956 44 53 32 141 89 34 20 22 419 45 33 48 24 20 20
internal_value=0 -0.126186 0.815807 1.02967 -0.233478 0.589479 0.311223 -0.325636 -0.367644 -0.220361 -0.585043 0.799647 0.101265 0.397515 -0.077547
internal_count=2000 1783 217 185 1648 135 129 1519 1453 1001 452 101 66 42 40
shrinkage=0.0831216


Tree=8
num_leaves=20
num_cat=0
split_feature=15 21 15 15 6 3 10 12 7 8 19 12 19 3 13 17 3 7 3
split_gain=8.26394 4.09034 4.08965 2.96469 2.52061 1.75917 1.47844 1.07543 2.114 0.874536 1.66804 1.18187 0.621589 0.372537 0.694779 0.193522 0.143947 0.0977925 0.0255575
threshold=8437.0000000000018 208.00000000000003 2813.5000000000005 102013.75000000001 180.25000000000003 35.268150000000013 245.50000000000003 12.250000000000002 148.00000000000003 6.2500000000000009 124.75000000000001 3.2500000000000004 8404.7500000000018 46.924550000000004 40.750000000000007 11.500000000000002 42.070050000000002 52.750000000000007 53.202450000000006
decision_type=2 2 2 2 2 2 2 2 2 2 2 2 2 2 2 2 2 2 2
left_child=1 7 -3 4 5 -2 -7 8 9 10 18 12 -11 -10 -15 -9 -13 -5 -1
right_child=3 2 -4 17 -6 6 -8 15 13 11 -12 16 -14 14 -16 -17 -18 -19 -20
leaf_value=-0.014257995358301136 -0 0.091869676760387806 -0.023305646614087579 0 -0 0.0025703426572156107 0.12166847429571319 -0 0.056980825273194639 -0.060247608082046329 0.04657051322853769 -0.0075862392395981571 0 -0.021447441713291868 0.034366422155481031 -0.050680241271172134 0.015863952426892505 -0.015180185500513364 -0
leaf_count=996 21 47 31 31 28 48 96 35 20 204 31 26 21 37 26 197 48 27 30
internal_value=0 -0.121215 0.600169 0.709895 0.926484 1.09998 1.23596 -0.213181 -0.127127 -0.203505 -0.0920557 -0.465632 -0.640303 0.429536 0 -0.554014 0 -0.00944019 -0.166977
internal_count=2000 1749 78 251 193 165 144 1671 1439 1356 1057 299 225 83 63 232 74 58 1026
shrinkage=0.0831216


Tree=9
num_leaves=14
num_cat=1
split_feature=2 14 3 6 3 6 7 8 7 16 7 16 3
split_gain=7.12677 8.17608 2.98262 2.65068 1.42869 1.23254 1.10502 0.554762 0.532823 0.504111 0.283383 0.207333 0.0895195
threshold=0 243.25000000000003 35.258400000000002 332.50000000000006 40.003350000000005 25.750000000000004 51.250000000000007 1.7500000000000002 42.250000000000007 6104.5000000000009 48.250000000000007 3871.7500000000005 69.507800000000017
decision_type=5 2 2 2 2 2 2 2 2 2 2 2 2
left_child=4 5 9 6 11 7 8 -2 -4 -3 -7 -1 -6
right_child=1 2 3 -5 12 10 -8 -9 -10 -11 -12 -13 -14
leaf_value=-0.013423941794451907 0 0.013836109377754077 0.042929346929020222 -0.010424562619577948 -0.059483931769609921 0.025667122718334559 0.10208729296678903 -0.055289933148971376 -0 -0.028086409843808613 -0.0020174757422375517 0 -0
leaf_count=1000 22 35 229 24 178 27 168 162 20 43 21 23 48
internal_value=0 0.322825 0.69512 0.826583 -0.220016 -0.360655 0.91166 -0.570691 0.447144 -0 0.0408025 -0.138572 -0.652871
internal_count=2000 751 519 441 1249 232 417 184 249 78 48 1023 226
cat_boundaries=0 3
cat_threshold=2150891603 16777232 32
shrinkage=0.0831216


end of trees

feature importances:
n_table_1.n_20=19
n_1=16
n_table_1.n_2=13
n_table_1.n_6=13
n_table_1.n_17=13
n_table_1.n_9=12
n_table_1.n_18=12
n_table_1.n_5=10
n_table_1.n_26=10
n_table_1.n_7=9
n_table_1.n_15=9
n_table_1.n_16=9
n_table_1.n_27=8
n_table_1.n_11=6
n_table_1.n_19=6
c_table_1.c_1=4
n_table_1.n_8=2
n_table_1.n_12=2
c_table_1.c_2=1
n_table_1.n_25=1

parameters:
[boosting: gbdt]
[objective: binary]
[metric: auc]
[tree_learner: serial]
[device_type: cpu]
[data: ]
[valid: ]
[num_iterations: 100]
[learning_rate: 0.0831216]
[num_leaves: 77]
[num_threads: 4]
[max_depth: 8]
[min_data_in_leaf: 20]
[min_sum_hessian_in_leaf: 0.668656]
[bagging_fraction: 0.5]
[bagging_freq: 88]
[bagging_seed: 3]
[feature_fraction: 0.7]
[feature_fraction_seed: 2]
[early_stopping_round: 0]
[max_delta_step: 0]
[lambda_l1: 0.719024]
[lambda_l2: 1.75537]
[min_gain_to_split: 0]
[drop_rate: 0.1]
[max_drop: 50]
[skip_drop: 0.5]
[xgboost_dart_mode: 0]
[uniform_drop: 0]
[drop_seed: 4]
[top_rate: 0.2]
[other_rate: 0.1]
[min_data_per_group: 100]
[max_cat_threshold: 32]
[cat_l2: 10]
[cat_smooth: 10]
[max_cat_to_onehot: 4]
[top_k: 20]
[monotone_constraints: ]
[feature_contri: ]
[forcedsplits_filename: ]
[refit_decay_rate: 0.9]
[verbosity: -1]
[max_bin: 255]
[min_data_in_bin: 3]
[bin_construct_sample_cnt: 200000]
[histogram_pool_size: -1]
[data_random_seed: 1]
[output_model: LightGBM_model.txt]
[snapshot_freq: -1]
[input_model: ]
[output_result: LightGBM_predict_result.txt]
[initscore_filename: ]
[valid_data_initscores: ]
[pre_partition: 0]
[enable_bundle: 1]
[max_conflict_rate: 0]
[is_enable_sparse: 1]
[sparse_threshold: 0.8]
[use_missing: 1]
[zero_as_missing: 0]
[two_round: 0]
[save_binary: 0]
[enable_load_from_binary_file: 1]
[header: 0]
[label_column: ]
[weight_column: ]
[group_column: ]
[ignore_column: ]
[categorical_feature: ]
[predict_raw_score: 0]
[predict_leaf_index: 0]
[predict_contrib: 0]
[num_iteration_predict: -1]
[pred_early_stop: 0]
[pred_early_stop_freq: 10]
[pred_early_stop_margin: 10]
[convert_model_language: ]
[convert_model: gbdt_prediction.cpp]
[num_class: 1]
[is_unbalance: 0]
[scale_pos_weight: 1]
[sigmoid: 1]
[boost_from_average: 1]
[reg_sqrt: 0]
[alpha: 0.9]
[fair_c: 1]
[poisson_max_delta_step: 0.7]
[tweedie_variance_power: 1.5]
[max_position: 20]
[label_gain: ]
[metric_freq: 1]
[is_provide_training_metric: 0]
[eval_at: ]
[num_machines: 1]
[local_listen_port: 12400]
[time_out: 120]
[machine_list_filename: ]
[machines: ]
[gpu_platform_id: -1]
[gpu_device_id: -1]
[gpu_use_dp: 0]

end of parameters

pandas_categorical:[[0, 1, 2], [0, 1, 2, 3, 4, 5, 6, 7, 8, 9, 10, 11, 12, 13, 14, 15, 16, 17, 18, 19, 20, 21, 22, 23, 24, 25, 26, 27, 28, 29, 30, 31, 32, 33, 34, 35, 36, 37, 38, 39, 40, 41, 42, 43, 44, 45, 46, 47, 48, 49, 50, 51, 52, 53, 54, 55, 56, 57, 58, 59, 60, 61, 62, 63, 64, 65, 66, 67, 68, 69, 70, 71, 72, 73, 74, 75, 76, 77, 78, 79, 80, 81, 82, 83, 84, 85, 86, 87, 88, 89, 90, 91, 92, 93, 94, 95, 96, 97, 98, 99, 100, 101, 102, 103, 104, 105, 106, 107, 108, 109, 110, 111, 112, 113, 114, 115, 116, 117, 118, 119, 120, 121, 122, 123, 124, 125, 126, 127, 128, 129, 130, 131, 132, 133, 134, 135, 136, 137, 138, 139, 140, 141, 142, 143, 144, 145, 146, 147, 148, 149, 150, 151, 152, 153, 154, 155, 156, 157, 158, 159, 160, 161, 162, 163, 164, 165, 166, 167, 168, 169, 170, 171, 172, 173, 174, 175, 176, 177, 178, 179, 180, 181, 182, 183, 184], [0, 1, 2, 3, 4, 5, 6, 7, 8, 9, 10, 11, 12, 13, 14, 15, 16, 17, 18, 19, 20, 21, 22, 23, 24, 25, 26, 27, 28, 29, 30, 31, 32, 33, 34, 35, 36, 37, 38, 39, 40, 41, 42, 43, 44, 45, 46, 47, 48, 49, 50, 51, 52, 53, 54, 55, 56, 57, 58, 59, 60, 61, 62, 63, 64, 65, 66, 67, 68, 69, 70, 71, 72, 73, 74, 75, 76, 77, 78, 79, 80, 81, 82, 83, 84, 85, 86, 87, 88, 89, 90, 91, 92, 93, 94, 95, 96, 97, 98, 99, 100, 101, 102, 103, 104, 105, 106, 107, 108, 109, 110, 111, 112, 113, 114, 115, 116, 117, 118, 119, 120, 121, 122, 123, 124, 125, 126, 127, 128, 129, 130, 131, 132, 133, 134, 135, 136, 137, 138, 139, 140, 141, 142, 143, 144, 145, 146, 147, 148, 149, 150, 151, 152, 153, 154, 155, 156, 157, 158, 159, 160, 161, 162, 163, 164, 165, 166, 167, 168, 169, 170, 171, 172, 173, 174, 175, 176, 177, 178, 179, 180, 181, 182, 183, 184, 185, 186, 187, 188, 189, 190, 191, 192, 193, 194, 195, 196, 197, 198, 199, 200, 201, 202, 203, 204, 205, 206, 207, 208, 209, 210, 211, 212, 213, 214, 215, 216], [0, 1, 2, 3, 4, 5, 6, 7, 8, 9, 10, 11, 12, 13, 14, 15, 16, 17, 18, 19, 20, 21, 22, 23, 24, 25, 26, 27, 28, 29, 30, 31, 32, 33, 34, 35, 36, 37, 38, 39, 40, 41, 42, 43, 44, 45, 46, 47, 48, 49, 50, 51, 52, 53, 54, 55, 56, 57, 58, 59, 60, 61, 62, 63, 64, 65, 66, 67, 68, 69, 70, 71, 72, 73, 74, 75, 76, 77, 78, 79, 80, 81, 82, 83, 84, 85, 86, 87, 88, 89, 90, 91, 92, 93, 94, 95, 96, 97, 98, 99, 100, 101, 102, 103, 104, 105, 106, 107, 108, 109, 110, 111, 112, 113, 114, 115, 116, 117, 118, 119, 120, 121, 122, 123, 124, 125, 126, 127, 128, 129, 130, 131, 132, 133, 134, 135, 136, 137, 138]]
