tree
version=v2
num_class=1
num_tree_per_iteration=1
label_index=0
max_feature_idx=22
objective=binary sigmoid:1
feature_names=n_1 c_table_1.c_1 c_table_1.c_2 n_table_1.n_2 c_table_1.c_3 c_table_1.c_4 n_table_1.n_5 n_table_1.n_6 n_table_1.n_7 n_table_1.n_8 n_table_1.n_9 n_table_1.n_10 n_table_1.n_11 n_table_1.n_12 n_table_1.n_15 n_table_1.n_16 n_table_1.n_17 n_table_1.n_18 n_table_1.n_19 n_table_1.n_20 n_table_1.n_25 n_table_1.n_26 n_table_1.n_27
feature_infos=[1:62.5] 1:0 3:0:5:36:20:4:21:8:11:62:25:56:33:44:1:31:30:153:18:69:2:28:85:135:6:35:40:43:54:61:98:9:38:49:176:55:87:84:26:42:101:155:80:137:149:19:52:39:51:27:47:177:57:58:59:125:34:63:75:94:102:113:13:29:83:103:132:151:14:15:23:66:76:88:90:99:108:114:169:180:93:126:134:171:24:68:78:95:112:117:121:127:138:139:154:158:159:10:16:53:67:97:107:109:111:123:133:166:175:182 [-49.719499999999996:81.200400000000002] 36:0:3:33:28:13:9:1:42:8:178:19:5:66:24:95:72:2:12:17:14:56:58:139:25:31:70:119:90:112:88:81:83:6:21:50:75:100:204:4:43:64:74:79:116:44:48:49:94:123:67:26:97:22:30:32:122:11:29:46:182:102:158:161:167:206:16:39:60:135:143:10:18:34:57:63:120:128:155:68:71:98:147:159:172:175:212:15:35:54:62:82:99:113:134:140:177:196:23:69:76:89:138:162:166:199:205:27:40:51:65:73:115:168:181:188:193:198:41:45:53:59:61:92:96:108:111:121:129:136:157:163:174:180:184:185:189:191:192:194:195:201 34:0:24:2:8:36:10:1:41:52:77:6:13:31:5:28:78:3:12:15:17:20:32:23:30:35:75:58:18:47:100:14:37:27:61:88:4:7:45:48:64:73:82:133:38:56:62:71:106:115:135:9:40:70:83:85:96:108:125:21:29:46:54:113:132:25:39:42:44:72:97:111:119:122:19:68:76:103:110:117:121:123:124:127:131:138 [1:24272.5] [1:46363] [1:3314.5] [1:703902] [1:2481850] [1:70] [1:6121] [1:7070.5] [1:423494] [1:245767] [1:448222] [1:441384] [1:1178200] [1:18856] [1:38.5] [1:121640] [1:151]
tree_sizes=1002 1269 1472 1255 1313 1555 1517 1740 1530 1388 1318

Tree=0
num_leaves=12
num_cat=0
split_feature=18 0 0 21 13 12 0 8 3 10 0
split_gain=35.4089 13.4828 8.30134 8.04276 3.96577 5.85177 1.43369 2.85529 1.64905 2.45761 0.851292
threshold=92375.500000000015 16.750000000000004 7.7500000000000009 94.750000000000014 551.50000000000011 75.250000000000014 1.7500000000000002 141.25000000000003 44.704800000000006 16.750000000000004 22.750000000000004
decision_type=2 2 2 2 2 2 2 2 2 2 2
left_child=1 3 4 6 -2 -6 7 8 9 -1 -3
right_child=2 10 -4 -5 5 -7 -8 -9 -10 -11 -12
leaf_value=-3.2061315619069513 -2.9593936909152196 -2.9637940657995903 -2.7381250841886495 -3.0276478593989626 -3.2476923739176491 -3.0098832828820958 -3.2508746976117462 -3.0990811099901752 -3.2650195674419074 -3.0916356908955036 -3.1107343810865049
leaf_count=906 148 86 50 88 73 68 517 96 228 74 66
internal_value=0 -0.259307 1.42372 -0.381163 0.863665 0.157671 -0.459388 -0.348171 -0.417251 -0.301886 1.03562
internal_count=2400 2061 339 1909 289 141 1821 1304 1208 980 152
shrinkage=1


Tree=1
num_leaves=15
num_cat=1
split_feature=18 0 19 21 6 19 18 3 1 8 3 14 0 0
split_gain=24.7481 10.3093 7.76051 6.34643 3.47723 2.63907 2.21637 2.64123 1.38868 0.940789 1.75344 1.59834 0.411638 0.312419
threshold=92375.500000000015 16.750000000000004 1644.2500000000002 94.750000000000014 158.50000000000003 8137.7500000000009 154410.00000000003 36.418150000000004 0 4.7500000000000009 69.507800000000017 1.7500000000000002 22.750000000000004 1.7500000000000002
decision_type=2 2 2 2 2 2 2 2 1 2 2 2 2 2
left_child=1 3 -2 8 5 6 -4 -8 -1 11 -11 13 -3 -10
right_child=2 12 4 -5 -6 -7 7 -9 9 10 -12 -13 -14 -15
leaf_value=0.021230480158282303 0.33096185029188363 0.14826923434197764 0.026577129368428688 0.10253621565710495 -0.047330966700770652 -0.0080279341614034813 0.029837438388109143 0.26019746474724581 -0.043857755614876454 -0.10665809451319386 0.0087492618325392679 0.039352540800164364 0.036751358141072693 -0.081672473543612692
leaf_count=81 61 86 63 88 48 52 42 73 824 483 66 71 66 296
internal_value=0 -0.229748 1.10371 -0.346456 0.613558 0.841037 1.07012 1.39824 -0.422966 -0.454762 -0.646827 -0.345934 0.842716 -0.396366
internal_count=2400 2061 339 1909 278 230 178 115 1821 1740 549 1191 152 1120
cat_boundaries=0 1
cat_threshold=2
shrinkage=0.142097


Tree=2
num_leaves=18
num_cat=0
split_feature=17 0 13 11 0 9 14 14 17 8 18 17 13 13 8 0 18
split_gain=21.1185 14.8078 3.90207 4.26459 2.91868 2.92007 4.826 2.82725 1.78546 1.47761 5.51132 0.841875 0.705766 0.512925 0.355885 0.350252 0.133341
threshold=11903.500000000002 13.750000000000002 518.50000000000011 7.7500000000000009 16.750000000000004 4.7500000000000009 243.25000000000003 41129.500000000007 17.500000000000004 10.750000000000002 1552.7500000000002 36539.500000000007 1477.0000000000002 54.250000000000007 251.50000000000003 1.7500000000000002 3.2500000000000004
decision_type=2 2 2 2 2 2 2 2 2 2 2 2 2 2 2 2 2
left_child=4 2 7 12 5 9 -7 11 -6 10 15 -2 -4 14 -11 16 -1
right_child=1 -3 3 -5 8 6 -8 -9 -10 13 -12 -13 -14 -15 -16 -17 -18
leaf_value=-0.03367010082739285 0.076323184853213002 0.37847473327053205 -0.10432613085660095 0.11765147848474231 0.085702037503010295 -0.085467712086776115 0.13366378982764526 0.1973726245097514 -0.043198989816448749 -0.11622339947598617 0.12683375242180828 -0.0072592405513644378 -0 -0.012382904887067021 -0.028564680728311427 -0.078685370815861563 -0.079389796845491897
leaf_count=814 107 40 85 40 100 64 84 71 42 298 63 63 38 57 76 305 53
internal_value=0 0.851184 0.442266 -0.0951815 -0.252416 -0.319787 0.306675 0.782763 0.311804 -0.385986 -0.271615 0.310153 -0.538333 -0.651281 -0.724726 -0.368977 -0.283566
internal_count=2400 444 404 163 1956 1814 148 241 142 1666 1235 170 123 431 374 1172 867
shrinkage=0.142097


Tree=3
num_leaves=15
num_cat=0
split_feature=15 15 21 15 12 8 18 18 14 12 12 18 12 8
split_gain=17.2043 5.87426 5.77667 6.34962 4.70132 3.02762 1.70051 2.41791 4.87164 3.62499 3.03115 2.17613 0.408844 0.328902
threshold=8437.0000000000018 97042.000000000015 208.00000000000003 2425.0000000000005 57.250000000000007 64.750000000000014 101358.75000000001 13097.500000000002 396.25000000000006 115.75000000000001 3.2500000000000004 3.2500000000000004 3.2500000000000004 1.7500000000000002
decision_type=2 2 2 2 2 2 2 2 2 2 2 2 2 2
left_child=2 4 6 -4 5 -2 7 8 11 10 -10 13 -7 -1
right_child=1 -3 3 -5 -6 12 -8 -9 9 -11 -12 -13 -14 -15
leaf_value=-0.025892096221885645 -0.043041227534699397 -0.020212897575593115 0.21536172517007995 -0.051027721783056222 0.2771265752202493 0.1502859206969985 0.058226195368815639 -0.11014709242693319 0.0034703859709442121 -0.039855191802120445 0.21145866238054326 -0.1096894507929171 0.029767253899436807 -0.071596854953476119
leaf_count=1176 42 74 46 48 70 76 38 225 67 88 57 243 43 107
internal_value=0 0.909605 -0.189806 0.726903 1.21013 0.566273 -0.267436 -0.298557 -0.216467 0.44181 0.899806 -0.329873 0.881035 -0.224253
internal_count=2400 305 2095 94 231 161 2001 1963 1738 212 124 1526 119 1283
shrinkage=0.142097


Tree=4
num_leaves=16
num_cat=0
split_feature=15 19 0 0 21 19 10 18 18 14 18 14 19 19 15
split_gain=12.3789 5.51757 4.49601 4.33396 3.01892 3.84745 2.17623 2.02773 2.05017 4.09989 2.37311 1.7984 1.69092 1.34392 0.59317
threshold=8437.0000000000018 3902.5000000000005 16.750000000000004 12.250000000000002 226.75000000000003 856.00000000000011 9602.5000000000018 101358.75000000001 13097.500000000002 396.25000000000006 4561.0000000000009 25966.000000000004 3.2500000000000004 6656.5000000000009 144.25000000000003
decision_type=2 2 2 2 2 2 2 2 2 2 2 2 2 2 2
left_child=2 3 4 6 7 -6 11 8 9 12 -11 -2 -1 -3 -4
right_child=1 13 14 -5 5 -7 -8 -9 -10 10 -12 -13 -14 -15 -16
leaf_value=-0.038262768904204415 0.028017876620279384 -0.064076553874291814 0.087187141362207787 0.30263396186864616 0.14919646841305478 -0.053861182474869262 -0.016793960391238691 0.06091668903923099 -0.11977399306184276 -0.0055722562488807765 0.14027601198117695 0.18089859856427767 -0.1096166171371673 0.046903313762090122 -0
leaf_count=1129 71 48 117 22 43 45 48 36 212 139 49 51 289 65 36
internal_value=0 0.733506 -0.168563 1.09876 -0.25582 0.408288 0.614153 -0.318548 -0.356991 -0.272606 0.362342 0.857083 -0.385408 -0.0348831 0.485335
internal_count=2400 305 2095 192 1942 88 170 1854 1818 1606 188 122 1418 113 153
shrinkage=0.142097


Tree=5
num_leaves=19
num_cat=0
split_feature=17 8 16 11 6 22 6 7 8 18 10 10 13 16 15 16 7 18
split_gain=9.96152 3.85306 3.59141 2.86636 2.06731 1.97961 1.85157 3.35146 3.01716 2.47838 1.67901 1.47606 1.37609 2.55685 0.453398 0.223553 0.213368 0.0649907
threshold=11903.500000000002 568.00000000000011 69558.250000000015 1.7500000000000002 40.750000000000007 40.750000000000007 1.7500000000000002 79.000000000000014 1.7500000000000002 700.75000000000011 1128.2500000000002 152.50000000000003 253.00000000000003 15788.500000000002 11803.750000000002 43464.250000000007 87.250000000000014 3.2500000000000004
decision_type=2 2 2 2 2 2 2 2 2 2 2 2 2 2 2 2 2 2
left_child=5 2 3 11 -4 6 8 9 17 -8 -11 15 13 -13 -5 -2 -9 -1
right_child=1 -3 4 14 -6 -7 7 16 -10 10 -12 12 -14 -15 -16 -17 -18 -19
leaf_value=-0.020028753027545709 -0.01217520330696116 -0.059824647679004431 0.063472663292759135 0.067773411428291366 -0.088512276614153201 0.080935843389295256 -0.038052394456971998 -0.011773903723056207 -0.10598150727444593 0.17495390538505365 0.010497564735538058 0.0096405150294820666 0.014190514261278458 0.20525986248968467 0.25644500475368315 0.034991536006428466 -0.08757636731881295 -0.048963435498027293
leaf_count=1176 59 57 34 40 44 41 71 63 353 53 47 43 59 47 29 32 78 74
internal_value=0 0.529649 0.663657 0.845734 -0.101347 -0.189329 -0.225184 0.115135 -0.304629 0.518869 0.833111 0.513745 0.738685 0.9947 1.47918 0.0441724 -0.451337 -0.166028
internal_count=2400 444 387 309 78 1956 1915 312 1603 171 100 240 149 90 69 91 141 1250
shrinkage=0.142097


Tree=6
num_leaves=18
num_cat=1
split_feature=2 17 0 10 13 3 12 0 12 17 13 0 8 8 3 12 7
split_gain=7.86334 4.93241 7.27054 3.2989 2.63538 2.46905 2.58094 2.27049 1.52498 2.23895 1.77829 1.2394 0.995857 1.44458 0.765869 0.966327 0.558729
threshold=0 562.75000000000011 18.250000000000004 41.500000000000007 239.50000000000003 35.268150000000013 160.00000000000003 16.750000000000004 1.7500000000000002 36539.500000000007 1.7500000000000002 1.7500000000000002 54.250000000000007 3.2500000000000004 62.23725000000001 6.2500000000000009 28.750000000000004
decision_type=5 2 2 2 2 2 2 2 2 2 2 2 2 2 2 2 2
left_child=7 12 3 -3 8 -6 -7 11 10 -10 -5 14 13 -2 15 16 -1
right_child=1 2 -4 4 5 6 -8 -9 9 -11 -12 -13 -14 -15 -16 -17 -18
leaf_value=-0.031018383337221563 0.028032509877101677 -0.063778603713703544 0.27369913230384402 0.11101612545302857 -0.088004887036204987 -0.0029407859108556344 0.14933400251004422 0.039730334569730394 0.21224574501029561 0.018724938503939841 -0.01111517271030624 -0.086664854258501511 0.02607934686735779 -0.089381347249983006 0.034732034910019076 -0.099886035043561555 0.02965867101131138
leaf_count=862 53 95 29 54 38 105 20 101 73 38 79 397 108 155 62 91 40
internal_value=0 0.307707 0.592993 0.378691 0.508295 0.0849893 0.357636 -0.220488 0.77902 1.12711 0.341154 -0.335443 -0.171277 -0.375073 -0.219045 -0.259358 -0.176895
internal_count=2400 847 531 502 407 163 125 1553 244 111 133 1452 316 208 1055 993 902
cat_boundaries=0 3
cat_threshold=2148794459 16777232 32
shrinkage=0.142097


Tree=7
num_leaves=21
num_cat=1
split_feature=2 14 0 19 15 3 0 7 19 14 14 3 19 19 8 19 3 0 15 0
split_gain=7.91858 5.66586 4.52546 4.30174 3.58199 2.83769 2.51052 2.01541 2.01519 1.46575 1.74135 1.54869 1.09726 1.31029 0.845027 0.750604 0.703367 0.518116 0.0100663 0.00289141
threshold=0 243.25000000000003 15.250000000000002 568.00000000000011 26465.500000000004 3.1180950000000003 16.750000000000004 59.500000000000007 517.75000000000011 47644.000000000007 9882.2500000000018 35.268150000000013 309.25000000000006 136.00000000000003 4.7500000000000009 361.75000000000006 69.507800000000017 10.750000000000002 102013.75000000001 1.7500000000000002
decision_type=5 2 2 2 2 2 2 2 2 2 2 2 2 2 2 2 2 2 2 2
left_child=5 15 3 12 9 6 17 18 -4 10 -5 -11 13 -3 -7 -2 -16 19 -6 -1
right_child=1 2 8 4 7 14 -8 -9 -10 11 -12 -13 -14 -15 16 -17 -18 -19 -20 -21
leaf_value=-0.016829653836339616 -0.081203515743714871 0.11294029205603665 0.033846052483660162 0.0078736878535898298 0.00030168771062600821 0 0.07009443742780673 0.16482871178641789 0.25499532344404036 -0.045255687525696149 -0.11273842857479353 0.087013045746521495 0.19748273151915716 -0.01291299472082722 -0.11602279706041199 0.0030866399415391751 -0.012223541608068596 -0.08374543634221418 0.021858071429783514 -0.032567502003855539
leaf_count=829 155 45 30 64 44 58 83 35 21 30 98 26 54 52 297 86 63 81 38 211
internal_value=0 0.316595 0.575816 0.367707 0.0923813 -0.215815 -0.103369 0.598097 1.38048 -0.22633 -0.460938 0.184757 0.960515 0.393193 -0.620774 -0.361079 -0.7082 -0.203553 0.109453 -0.15017
internal_count=2400 778 537 486 335 1622 1204 117 51 218 162 56 151 97 418 241 360 1121 82 1040
cat_boundaries=0 5
cat_threshold=2148794715 25165840 2097184 0 128
shrinkage=0.142097


Tree=8
num_leaves=18
num_cat=1
split_feature=15 21 19 11 13 4 19 10 10 12 12 15 3 6 11 3 13
split_gain=4.96226 3.03764 3.61651 2.42339 2.43789 1.72543 3.41957 1.53156 1.35572 1.44308 3.24001 1.32474 0.827972 0.683233 0.457522 0.0878366 0.0107625
threshold=8437.0000000000018 208.00000000000003 856.00000000000011 3.2500000000000004 551.50000000000011 0 3.2500000000000004 152.50000000000003 1081.0000000000002 9.2500000000000018 1.7500000000000002 116.50000000000001 55.193350000000002 46.750000000000007 1.7500000000000002 50.80445000000001 2158.0000000000005
decision_type=2 2 2 2 2 5 2 2 2 2 2 2 2 2 2 2 2
left_child=1 5 -3 4 7 11 -7 15 -8 10 -10 14 -6 -9 -1 -2 -5
right_child=3 2 -4 16 12 6 8 13 9 -11 -12 -13 -14 -15 -16 -17 -18
leaf_value=-0.041381519021890648 0.016670520666577333 0.14384958927015232 -0.048492863745726179 0.17457481512454187 -0.089515246395140191 -0.010749783853382077 -0.11647985788258983 0.033484174596253316 -0.064578172008913859 -0.092434631572971923 0.12171287958346302 0.10038869310044217 0.0075531648215609809 0.15281657980564783 0.027644290411605793 -0.012119625507940343 0.056705568456504027
leaf_count=80 48 47 47 21 50 1201 378 42 88 74 47 61 47 27 72 44 26
internal_value=0 -0.108133 0.510834 0.434195 0.197511 -0.175261 -0.219438 0.442377 -0.600782 -0.197806 0.118307 0.159824 -0.326452 0.746766 -0.00844268 0.0133452 0.977093
internal_count=2400 2095 94 305 258 2001 1788 161 587 209 135 213 97 69 152 92 47
cat_boundaries=0 6
cat_threshold=131086 16 256 65536 0 262144
shrinkage=0.142097


Tree=9
num_leaves=17
num_cat=0
split_feature=17 14 8 16 6 22 8 6 12 8 14 12 16 6 15 15
split_gain=4.89081 2.01476 1.25872 1.25118 2.86967 1.18438 1.21021 1.61148 1.57819 1.57103 1.51711 1.06736 1.15922 0.39806 0.3759 0.349661
threshold=11903.500000000002 67385.500000000015 451.00000000000006 64668.250000000007 22.750000000000004 40.750000000000007 6.2500000000000009 1.7500000000000002 49.000000000000007 70.750000000000014 396.25000000000006 258.25000000000006 36612.250000000007 27.250000000000004 42079.750000000007 12586.750000000002
decision_type=2 2 2 2 2 2 2 2 2 2 2 2 2 2 2 2
left_child=5 2 3 4 15 6 10 -8 13 -10 -1 12 14 -9 -3 -2
right_child=1 11 -4 -5 -6 -7 7 8 9 -11 -12 -13 -14 -15 -16 -17
leaf_value=-0.017300399569698029 -0 -0.020673763204887265 -0.011252198263486543 -0.0053058388033454425 0.16454982215402797 0.059926941782533889 -0.094542683821164666 -0.0086085126853028774 0.10955992728416052 -0.0230435582126556 0.074340253990226118 0.064381963002077644 -0.0895359044181879 -0.08834207595330279 0.041087017266091846 0.054747283721816822
leaf_count=1257 68 30 45 34 95 41 334 96 20 80 46 21 57 82 40 54
internal_value=0 0.358542 0.536946 0.62759 0.722776 -0.134883 -0.166543 -0.370225 -0.0705922 0.30025 -0.0625632 -0.0119448 -0.206269 -0.393376 0.0722458 0.227729
internal_count=2400 444 296 251 217 1956 1915 612 278 100 1303 148 127 178 70 122
shrinkage=0.142097


Tree=10
num_leaves=16
num_cat=1
split_feature=2 14 14 15 14 15 10 10 10 10 14 10 7 11 15
split_gain=5.0679 3.20521 1.62017 1.27931 1.55296 2.67008 1.20227 1.85565 1.29749 1.16037 1.11982 2.04865 0.391938 0.204173 0.178918
threshold=0 243.25000000000003 830.50000000000011 24615.250000000004 25966.000000000004 97042.000000000015 8452.0000000000018 1523.5000000000002 41.500000000000007 21855.250000000004 3.2500000000000004 46650.250000000007 13.750000000000002 6.2500000000000009 16250.500000000002
decision_type=5 2 2 2 2 2 2 2 2 2 2 2 2 2 2
left_child=10 12 -3 6 -5 -6 7 8 -4 -8 -1 13 -2 -12 -11
right_child=1 2 3 4 5 -7 9 -9 -10 14 11 -13 -14 -15 -16
leaf_value=-0.015760240051793138 -0 0.1413444561406843 -0.049448308551251069 -0 0.18071580544479279 0 0.12591313210563979 -0.092383589272136052 0.049858943545331297 -0.0016459295364744098 -0.10638338233323366 0.02836567719515241 -0.067796666127600644 -0.027967585090012837 0.037500921963619836
leaf_count=1228 121 57 77 46 35 46 29 41 112 58 248 56 127 89 30
internal_value=0 0.248682 0.43024 0.31756 0.608916 0.841063 0.153218 -0.0402128 0.155686 0.416481 -0.177586 -0.454188 -0.295557 -0.647275 0.108672
internal_count=2400 779 531 474 127 81 347 230 189 117 1621 393 248 337 88
cat_boundaries=0 3
cat_threshold=2148794715 25165848 2097184
shrinkage=0.142097


end of trees

feature importances:
n_1=19
n_table_1.n_15=15
n_table_1.n_16=15
n_table_1.n_7=14
n_table_1.n_19=13
n_table_1.n_20=13
n_table_1.n_9=12
n_table_1.n_11=12
n_table_1.n_2=10
n_table_1.n_12=9
n_table_1.n_5=7
n_table_1.n_18=7
n_table_1.n_6=5
n_table_1.n_10=5
n_table_1.n_17=5
n_table_1.n_26=5
c_table_1.c_2=3
n_table_1.n_27=2
c_table_1.c_1=1
c_table_1.c_3=1
n_table_1.n_8=1

parameters:
[boosting: gbdt]
[objective: binary]
[metric: auc]
[tree_learner: serial]
[device_type: cpu]
[data: ]
[valid: ]
[num_iterations: 100]
[learning_rate: 0.142097]
[num_leaves: 77]
[num_threads: 4]
[max_depth: 7]
[min_data_in_leaf: 20]
[min_sum_hessian_in_leaf: 1.88361]
[bagging_fraction: 0.6]
[bagging_freq: 55]
[bagging_seed: 3]
[feature_fraction: 0.6]
[feature_fraction_seed: 2]
[early_stopping_round: 0]
[max_delta_step: 0]
[lambda_l1: 0.123303]
[lambda_l2: 1.40529]
[min_gain_to_split: 0]
[drop_rate: 0.1]
[max_drop: 50]
[skip_drop: 0.5]
[xgboost_dart_mode: 0]
[uniform_drop: 0]
[drop_seed: 4]
[top_rate: 0.2]
[other_rate: 0.1]
[min_data_per_group: 100]
[max_cat_threshold: 32]
[cat_l2: 10]
[cat_smooth: 10]
[max_cat_to_onehot: 4]
[top_k: 20]
[monotone_constraints: ]
[feature_contri: ]
[forcedsplits_filename: ]
[refit_decay_rate: 0.9]
[verbosity: -1]
[max_bin: 255]
[min_data_in_bin: 3]
[bin_construct_sample_cnt: 200000]
[histogram_pool_size: -1]
[data_random_seed: 1]
[output_model: LightGBM_model.txt]
[snapshot_freq: -1]
[input_model: ]
[output_result: LightGBM_predict_result.txt]
[initscore_filename: ]
[valid_data_initscores: ]
[pre_partition: 0]
[enable_bundle: 1]
[max_conflict_rate: 0]
[is_enable_sparse: 1]
[sparse_threshold: 0.8]
[use_missing: 1]
[zero_as_missing: 0]
[two_round: 0]
[save_binary: 0]
[enable_load_from_binary_file: 1]
[header: 0]
[label_column: ]
[weight_column: ]
[group_column: ]
[ignore_column: ]
[categorical_feature: ]
[predict_raw_score: 0]
[predict_leaf_index: 0]
[predict_contrib: 0]
[num_iteration_predict: -1]
[pred_early_stop: 0]
[pred_early_stop_freq: 10]
[pred_early_stop_margin: 10]
[convert_model_language: ]
[convert_model: gbdt_prediction.cpp]
[num_class: 1]
[is_unbalance: 0]
[scale_pos_weight: 1]
[sigmoid: 1]
[boost_from_average: 1]
[reg_sqrt: 0]
[alpha: 0.9]
[fair_c: 1]
[poisson_max_delta_step: 0.7]
[tweedie_variance_power: 1.5]
[max_position: 20]
[label_gain: ]
[metric_freq: 1]
[is_provide_training_metric: 0]
[eval_at: ]
[num_machines: 1]
[local_listen_port: 12400]
[time_out: 120]
[machine_list_filename: ]
[machines: ]
[gpu_platform_id: -1]
[gpu_device_id: -1]
[gpu_use_dp: 0]

end of parameters

pandas_categorical:[[0, 1, 2], [0, 1, 2, 3, 4, 5, 6, 7, 8, 9, 10, 11, 12, 13, 14, 15, 16, 17, 18, 19, 20, 21, 22, 23, 24, 25, 26, 27, 28, 29, 30, 31, 32, 33, 34, 35, 36, 37, 38, 39, 40, 41, 42, 43, 44, 45, 46, 47, 48, 49, 50, 51, 52, 53, 54, 55, 56, 57, 58, 59, 60, 61, 62, 63, 64, 65, 66, 67, 68, 69, 70, 71, 72, 73, 74, 75, 76, 77, 78, 79, 80, 81, 82, 83, 84, 85, 86, 87, 88, 89, 90, 91, 92, 93, 94, 95, 96, 97, 98, 99, 100, 101, 102, 103, 104, 105, 106, 107, 108, 109, 110, 111, 112, 113, 114, 115, 116, 117, 118, 119, 120, 121, 122, 123, 124, 125, 126, 127, 128, 129, 130, 131, 132, 133, 134, 135, 136, 137, 138, 139, 140, 141, 142, 143, 144, 145, 146, 147, 148, 149, 150, 151, 152, 153, 154, 155, 156, 157, 158, 159, 160, 161, 162, 163, 164, 165, 166, 167, 168, 169, 170, 171, 172, 173, 174, 175, 176, 177, 178, 179, 180, 181, 182, 183, 184], [0, 1, 2, 3, 4, 5, 6, 7, 8, 9, 10, 11, 12, 13, 14, 15, 16, 17, 18, 19, 20, 21, 22, 23, 24, 25, 26, 27, 28, 29, 30, 31, 32, 33, 34, 35, 36, 37, 38, 39, 40, 41, 42, 43, 44, 45, 46, 47, 48, 49, 50, 51, 52, 53, 54, 55, 56, 57, 58, 59, 60, 61, 62, 63, 64, 65, 66, 67, 68, 69, 70, 71, 72, 73, 74, 75, 76, 77, 78, 79, 80, 81, 82, 83, 84, 85, 86, 87, 88, 89, 90, 91, 92, 93, 94, 95, 96, 97, 98, 99, 100, 101, 102, 103, 104, 105, 106, 107, 108, 109, 110, 111, 112, 113, 114, 115, 116, 117, 118, 119, 120, 121, 122, 123, 124, 125, 126, 127, 128, 129, 130, 131, 132, 133, 134, 135, 136, 137, 138, 139, 140, 141, 142, 143, 144, 145, 146, 147, 148, 149, 150, 151, 152, 153, 154, 155, 156, 157, 158, 159, 160, 161, 162, 163, 164, 165, 166, 167, 168, 169, 170, 171, 172, 173, 174, 175, 176, 177, 178, 179, 180, 181, 182, 183, 184, 185, 186, 187, 188, 189, 190, 191, 192, 193, 194, 195, 196, 197, 198, 199, 200, 201, 202, 203, 204, 205, 206, 207, 208, 209, 210, 211, 212, 213, 214, 215, 216], [0, 1, 2, 3, 4, 5, 6, 7, 8, 9, 10, 11, 12, 13, 14, 15, 16, 17, 18, 19, 20, 21, 22, 23, 24, 25, 26, 27, 28, 29, 30, 31, 32, 33, 34, 35, 36, 37, 38, 39, 40, 41, 42, 43, 44, 45, 46, 47, 48, 49, 50, 51, 52, 53, 54, 55, 56, 57, 58, 59, 60, 61, 62, 63, 64, 65, 66, 67, 68, 69, 70, 71, 72, 73, 74, 75, 76, 77, 78, 79, 80, 81, 82, 83, 84, 85, 86, 87, 88, 89, 90, 91, 92, 93, 94, 95, 96, 97, 98, 99, 100, 101, 102, 103, 104, 105, 106, 107, 108, 109, 110, 111, 112, 113, 114, 115, 116, 117, 118, 119, 120, 121, 122, 123, 124, 125, 126, 127, 128, 129, 130, 131, 132, 133, 134, 135, 136, 137, 138]]
