tree
version=v2
num_class=1
num_tree_per_iteration=1
label_index=0
max_feature_idx=13
objective=binary sigmoid:1
feature_names=c_table_1.c_2 c_table_1.c_3 c_table_1.c_5 n_table_1.n_3 n_table_1.n_10 n_table_1.n_12 n_table_1.n_15 n_table_1.n_16 n_table_1.n_17 n_table_1.n_18 n_table_1.n_19 n_table_1.n_26 n_table_1.n_27 c_table_2.c_4
feature_infos=49:0:5:3:8:19:33:31:47:159:129:39:41:26:141:36:21:78:84:6:74:88:176:90:29:189:30:106:75:110:57:65:77:28:73:197:89:107:155:43:147:40:46:67:69:146:167:10:66:101:11:99:2:48:200:12:13:71:9:60:140:198:52:85:93:154:17:32:34:50:58:64:83:100:117:148:161:175:196:4:59:72:87:91:95:187:20:35:56:98:102:111:116:120:128:144:168:179:185:1:25:42:55:76:92:94:104:112:126:139:162:164:190:15:18:37:51:115:118:127:133:149:158:169:180:182:191:194:203 46:0:74:18:55:6:64:102:68:3:87:45:36:37:84:147:5:48:121:81:86:22:181:10:2:16:92:52:71:56:79:148:109:101:115:169:42:98:19:95:93:188:27:40:114:126:135:53:151:62:106:150:9:33:39:54:94:123:11:14:30:213:8:70:130:146:154:207:23:24:72:120:155:80:100:118:158:166:186:187:200:210:211:34:89:201:1:75:82:111:119:153:163:191:208:20:21:29:58:61:66:116:162:174:183:185:197:212:13:41:43:49:83:85:107:117:127:134:167:170:176:190:193:50:63:78:88:97:122:136:137:168:175:182:203:217:218 2:0:7:8:9:3:10:1:6:17:20:4:22:26:25:12:47:14:5:33:29:11:18:42:24:16:41:19:31:38:13:30:36:43:54:55 [1:175] [1:68.5] [1:8524] [1:263222] [1:249100] [1:418837] [1:574087] [1:1285890] [1:121640] [1:151] 18:0:70:6:20:32:21:40:12:38:10:4:9:46:78:27:60:23:31:7:59:67:11:24:68:107:93:16:55:49:81:131:48:30:72:114:90:51:66:101:104:119:87:15:5:29:111:82:96:89:14:88:100:41:79:80:28:97:113:1:8:33:35:39:61:98:108:120:140:17:45:50:91:25:64:105:106:133:13:19:26:37:42:54:58:69:71:83:95:99:102:118:148
tree_sizes=1304 1290 1300 1100 1074 1094 1086 1230 1167

Tree=0
num_leaves=16
num_cat=0
split_feature=10 6 6 8 6 3 5 5 6 3 5 6 9 9 10
split_gain=25.7694 7.34685 10.0397 3.86912 4.82107 3.18999 3.14352 1.83752 6.64485 1.82498 1.99758 1.69065 0.58653 0.507369 0.49712
threshold=119585.00000000001 126202.50000000001 19108.750000000004 61264.000000000007 47836.750000000007 16.000000000000004 123.25000000000001 7.7500000000000009 557.50000000000011 36.250000000000007 6.2500000000000009 7210.7500000000009 1380.2500000000002 1282.0000000000002 631.00000000000011
decision_type=2 2 2 2 2 2 2 2 2 2 2 2 2 2 2
left_child=5 2 -2 4 -4 6 7 8 12 -7 13 -12 14 -11 -1
right_child=1 -3 3 -5 -6 9 -8 -9 -10 10 11 -13 -14 -15 -16
leaf_value=-3.2468289836828683 -2.9123325868243795 -2.8498022120833317 -3.2746783065547955 -3.2985205153218744 -3.0554661051529166 -3.3324812460562128 -3.1104013528156522 -3.3137047626915064 -3.0748038216363107 -3.2253776352007564 -3.3329242997286563 -3.2034500925360807 -3.3073878002013837 -3.1437732592901577 -3.1906262636962586
leaf_count=1026 57 53 64 97 100 309 70 132 96 56 117 61 56 52 54
internal_value=0 1.24132 0.741265 0.172027 0.618914 -0.190489 -0.0503565 -0.117282 -0.0428169 -0.499514 -0.152284 -0.463351 -0.169664 0.324583 -0.126089
internal_count=2400 371 318 261 164 2029 1434 1364 1232 595 286 178 1136 108 1080
shrinkage=1


Tree=1
num_leaves=15
num_cat=2
split_feature=6 1 9 6 4 13 6 6 9 10 6 6 8 9
split_gain=21.2012 11.5701 5.00588 7.83406 10.1949 5.92039 1.70614 4.1194 1.54316 0.629981 1.13054 4.9539 0.467478 0.0301998
threshold=132478.00000000003 0 40406.500000000007 59480.500000000007 1.7500000000000002 1 4271.5000000000009 13095.250000000002 92563.000000000015 1.7500000000000002 5305.7500000000009 9877.7500000000018 25825.750000000004 313.00000000000006
decision_type=2 5 2 2 2 5 2 2 2 2 2 2 2 2
left_child=1 6 5 4 8 -3 -1 -8 -4 -7 13 -12 -5 -11
right_child=-2 2 3 12 -6 9 7 -9 -10 10 11 -13 -14 -15
leaf_value=0.26652657039584038 0.34806101507594561 0.056019471387581302 0.30412887574708242 -0.0050308849177344919 -0.060828390012395275 -0.045597135784608896 -0.04283575677691713 0.18061977163633894 0.067615371879598637 -0.057238931331042416 0.11781138366789565 -0.092948154832374036 -0.09890808401464643 -0.11228682391741519
leaf_count=88 41 105 62 50 73 950 63 57 56 209 51 145 82 368
internal_value=0 -0.0513715 -0.193389 0.326592 0.928678 -0.329439 0.662821 0.59545 1.68511 -0.384579 -0.571999 -0.167067 -0.510772 -0.690733
internal_count=2400 2359 2151 323 191 1828 208 120 118 1723 773 196 132 577
cat_boundaries=0 4 5
cat_threshold=4784128 1115136 537919488 262240 8651328
shrinkage=0.142097


Tree=2
num_leaves=15
num_cat=3
split_feature=1 9 7 2 11 7 13 11 5 11 3 7 11 9
split_gain=16.6741 28.2319 8.65517 4.94651 4.97421 4.06665 4.06439 3.72102 2.24085 1.85904 1.79431 0.785312 0.577828 0.0487448
threshold=0 36334.750000000007 7072.7500000000009 1 1.7500000000000002 25.000000000000004 2 612.25000000000011 262.75000000000006 88.750000000000014 28.750000000000004 676.00000000000011 409.75000000000006 164.50000000000003
decision_type=5 2 2 5 2 2 5 2 2 2 2 2 2 2
left_child=12 3 8 6 5 -5 -2 -4 -3 -6 13 -7 -1 -8
right_child=1 2 7 4 9 11 10 -9 -10 -11 -12 -13 -14 -15
leaf_value=-0.12833150461846582 0.04852194309461523 0.11728789652699678 0.36691443305168081 0.0076114982932286588 -0.084575634368812824 0.292045745143591 -0.034166772064234109 0.08362728855602175 -0.04520046678202197 0.059032892377418773 -0.11557917367499607 0.073144923394367123 -0.030273280468844914 -0.0046972460124162967
leaf_count=500 117 46 105 68 64 55 884 58 52 59 171 52 80 89
internal_value=0 0.28958 1.62404 0.0111044 0.403008 1.18262 -0.151724 2.16061 0.277888 -0.0830324 -0.272538 1.6559 -0.569128 -0.226729
internal_count=2400 1820 261 1559 298 175 1261 163 98 123 1144 107 580 973
cat_boundaries=0 6 7 10
cat_threshold=263244 8413184 281052289 1073750016 1572864 2097664 389 8651328 0 64
shrinkage=0.142097


Tree=3
num_leaves=12
num_cat=2
split_feature=6 0 1 6 6 5 11 6 11 6 8
split_gain=18.4224 9.71071 10.3625 3.41066 2.85485 5.07738 3.74732 2.11257 1.11182 0.897125 0.0236952
threshold=140616.00000000003 0 1 10.750000000000002 961.00000000000011 19.000000000000004 1.7500000000000002 12284.500000000002 282.25000000000006 160.75000000000003 706.75000000000011
decision_type=2 5 5 2 2 2 2 2 2 2 2
left_child=1 -1 3 -3 9 -6 -7 -8 -5 10 -4
right_child=-2 2 4 8 5 6 7 -9 -10 -11 -12
leaf_value=-0.079165706480322007 0.3168184948070849 -0.0054084310123189297 0.017173351939380594 -0.1207446633745506 0.22568794247262142 -0.058731976791416569 0.16845048483263497 0.031493680644990196 -0 -0.04033370148719323 0.065124791122912903
leaf_count=427 26 1018 82 238 133 78 88 142 53 58 57
internal_value=0 -0.0417838 0.137897 -0.1607 0.532305 0.91843 0.455152 0.722532 -0.695095 0.138726 0.342471
internal_count=2400 2374 1947 1309 638 441 308 230 291 197 139
cat_boundaries=0 7 13
cat_threshold=3290432832 33554434 84951040 17408 134750208 536870912 32 263241 25190400 2147484801 8192 0 2097152
shrinkage=0.142097


Tree=4
num_leaves=12
num_cat=3
split_feature=1 7 13 0 7 7 7 7 4 8 8
split_gain=10.9189 12.1928 5.82762 4.00379 6.51607 1.91296 4.9881 1.65293 0.790455 0.624954 0.0288933
threshold=0 26840.500000000004 1 2 19.750000000000004 1642.7500000000002 5420.5000000000009 440.50000000000006 1.7500000000000002 69.250000000000014 1.7500000000000002
decision_type=5 2 5 5 2 2 2 2 2 2 2
left_child=-1 2 -2 9 10 7 -7 -6 -3 -4 -5
right_child=1 8 3 4 5 6 -8 -9 -10 -11 -12
leaf_value=-0.071823020425134193 -0.059390262528787444 0.24124033618753465 -0 0.017145142971541974 0.081610574106927666 -0.037067261281394384 0.14449997428781253 0.27249717947416968 0.068642186096848648 -0.096490697148456067 -0
leaf_count=567 215 46 52 905 95 111 97 46 43 167 56
internal_value=0 0.215331 0.095665 0.212166 0.32328 0.87751 0.471405 1.29234 1.40126 -0.258488 0.113531
internal_count=2400 1833 1744 1529 1310 349 208 141 89 219 961
cat_boundaries=0 6 9 16
cat_threshold=263244 8413184 281052289 1073750016 524288 2097664 154147984 321 16384 69207296 33554962 0 1024 134217730 0 32
shrinkage=0.142097


Tree=5
num_leaves=12
num_cat=3
split_feature=0 10 1 13 10 10 10 7 7 10 10
split_gain=8.63319 12.0454 3.20357 4.72959 1.99681 1.42514 1.81966 1.19317 2.21505 0.593617 0.43753
threshold=0 119585.00000000001 1 2 15073.000000000002 222467.00000000003 148886.50000000003 1600.7500000000002 241.00000000000003 18231.250000000004 1.7500000000000002
decision_type=5 2 5 5 2 2 2 2 2 2 2
left_child=-1 2 4 -4 -2 6 -3 8 10 -10 -5
right_child=1 5 3 7 -6 -7 -8 -9 9 -11 -12
leaf_value=-0.06782398755612197 0.2068155790722479 0.11534230822031669 0.057422478559232222 -0.028151624796521859 0.025947282344617777 0.17585967998872906 -0.010977843604871316 -0.095275337843513136 -0 0.087732284432857036 -0.068340158428693468
leaf_count=468 45 46 110 898 66 137 63 186 56 49 276
internal_value=0 0.175102 -0.0133945 -0.11202 0.379948 0.945211 0.452194 -0.22735 -0.198317 0.382442 -0.278322
internal_count=2400 1932 1686 1575 111 246 109 1465 1279 105 1174
cat_boundaries=0 7 10 12
cat_threshold=3290432576 33685506 84951040 17408 134750208 536870912 32 4259872 1114112 538050560 8651328 16384
shrinkage=0.142097


Tree=6
num_leaves=12
num_cat=2
split_feature=6 0 13 9 8 9 5 5 9 9 7
split_gain=8.82366 6.50796 5.72135 3.80859 3.22691 2.97074 4.02301 4.13632 2.74773 1.60816 0.177585
threshold=140616.00000000003 0 1 33815.500000000007 77385.250000000015 20911.000000000004 187.75000000000003 6.2500000000000009 84005.500000000015 44489.500000000007 26840.500000000004
decision_type=2 5 5 2 2 2 2 2 2 2 2
left_child=1 10 -3 5 8 6 7 -4 9 -5 -1
right_child=-2 2 3 4 -6 -7 -8 -9 -10 -11 -12
leaf_value=-0.12816313310161345 0.18713716732803742 -0.058705833567896007 0.029066297517057929 0.11533658144669003 -0.041453607792424949 -0.096238811382624093 0.16722125444096297 -0.091723577191650932 0.22622505334791407 0 -0.045063182378323456
leaf_count=348 26 226 1142 67 38 111 47 174 42 80 99
internal_value=0 -0.0513965 0.0936784 0.209436 0.690071 0.104495 0.175262 0.0867596 0.882261 0.443914 -0.486968
internal_count=2400 2374 1927 1701 227 1474 1363 1316 189 147 447
cat_boundaries=0 6 9
cat_threshold=3290432832 33554434 84951040 17408 2282233856 536870912 137369744 134218049 16384
shrinkage=0.142097


Tree=7
num_leaves=14
num_cat=2
split_feature=0 9 4 9 9 2 8 3 5 8 8 9 12
split_gain=5.45651 6.77328 3.37062 3.04272 2.95541 2.94451 3.33216 1.99911 1.44731 0.952109 1.34296 0.798361 0.363921
threshold=0 40406.500000000007 1.7500000000000002 130506.00000000001 184731.00000000003 1 177.25000000000003 16.000000000000004 1.7500000000000002 799.75000000000011 19930.000000000004 164.50000000000003 10.750000000000002
decision_type=5 2 2 2 2 5 2 2 2 2 2 2 2
left_child=-1 5 4 -4 12 6 11 9 -9 -7 -11 -2 -3
right_child=1 2 3 -5 -6 7 -8 8 -10 10 -12 -13 -14
leaf_value=-0.064538050794646112 -0.011096375695674518 0.20331250675118406 -0.074544980299819721 0.086086258723243755 0.0082910442739280443 0.010306206246568455 -0.091681091771627143 0.067950800786308829 -0.050268412635484823 0.16874554915967918 0.013701894464641696 0.052214047220224206 0.06401821908482408
leaf_count=337 1038 64 64 42 62 69 322 46 119 74 20 92 51
internal_value=0 0.115894 0.644502 0.0407062 0.945673 -0.028916 -0.145451 0.26121 -0.00800974 0.709608 0.898728 -0.0266729 1.22845
internal_count=2400 2063 283 106 177 1780 1452 328 165 163 94 1130 115
cat_boundaries=0 6 7
cat_threshold=3290431552 2 84951040 17408 134225920 536870912 4342925
shrinkage=0.142097


Tree=8
num_leaves=13
num_cat=3
split_feature=1 13 9 2 10 9 9 9 10 11 11 10
split_gain=8.25246 6.97169 6.11902 2.3499 3.73253 1.5667 1.27912 1.22743 0.93235 0.675791 0.453635 0.0989224
threshold=0 1 84005.500000000015 2 8182.7500000000009 7455.2500000000009 536.50000000000011 40406.500000000007 25177.000000000004 154.00000000000003 409.75000000000006 1376.5000000000002
decision_type=5 5 2 5 2 2 2 2 2 2 2 2
left_child=10 -2 3 6 11 -6 -3 -8 -7 -4 -1 -5
right_child=1 2 9 4 5 8 7 -9 -10 -11 -12 -13
leaf_value=-0.12851523565777809 -0.059929033438554116 0.035416442882403261 0.22068788220443261 0.016924579624164927 0.17948310520422459 -0.010668582327507522 -0.097545466126228844 0.00919979024340533 0.077429213658781512 0.080762002843638811 -0.033636758749085262 -0.0065544143779874041
leaf_count=464 218 63 21 913 62 55 191 37 174 54 89 59
internal_value=0 0.155111 0.274203 0.190765 0.254426 0.688723 -0.170916 -0.480979 0.429151 1.08848 -0.490545 0.103551
internal_count=2400 1847 1629 1554 1263 291 291 228 229 75 553 972
cat_boundaries=0 6 9 10
cat_threshold=1100 25190400 2428535937 1074274304 524288 2097664 154146944 321 536887312 131212
shrinkage=0.142097


end of trees

feature importances:
n_table_1.n_18=19
n_table_1.n_15=17
n_table_1.n_19=12
n_table_1.n_16=11
n_table_1.n_17=9
n_table_1.n_12=8
n_table_1.n_26=8
c_table_1.c_3=6
c_table_2.c_4=6
c_table_1.c_2=5
n_table_1.n_3=4
c_table_1.c_5=3
n_table_1.n_10=3
n_table_1.n_27=1

parameters:
[boosting: gbdt]
[objective: binary]
[metric: auc]
[tree_learner: serial]
[device_type: cpu]
[data: ]
[valid: ]
[num_iterations: 100]
[learning_rate: 0.142097]
[num_leaves: 77]
[num_threads: 4]
[max_depth: 7]
[min_data_in_leaf: 20]
[min_sum_hessian_in_leaf: 1.88361]
[bagging_fraction: 0.6]
[bagging_freq: 55]
[bagging_seed: 3]
[feature_fraction: 0.6]
[feature_fraction_seed: 2]
[early_stopping_round: 0]
[max_delta_step: 0]
[lambda_l1: 0.123303]
[lambda_l2: 1.40529]
[min_gain_to_split: 0]
[drop_rate: 0.1]
[max_drop: 50]
[skip_drop: 0.5]
[xgboost_dart_mode: 0]
[uniform_drop: 0]
[drop_seed: 4]
[top_rate: 0.2]
[other_rate: 0.1]
[min_data_per_group: 100]
[max_cat_threshold: 32]
[cat_l2: 10]
[cat_smooth: 10]
[max_cat_to_onehot: 4]
[top_k: 20]
[monotone_constraints: ]
[feature_contri: ]
[forcedsplits_filename: ]
[refit_decay_rate: 0.9]
[verbosity: -1]
[max_bin: 255]
[min_data_in_bin: 3]
[bin_construct_sample_cnt: 200000]
[histogram_pool_size: -1]
[data_random_seed: 1]
[output_model: LightGBM_model.txt]
[snapshot_freq: -1]
[input_model: ]
[output_result: LightGBM_predict_result.txt]
[initscore_filename: ]
[valid_data_initscores: ]
[pre_partition: 0]
[enable_bundle: 1]
[max_conflict_rate: 0]
[is_enable_sparse: 1]
[sparse_threshold: 0.8]
[use_missing: 1]
[zero_as_missing: 0]
[two_round: 0]
[save_binary: 0]
[enable_load_from_binary_file: 1]
[header: 0]
[label_column: ]
[weight_column: ]
[group_column: ]
[ignore_column: ]
[categorical_feature: ]
[predict_raw_score: 0]
[predict_leaf_index: 0]
[predict_contrib: 0]
[num_iteration_predict: -1]
[pred_early_stop: 0]
[pred_early_stop_freq: 10]
[pred_early_stop_margin: 10]
[convert_model_language: ]
[convert_model: gbdt_prediction.cpp]
[num_class: 1]
[is_unbalance: 0]
[scale_pos_weight: 1]
[sigmoid: 1]
[boost_from_average: 1]
[reg_sqrt: 0]
[alpha: 0.9]
[fair_c: 1]
[poisson_max_delta_step: 0.7]
[tweedie_variance_power: 1.5]
[max_position: 20]
[label_gain: ]
[metric_freq: 1]
[is_provide_training_metric: 0]
[eval_at: ]
[num_machines: 1]
[local_listen_port: 12400]
[time_out: 120]
[machine_list_filename: ]
[machines: ]
[gpu_platform_id: -1]
[gpu_device_id: -1]
[gpu_use_dp: 0]

end of parameters

pandas_categorical:[[0, 1, 2, 3, 4, 5, 6, 7, 8, 9, 10, 11, 12, 13, 14, 15, 16, 17, 18, 19, 20, 21, 22, 23, 24, 25, 26, 27, 28, 29, 30, 31, 32, 33, 34, 35, 36, 37, 38, 39, 40, 41, 42, 43, 44, 45, 46, 47, 48, 49, 50, 51, 52, 53, 54, 55, 56, 57, 58, 59, 60, 61, 62, 63, 64, 65, 66, 67, 68, 69, 70, 71, 72, 73, 74, 75, 76, 77, 78, 79, 80, 81, 82, 83, 84, 85, 86, 87, 88, 89, 90, 91, 92, 93, 94, 95, 96, 97, 98, 99, 100, 101, 102, 103, 104, 105, 106, 107, 108, 109, 110, 111, 112, 113, 114, 115, 116, 117, 118, 119, 120, 121, 122, 123, 124, 125, 126, 127, 128, 129, 130, 131, 132, 133, 134, 135, 136, 137, 138, 139, 140, 141, 142, 143, 144, 145, 146, 147, 148, 149, 150, 151, 152, 153, 154, 155, 156, 157, 158, 159, 160, 161, 162, 163, 164, 165, 166, 167, 168, 169, 170, 171, 172, 173, 174, 175, 176, 177, 178, 179, 180, 181, 182, 183, 184, 185, 186, 187, 188, 189, 190, 191, 192, 193, 194, 195, 196, 197, 198, 199, 200, 201, 202, 203, 204, 205, 206], [0, 1, 2, 3, 4, 5, 6, 7, 8, 9, 10, 11, 12, 13, 14, 15, 16, 17, 18, 19, 20, 21, 22, 23, 24, 25, 26, 27, 28, 29, 30, 31, 32, 33, 34, 35, 36, 37, 38, 39, 40, 41, 42, 43, 44, 45, 46, 47, 48, 49, 50, 51, 52, 53, 54, 55, 56, 57, 58, 59, 60, 61, 62, 63, 64, 65, 66, 67, 68, 69, 70, 71, 72, 73, 74, 75, 76, 77, 78, 79, 80, 81, 82, 83, 84, 85, 86, 87, 88, 89, 90, 91, 92, 93, 94, 95, 96, 97, 98, 99, 100, 101, 102, 103, 104, 105, 106, 107, 108, 109, 110, 111, 112, 113, 114, 115, 116, 117, 118, 119, 120, 121, 122, 123, 124, 125, 126, 127, 128, 129, 130, 131, 132, 133, 134, 135, 136, 137, 138, 139, 140, 141, 142, 143, 144, 145, 146, 147, 148, 149, 150, 151, 152, 153, 154, 155, 156, 157, 158, 159, 160, 161, 162, 163, 164, 165, 166, 167, 168, 169, 170, 171, 172, 173, 174, 175, 176, 177, 178, 179, 180, 181, 182, 183, 184, 185, 186, 187, 188, 189, 190, 191, 192, 193, 194, 195, 196, 197, 198, 199, 200, 201, 202, 203, 204, 205, 206, 207, 208, 209, 210, 211, 212, 213, 214, 215, 216, 217, 218, 219, 220], [0, 1, 2, 3, 4, 5, 6, 7, 8, 9, 10, 11, 12, 13, 14, 15, 16, 17, 18, 19, 20, 21, 22, 23, 24, 25, 26, 27, 28, 29, 30, 31, 32, 33, 34, 35, 36, 37, 38, 39, 40, 41, 42, 43, 44, 45, 46, 47, 48, 49, 50, 51, 52, 53, 54, 55, 56], [0, 1, 2, 3, 4, 5, 6, 7, 8, 9, 10, 11, 12, 13, 14, 15, 16, 17, 18, 19, 20, 21, 22, 23, 24, 25, 26, 27, 28, 29, 30, 31, 32, 33, 34, 35, 36, 37, 38, 39, 40, 41, 42, 43, 44, 45, 46, 47, 48, 49, 50, 51, 52, 53, 54, 55, 56, 57, 58, 59, 60, 61, 62, 63, 64, 65, 66, 67, 68, 69, 70, 71, 72, 73, 74, 75, 76, 77, 78, 79, 80, 81, 82, 83, 84, 85, 86, 87, 88, 89, 90, 91, 92, 93, 94, 95, 96, 97, 98, 99, 100, 101, 102, 103, 104, 105, 106, 107, 108, 109, 110, 111, 112, 113, 114, 115, 116, 117, 118, 119, 120, 121, 122, 123, 124, 125, 126, 127, 128, 129, 130, 131, 132, 133, 134, 135, 136, 137, 138, 139, 140, 141, 142, 143, 144, 145, 146, 147, 148, 149, 150]]
