tree
version=v2
num_class=1
num_tree_per_iteration=1
label_index=0
max_feature_idx=21
objective=binary sigmoid:1
feature_names=n_1 c_02 c_table_1.c_4 n_table_1.n_8 n_table_1.n_15 n_table_1.n_18 n_table_1.n_19 c_table_2.c_1 n_table_2.n_13 n_table_2.n_14 n_table_1.n_2 n_table_1.n_3 n_table_1.n_7 n_table_1.n_9 n_table_1.n_10 n_table_1.n_12 n_table_1.n_16 n_table_1.n_17 n_table_1.n_20 n_table_1.n_26 c_table_2.c_4 n_table_3.n_3
feature_infos=[1:335.5] 40:3:68:15:50:10:80:6:35:91:9:5:12:20:165:46:2:48:69:34:83:58:62:87:115:73:77:225:252:45:126:132:149:61:66:111:209:102:196:36:37:39:208:29:124:135:203:121:22:42:71:82:99:108:156:194:14:33:49:70:93:110:118:195:296:308:4:26:28:238:261:55:86:90:150:175:177:199:231:250:18:21:67:125:138:23:131:134:141:161:205:220:228:230:244:285:7:17:38:43:59:122:139:142:166:170:179:198:222:256:345:57:227:248:8:98:100:112:130:144:151:178:188:189:190:269:305:323:11:75:92:116:146:164:186:213:214:268:312:349:377:1:44:63:101:123:154:176:206:212:216:232:251:273:275:354:13:54:65:74:79:84:95:114:120:133:145:153:162:173:181:187:192:211:243:262:277:318:324:334:361:366:368:0:31:104:109:148:169:202:204:239:283:293:295:310:322:380:393:399:19:32:53:94:106:127:140:158:167:172:207:229:234:240:246:264:284:289:291:292:297:306:309:338:350:359:374:386:407:52:72:81:103:107:113:117:180:182:233:236:237:247:255:257:266:267:271:274:282:286:288:301:304:315:336:375:400:418:478:498:24:25:27:30:60:78:105:119:136:137:143:147:163:168:171:174:185:191:217:218:221:224:226:235:249:254:260:263:272:279:280:281:300:302:320:332:337:340:347:351:356:376:378:383:387:392:394:397:414:420:424:430:433:438:442:453:457:462:467:476:479:481 4:0:10:12:2:11:7:5:45:51:35:8:18:23:33:40:77:30:37:38:41:57:29:28:16:74:62:49:13:21:48:104:6:69:22:26:39:54:19:27:72:87:95:3:31:55:56:106:15:17:60:61:96:103:92:25:66:67:78:80:81:93:94:109:113:117:122:1:24:44:46:47:53:59:65:83:84:99:112:121:133:14:20:36:63:70:82:97:102:116:136:32:34:42:52:58:64:71:75:85:90:98:107:111:115:124:129:130:131:132 [1:244588] [1:274774] [1:574087] [1:1285890] 1:0 [1:395101] [1:275.5] [-49.8874:81.708399999999997] [1:175] [1:38456.5] [1:1556770] [1:68.5] [1:8524] [1:249100] [1:448222] [1:19936] [1:121640] 20:0:2:33:16:38:10:8:24:31:6:53:18:21:44:48:26:35:55:12:39:40:14:43:61:42:60:17:22:11:29:9:3:4:37:19:41:67:47:46:49:25:71:98:27:69:57:73:1:30:52:100:59:62:63:77:106:45:56:87:92:103:7:15:32:58:80:82:94:34:65:66:68:74:75:79:84:97:107:112:13:51:54:64:70:76:85:91:95:109 [1:509664]
tree_sizes=745 802 728 879 821 827 880 967 920 981 904 974 826 987

Tree=0
num_leaves=8
num_cat=1
split_feature=16 20 3 12 15 21 18
split_gain=29.0534 20.8175 4.69836 3.73227 2.38902 3.10359 0.237879
threshold=18433.000000000004 0 52.750000000000007 46.750000000000007 4.7500000000000009 14005.750000000002 278.50000000000006
decision_type=2 5 2 2 2 2 2
left_child=1 -1 3 4 5 -3 -5
right_child=-2 2 -4 6 -6 -7 -8
leaf_value=-2.7532512286189843 -2.7167412497882162 -2.846328373454353 -2.7920845524099476 -2.8469942575684235 -2.8023632501362372 -2.8034541790503074 -2.8798946209588117
leaf_count=195 282 888 208 189 220 207 211
internal_value=0 -0.157947 -0.306318 -0.409777 -0.285896 -0.366888 -0.765979
internal_count=2400 2118 1923 1715 1315 1095 400
cat_boundaries=0 2
cat_threshold=2165719056 10
shrinkage=1


Tree=1
num_leaves=8
num_cat=1
split_feature=1 5 16 0 17 13 8
split_gain=43.553 19.3985 10.3237 1.51983 1.37298 1.37023 0.0499947
threshold=0 83866.750000000015 1.7500000000000002 9.2500000000000018 5602.7500000000009 2.5000000000000004 36.250000000000007
decision_type=5 2 2 2 2 2 2
left_child=2 3 -1 4 5 6 -2
right_child=1 -3 -4 -5 -6 -7 -8
leaf_value=0.052545418331954974 -0.032903170383766812 0.063342541274770181 0.165150588923521 -0.0045248580918552158 -0.013616957916411283 -0.054483432085304533 -0.018960133635464619
leaf_count=219 581 207 175 193 280 525 220
internal_value=0 -0.262892 1.03509 -0.44038 -0.483489 -0.543071 -0.39875
internal_count=2400 2006 394 1799 1606 1326 801
cat_boundaries=0 9
cat_threshold=536887488 1073881476 8462340 1342701568 6291584 0 8 128 32
shrinkage=0.0750598


Tree=2
num_leaves=7
num_cat=1
split_feature=1 16 16 14 10 8
split_gain=36.6459 17.9528 11.4894 2.95662 2.57091 0.177801
threshold=0 33751.000000000007 19.750000000000004 1.7500000000000002 37.034950000000009 36.250000000000007
decision_type=5 2 2 2 2 2
left_child=2 3 -1 4 5 -2
right_child=1 -3 -4 -5 -6 -7
leaf_value=0.041188954082364081 -0.02652296893022146 0.069435246741407539 0.1528567877522175 0.0029547084752670292 -0.051725203520883556 -0.013166406527551321
leaf_count=221 718 161 161 241 632 266
internal_value=0 -0.246393 0.92926 -0.404605 -0.471846 -0.311779
internal_count=2400 2018 382 1857 1616 984
cat_boundaries=0 9
cat_threshold=536887488 1073815940 545333252 268435456 6291584 0 8 128 32
shrinkage=0.0750598


Tree=3
num_leaves=9
num_cat=1
split_feature=1 5 18 15 4 18 4 8
split_gain=31.0738 18.0314 12.0712 2.82444 6.10217 2.38898 1.73275 0.44415
threshold=0 113580.00000000001 104.50000000000001 297.25000000000006 8639.5000000000018 278.50000000000006 9.2500000000000018 36.250000000000007
decision_type=5 2 2 2 2 2 2 2
left_child=2 3 -1 4 5 6 7 -2
right_child=1 -3 -4 -5 -6 -7 -8 -9
leaf_value=0.026800647257260446 -0.033227547614654879 0.071574053352016748 0.13623665539803442 -0.063213825692687076 0.028022548529316883 -0.057298106410526059 0.0051576899545506365 -0.014473821792519548
leaf_count=195 717 155 175 202 190 295 194 277
internal_value=0 -0.230548 0.841521 -0.388079 -0.313178 -0.412396 -0.306895 -0.380117
internal_count=2400 2030 370 1875 1673 1483 1188 994
cat_boundaries=0 9
cat_threshold=536887488 1073881492 8462340 268435456 4194432 0 12 0 32
shrinkage=0.0750598


Tree=4
num_leaves=8
num_cat=2
split_feature=1 6 18 21 10 1 21
split_gain=26.6972 15.4781 9.10113 5.91832 2.66336 1.76321 0.038585
threshold=0 290527.00000000006 104.50000000000001 25.000000000000004 34.998900000000006 1 16948.000000000004
decision_type=5 2 2 2 2 5 2
left_child=2 3 -1 5 6 -2 -5
right_child=1 -3 -4 4 -6 -7 -8
leaf_value=0.027295311081292375 0.00368725006660487 0.064109742244143481 0.12336018208347883 0.019069851713257539 -0.023900273352414722 -0.044154311492841575 0.0086929472138296496
leaf_count=190 218 152 157 196 337 956 194
internal_value=0 -0.213743 0.77985 -0.363094 -0.0437407 -0.557257 0.199182
internal_count=2400 2053 347 1901 727 1174 390
cat_boundaries=0 9 17
cat_threshold=536887488 1073815940 8462340 1073741824 4194432 0 8 0 32 32804 409616 512 0 2097152 0 0 128
shrinkage=0.0750598


Tree=5
num_leaves=8
num_cat=2
split_feature=1 16 21 18 21 4 1
split_gain=22.6882 15.8531 4.68504 3.99579 2.465 3.04769 1.90694
threshold=0 37876.000000000007 25.000000000000004 104.50000000000001 26478.250000000004 47.500000000000007 1
decision_type=5 2 2 2 2 2 5
left_child=3 2 6 -1 5 -4 -2
right_child=1 -3 4 -5 -6 -7 -8
leaf_value=0.032253660613155426 0.0010704429033926673 0.066621558071864692 -0.01329629133960651 0.098401420805277071 -0.028151903244565797 0.038901875120776398 -0.043820324841531415
leaf_count=187 279 145 263 162 276 187 901
internal_value=0 -0.204177 -0.354844 0.698409 -0.0699128 0.133425 -0.530244
internal_count=2400 2051 1906 349 726 450 1180
cat_boundaries=0 9 17
cat_threshold=536887488 1073750404 8462852 524288 2097280 0 8 0 32 32804 475160 0 1342177280 4194304 1024 0 128
shrinkage=0.0750598


Tree=6
num_leaves=9
num_cat=1
split_feature=1 16 18 14 18 6 6 8
split_gain=19.4516 11.9558 5.58549 2.68422 2.75298 2.32734 1.00615 0.388067
threshold=0 37876.000000000007 104.50000000000001 1.7500000000000002 278.50000000000006 51646.000000000007 757.75000000000011 36.250000000000007
decision_type=5 2 2 2 2 2 2 2
left_child=2 3 -1 4 6 -6 7 -2
right_child=1 -3 -4 -5 5 -7 -8 -9
leaf_value=0.021806007458962634 -0.029108920746057892 0.054934008585679768 0.093601526716591554 0.0058734715433356741 -0.070173215194564986 -0.021481955871097299 0.00049625475987541748 -0.010833268477298562
leaf_count=194 644 143 159 253 294 229 239 245
internal_value=0 -0.195677 0.62955 -0.331913 -0.400153 -0.663659 -0.256231 -0.325043
internal_count=2400 2047 353 1904 1651 523 1128 889
cat_boundaries=0 9
cat_threshold=536887360 1073815940 545333252 1074266112 128 0 8 0 32
shrinkage=0.0750598


Tree=7
num_leaves=10
num_cat=3
split_feature=1 5 1 21 18 15 10 18 7
split_gain=16.8632 11.5881 4.34653 5.94551 1.94317 5.22398 2.56781 0.982096 0.138531
threshold=0 129145.50000000001 1 9262.7500000000018 1465.7500000000002 4.7500000000000009 34.218200000000003 185.50000000000003 2
decision_type=5 2 5 2 2 2 2 2 1
left_child=7 2 -2 4 5 6 8 -1 -4
right_child=1 -3 3 -5 -6 -7 -8 -9 -10
leaf_value=0.042270345626415885 -0.045100293063182861 0.057779421032626094 -0.0069303508781000233 0.028881814091425411 -0.046062574562372061 0.024708110914630009 -0.055813756949599544 0.091158659166350284 -0.019196068820557771
leaf_count=142 420 138 346 330 202 273 224 100 225
internal_value=0 -0.1606 -0.282799 -0.103818 -0.259956 -0.165235 -0.358768 0.660023 -0.170064
internal_count=2400 2158 2020 1600 1270 1068 795 242 571
cat_boundaries=0 3 11 12
cat_threshold=536870976 1073742212 8462340 5144 604046338 671875104 557120 268435472 0 133140 268435458 2
shrinkage=0.0750598


Tree=8
num_leaves=10
num_cat=1
split_feature=16 20 4 18 17 12 15 10 0
split_gain=13.0101 8.62625 7.49952 2.8116 4.00504 2.03898 1.79915 0.449386 0.413176
threshold=43495.750000000007 0 25779.250000000004 826.75000000000011 1722.2500000000002 46.750000000000007 187.75000000000003 34.998900000000006 1.7500000000000002
decision_type=2 5 2 2 2 2 2 2 2
left_child=1 -1 3 4 5 7 -5 8 -3
right_child=-2 2 -4 6 -6 -7 -8 -9 -10
leaf_value=0.037012544298817764 0.071820946316238116 -0.0060222256765847075 0.038185001372552124 -0.067961217341550487 0.025463219643961074 -0.050227876677796927 -0.019697563408641594 -0.029105083790217135 -0.022077860161539748
leaf_count=127 138 681 191 202 196 226 175 202 262
internal_value=0 -0.0962139 -0.19008 -0.300737 -0.203111 -0.294985 -0.621362 -0.203471 -0.149346
internal_count=2400 2262 2135 1944 1567 1371 377 1145 943
cat_boundaries=0 2
cat_threshold=1064960 10
shrinkage=0.0750598


Tree=9
num_leaves=10
num_cat=2
split_feature=1 16 1 5 18 21 8 13 13
split_gain=14.8959 9.45319 7.86108 3.56905 4.0037 3.83313 4.32997 0.949519 0.831647
threshold=0 40927.750000000007 1 40848.250000000007 826.75000000000011 25.000000000000004 532.75000000000011 184.75000000000003 2.5000000000000004
decision_type=5 2 5 2 2 2 2 2 2
left_child=-1 2 7 4 5 8 -7 -2 -4
right_child=1 -3 3 -5 -6 6 -8 -9 -10
leaf_value=-0.040456835995980274 0.068200463108134338 0.076387239699366713 -0.0096941806756128453 0.031208045526649433 -0.051964344046358614 0.051878780408129439 -0.013210779110249505 0.028275173580573319 -0.036067627486391023
leaf_count=569 156 127 383 160 233 201 211 112 248
internal_value=0 0.186689 0.0911845 -0.0929018 -0.197113 -0.0648888 0.257333 0.489578 -0.289329
internal_count=2400 1831 1704 1436 1276 1043 412 268 631
cat_boundaries=0 8 11
cat_threshold=37912 536872042 135004272 36936 268435472 132096 133136 268435458 536870976 270724 8462336
shrinkage=0.0750598


Tree=10
num_leaves=9
num_cat=4
split_feature=1 2 4 1 10 17 18 7
split_gain=13.7534 8.74227 15.3779 10.0125 3.66389 3.41945 0.996763 0.459958
threshold=0 1 25779.250000000004 2 54.403800000000011 2296.7500000000005 3.2500000000000004 3
decision_type=5 5 2 5 2 2 2 1
left_child=-1 -2 3 -3 5 6 7 -5
right_child=1 2 -4 4 -6 -7 -8 -9
leaf_value=-0.040423165344008839 -0.033658346519533207 0.044235710073724982 0.088935922338631665 -0.011875534593800897 -0.045310357793590023 0.033465126501998781 -0.028017516232784076 0.0061772139234459889
leaf_count=547 150 238 195 278 224 201 245 322
internal_value=0 0.170925 0.276442 0.121381 -0.104374 -0.00109293 -0.141987 -0.0345593
internal_count=2400 1853 1703 1508 1270 1046 845 600
cat_boundaries=0 8 11 14 15
cat_threshold=5656 536872042 135004272 36936 268435472 132096 133136 268435458 537134372 1073742088 8192 536870980 270608 8462848 1
shrinkage=0.0750598


Tree=11
num_leaves=10
num_cat=4
split_feature=1 2 16 1 4 16 18 18 20
split_gain=12.5551 8.36415 12.1797 5.6982 3.13225 9.60543 3.43768 2.39063 0.80659
threshold=0 1 33751.000000000007 2 147.25000000000003 2565.2500000000005 3.2500000000000004 104.50000000000001 3
decision_type=5 5 2 5 2 2 2 2 5
left_child=-1 -2 3 7 6 -6 8 -3 -5
right_child=1 2 -4 4 5 -7 -8 -9 -10
leaf_value=-0.04322675667719602 -0.033986310089798577 0.020955989147913499 0.091766055804026705 -0.0091471451516115451 0.06132342112978633 -0.021811758441818877 -0.049312686903822255 0.076298123691595984 0.0094210536047783424
leaf_count=443 160 140 111 432 253 286 245 95 235
internal_value=0 0.144326 0.244359 0.140282 -0.0296611 0.213798 -0.205407 0.483423 -0.0276673
internal_count=2400 1957 1797 1686 1451 539 912 235 667
cat_boundaries=0 8 11 14 15
cat_threshold=5144 536872034 135004256 36936 268435472 132096 133136 268435458 537134372 1073742088 8192 536870976 270596 8462336 1
shrinkage=0.0750598


Tree=12
num_leaves=9
num_cat=2
split_feature=20 4 18 4 21 4 10 7
split_gain=8.88823 10.0281 3.62879 6.15867 2.57712 2.00726 2.01076 0.309073
threshold=0 66029.500000000015 3314.5000000000005 8639.5000000000018 19354.750000000004 147.25000000000003 35.254650000000005 1
decision_type=5 2 2 2 2 2 2 1
left_child=-1 2 3 4 5 6 7 -2
right_child=1 -3 -4 -5 -6 -7 -8 -9
leaf_value=0.036482076991482433 -0.016173099566113083 0.055929081044881805 -0.05727006820955368 0.027063966818831834 0.0099179465098075091 -0.005447872721934483 -0.062433565488620897 -0.033861185508066514
leaf_count=222 464 123 141 286 244 371 260 289
internal_value=0 -0.121882 -0.231035 -0.16057 -0.284161 -0.362748 -0.473737 -0.323685
internal_count=2400 2178 2055 1914 1628 1384 1013 753
cat_boundaries=0 2 3
cat_threshold=17977624 10 2
shrinkage=0.0750598


Tree=13
num_leaves=10
num_cat=3
split_feature=1 6 1 18 15 21 18 19 7
split_gain=11.468 7.91711 7.63262 5.7253 6.17577 3.90325 2.11502 1.39321 0.61551
threshold=0 346413.00000000006 1 921.25000000000011 4.7500000000000009 10114.750000000002 688.75000000000011 154.00000000000003 2
decision_type=5 2 5 2 2 2 2 2 1
left_child=-1 2 6 4 5 8 -2 -5 -4
right_child=1 -3 3 7 -6 -7 -8 -9 -10
leaf_value=-0.041186764512976808 0.020717352087897451 0.07013707601972996 -0.013932980688784088 -0.05825450378384886 0.050783011483707167 0.024715762574395742 0.064115879351721541 -0.016417248785722597 -0.03831785645505989
leaf_count=473 240 95 409 249 204 222 108 147 253
internal_value=0 0.136 0.0568845 -0.127339 0.0431216 -0.140161 0.403194 -0.557977 -0.331434
internal_count=2400 1927 1832 1484 1088 884 348 396 662
cat_boundaries=0 8 16 17
cat_threshold=5144 536872042 135004256 36936 268435472 132096 133136 268435458 536870980 1073947024 8462336 1342177280 6291584 0 0 128 2
shrinkage=0.0750598


end of trees

feature importances:
c_02=18
n_table_1.n_20=17
n_table_1.n_16=10
n_table_1.n_15=9
n_table_3.n_3=9
n_table_1.n_2=6
n_table_2.n_13=5
n_table_1.n_12=5
n_table_1.n_18=4
n_table_1.n_19=4
c_table_2.c_1=4
c_table_2.c_4=4
n_table_1.n_9=3
n_table_1.n_17=3
n_1=2
c_table_1.c_4=2
n_table_1.n_7=2
n_table_1.n_10=2
n_table_1.n_8=1
n_table_1.n_26=1

parameters:
[boosting: gbdt]
[objective: binary]
[metric: auc]
[tree_learner: serial]
[device_type: cpu]
[data: ]
[valid: ]
[num_iterations: 100]
[learning_rate: 0.0750598]
[num_leaves: 77]
[num_threads: 4]
[max_depth: 8]
[min_data_in_leaf: 20]
[min_sum_hessian_in_leaf: 9.55014]
[bagging_fraction: 0.6]
[bagging_freq: 44]
[bagging_seed: 3]
[feature_fraction: 0.8]
[feature_fraction_seed: 2]
[early_stopping_round: 0]
[max_delta_step: 0]
[lambda_l1: 0.0268981]
[lambda_l2: 1.6608]
[min_gain_to_split: 0]
[drop_rate: 0.1]
[max_drop: 50]
[skip_drop: 0.5]
[xgboost_dart_mode: 0]
[uniform_drop: 0]
[drop_seed: 4]
[top_rate: 0.2]
[other_rate: 0.1]
[min_data_per_group: 100]
[max_cat_threshold: 32]
[cat_l2: 10]
[cat_smooth: 10]
[max_cat_to_onehot: 4]
[top_k: 20]
[monotone_constraints: ]
[feature_contri: ]
[forcedsplits_filename: ]
[refit_decay_rate: 0.9]
[verbosity: -1]
[max_bin: 255]
[min_data_in_bin: 3]
[bin_construct_sample_cnt: 200000]
[histogram_pool_size: -1]
[data_random_seed: 1]
[output_model: LightGBM_model.txt]
[snapshot_freq: -1]
[input_model: ]
[output_result: LightGBM_predict_result.txt]
[initscore_filename: ]
[valid_data_initscores: ]
[pre_partition: 0]
[enable_bundle: 1]
[max_conflict_rate: 0]
[is_enable_sparse: 1]
[sparse_threshold: 0.8]
[use_missing: 1]
[zero_as_missing: 0]
[two_round: 0]
[save_binary: 0]
[enable_load_from_binary_file: 1]
[header: 0]
[label_column: ]
[weight_column: ]
[group_column: ]
[ignore_column: ]
[categorical_feature: ]
[predict_raw_score: 0]
[predict_leaf_index: 0]
[predict_contrib: 0]
[num_iteration_predict: -1]
[pred_early_stop: 0]
[pred_early_stop_freq: 10]
[pred_early_stop_margin: 10]
[convert_model_language: ]
[convert_model: gbdt_prediction.cpp]
[num_class: 1]
[is_unbalance: 0]
[scale_pos_weight: 1]
[sigmoid: 1]
[boost_from_average: 1]
[reg_sqrt: 0]
[alpha: 0.9]
[fair_c: 1]
[poisson_max_delta_step: 0.7]
[tweedie_variance_power: 1.5]
[max_position: 20]
[label_gain: ]
[metric_freq: 1]
[is_provide_training_metric: 0]
[eval_at: ]
[num_machines: 1]
[local_listen_port: 12400]
[time_out: 120]
[machine_list_filename: ]
[machines: ]
[gpu_platform_id: -1]
[gpu_device_id: -1]
[gpu_use_dp: 0]

end of parameters

pandas_categorical:[[0, 1, 2, 3, 4, 5, 6, 7, 8, 9, 10, 11, 12, 13, 14, 15, 16, 17, 18, 19, 20, 21, 22, 23, 24, 25, 26, 27, 28, 29, 30, 31, 32, 33, 34, 35, 36, 37, 38, 39, 40, 41, 42, 43, 44, 45, 46, 47, 48, 49, 50, 51, 52, 53, 54, 55, 56, 57, 58, 59, 60, 61, 62, 63, 64, 65, 66, 67, 68, 69, 70, 71, 72, 73, 74, 75, 76, 77, 78, 79, 80, 81, 82, 83, 84, 85, 86, 87, 88, 89, 90, 91, 92, 93, 94, 95, 96, 97, 98, 99, 100, 101, 102, 103, 104, 105, 106, 107, 108, 109, 110, 111, 112, 113, 114, 115, 116, 117, 118, 119, 120, 121, 122, 123, 124, 125, 126, 127, 128, 129, 130, 131, 132, 133, 134, 135, 136, 137, 138, 139, 140, 141, 142, 143, 144, 145, 146, 147, 148, 149, 150, 151, 152, 153, 154, 155, 156, 157, 158, 159, 160, 161, 162, 163, 164, 165, 166, 167, 168, 169, 170, 171, 172, 173, 174, 175, 176, 177, 178, 179, 180, 181, 182, 183, 184, 185, 186, 187, 188, 189, 190, 191, 192, 193, 194, 195, 196, 197, 198, 199, 200, 201, 202, 203, 204, 205, 206, 207, 208, 209, 210, 211, 212, 213, 214, 215, 216, 217, 218, 219, 220, 221, 222, 223, 224, 225, 226, 227, 228, 229, 230, 231, 232, 233, 234, 235, 236, 237, 238, 239, 240, 241, 242, 243, 244, 245, 246, 247, 248, 249, 250, 251, 252, 253, 254, 255, 256, 257, 258, 259, 260, 261, 262, 263, 264, 265, 266, 267, 268, 269, 270, 271, 272, 273, 274, 275, 276, 277, 278, 279, 280, 281, 282, 283, 284, 285, 286, 287, 288, 289, 290, 291, 292, 293, 294, 295, 296, 297, 298, 299, 300, 301, 302, 303, 304, 305, 306, 307, 308, 309, 310, 311, 312, 313, 314, 315, 316, 317, 318, 319, 320, 321, 322, 323, 324, 325, 326, 327, 328, 329, 330, 331, 332, 333, 334, 335, 336, 337, 338, 339, 340, 341, 342, 343, 344, 345, 346, 347, 348, 349, 350, 351, 352, 353, 354, 355, 356, 357, 358, 359, 360, 361, 362, 363, 364, 365, 366, 367, 368, 369, 370, 371, 372, 373, 374, 375, 376, 377, 378, 379, 380, 381, 382, 383, 384, 385, 386, 387, 388, 389, 390, 391, 392, 393, 394, 395, 396, 397, 398, 399, 400, 401, 402, 403, 404, 405, 406, 407, 408, 409, 410, 411, 412, 413, 414, 415, 416, 417, 418, 419, 420, 421, 422, 423, 424, 425, 426, 427, 428, 429, 430, 431, 432, 433, 434, 435, 436, 437, 438, 439, 440, 441, 442, 443, 444, 445, 446, 447, 448, 449, 450, 451, 452, 453, 454, 455, 456, 457, 458, 459, 460, 461, 462, 463, 464, 465, 466, 467, 468, 469, 470, 471, 472, 473, 474, 475, 476, 477, 478, 479, 480, 481, 482, 483, 484, 485, 486, 487, 488, 489, 490, 491, 492, 493, 494, 495, 496, 497, 498, 499, 500, 501, 502, 503, 504, 505, 506, 507, 508, 509, 510, 511, 512, 513, 514, 515, 516, 517, 518, 519, 520, 521, 522, 523, 524, 525, 526, 527, 528, 529, 530, 531, 532, 533, 534, 535, 536, 537, 538, 539, 540, 541, 542, 543, 544, 545, 546, 547, 548, 549, 550, 551, 552, 553, 554, 555, 556, 557, 558], [0, 1, 2, 3, 4, 5, 6, 7, 8, 9, 10, 11, 12, 13, 14, 15, 16, 17, 18, 19, 20, 21, 22, 23, 24, 25, 26, 27, 28, 29, 30, 31, 32, 33, 34, 35, 36, 37, 38, 39, 40, 41, 42, 43, 44, 45, 46, 47, 48, 49, 50, 51, 52, 53, 54, 55, 56, 57, 58, 59, 60, 61, 62, 63, 64, 65, 66, 67, 68, 69, 70, 71, 72, 73, 74, 75, 76, 77, 78, 79, 80, 81, 82, 83, 84, 85, 86, 87, 88, 89, 90, 91, 92, 93, 94, 95, 96, 97, 98, 99, 100, 101, 102, 103, 104, 105, 106, 107, 108, 109, 110, 111, 112, 113, 114, 115, 116, 117, 118, 119, 120, 121, 122, 123, 124, 125, 126, 127, 128, 129, 130, 131, 132, 133, 134, 135, 136, 137, 138, 139, 140, 141, 142, 143, 144, 145, 146, 147, 148, 149, 150, 151], [0, 1], [0, 1, 2, 3, 4, 5, 6, 7, 8, 9, 10, 11, 12, 13, 14, 15, 16, 17, 18, 19, 20, 21, 22, 23, 24, 25, 26, 27, 28, 29, 30, 31, 32, 33, 34, 35, 36, 37, 38, 39, 40, 41, 42, 43, 44, 45, 46, 47, 48, 49, 50, 51, 52, 53, 54, 55, 56, 57, 58, 59, 60, 61, 62, 63, 64, 65, 66, 67, 68, 69, 70, 71, 72, 73, 74, 75, 76, 77, 78, 79, 80, 81, 82, 83, 84, 85, 86, 87, 88, 89, 90, 91, 92, 93, 94, 95, 96, 97, 98, 99, 100, 101, 102, 103, 104, 105, 106, 107, 108, 109, 110, 111, 112, 113, 114, 115, 116, 117, 118, 119, 120, 121, 122, 123, 124, 125, 126, 127, 128, 129, 130, 131, 132, 133]]
