tree
version=v2
num_class=1
num_tree_per_iteration=1
label_index=0
max_feature_idx=13
objective=binary sigmoid:1
feature_names=c_table_1.c_2 c_table_1.c_3 c_table_1.c_5 n_table_1.n_3 n_table_1.n_10 n_table_1.n_12 n_table_1.n_15 n_table_1.n_16 n_table_1.n_17 n_table_1.n_18 n_table_1.n_19 n_table_1.n_26 n_table_1.n_27 c_table_2.c_4
feature_infos=49:0:5:3:8:19:33:31:47:159:129:39:41:26:141:36:21:78:84:6:74:88:176:90:29:189:30:106:75:110:57:65:77:28:73:197:89:107:155:43:147:40:46:67:69:146:167:10:66:101:11:99:2:48:200:12:13:71:9:60:140:198:52:85:93:154:17:32:34:50:58:64:83:100:117:148:161:175:196:4:59:72:87:91:95:187:20:35:56:98:102:111:116:120:128:144:168:179:185:1:25:42:55:76:92:94:104:112:126:139:162:164:190:15:18:37:51:115:118:127:133:149:158:169:180:182:191:194:203 46:0:74:18:55:6:64:102:68:3:87:45:36:37:84:147:5:48:121:81:86:22:181:10:2:16:92:52:71:56:79:148:109:101:115:169:42:98:19:95:93:188:27:40:114:126:135:53:151:62:106:150:9:33:39:54:94:123:11:14:30:213:8:70:130:146:154:207:23:24:72:120:155:80:100:118:158:166:186:187:200:210:211:34:89:201:1:75:82:111:119:153:163:191:208:20:21:29:58:61:66:116:162:174:183:185:197:212:13:41:43:49:83:85:107:117:127:134:167:170:176:190:193:50:63:78:88:97:122:136:137:168:175:182:203:217:218 2:0:7:8:9:3:10:1:6:17:20:4:22:26:25:12:47:14:5:33:29:11:18:42:24:16:41:19:31:38:13:30:36:43:54:55 [1:175] [1:68.5] [1:8524] [1:263222] [1:249100] [1:418837] [1:574087] [1:1285890] [1:121640] [1:151] 18:0:70:6:20:32:21:40:12:38:10:4:9:46:78:27:60:23:31:7:59:67:11:24:68:107:93:16:55:49:81:131:48:30:72:114:90:51:66:101:104:119:87:15:5:29:111:82:96:89:14:88:100:41:79:80:28:97:113:1:8:33:35:39:61:98:108:120:140:17:45:50:91:25:64:105:106:133:13:19:26:37:42:54:58:69:71:83:95:99:102:118:148
tree_sizes=749 736 872 644 830 702

Tree=0
num_leaves=8
num_cat=2
split_feature=10 13 3 6 3 6 0
split_gain=24.9316 5.93981 3.66419 2.88599 1.2191 0.436732 0.101157
threshold=119585.00000000001 0 28.750000000000004 5305.7500000000009 16.000000000000004 13643.500000000002 1
decision_type=2 5 2 2 2 2 5
left_child=1 -1 -2 4 6 -5 -3
right_child=2 3 -4 5 -6 -7 -8
leaf_value=-3.0872205028997954 -2.3503160145873725 -3.3658383709615132 -2.9825184705296879 -3.0981258245238412 -3.5801899240249919 -3.2414209852218061 -3.2246109813598598
leaf_count=321 172 1076 255 158 422 172 224
internal_value=0 -0.210451 1.14926 -0.304972 -0.432835 0.00247712 -0.299196
internal_count=2800 2373 427 2052 1722 330 1300
cat_boundaries=0 3 6
cat_threshold=8651328 268517633 336 9 131074 16384
shrinkage=1


Tree=1
num_leaves=7
num_cat=3
split_feature=1 10 9 1 6 13
split_gain=19.3079 18.723 8.69799 4.55458 3.80783 1.36607
threshold=0 232191.00000000003 303.25000000000006 1 2328.2500000000005 2
decision_type=5 2 2 5 2 5
left_child=2 3 5 -2 -5 -1
right_child=1 -3 -4 4 -6 -7
leaf_value=-0.095447545485824889 -0.095160660213264608 1.0525401635552796 -0.42789219870880391 0 0.43184790850106458 0.043052235836259528
leaf_count=853 285 105 530 277 320 430
internal_value=0 0.453277 -0.345226 0.23176 0.408449 -0.0944961
internal_count=2800 987 1813 882 597 1283
cat_boundaries=0 6 11 14
cat_threshold=134480973 1073766400 2160100497 1074274304 1572864 2097664 2592 10485808 268435456 33554500 4194304 1048577 268435713 16448
shrinkage=0.475035


Tree=2
num_leaves=9
num_cat=3
split_feature=1 13 7 5 7 7 7 2
split_gain=8.56962 6.72721 4.40228 4.87624 3.90349 5.37275 3.04747 0.163493
threshold=0 1 42425.500000000007 282.25000000000006 19.750000000000004 1027.7500000000002 4388.5000000000009 2
decision_type=5 5 2 2 2 2 2 5
left_child=-1 -2 3 4 7 -6 -7 -3
right_child=1 2 -4 -5 5 6 -8 -9
leaf_value=-0.25607602271696711 -0.19930207178031661 0.033785644656229227 0.44078617787548147 -0.18402692796423351 0.66866829300994524 -0.1012976541992035 0.32864822661921866 -0.0062385143226474987
leaf_count=664 270 958 66 224 165 128 101 224
internal_value=0 0.0668587 0.195347 0.114887 0.257992 0.638954 0.118987 0.0348624
internal_count=2800 2136 1866 1800 1576 394 229 1182
cat_boundaries=0 6 11 12
cat_threshold=263756 2121728 2160100481 1074274308 1572864 2097664 137369728 134217792 147520 264192 8 1
shrinkage=0.475035


Tree=3
num_leaves=6
num_cat=3
split_feature=0 1 4 6 2
split_gain=6.62281 3.07392 1.82612 4.19281 1.25107
threshold=0 1 1.7500000000000002 8936.5000000000018 2
decision_type=5 5 2 2 5
left_child=-1 -2 3 4 -3
right_child=1 2 -4 -5 -6
leaf_value=-0.21430479697095267 0.17974594037052102 0 -0.20311317992102398 0.29998472758895028 -0.14066646124477916
leaf_count=728 213 1229 181 153 296
internal_value=0 0.042247 -0.0367705 0.00327361 -0.0857708
internal_count=2800 2072 1859 1678 1525
cat_boundaries=0 7 11 12
cat_threshold=3290431816 33686018 68173824 16384 2147753986 536870912 32 4980768 1114144 1611792384 262144 5247169
shrinkage=0.475035


Tree=4
num_leaves=8
num_cat=3
split_feature=0 13 1 4 6 6 6
split_gain=5.16209 5.50942 2.20741 1.36848 3.45654 0.565527 0.0134758
threshold=0 1 2 4.7500000000000009 28058.500000000004 9656.5000000000018 6.2500000000000009
decision_type=5 5 5 2 2 2 2
left_child=-1 -2 -3 4 5 6 -4
right_child=1 2 3 -5 -6 -7 -8
leaf_value=-0.2100703660520454 -0.20738351914631756 -0.092349634530601382 0.051708761900634552 -0.033083016330651971 0.427839604179379 -0 0.15591671401453605
leaf_count=576 283 268 1062 92 82 117 320
internal_value=0 0.0303709 0.144486 0.210526 0.286762 0.16725 0.206977
internal_count=2800 2224 1941 1673 1581 1499 1382
cat_boundaries=0 7 10 16
cat_threshold=3290432832 33571330 84951040 16384 2281971712 536870912 32 1227888768 142737473 537018368 134218824 8208 2147484817 33562628 1048576 2097152
shrinkage=0.475035


Tree=5
num_leaves=7
num_cat=3
split_feature=1 0 5 7 13 7
split_gain=3.0264 4.20552 3.94159 2.12606 2.06506 1.06257
threshold=0 1 55.000000000000007 38517.250000000007 2 7302.2500000000009
decision_type=5 5 2 2 5 2
left_child=2 4 -1 -3 -2 -6
right_child=1 3 -4 -5 5 -7
leaf_value=0.42772113343950924 0.15556025364366838 -0.32782679691384031 -0 -0.0055451560288449653 -0.080768153845608592 0.08107495242023291
leaf_count=129 134 774 176 127 1307 153
internal_value=0 -0.176387 0.195334 -0.409527 0 -0.0736461
internal_count=2800 2495 305 901 1594 1460
cat_boundaries=0 4 10 12
cat_threshold=4784128 22086704 537919488 262208 526625 33424 16778766 0 2148007936 65664 2156134976 16385
shrinkage=0.475035


end of trees

feature importances:
n_table_1.n_15=7
c_table_1.c_3=6
n_table_1.n_16=6
c_table_2.c_4=5
c_table_1.c_2=4
c_table_1.c_5=2
n_table_1.n_3=2
n_table_1.n_10=2
n_table_1.n_12=2
n_table_1.n_19=2
n_table_1.n_18=1

parameters:
[boosting: gbdt]
[objective: binary]
[metric: auc]
[tree_learner: serial]
[device_type: cpu]
[data: ]
[valid: ]
[num_iterations: 100]
[learning_rate: 0.475035]
[num_leaves: 10]
[num_threads: 4]
[max_depth: 8]
[min_data_in_leaf: 20]
[min_sum_hessian_in_leaf: 5.80733]
[bagging_fraction: 0.7]
[bagging_freq: 44]
[bagging_seed: 3]
[feature_fraction: 0.7]
[feature_fraction_seed: 2]
[early_stopping_round: 0]
[max_delta_step: 0]
[lambda_l1: 1.34685]
[lambda_l2: 0.232956]
[min_gain_to_split: 0]
[drop_rate: 0.1]
[max_drop: 50]
[skip_drop: 0.5]
[xgboost_dart_mode: 0]
[uniform_drop: 0]
[drop_seed: 4]
[top_rate: 0.2]
[other_rate: 0.1]
[min_data_per_group: 100]
[max_cat_threshold: 32]
[cat_l2: 10]
[cat_smooth: 10]
[max_cat_to_onehot: 4]
[top_k: 20]
[monotone_constraints: ]
[feature_contri: ]
[forcedsplits_filename: ]
[refit_decay_rate: 0.9]
[verbosity: -1]
[max_bin: 255]
[min_data_in_bin: 3]
[bin_construct_sample_cnt: 200000]
[histogram_pool_size: -1]
[data_random_seed: 1]
[output_model: LightGBM_model.txt]
[snapshot_freq: -1]
[input_model: ]
[output_result: LightGBM_predict_result.txt]
[initscore_filename: ]
[valid_data_initscores: ]
[pre_partition: 0]
[enable_bundle: 1]
[max_conflict_rate: 0]
[is_enable_sparse: 1]
[sparse_threshold: 0.8]
[use_missing: 1]
[zero_as_missing: 0]
[two_round: 0]
[save_binary: 0]
[enable_load_from_binary_file: 1]
[header: 0]
[label_column: ]
[weight_column: ]
[group_column: ]
[ignore_column: ]
[categorical_feature: ]
[predict_raw_score: 0]
[predict_leaf_index: 0]
[predict_contrib: 0]
[num_iteration_predict: -1]
[pred_early_stop: 0]
[pred_early_stop_freq: 10]
[pred_early_stop_margin: 10]
[convert_model_language: ]
[convert_model: gbdt_prediction.cpp]
[num_class: 1]
[is_unbalance: 0]
[scale_pos_weight: 1]
[sigmoid: 1]
[boost_from_average: 1]
[reg_sqrt: 0]
[alpha: 0.9]
[fair_c: 1]
[poisson_max_delta_step: 0.7]
[tweedie_variance_power: 1.5]
[max_position: 20]
[label_gain: ]
[metric_freq: 1]
[is_provide_training_metric: 0]
[eval_at: ]
[num_machines: 1]
[local_listen_port: 12400]
[time_out: 120]
[machine_list_filename: ]
[machines: ]
[gpu_platform_id: -1]
[gpu_device_id: -1]
[gpu_use_dp: 0]

end of parameters

pandas_categorical:[[0, 1, 2, 3, 4, 5, 6, 7, 8, 9, 10, 11, 12, 13, 14, 15, 16, 17, 18, 19, 20, 21, 22, 23, 24, 25, 26, 27, 28, 29, 30, 31, 32, 33, 34, 35, 36, 37, 38, 39, 40, 41, 42, 43, 44, 45, 46, 47, 48, 49, 50, 51, 52, 53, 54, 55, 56, 57, 58, 59, 60, 61, 62, 63, 64, 65, 66, 67, 68, 69, 70, 71, 72, 73, 74, 75, 76, 77, 78, 79, 80, 81, 82, 83, 84, 85, 86, 87, 88, 89, 90, 91, 92, 93, 94, 95, 96, 97, 98, 99, 100, 101, 102, 103, 104, 105, 106, 107, 108, 109, 110, 111, 112, 113, 114, 115, 116, 117, 118, 119, 120, 121, 122, 123, 124, 125, 126, 127, 128, 129, 130, 131, 132, 133, 134, 135, 136, 137, 138, 139, 140, 141, 142, 143, 144, 145, 146, 147, 148, 149, 150, 151, 152, 153, 154, 155, 156, 157, 158, 159, 160, 161, 162, 163, 164, 165, 166, 167, 168, 169, 170, 171, 172, 173, 174, 175, 176, 177, 178, 179, 180, 181, 182, 183, 184, 185, 186, 187, 188, 189, 190, 191, 192, 193, 194, 195, 196, 197, 198, 199, 200, 201, 202, 203, 204, 205, 206], [0, 1, 2, 3, 4, 5, 6, 7, 8, 9, 10, 11, 12, 13, 14, 15, 16, 17, 18, 19, 20, 21, 22, 23, 24, 25, 26, 27, 28, 29, 30, 31, 32, 33, 34, 35, 36, 37, 38, 39, 40, 41, 42, 43, 44, 45, 46, 47, 48, 49, 50, 51, 52, 53, 54, 55, 56, 57, 58, 59, 60, 61, 62, 63, 64, 65, 66, 67, 68, 69, 70, 71, 72, 73, 74, 75, 76, 77, 78, 79, 80, 81, 82, 83, 84, 85, 86, 87, 88, 89, 90, 91, 92, 93, 94, 95, 96, 97, 98, 99, 100, 101, 102, 103, 104, 105, 106, 107, 108, 109, 110, 111, 112, 113, 114, 115, 116, 117, 118, 119, 120, 121, 122, 123, 124, 125, 126, 127, 128, 129, 130, 131, 132, 133, 134, 135, 136, 137, 138, 139, 140, 141, 142, 143, 144, 145, 146, 147, 148, 149, 150, 151, 152, 153, 154, 155, 156, 157, 158, 159, 160, 161, 162, 163, 164, 165, 166, 167, 168, 169, 170, 171, 172, 173, 174, 175, 176, 177, 178, 179, 180, 181, 182, 183, 184, 185, 186, 187, 188, 189, 190, 191, 192, 193, 194, 195, 196, 197, 198, 199, 200, 201, 202, 203, 204, 205, 206, 207, 208, 209, 210, 211, 212, 213, 214, 215, 216, 217, 218, 219, 220], [0, 1, 2, 3, 4, 5, 6, 7, 8, 9, 10, 11, 12, 13, 14, 15, 16, 17, 18, 19, 20, 21, 22, 23, 24, 25, 26, 27, 28, 29, 30, 31, 32, 33, 34, 35, 36, 37, 38, 39, 40, 41, 42, 43, 44, 45, 46, 47, 48, 49, 50, 51, 52, 53, 54, 55, 56], [0, 1, 2, 3, 4, 5, 6, 7, 8, 9, 10, 11, 12, 13, 14, 15, 16, 17, 18, 19, 20, 21, 22, 23, 24, 25, 26, 27, 28, 29, 30, 31, 32, 33, 34, 35, 36, 37, 38, 39, 40, 41, 42, 43, 44, 45, 46, 47, 48, 49, 50, 51, 52, 53, 54, 55, 56, 57, 58, 59, 60, 61, 62, 63, 64, 65, 66, 67, 68, 69, 70, 71, 72, 73, 74, 75, 76, 77, 78, 79, 80, 81, 82, 83, 84, 85, 86, 87, 88, 89, 90, 91, 92, 93, 94, 95, 96, 97, 98, 99, 100, 101, 102, 103, 104, 105, 106, 107, 108, 109, 110, 111, 112, 113, 114, 115, 116, 117, 118, 119, 120, 121, 122, 123, 124, 125, 126, 127, 128, 129, 130, 131, 132, 133, 134, 135, 136, 137, 138, 139, 140, 141, 142, 143, 144, 145, 146, 147, 148, 149, 150]]
