tree
version=v2
num_class=1
num_tree_per_iteration=1
label_index=0
max_feature_idx=22
objective=binary sigmoid:1
feature_names=n_1 c_table_1.c_1 c_table_1.c_2 n_table_1.n_2 c_table_1.c_3 c_table_1.c_4 n_table_1.n_5 n_table_1.n_6 n_table_1.n_7 n_table_1.n_8 n_table_1.n_9 n_table_1.n_10 n_table_1.n_11 n_table_1.n_12 n_table_1.n_15 n_table_1.n_16 n_table_1.n_17 n_table_1.n_18 n_table_1.n_19 n_table_1.n_20 n_table_1.n_25 n_table_1.n_26 n_table_1.n_27
feature_infos=[1:62.5] 1:0 3:0:5:36:20:4:21:8:11:62:25:56:33:44:1:31:30:153:18:69:2:28:85:135:6:35:40:43:54:61:98:9:38:49:176:55:87:84:26:42:101:155:80:137:149:19:52:39:51:27:47:177:57:58:59:125:34:63:75:94:102:113:13:29:83:103:132:151:14:15:23:66:76:88:90:99:108:114:169:180:93:126:134:171:24:68:78:95:112:117:121:127:138:139:154:158:159:10:16:53:67:97:107:109:111:123:133:166:175:182 [-49.719499999999996:81.200400000000002] 36:0:3:33:28:13:9:1:42:8:178:19:5:66:24:95:72:2:12:17:14:56:58:139:25:31:70:119:90:112:88:81:83:6:21:50:75:100:204:4:43:64:74:79:116:44:48:49:94:123:67:26:97:22:30:32:122:11:29:46:182:102:158:161:167:206:16:39:60:135:143:10:18:34:57:63:120:128:155:68:71:98:147:159:172:175:212:15:35:54:62:82:99:113:134:140:177:196:23:69:76:89:138:162:166:199:205:27:40:51:65:73:115:168:181:188:193:198:41:45:53:59:61:92:96:108:111:121:129:136:157:163:174:180:184:185:189:191:192:194:195:201 34:0:24:2:8:36:10:1:41:52:77:6:13:31:5:28:78:3:12:15:17:20:32:23:30:35:75:58:18:47:100:14:37:27:61:88:4:7:45:48:64:73:82:133:38:56:62:71:106:115:135:9:40:70:83:85:96:108:125:21:29:46:54:113:132:25:39:42:44:72:97:111:119:122:19:68:76:103:110:117:121:123:124:127:131:138 [1:24272.5] [1:46363] [1:3314.5] [1:703902] [1:2481850] [1:70] [1:6121] [1:7070.5] [1:423494] [1:245767] [1:448222] [1:441384] [1:1178200] [1:18856] [1:38.5] [1:121640] [1:151]
tree_sizes=624 672 630 626 644 622 639 663 659 676 681 736 717 665 740 737 753 707 698 721 647 657 731 673 679 652 663 755 730 650 665 731 676 655 622 690 697 571 663 588 735 627 559 643 718 576 578 689 584 591 635 706

Tree=0
num_leaves=7
num_cat=0
split_feature=17 0 0 21 15 3
split_gain=33.3195 17.203 4.40427 5.21197 2.16761 1.76981
threshold=11903.500000000002 7.7500000000000009 16.750000000000004 4.7500000000000009 4598.5000000000009 35.806650000000012
decision_type=2 2 2 2 2 2
left_child=2 4 3 -1 -2 -4
right_child=1 -3 5 -5 -6 -7
leaf_value=-3.1903617578613419 -3.1523190081791301 -2.8873296376470541 -3.0878937368543502 -3.1165940322234622 -3.091281616977088 -3.1523190081791301
leaf_count=1693 89 73 93 121 282 49
internal_value=0 1.20211 -0.29049 -0.37063 0.526917 0.396222
internal_count=2400 444 1956 1814 371 142
shrinkage=1


Tree=1
num_leaves=8
num_cat=0
split_feature=15 19 21 16 0 0 14
split_gain=26.8385 7.93246 7.17209 5.91001 5.20735 2.83722 0.173032
threshold=8437.0000000000018 3902.5000000000005 208.00000000000003 8580.2500000000018 16.750000000000004 1.7500000000000002 131264.50000000003
decision_type=2 2 2 2 2 2 2
left_child=2 5 4 -4 -1 -2 -3
right_child=1 6 3 -5 -6 -7 -8
leaf_value=-0.03277888741241914 0.068896463558845475 -0 0.15021749554501318 -0 0.035177672115350243 0.25658350896108101 0.018292093374791242
leaf_count=1853 149 52 47 47 148 43 61
internal_value=0 1.28214 -0.217104 0.879648 -0.303679 1.83024 0
internal_count=2400 305 2095 94 2001 192 113
shrinkage=0.0833459


Tree=2
num_leaves=7
num_cat=0
split_feature=17 0 0 21 12 16
split_gain=23.5927 13.1894 3.33311 4.18782 2.99157 0.942827
threshold=11903.500000000002 15.250000000000002 16.750000000000004 4.7500000000000009 4.7500000000000009 1.7500000000000002
decision_type=2 2 2 2 2 2
left_child=2 4 3 -1 -2 -4
right_child=1 -3 5 -5 -6 -7
leaf_value=-0.034591822433287976 0.088322325658044945 0.26219136224400608 0.045565615671210064 0.02903580999368667 0.0043974230885225844 -0
leaf_count=1693 132 30 101 121 282 41
internal_value=0 0.951056 -0.254068 -0.330491 0.501294 0.305779
internal_count=2400 444 1956 1814 414 142
shrinkage=0.0833459


Tree=3
num_leaves=7
num_cat=0
split_feature=17 0 0 21 17 3
split_gain=20.0597 8.9362 2.89491 3.75374 2.44115 1.29194
threshold=11903.500000000002 15.250000000000002 16.750000000000004 4.7500000000000009 235810.00000000003 35.806650000000012
decision_type=2 2 2 2 2 2
left_child=2 4 3 -1 -2 -4
right_child=1 -3 5 -5 -6 -7
leaf_value=-0.032817126823917457 0.050346285327912847 0.21352114824499049 0.049273122087083884 0.026416233440600515 -0.0081010672446268778 -0
leaf_count=1693 373 30 93 121 41 49
internal_value=0 0.858605 -0.235465 -0.30994 0.457468 0.270355
internal_count=2400 444 1956 1814 414 142
shrinkage=0.0833459


Tree=4
num_leaves=7
num_cat=0
split_feature=15 17 11 21 19 0
split_gain=17.0308 5.53033 5.9648 4.83867 4.90423 3.35773
threshold=8437.0000000000018 235810.00000000003 3.2500000000000004 208.00000000000003 1009.7500000000001 16.750000000000004
decision_type=2 2 2 2 2 2
left_child=3 2 -2 5 -5 -1
right_child=1 -3 -4 4 -6 -7
leaf_value=-0.028198879597340201 0.048988812476968187 -0.0054156460134233073 0.22069130593056438 0.1131076951562542 -0.0050530146875797724 0.022199764828204023
leaf_count=1853 229 39 37 57 37 148
internal_value=0 0.950789 1.1772 -0.174819 0.654073 -0.256374
internal_count=2400 305 266 2095 94 2001
shrinkage=0.0833459


Tree=5
num_leaves=7
num_cat=0
split_feature=18 19 0 21 15 0
split_gain=14.2748 6.57875 5.6431 3.265 3.08083 0.489932
threshold=92375.500000000015 985.00000000000011 16.750000000000004 94.750000000000014 9312.2500000000018 22.750000000000004
decision_type=2 2 2 2 2 2
left_child=2 -2 3 -1 -3 -4
right_child=1 4 5 -5 -6 -7
leaf_value=-0.029423322943461252 0.20037331620053805 -0.011979965675525997 0.062860060644634952 0.029267256504751059 0.053663943735979609 0
leaf_count=1821 30 65 86 88 244 66
internal_value=0 0.808154 -0.17109 -0.280157 0.40301 0.544604
internal_count=2400 339 2061 1909 309 152
shrinkage=0.0833459


Tree=6
num_leaves=7
num_cat=1
split_feature=2 14 10 0 6 6
split_gain=12.5268 11.2734 4.31446 2.28329 1.205 0.785595
threshold=0 243.25000000000003 16.750000000000004 16.750000000000004 61.750000000000007 25.750000000000004
decision_type=5 2 2 2 2 2
left_child=3 5 -3 4 -1 -2
right_child=1 2 -4 -5 -6 -7
leaf_value=-0.034317826206434129 -0.041859020914655695 -0 0.086302244423671043 0.011656154974084256 0 0
leaf_count=1433 165 94 451 104 87 66
internal_value=0 0.428595 0.88086 -0.248717 -0.366085 -0.317453
internal_count=2400 776 545 1624 1520 231
cat_boundaries=0 5
cat_threshold=2148794715 16777232 3145760 0 128
shrinkage=0.0833459


Tree=7
num_leaves=7
num_cat=1
split_feature=2 14 6 0 6 3
split_gain=10.8551 9.31012 3.15931 2.53366 0.849479 0.543185
threshold=0 243.25000000000003 298.75000000000006 16.750000000000004 25.750000000000004 3.1180950000000003
decision_type=5 2 2 2 2 2
left_child=3 4 -3 5 -2 -1
right_child=1 2 -4 -5 -6 -7
leaf_value=-0.018558464046552418 -0.042594589377904349 0.069779012271519308 -0 0.014799529883980159 0 -0.053477726666089673
leaf_count=1110 175 540 40 101 64 370
internal_value=0 0.373729 0.742439 -0.249322 -0.321552 -0.378191
internal_count=2400 819 580 1581 239 1480
cat_boundaries=0 5
cat_threshold=2148794707 25165912 3145760 0 128
shrinkage=0.0833459


Tree=8
num_leaves=7
num_cat=1
split_feature=2 14 0 0 7 6
split_gain=8.01583 7.63391 4.12748 1.88347 1.08294 0.829991
threshold=0 243.25000000000003 15.250000000000002 16.750000000000004 963.25000000000011 25.750000000000004
decision_type=5 2 2 2 2 2
left_child=3 5 -3 4 -1 -2
right_child=1 2 -4 -5 -6 -7
leaf_value=-0.030772582774743464 -0.042047426605143608 0.032074963578433945 0.13480732362993533 0.0094733956241814764 0 0
leaf_count=1451 181 515 52 104 33 64
internal_value=0 0.317343 0.643624 -0.216931 -0.331266 -0.315297
internal_count=2400 812 567 1588 1484 245
cat_boundaries=0 5
cat_threshold=2148794459 16777240 2097184 0 128
shrinkage=0.0833459


Tree=9
num_leaves=7
num_cat=1
split_feature=18 19 21 16 15 4
split_gain=6.9931 5.36872 3.067 1.90416 1.71694 1.52045
threshold=92375.500000000015 985.00000000000011 94.750000000000014 5487.2500000000009 9312.2500000000018 0
decision_type=2 2 2 2 2 5
left_child=2 -2 5 -4 -3 -1
right_child=1 4 3 -5 -6 -7
leaf_value=0.0078425508240219169 0.14709781354798804 -0.015831268323314645 0.072231649803610659 -0 0.031300870570227866 -0.020535282700663647
leaf_count=208 30 65 57 35 244 1761
internal_value=0 0.516786 -0.129534 0.478457 0.192775 -0.206827
internal_count=2400 339 2061 92 309 1969
cat_boundaries=0 7
cat_threshold=131084 16 8 1114112 0 262144 4096
shrinkage=0.0833459


Tree=10
num_leaves=8
num_cat=0
split_feature=15 12 8 0 21 12 16
split_gain=5.92745 3.96932 2.8368 2.32751 1.58876 1.51573 0.848029
threshold=8437.0000000000018 57.250000000000007 85.750000000000014 16.750000000000004 226.75000000000003 6.2500000000000009 1783.0000000000002
decision_type=2 2 2 2 2 2 2
left_child=3 5 -3 4 -1 -2 -5
right_child=1 2 -4 6 -6 -7 -8
leaf_value=-0.021126049014078104 0.03702898233103441 0.12528636542801708 0 0.039284673526522394 0.014319309229598362 -0.01166060545810902 -0
leaf_count=1854 88 58 34 130 88 125 23
internal_value=0 0.492063 1.08604 -0.112747 -0.193556 0.0258029 0.300476
internal_count=2400 305 92 2095 1942 213 153
shrinkage=0.0833459


Tree=11
num_leaves=8
num_cat=1
split_feature=2 14 0 8 0 6 3
split_gain=6.04249 5.64095 3.03005 2.36547 1.38259 0.731241 0.716113
threshold=0 243.25000000000003 15.250000000000002 3.2500000000000004 16.750000000000004 25.750000000000004 69.507800000000017
decision_type=5 2 2 2 2 2 2
left_child=3 5 -3 4 -1 -2 -5
right_child=1 2 -4 6 -6 -7 -8
leaf_value=-0.01257416495043398 -0.039036499409030166 0.026224855384468858 0.11216982677292084 -0.056145431801664564 0.029579966775871554 0 -0
leaf_count=1148 179 509 50 304 83 64 63
internal_value=0 0.274524 0.542421 -0.188572 -0.0460085 -0.278678 -0.584637
internal_count=2400 802 559 1598 1231 243 367
cat_boundaries=0 5
cat_threshold=2148794459 25165848 2097184 0 128
shrinkage=0.0833459


Tree=12
num_leaves=8
num_cat=1
split_feature=9 9 3 16 8 19 1
split_gain=4.59965 2.71439 2.87778 2.53283 3.80337 3.22489 0.421872
threshold=4.7500000000000009 151.75000000000003 35.802900000000008 16636.000000000004 18.250000000000004 2533.0000000000005 0
decision_type=2 2 2 2 2 2 1
left_child=3 2 -2 4 -1 -5 -3
right_child=1 6 -4 5 -6 -7 -8
leaf_value=-0.00023295919675458144 -0 0.01515142918141019 0.074399076659687466 0.06478616933144378 -0.05003169170498549 -0.005215805044431936 -0.020009061179483908
leaf_count=1384 55 34 189 85 444 100 109
internal_value=0 0.423665 0.65854 -0.0998855 -0.198516 0.266163 -0
internal_count=2400 387 244 2013 1828 185 143
cat_boundaries=0 1
cat_threshold=2
shrinkage=0.0833459


Tree=13
num_leaves=7
num_cat=1
split_feature=4 14 19 3 0 6
split_gain=4.35391 4.92699 2.87095 2.58725 1.26966 0.817861
threshold=0 243.25000000000003 1.7500000000000002 35.802900000000008 16.750000000000004 25.750000000000004
decision_type=5 2 2 2 2 2
left_child=2 5 4 -3 -1 -2
right_child=1 3 -4 -5 -6 -7
leaf_value=-0.01226327850166483 -0.04227417917007463 -0 -0.058123054975225436 0.046424092529716889 0.028235442755341084 0
leaf_count=1088 207 158 264 531 82 70
internal_value=0 0.208693 -0.18208 0.423361 -0.0377079 -0.321955
internal_count=2400 966 1434 689 1170 277
cat_boundaries=0 4
cat_threshold=33571361 83887104 3288335428 8388624
shrinkage=0.0833459


Tree=14
num_leaves=8
num_cat=1
split_feature=2 14 19 3 0 7 19
split_gain=4.41493 3.68699 2.33749 2.24563 0.933196 0.860762 0.313327
threshold=0 243.25000000000003 900.25000000000011 3.1180950000000003 16.750000000000004 574.75000000000011 361.75000000000006
decision_type=5 2 2 2 2 2 2
left_child=3 6 -3 4 -1 -5 -2
right_child=1 2 -4 5 -6 -7 -8
leaf_value=-0.0098925103168702108 -0.030130650045484278 0.067643790091835979 0.01112392067429514 -0.051674355562494112 0.024365101116316065 0 0
leaf_count=1121 155 212 325 383 83 35 86
internal_value=0 0.227786 0.43818 -0.167475 -0.0209885 -0.534812 -0.220286
internal_count=2400 778 537 1622 1204 418 241
cat_boundaries=0 5
cat_threshold=2148794715 25165840 2097184 0 128
shrinkage=0.0833459


Tree=15
num_leaves=8
num_cat=1
split_feature=2 14 3 6 7 0 6
split_gain=3.93975 2.85748 2.71906 2.34185 1.0682 0.801154 0.54207
threshold=0 243.25000000000003 3.1180950000000003 103.00000000000001 574.75000000000011 16.750000000000004 25.750000000000004
decision_type=5 2 2 2 2 2 2
left_child=2 6 5 -3 -4 -1 -2
right_child=1 3 4 -5 -6 -7 -8
leaf_value=-0.0091796906160133609 -0.031872432439997454 0.040510334776926282 -0.059602122601838552 -0.0031306218590726456 0 0.022303592644027044 0
leaf_count=1121 169 526 327 75 35 83 64
internal_value=0 0.206443 -0.165839 0.381423 -0.603466 -0.0156015 -0.18832
internal_count=2400 834 1566 601 362 1204 233
cat_boundaries=0 5
cat_threshold=2148794715 25165832 3145760 0 128
shrinkage=0.0833459


Tree=16
num_leaves=8
num_cat=1
split_feature=2 9 8 3 16 0 3
split_gain=3.11194 3.34176 3.20866 2.0944 1.77138 0.754986 0.712474
threshold=0 12.250000000000002 7.7500000000000009 3.1180950000000003 16636.000000000004 16.750000000000004 69.507800000000017
decision_type=5 2 2 2 2 2 2
left_child=3 4 -3 5 -2 -1 -5
right_child=1 2 -4 6 -6 -7 -8
leaf_value=-0.0095179747372055121 -0.017483342886008606 -0.0030637188745961524 0.062378780091874843 -0.055874270661765153 0.023433645269934557 0.020441890307861747 -0
leaf_count=1110 412 40 223 302 167 83 63
internal_value=0 0.175686 0.551297 -0.154708 -0 -0.0196049 -0.561994
internal_count=2400 842 263 1558 579 1193 365
cat_boundaries=0 5
cat_threshold=2148794707 25165848 2097184 0 128
shrinkage=0.0833459


Tree=17
num_leaves=7
num_cat=1
split_feature=4 16 11 0 6 19
split_gain=3.10772 3.93338 3.74186 2.07221 0.906676 0.841158
threshold=0 1159.7500000000002 3.2500000000000004 16.750000000000004 24.250000000000004 1.7500000000000002
decision_type=5 2 2 2 2 2
left_child=3 4 -3 5 -2 -1
right_child=1 2 -4 -5 -6 -7
leaf_value=-0.0093732702840800888 -0.025465093264242882 0.013046349143975544 0.095448824558085496 0.019150680062097442 0.0029609720170709775 -0.045489458194572688
leaf_count=1088 354 363 73 97 118 307
internal_value=0 0.175776 0.443757 -0.154548 -0.11012 -0.281321
internal_count=2400 908 436 1492 472 1395
cat_boundaries=0 4
cat_threshold=34103841 83887104 3288335428 8388624
shrinkage=0.0833459


Tree=18
num_leaves=7
num_cat=1
split_feature=0 21 4 10 19 19
split_gain=2.61928 3.97238 2.0271 1.99172 0.891855 0.341534
threshold=15.250000000000002 37.750000000000007 0 16.750000000000004 1.7500000000000002 138.25000000000003
decision_type=2 2 5 2 2 2
left_child=2 5 4 -4 -1 -2
right_child=1 -3 3 -5 -6 -7
leaf_value=-0.0073727676304041036 0.013047677730972453 0.099372107994364189 -0.02208603770633244 0.019170754679670367 -0.045155557971463138 -0.016073709891167843
leaf_count=1069 132 27 251 604 269 48
internal_value=0 0.403316 -0.0627471 0.0733113 -0.202663 0
internal_count=2400 207 2193 855 1338 180
cat_boundaries=0 4
cat_threshold=268436257 1026 2214592580 8388608
shrinkage=0.0833459


Tree=19
num_leaves=8
num_cat=1
split_feature=2 3 14 19 3 6 14
split_gain=2.66432 1.96819 1.81645 2.35874 0.863346 0.409535 0.00170345
threshold=0 3.1180950000000003 243.25000000000003 900.25000000000011 66.943900000000014 25.750000000000004 3.2500000000000004
decision_type=5 2 2 2 2 2 2
left_child=1 6 5 -4 -3 -2 -1
right_child=2 4 3 -5 -6 -7 -8
leaf_value=-0.00057607955719606832 -0.026901212061753881 -0.051625462930424505 0.053723950280256998 0.0028282524278530792 -0 0 0
leaf_count=1172 163 336 205 325 103 64 32
internal_value=0 -0.139413 0.167089 0.307827 -0.491552 -0.131245 -0
internal_count=2400 1643 757 530 439 227 1204
cat_boundaries=0 5
cat_threshold=2148794715 25165912 2097184 0 128
shrinkage=0.0833459


Tree=20
num_leaves=7
num_cat=0
split_feature=0 17 14 13 19 19
split_gain=2.17404 3.46905 1.7288 2.1611 1.54952 0.530607
threshold=15.250000000000002 16073.500000000002 40260.250000000007 629.50000000000011 1150.0000000000002 138.25000000000003
decision_type=2 2 2 2 2 2
left_child=2 5 4 -4 -1 -2
right_child=1 -3 3 -5 -6 -7
leaf_value=-0.0028783885297693967 0.011821192067132839 0.085072394282856803 0.04911394257837965 -0.0018026637865239756 -0.039228923951404301 -0.027036499769171888
leaf_count=1726 132 28 126 97 244 47
internal_value=0 0.360281 -0.0607729 0.216152 -0.143194 -0
internal_count=2400 207 2193 223 1970 179
shrinkage=0.0833459


Tree=21
num_leaves=7
num_cat=1
split_feature=2 11 16 8 3 3
split_gain=1.97541 2.86219 1.95559 1.72127 1.59112 0.753936
threshold=0 1.7500000000000002 64668.250000000007 6.2500000000000009 56.939050000000009 69.507800000000017
decision_type=5 2 2 2 2 2
left_child=3 4 -3 -1 -2 -5
right_child=1 2 -4 5 -6 -7
leaf_value=-0.0011824667916398282 -0.0076606888689145711 0.068309841124604295 -0 -0.057550898803627792 0.034721234211857882 0
leaf_count=1219 579 121 46 253 119 63
internal_value=0 0.131016 0.566142 -0.132586 0 -0.550379
internal_count=2400 865 167 1535 698 316
cat_boundaries=0 5
cat_threshold=2148794451 25165912 2097184 0 128
shrinkage=0.0833459


Tree=22
num_leaves=8
num_cat=1
split_feature=2 8 11 3 3 3 0
split_gain=2.04821 1.85779 1.72585 2.2152 1.27113 0.588385 0.426043
threshold=0 3.2500000000000004 1.7500000000000002 48.601400000000005 56.939050000000009 69.507800000000017 16.750000000000004
decision_type=5 2 2 2 2 2 2
left_child=1 6 4 -4 -2 -3 -1
right_child=2 5 3 -5 -6 -7 -8
leaf_value=-0.0067194990305062619 -0.0041060398913010015 -0.049388822038494311 0.065174719577900581 -0 0.03272024768865138 0 0.015800880606353609
leaf_count=1148 517 327 94 53 115 63 83
internal_value=0 -0.129345 0.139074 0.505521 0.00432453 -0.498174 -0
internal_count=2400 1621 779 147 632 390 1231
cat_boundaries=0 5
cat_threshold=2148794459 25165912 3145760 0 128
shrinkage=0.0833459


Tree=23
num_leaves=7
num_cat=1
split_feature=2 3 9 3 16 0
split_gain=1.73864 2.25618 1.48815 1.59105 1.2136 0.388809
threshold=0 2.9757000000000002 12.250000000000002 35.802900000000008 16636.000000000004 16.750000000000004
decision_type=5 2 2 2 2 2
left_child=1 5 4 -4 -2 -1
right_child=2 -3 3 -5 -6 -7
leaf_value=-0.0068672983302276395 -0.013596131686003406 -0.051523716146558381 -0 0.042774250275275032 0.019505971587365108 0.014165208557892882
leaf_count=1110 462 320 62 196 167 83
internal_value=0 -0.128943 0.118648 0.353719 0 -0
internal_count=2400 1513 887 258 629 1193
cat_boundaries=0 6
cat_threshold=2148794707 25165896 3145760 0 128 65536
shrinkage=0.0833459


Tree=24
num_leaves=7
num_cat=1
split_feature=0 17 4 8 19 19
split_gain=1.58562 2.6989 1.4322 1.04041 0.812274 0.408302
threshold=15.250000000000002 16073.500000000002 0 10.750000000000002 1.7500000000000002 138.25000000000003
decision_type=2 2 5 2 2 2
left_child=2 5 4 -4 -1 -2
right_child=1 -3 3 -5 -6 -7
leaf_value=-0.0054634715815528954 0.0086096459920601415 0.072006375832835895 0.034379021362817744 -0 -0.042107467802107106 -0.025455263741572288
leaf_count=1069 132 28 147 708 269 47
internal_value=0 0.298953 -0.056664 0.0527321 -0.177553 -0
internal_count=2400 207 2193 855 1338 179
cat_boundaries=0 4
cat_threshold=268436257 1026 2214592580 8388608
shrinkage=0.0833459


Tree=25
num_leaves=7
num_cat=1
split_feature=18 19 2 21 0 0
split_gain=1.42007 5.57972 1.27588 1.44966 0.915689 0.436465
threshold=92375.500000000015 937.00000000000011 0 226.75000000000003 16.750000000000004 3.2500000000000004
decision_type=2 2 5 2 2 2
left_child=2 -2 3 -1 -4 -3
right_child=1 5 4 -5 -6 -7
leaf_value=-0.06097037711717989 0.11770581048292721 -0.0055530855102973965 -0.0035368167844322491 0 0.024296464750675779 0.018278961459617011
leaf_count=294 20 251 1595 39 133 68
internal_value=0 0.198561 -0.0764651 -0.281686 0 0
internal_count=2400 339 2061 333 1728 319
cat_boundaries=0 2
cat_threshold=3408186 25165826
shrinkage=0.0833459


Tree=26
num_leaves=7
num_cat=1
split_feature=2 11 16 8 3 3
split_gain=1.37201 1.55254 1.53969 1.47976 1.04887 0.703127
threshold=0 1.7500000000000002 64668.250000000007 6.2500000000000009 56.939050000000009 69.507800000000017
decision_type=5 2 2 2 2 2
left_child=3 4 -3 -1 -2 -5
right_child=1 2 -4 5 -6 -7
leaf_value=-0.00012797584547372571 -0.0059892551534913791 0.052712996067500191 -0 -0.054750447218555647 0.027719751631403271 0
leaf_count=1219 557 121 46 275 119 63
internal_value=0 0.10644 0.414619 -0.113817 0 -0.512027
internal_count=2400 843 167 1557 676 338
cat_boundaries=0 6
cat_threshold=2148794451 25165912 3145760 0 128 65536
shrinkage=0.0833459


Tree=27
num_leaves=8
num_cat=1
split_feature=2 9 6 12 16 22 21
split_gain=1.27467 2.11456 1.05023 1.66048 1.4628 0.347942 0.125703
threshold=0 15.250000000000002 55.750000000000007 7.7500000000000009 64668.250000000007 12.250000000000002 1.7500000000000002
decision_type=5 2 2 2 2 2 2
left_child=1 6 3 -2 -4 -3 -1
right_child=2 5 4 -5 -6 -7 -8
leaf_value=-0.0058523687077165071 -0.00062205563098572498 0 0.033955916807644856 -0.035281370809029128 -0.017231300096969548 0.081932401238349911 0.0085813969169475594
leaf_count=146 1547 40 153 343 36 31 104
internal_value=0 0.175543 -0.0644491 -0.137654 0.148514 0.719613 0
internal_count=2400 321 2079 1890 189 71 250
cat_boundaries=0 5
cat_threshold=1377831460 1073742082 0 0 33554432
shrinkage=0.0833459


Tree=28
num_leaves=8
num_cat=1
split_feature=4 15 19 12 22 13 6
split_gain=1.29158 2.72923 1.03161 0.646959 2.76241 1.62301 0.184908
threshold=0 1801.7500000000002 3102.2500000000005 9.2500000000000018 1.7500000000000002 1603.0000000000002 4.7500000000000009
decision_type=5 2 2 2 2 2 2
left_child=1 6 -3 4 -2 -5 -1
right_child=3 2 -4 5 -6 -7 -8
leaf_value=-0.019721528452640118 -0.009135649581614896 0.074589702347479386 0 -0.035394470154360286 0.039143503863622718 0.0019643902199074819 0
leaf_count=89 1521 82 20 296 167 60 165
internal_value=0 0.191566 0.716975 -0.0599031 -0 -0.223772 -0
internal_count=2400 356 102 2044 1688 356 254
cat_boundaries=0 6
cat_threshold=16781582 18 16779528 65536 0 262144
shrinkage=0.0833459


Tree=29
num_leaves=7
num_cat=1
split_feature=18 19 2 21 9 0
split_gain=1.12402 4.11152 1.12489 1.3241 1.05188 0.34431
threshold=92375.500000000015 937.00000000000011 0 226.75000000000003 12.250000000000002 3.2500000000000004
decision_type=2 2 5 2 2 2
left_child=2 -2 3 -1 -4 -3
right_child=1 5 4 -5 -6 -7
leaf_value=-0.059228421100739573 0.097675493363119786 -0.0050282001045495409 -0.0033840841549970333 0 0.027785097563695346 0.016099237377388404
leaf_count=294 20 251 1594 39 134 68
internal_value=0 0.176431 -0.067838 -0.263855 0 0
internal_count=2400 339 2061 333 1728 319
cat_boundaries=0 2
cat_threshold=3408186 25165826
shrinkage=0.0833459


Tree=30
num_leaves=7
num_cat=2
split_feature=0 4 3 6 1 3
split_gain=1.07673 1.48987 1.73833 1.28609 1.28544 0.185049
threshold=16.750000000000004 0 34.949300000000008 22.750000000000004 1 34.052850000000007
decision_type=2 5 2 2 1 2
left_child=1 2 -1 5 -3 -2
right_child=3 4 -4 -5 -6 -7
leaf_value=-0.0042636745341698692 0.012170890609253296 -0 -0.057275953169786099 0.060218852380552426 0.037707589606815653 -0.0088753666738974821
leaf_count=1103 83 773 245 24 113 59
internal_value=0 -0.0416306 -0.175092 0.268557 0.060554 0
internal_count=2400 2234 1348 166 886 142
cat_boundaries=0 4 5
cat_threshold=16794401 83887104 2214592580 8388624 1
shrinkage=0.0833459


Tree=31
num_leaves=8
num_cat=1
split_feature=2 9 0 13 17 22 0
split_gain=1.03959 1.4816 0.833003 2.01115 1.56368 0.175832 0.123643
threshold=0 15.250000000000002 15.250000000000002 518.50000000000011 16073.500000000002 12.250000000000002 1.7500000000000002
decision_type=5 2 2 2 2 2 2
left_child=1 6 3 -2 -4 -3 -1
right_child=2 5 4 -5 -6 -7 -8
leaf_value=-0.00086272632547459982 -0.001512542438867664 0 -0 -0.04787069355955461 0.051681434480242774 0.067726500121043143 0.01582981728080458
leaf_count=215 1750 40 166 141 22 31 35
internal_value=0 0.159727 -0.0567353 -0.127262 0.109719 0.609262 0
internal_count=2400 321 2079 1891 188 71 250
cat_boundaries=0 5
cat_threshold=1377831460 1073742082 0 0 33554432
shrinkage=0.0833459


Tree=32
num_leaves=8
num_cat=3
split_feature=4 15 19 1 12 2 6
split_gain=1.0193 2.14163 0.678344 0.67166 1.40749 1.02952 0.1542
threshold=0 1801.7500000000002 3102.2500000000005 1 10.750000000000002 2 4.7500000000000009
decision_type=5 2 2 1 2 5 2
left_child=1 6 -3 4 -2 -5 -1
right_child=3 2 -4 5 -6 -7 -8
leaf_value=-0.018205082159117186 0.054156169360854392 0.063413438099707203 0 0 -0 -0.01848245113867587 0
leaf_count=89 52 82 20 1350 65 577 165
internal_value=0 0.171109 0.624792 -0.0516934 0.156329 -0.103827 -0
internal_count=2400 356 102 2044 117 1927 254
cat_boundaries=0 6 7 9
cat_threshold=16781582 18 16779528 65536 0 262144 2 34605345 4098
shrinkage=0.0833459


Tree=33
num_leaves=7
num_cat=1
split_feature=18 19 2 21 9 3
split_gain=1.00251 3.21447 1.13708 1.28659 0.967071 0.290171
threshold=92375.500000000015 937.00000000000011 0 226.75000000000003 12.250000000000002 35.268150000000013
decision_type=2 2 5 2 2 2
left_child=2 -2 3 -1 -4 -3
right_child=1 5 4 -5 -6 -7
leaf_value=-0.058842328444229638 0.085404329364291931 -0.015595467424340181 -0.002826522676455862 0 0.02694348086017323 0.0063397038645288924
leaf_count=322 20 60 1583 39 117 259
internal_value=0 0.167376 -0.0636561 -0.261687 0 0
internal_count=2400 339 2061 361 1700 319
cat_boundaries=0 2
cat_threshold=2150891834 25165890
shrinkage=0.0833459


Tree=34
num_leaves=7
num_cat=1
split_feature=4 21 19 19 14 3
split_gain=0.927861 1.0195 1.49777 1.38029 0.729802 0.2022
threshold=0 94.750000000000014 900.25000000000011 3.2500000000000004 396.25000000000006 35.802900000000008
decision_type=5 2 2 2 2 2
left_child=4 3 -3 -2 -1 -6
right_child=1 2 -4 -5 5 -7
leaf_value=-0 0 0.044750836743457117 -0 -0.023359745326846641 0 0.043134474583482837
leaf_count=65 1201 68 164 708 57 137
internal_value=0 -0.0445573 0.131241 -0.120996 0.180049 0.422111
internal_count=2400 2141 232 1909 259 194
cat_boundaries=0 6
cat_threshold=16781326 16 264 65536 0 262144
shrinkage=0.0833459


Tree=35
num_leaves=7
num_cat=1
split_feature=18 19 4 21 0 3
split_gain=0.931547 2.65622 1.03097 2.56428 1.2731 0.27091
threshold=92375.500000000015 937.00000000000011 0 94.750000000000014 16.750000000000004 35.268150000000013
decision_type=2 2 5 2 2 2
left_child=2 -2 4 -4 -1 -3
right_child=1 5 3 -5 -6 -7
leaf_value=-0.0012867508896321027 0.077340101500011083 -0.01448474414987619 -0.039843861922452449 0.0090338418068421321 0.034144172539157143 0.0065444363852714873
leaf_count=1283 20 60 591 88 99 259
internal_value=0 0.162658 -0.0600558 -0.190275 0.0197745 0
internal_count=2400 339 2061 679 1382 319
cat_boundaries=0 6
cat_threshold=131085 1040 8 65536 0 262144
shrinkage=0.0833459


Tree=36
num_leaves=8
num_cat=1
split_feature=2 16 15 0 0 17 17
split_gain=0.848625 1.14159 1.41649 0.663131 1.77136 0.258024 0.0483424
threshold=0 1159.7500000000002 27233.500000000004 16.750000000000004 1.7500000000000002 14116.000000000002 2.5000000000000004
decision_type=5 2 2 2 2 2 2
left_child=1 6 -3 4 -2 -5 -1
right_child=3 2 -4 5 -6 -7 -8
leaf_value=0 0 0.053871091066875425 -0 -0 -0.030209011976470041 0.025563606216285183 -0.0093044685777862839
leaf_count=74 1369 89 77 131 559 20 81
internal_value=0 0.14625 0.38908 -0.0491258 -0.111367 0.106123 -0
internal_count=2400 321 166 2079 1928 151 155
cat_boundaries=0 5
cat_threshold=1377831460 1073742082 0 0 33554432
shrinkage=0.0833459


Tree=37
num_leaves=6
num_cat=1
split_feature=4 16 19 0 21
split_gain=0.77681 1.20977 1.86676 0.317654 0.0551524
threshold=0 1159.7500000000002 900.25000000000011 1.7500000000000002 325.75000000000006
decision_type=5 2 2 2 2
left_child=4 3 -3 -2 -1
right_child=1 2 -4 -5 -6
leaf_value=-0.044654808153137292 0 0.042606775577099534 0 -0.011510885179467033 -0
leaf_count=179 1113 174 346 541 47
internal_value=0 0.0405562 0.191889 -0.0318882 -0.188556
internal_count=2400 2174 520 1654 226
cat_boundaries=0 4
cat_threshold=541216 83887104 2214593600 16
shrinkage=0.0833459


Tree=38
num_leaves=7
num_cat=1
split_feature=4 19 19 10 19 0
split_gain=1.05623 1.48533 3.67962 0.778033 0.353836 0.362294
threshold=0 323.50000000000006 568.00000000000011 99.250000000000014 10632.250000000002 9.2500000000000018
decision_type=5 2 2 2 2 2
left_child=4 3 -3 -2 5 -1
right_child=1 2 -4 -5 -6 -7
leaf_value=-0.046446721918790818 0 0.075373948806022606 0.00027051417541125428 -0.027344211593451358 0 -0
leaf_count=247 1408 80 414 184 29 38
internal_value=0 0.0505803 0.224256 -0.0300909 -0.19813 -0.458732
internal_count=2400 2086 494 1592 314 285
cat_boundaries=0 7
cat_threshold=268976672 83887104 2214593604 8388624 0 0 4096
shrinkage=0.0833459


Tree=39
num_leaves=6
num_cat=1
split_feature=2 22 14 19 0
split_gain=0.928368 1.30667 1.18448 1.60204 0.805157
threshold=0 144.25000000000003 25966.000000000004 3358.7500000000005 16.750000000000004
decision_type=5 2 2 2 2
left_child=1 -1 4 -4 -2
right_child=2 -3 3 -5 -6
leaf_value=-0.045538801872048638 -0.0046653236021545422 0 0.044364607532604669 -0 0.020422610439354508
leaf_count=341 1709 31 94 88 137
internal_value=0 -0.186274 0.0477114 0.289978 -0
internal_count=2400 372 2028 182 1846
cat_boundaries=0 6
cat_threshold=2215903322 25165896 2097184 0 0 65536
shrinkage=0.0833459


Tree=40
num_leaves=8
num_cat=1
split_feature=18 19 16 4 21 0 19
split_gain=0.654104 0.943514 1.05311 0.871295 1.90515 0.959192 0.160993
threshold=101358.75000000001 3358.7500000000005 64668.250000000007 0 94.750000000000014 16.750000000000004 6656.5000000000009
decision_type=2 2 2 5 2 2 2
left_child=3 2 -2 5 -5 -1 -3
right_child=1 6 -4 4 -6 -7 -8
leaf_value=-5.3195185192595622e-05 0.035381303191446625 -0.013662405719470751 -0 -0.034377623009326924 0.0050873592707943232 0.029491211966177142 0
leaf_count=1283 148 67 39 611 88 99 65
internal_value=0 0.142699 0.296354 -0.0466832 -0.167248 0.0236464 -0
internal_count=2400 319 187 2081 699 1382 132
cat_boundaries=0 6
cat_threshold=131085 1040 8 65536 0 262144
shrinkage=0.0833459


Tree=41
num_leaves=7
num_cat=1
split_feature=4 11 12 15 14 8
split_gain=0.589207 0.663255 1.35568 1.08234 0.488254 0.751971
threshold=0 3.2500000000000004 7.7500000000000009 11803.750000000002 396.25000000000006 70.750000000000014
decision_type=5 2 2 2 2 2
left_child=4 2 -2 -3 -1 -6
right_child=1 3 -4 -5 5 -7
leaf_value=-0 -0 -0 -0.031087515970986149 0.04448073841590669 0.045307794389317813 0
leaf_count=66 1697 127 274 29 89 118
internal_value=0 -0.034606 -0.0880349 0.164041 0.140606 0.318097
internal_count=2400 2127 1971 156 273 207
cat_boundaries=0 6
cat_threshold=16781326 16 2312 65536 0 262144
shrinkage=0.0833459


Tree=42
num_leaves=5
num_cat=2
split_feature=4 3 2 19
split_gain=0.901923 1.36709 1.28875 0.393802
threshold=0 35.802900000000008 1 603.25000000000011
decision_type=5 2 5 2
left_child=-1 3 -3 -2
right_child=1 2 -4 -5
leaf_value=-0.015381434248736595 -0 -0.0060769268456303937 0.021578433034306232 -0.022015767699904407
leaf_count=321 1281 228 488 82
internal_value=0 0.0463958 0.200385 -0.0405812
internal_count=2400 2079 716 1363
cat_boundaries=0 4 9
cat_threshold=34103840 83887104 2214593604 9437200 3290431748 16777296 1048576 0 128
shrinkage=0.0833459


Tree=43
num_leaves=7
num_cat=1
split_feature=4 19 19 10 19 0
split_gain=0.828314 1.13587 3.28315 0.61879 0.281608 0.33065
threshold=0 323.50000000000006 900.25000000000011 99.250000000000014 10632.250000000002 9.2500000000000018
decision_type=5 2 2 2 2 2
left_child=4 3 -3 -2 5 -1
right_child=1 2 -4 -5 -6 -7
leaf_value=-0.043728830989193258 0 0.058811276313326347 0 -0.024877021696471061 0 -0
leaf_count=256 1408 107 376 184 29 40
internal_value=0 0.0414785 0.192834 -0.0269645 -0.180568 -0.426215
internal_count=2400 2075 483 1592 325 296
cat_boundaries=0 7
cat_threshold=302531104 83887104 2214593604 8388624 0 0 4096
shrinkage=0.0833459


Tree=44
num_leaves=8
num_cat=1
split_feature=2 11 13 0 13 17 3
split_gain=0.525113 1.75875 0.600344 0.487286 1.92541 1.17476 0.194851
threshold=0 1.7500000000000002 7.7500000000000009 15.250000000000002 518.50000000000011 16073.500000000002 66.895250000000019
decision_type=5 2 2 2 2 2 2
left_child=1 6 -3 4 -2 -5 -1
right_child=3 2 -4 5 -6 -7 -8
leaf_value=-0.0041167319470804247 -0 0 0.071240417165630426 -0 -0.045564789329856123 0.043165262156713659 0.020171526379687443
leaf_count=273 1720 35 26 163 140 22 21
internal_value=0 0.108095 0.640725 -0.0435568 -0.102609 0.0646385 -0
internal_count=2400 355 61 2045 1860 185 294
cat_boundaries=0 5
cat_threshold=1377831716 1073742082 0 0 33554432
shrinkage=0.0833459


Tree=45
num_leaves=6
num_cat=1
split_feature=2 22 14 19 0
split_gain=0.512674 1.02056 0.81356 1.11039 0.53394
threshold=0 144.25000000000003 25966.000000000004 3358.7500000000005 16.750000000000004
decision_type=5 2 2 2 2
left_child=1 -1 4 -4 -2
right_child=2 -3 3 -5 -6
leaf_value=-0.040318278795192494 -0.0046354202488514094 0 0.035493241902972504 -0 0.01518580683904645
leaf_count=310 1737 31 94 88 140
internal_value=0 -0.146053 0.0312923 0.229639 -0
internal_count=2400 341 2059 182 1877
cat_boundaries=0 3
cat_threshold=2215903322 25165824 2097184
shrinkage=0.0833459


Tree=46
num_leaves=6
num_cat=1
split_feature=2 7 21 10 16
split_gain=0.608311 1.15476 0.778987 0.942024 0.384014
threshold=0 684.25000000000011 94.750000000000014 15244.000000000002 15788.500000000002
decision_type=5 2 2 2 2
left_child=1 -1 4 -4 -2
right_child=2 -3 3 -5 -6
leaf_value=-0.04183392051377028 -0.0038343894987199405 0 0.034877334472830784 -0 0.012094783256470948
leaf_count=335 1710 41 97 70 147
internal_value=0 -0.153276 0.0355446 0.23761 -0
internal_count=2400 376 2024 167 1857
cat_boundaries=0 3
cat_threshold=2215903322 29360136 3145760
shrinkage=0.0833459


Tree=47
num_leaves=8
num_cat=0
split_feature=18 13 12 16 16 15 14
split_gain=0.409328 0.981382 0.68234 0.680135 1.28452 0.839376 0.66359
threshold=101358.75000000001 748.00000000000011 386.50000000000006 2883.2500000000005 1159.7500000000002 8437.0000000000018 97431.250000000015
decision_type=2 2 2 2 2 2 2
left_child=3 6 -3 4 -1 -5 -2
right_child=1 2 -4 5 -6 -7 -8
leaf_value=-0.0034255596628666152 0.032057589480057366 -0.023431695874838728 0.010466951934796428 -0.036217023984668896 0.039357755589776576 0 -0
leaf_count=1729 141 103 32 213 85 54 43
internal_value=0 0.108343 -0.014867 -0.0412622 0 -0.245453 0.286628
internal_count=2400 319 135 2081 1814 267 184
shrinkage=0.0833459


Tree=48
num_leaves=6
num_cat=1
split_feature=4 16 19 17 7
split_gain=0.710157 1.05258 1.02113 0.557908 0.28114
threshold=0 1159.7500000000002 900.25000000000011 2.5000000000000004 16.750000000000004
decision_type=5 2 2 2 2
left_child=4 3 -3 -2 -1
right_child=1 2 -4 -5 -6
leaf_value=-0 0 0.03468073430161385 0 -0.020773512688764369 -0.039189679116559552
leaf_count=173 1347 168 267 280 165
internal_value=0 0.0390083 0.188288 -0.0248955 -0.163971
internal_count=2400 2062 435 1627 338
cat_boundaries=0 7
cat_threshold=680480 83887104 2214593604 9437200 0 0 4096
shrinkage=0.0833459


Tree=49
num_leaves=6
num_cat=1
split_feature=2 7 14 19 14
split_gain=0.644121 1.13369 0.648969 1.09461 0.404468
threshold=0 684.25000000000011 25966.000000000004 2592.2500000000005 19521.250000000004
decision_type=5 2 2 2 2
left_child=1 -1 4 -4 -2
right_child=2 -3 3 -5 -6
leaf_value=-0.042015057065423911 0.0011764153825509069 0 0.041598631155687328 -0 -0.027576054118488642
leaf_count=355 1790 42 52 116 45
internal_value=0 -0.157408 0.0366065 0.217488 -0
internal_count=2400 397 2003 168 1835
cat_boundaries=0 6
cat_threshold=2215903322 29360136 3145760 0 128 65536
shrinkage=0.0833459


Tree=50
num_leaves=7
num_cat=1
split_feature=4 15 19 14 19 3
split_gain=0.438916 0.466265 1.31238 0.442427 0.416045 0.275242
threshold=0 24615.250000000004 856.00000000000011 396.25000000000006 2592.2500000000005 35.802900000000008
decision_type=5 2 2 2 2 2
left_child=3 2 -2 -1 -3 -5
right_child=1 4 -4 5 -6 -7
leaf_value=-0 -0 0.022355494167957686 -0.031248275921591278 0 -0 0.032203823867611718
leaf_count=62 1710 67 258 56 112 135
internal_value=0 -0.0327645 -0.0853701 0.120531 0.0856399 0.292687
internal_count=2400 2147 1968 253 179 191
cat_boundaries=0 6
cat_threshold=16781324 16 16779528 65536 0 262144
shrinkage=0.0833459


Tree=51
num_leaves=8
num_cat=1
split_feature=11 3 3 2 3 15 0
split_gain=0.375704 0.868542 0.819426 0.622433 0.437956 0.272272 0.134756
threshold=1.7500000000000002 41.59725000000001 35.258400000000002 0 56.939050000000009 41215.000000000007 15.250000000000002
decision_type=2 2 2 5 2 2 2
left_child=3 2 -2 5 -5 -1 -3
right_child=1 6 -4 4 -6 -7 -8
leaf_value=-0.02998057811555907 -0 -0.0105081076273379 0.051632324601418741 -0 0.022120716749000735 0 0.003925690656839162
leaf_count=314 50 203 42 1623 107 38 23
internal_value=0 0.130819 0.368197 -0.0317592 0.0018967 -0.17318 -0
internal_count=2400 318 92 2082 1730 352 226
cat_boundaries=0 3
cat_threshold=1075839354 29360392 2097184
shrinkage=0.0833459


end of trees

feature importances:
n_1=45
n_table_1.n_20=40
n_table_1.n_2=32
c_table_1.c_2=26
n_table_1.n_15=19
c_table_1.c_3=18
n_table_1.n_17=18
n_table_1.n_26=18
n_table_1.n_5=15
n_table_1.n_16=13
n_table_1.n_18=12
n_table_1.n_7=9
n_table_1.n_8=8
n_table_1.n_10=8
n_table_1.n_11=8
n_table_1.n_19=8
n_table_1.n_6=6
n_table_1.n_12=6
n_table_1.n_9=5
n_table_1.n_27=5
c_table_1.c_1=3

parameters:
[boosting: gbdt]
[objective: binary]
[metric: auc]
[tree_learner: serial]
[device_type: cpu]
[data: ]
[valid: ]
[num_iterations: 100]
[learning_rate: 0.0833459]
[num_leaves: 100]
[num_threads: 4]
[max_depth: 3]
[min_data_in_leaf: 20]
[min_sum_hessian_in_leaf: 1.60855]
[bagging_fraction: 0.6]
[bagging_freq: 88]
[bagging_seed: 3]
[feature_fraction: 0.9]
[feature_fraction_seed: 2]
[early_stopping_round: 0]
[max_delta_step: 0]
[lambda_l1: 1.55072]
[lambda_l2: 1.04753]
[min_gain_to_split: 0]
[drop_rate: 0.1]
[max_drop: 50]
[skip_drop: 0.5]
[xgboost_dart_mode: 0]
[uniform_drop: 0]
[drop_seed: 4]
[top_rate: 0.2]
[other_rate: 0.1]
[min_data_per_group: 100]
[max_cat_threshold: 32]
[cat_l2: 10]
[cat_smooth: 10]
[max_cat_to_onehot: 4]
[top_k: 20]
[monotone_constraints: ]
[feature_contri: ]
[forcedsplits_filename: ]
[refit_decay_rate: 0.9]
[verbosity: -1]
[max_bin: 255]
[min_data_in_bin: 3]
[bin_construct_sample_cnt: 200000]
[histogram_pool_size: -1]
[data_random_seed: 1]
[output_model: LightGBM_model.txt]
[snapshot_freq: -1]
[input_model: ]
[output_result: LightGBM_predict_result.txt]
[initscore_filename: ]
[valid_data_initscores: ]
[pre_partition: 0]
[enable_bundle: 1]
[max_conflict_rate: 0]
[is_enable_sparse: 1]
[sparse_threshold: 0.8]
[use_missing: 1]
[zero_as_missing: 0]
[two_round: 0]
[save_binary: 0]
[enable_load_from_binary_file: 1]
[header: 0]
[label_column: ]
[weight_column: ]
[group_column: ]
[ignore_column: ]
[categorical_feature: ]
[predict_raw_score: 0]
[predict_leaf_index: 0]
[predict_contrib: 0]
[num_iteration_predict: -1]
[pred_early_stop: 0]
[pred_early_stop_freq: 10]
[pred_early_stop_margin: 10]
[convert_model_language: ]
[convert_model: gbdt_prediction.cpp]
[num_class: 1]
[is_unbalance: 0]
[scale_pos_weight: 1]
[sigmoid: 1]
[boost_from_average: 1]
[reg_sqrt: 0]
[alpha: 0.9]
[fair_c: 1]
[poisson_max_delta_step: 0.7]
[tweedie_variance_power: 1.5]
[max_position: 20]
[label_gain: ]
[metric_freq: 1]
[is_provide_training_metric: 0]
[eval_at: ]
[num_machines: 1]
[local_listen_port: 12400]
[time_out: 120]
[machine_list_filename: ]
[machines: ]
[gpu_platform_id: -1]
[gpu_device_id: -1]
[gpu_use_dp: 0]

end of parameters

pandas_categorical:[[0, 1, 2], [0, 1, 2, 3, 4, 5, 6, 7, 8, 9, 10, 11, 12, 13, 14, 15, 16, 17, 18, 19, 20, 21, 22, 23, 24, 25, 26, 27, 28, 29, 30, 31, 32, 33, 34, 35, 36, 37, 38, 39, 40, 41, 42, 43, 44, 45, 46, 47, 48, 49, 50, 51, 52, 53, 54, 55, 56, 57, 58, 59, 60, 61, 62, 63, 64, 65, 66, 67, 68, 69, 70, 71, 72, 73, 74, 75, 76, 77, 78, 79, 80, 81, 82, 83, 84, 85, 86, 87, 88, 89, 90, 91, 92, 93, 94, 95, 96, 97, 98, 99, 100, 101, 102, 103, 104, 105, 106, 107, 108, 109, 110, 111, 112, 113, 114, 115, 116, 117, 118, 119, 120, 121, 122, 123, 124, 125, 126, 127, 128, 129, 130, 131, 132, 133, 134, 135, 136, 137, 138, 139, 140, 141, 142, 143, 144, 145, 146, 147, 148, 149, 150, 151, 152, 153, 154, 155, 156, 157, 158, 159, 160, 161, 162, 163, 164, 165, 166, 167, 168, 169, 170, 171, 172, 173, 174, 175, 176, 177, 178, 179, 180, 181, 182, 183, 184], [0, 1, 2, 3, 4, 5, 6, 7, 8, 9, 10, 11, 12, 13, 14, 15, 16, 17, 18, 19, 20, 21, 22, 23, 24, 25, 26, 27, 28, 29, 30, 31, 32, 33, 34, 35, 36, 37, 38, 39, 40, 41, 42, 43, 44, 45, 46, 47, 48, 49, 50, 51, 52, 53, 54, 55, 56, 57, 58, 59, 60, 61, 62, 63, 64, 65, 66, 67, 68, 69, 70, 71, 72, 73, 74, 75, 76, 77, 78, 79, 80, 81, 82, 83, 84, 85, 86, 87, 88, 89, 90, 91, 92, 93, 94, 95, 96, 97, 98, 99, 100, 101, 102, 103, 104, 105, 106, 107, 108, 109, 110, 111, 112, 113, 114, 115, 116, 117, 118, 119, 120, 121, 122, 123, 124, 125, 126, 127, 128, 129, 130, 131, 132, 133, 134, 135, 136, 137, 138, 139, 140, 141, 142, 143, 144, 145, 146, 147, 148, 149, 150, 151, 152, 153, 154, 155, 156, 157, 158, 159, 160, 161, 162, 163, 164, 165, 166, 167, 168, 169, 170, 171, 172, 173, 174, 175, 176, 177, 178, 179, 180, 181, 182, 183, 184, 185, 186, 187, 188, 189, 190, 191, 192, 193, 194, 195, 196, 197, 198, 199, 200, 201, 202, 203, 204, 205, 206, 207, 208, 209, 210, 211, 212, 213, 214, 215, 216], [0, 1, 2, 3, 4, 5, 6, 7, 8, 9, 10, 11, 12, 13, 14, 15, 16, 17, 18, 19, 20, 21, 22, 23, 24, 25, 26, 27, 28, 29, 30, 31, 32, 33, 34, 35, 36, 37, 38, 39, 40, 41, 42, 43, 44, 45, 46, 47, 48, 49, 50, 51, 52, 53, 54, 55, 56, 57, 58, 59, 60, 61, 62, 63, 64, 65, 66, 67, 68, 69, 70, 71, 72, 73, 74, 75, 76, 77, 78, 79, 80, 81, 82, 83, 84, 85, 86, 87, 88, 89, 90, 91, 92, 93, 94, 95, 96, 97, 98, 99, 100, 101, 102, 103, 104, 105, 106, 107, 108, 109, 110, 111, 112, 113, 114, 115, 116, 117, 118, 119, 120, 121, 122, 123, 124, 125, 126, 127, 128, 129, 130, 131, 132, 133, 134, 135, 136, 137, 138]]
