tree
version=v2
num_class=1
num_tree_per_iteration=1
label_index=0
max_feature_idx=22
objective=binary sigmoid:1
feature_names=n_1 c_table_1.c_1 c_table_1.c_2 n_table_1.n_2 c_table_1.c_3 c_table_1.c_4 n_table_1.n_5 n_table_1.n_6 n_table_1.n_7 n_table_1.n_8 n_table_1.n_9 n_table_1.n_10 n_table_1.n_11 n_table_1.n_12 n_table_1.n_15 n_table_1.n_16 n_table_1.n_17 n_table_1.n_18 n_table_1.n_19 n_table_1.n_20 n_table_1.n_25 n_table_1.n_26 n_table_1.n_27
feature_infos=[1:62.5] 1:0 3:0:5:36:20:4:21:8:11:62:25:56:33:44:1:31:30:153:18:69:2:28:85:135:6:35:40:43:54:61:98:9:38:49:176:55:87:84:26:42:101:155:80:137:149:19:52:39:51:27:47:177:57:58:59:125:34:63:75:94:102:113:13:29:83:103:132:151:14:15:23:66:76:88:90:99:108:114:169:180:93:126:134:171:24:68:78:95:112:117:121:127:138:139:154:158:159:10:16:53:67:97:107:109:111:123:133:166:175:182 [-49.719499999999996:81.200400000000002] 36:0:3:33:28:13:9:1:42:8:178:19:5:66:24:95:72:2:12:17:14:56:58:139:25:31:70:119:90:112:88:81:83:6:21:50:75:100:204:4:43:64:74:79:116:44:48:49:94:123:67:26:97:22:30:32:122:11:29:46:182:102:158:161:167:206:16:39:60:135:143:10:18:34:57:63:120:128:155:68:71:98:147:159:172:175:212:15:35:54:62:82:99:113:134:140:177:196:23:69:76:89:138:162:166:199:205:27:40:51:65:73:115:168:181:188:193:198:41:45:53:59:61:92:96:108:111:121:129:136:157:163:174:180:184:185:189:191:192:194:195:201 34:0:24:2:8:36:10:1:41:52:77:6:13:31:5:28:78:3:12:15:17:20:32:23:30:35:75:58:18:47:100:14:37:27:61:88:4:7:45:48:64:73:82:133:38:56:62:71:106:115:135:9:40:70:83:85:96:108:125:21:29:46:54:113:132:25:39:42:44:72:97:111:119:122:19:68:76:103:110:117:121:123:124:127:131:138 [1:24272.5] [1:46363] [1:3314.5] [1:703902] [1:2481850] [1:70] [1:6121] [1:7070.5] [1:423494] [1:245767] [1:448222] [1:441384] [1:1178200] [1:18856] [1:38.5] [1:121640] [1:151]
tree_sizes=1342 1337 1174 1217 1479 1226 1477 1313 1036 1131 1412 1422 1526 1459 1342 1495 1225 1435 1314

Tree=0
num_leaves=16
num_cat=1
split_feature=17 0 21 17 18 6 10 12 2 8 3 0 19 7 12
split_gain=36.0917 15.1324 7.52297 4.39871 3.44227 3.04033 2.56724 2.38188 2.08179 3.37688 2.59154 1.40294 1.17286 0.975467 0.303261
threshold=14869.000000000002 13.750000000000002 72.250000000000014 235810.00000000003 184964.50000000003 9.2500000000000018 245.50000000000003 3.2500000000000004 0 6.2500000000000009 69.507800000000017 16.750000000000004 63.250000000000007 15.250000000000002 22.750000000000004
decision_type=2 2 2 2 2 2 2 2 5 2 2 2 2 2 2
left_child=2 3 8 4 7 -4 -6 13 -1 11 -11 12 -10 -2 -9
right_child=1 -3 5 -5 6 -7 -8 14 9 10 -12 -13 -14 -15 -16
leaf_value=-3.1285714086057705 -3.1523190081791301 -2.6055145404148634 -3.1523190081791301 -3.1817920919292115 -3.1523190081791301 -2.9212234305227542 -2.8526068822334949 -3.1995846781467057 -3.2020216435785667 -3.287944980521349 -3.1523190081791301 -3.1342668621630123 -3.1399153773109574 -2.9935399400289486 -3.1523190081791301
leaf_count=104 64 54 56 53 53 59 118 65 1525 590 85 139 53 92 90
internal_value=0 1.11252 -0.235296 0.647036 0.82042 0.800983 1.4123 0.270381 -0.309156 -0.327263 -0.684611 -0.200693 -0.254284 0.671205 -0
internal_count=3200 589 2611 535 482 115 171 311 2496 2392 675 1717 1578 156 155
cat_boundaries=0 5
cat_threshold=301990400 0 8388608 0 33554432
shrinkage=1


Tree=1
num_leaves=17
num_cat=1
split_feature=18 2 10 10 8 21 18 0 0 6 19 14 14 15 19 8
split_gain=25.2091 9.91257 4.95866 6.32789 3.47966 2.0679 2.27694 1.96011 1.59902 2.1891 3.07226 2.59653 0.226663 0.36587 0.160148 0.117389
threshold=30745.750000000004 0 152.50000000000003 250731.50000000003 234.25000000000003 18.250000000000004 11236.750000000002 16.750000000000004 1.7500000000000002 1.7500000000000002 3.2500000000000004 2436.2500000000005 131264.50000000003 3344.5000000000005 1.7500000000000002 85.750000000000014
decision_type=2 5 2 2 2 2 2 2 2 2 2 2 2 2 2 2
left_child=5 12 -3 4 -4 7 -7 8 9 10 -1 15 13 -2 -9 -11
right_child=1 2 3 -5 -6 6 -8 14 -10 11 -12 -13 -14 -15 -16 -17
leaf_value=-0.016344358375787595 -0 0 0.37316712577095235 -0 0.07794532846790958 0.1291890760134283 -0.014288410719459417 0.029725994372099426 -0.098608337957111783 0 -0.1304695819602808 0.14202059639151476 -0 -0.097536683905480218 -0 -0.032021923785474402
leaf_count=1091 51 94 217 46 108 72 71 127 608 64 271 73 52 129 66 60
internal_value=0 0.804574 0.954503 1.59275 1.79503 -0.22264 0.19277 -0.270006 -0.321011 -0.182698 -0.271761 0.194126 -0.194344 -0.453545 0.0645871 -0.0355225
internal_count=3200 697 465 371 325 2503 143 2360 2167 1559 1362 197 232 180 193 124
cat_boundaries=0 3
cat_threshold=1048658 1095238656 65568
shrinkage=0.169796


Tree=2
num_leaves=14
num_cat=2
split_feature=2 14 0 14 7 18 14 1 0 18 18 8 0
split_gain=18.6225 10.3387 4.74992 3.15702 2.3705 2.19705 1.76735 1.76082 1.3566 1.25192 1.10601 0.175325 0.12873
threshold=0 243.25000000000003 15.250000000000002 45786.250000000007 268.75000000000006 1.7500000000000002 120667.50000000001 1 16.750000000000004 13900.000000000002 6.2500000000000009 12.250000000000002 1.7500000000000002
decision_type=5 2 2 2 2 2 2 1 2 2 2 2 2
left_child=5 10 3 4 7 8 -5 -3 12 -9 -2 -12 -1
right_child=1 2 -4 6 -6 -7 -8 9 -10 -11 11 -13 -14
leaf_value=-0.020873063345002416 0 0.10780481421847561 0.3217459059813717 0.24143957989595641 0.1301757617301175 -0.10784710225220798 0.014286638417990093 0.028952899527451743 0.025205625721419319 -0.051229566804124264 -0 -0.092439480619414718 -0.069214109412283287
leaf_count=1086 101 58 63 98 107 509 89 114 127 271 63 138 376
internal_value=0 0.447834 0.783951 0.55541 0.238983 -0.273341 1.04063 0 -0.166824 -0.0841883 -0.206381 -0.440443 -0.229781
internal_count=3200 1102 800 737 550 2098 187 443 1589 385 302 201 1462
cat_boundaries=0 6 7
cat_threshold=2148532307 562567256 2097184 0 128 65536 2
shrinkage=0.169796


Tree=3
num_leaves=15
num_cat=2
split_feature=18 2 10 10 2 21 8 10 8 8 8 0 18 0
split_gain=12.5846 5.2968 2.03259 1.42157 1.33281 1.66056 2.47511 0.966342 0.803687 0.698366 0.980235 0.659081 0.360517 0.0497069
threshold=30745.750000000004 0 250731.50000000003 152.50000000000003 1 72.250000000000014 6.2500000000000009 20586.250000000004 185.50000000000003 7.7500000000000009 435.25000000000006 16.750000000000004 1312.7500000000002 1.7500000000000002
decision_type=2 5 2 2 5 2 2 2 2 2 2 2 2 2
left_child=4 7 3 -3 -1 6 11 -2 -8 -5 -11 12 -6 -10
right_child=1 2 -4 9 5 -7 8 -9 13 10 -12 -13 -14 -15
leaf_value=0.020445939611593123 -0.098622765679521773 0.0023071369284293963 -0 0 -0.032241808036170584 0.036421275193065428 -0.12194538737927933 0 0 0.20787904276090399 0.0079122794141356003 0.0055878961655594361 0 -0.018300564618929274
leaf_count=102 155 131 46 31 1505 68 458 50 87 215 69 140 59 84
internal_value=0 0.513939 0.605511 0.883871 -0.175563 -0.201295 -0.264561 -0.175602 -0.578971 1.0116 1.07813 -0.123124 -0.168264 -0
internal_count=3200 697 492 446 2503 2401 2333 205 629 315 284 1704 1564 171
cat_boundaries=0 3 8
cat_threshold=1048658 21497088 65568 301989892 0 8388608 0 33554432
shrinkage=0.169796


Tree=4
num_leaves=19
num_cat=2
split_feature=2 21 15 19 6 2 10 16 19 14 18 0 0 18 10 10 0 9
split_gain=11.6763 5.40427 3.2754 3.17001 2.44092 1.5531 1.46874 2.32095 1.44084 1.34271 2.26034 1.47623 0.824199 0.609524 0.425235 0.397733 0.247688 0.240526
threshold=0 190.00000000000003 8437.0000000000018 1.7500000000000002 63.250000000000007 1 3109.7500000000005 70309.000000000015 3902.5000000000005 243.25000000000003 14044.750000000002 7.7500000000000009 16.750000000000004 10.000000000000002 9798.2500000000018 4943.5000000000009 1.7500000000000002 7.7500000000000009
decision_type=5 2 2 2 2 5 2 2 2 2 2 2 2 2 2 2 2 2
left_child=3 2 5 12 -5 17 -3 -8 15 13 11 -11 16 -7 -12 -4 -1 -2
right_child=1 6 8 4 -6 9 7 -9 -10 10 14 -13 -14 -15 -16 -17 -18 -19
leaf_value=-0.0095689531525260541 -0.10335735653590288 0 0.144550514387847 -0.14096313184970249 0 0 0.25374619695112205 0.0030785421303006284 -0 0.15062223168325259 -0.053540318369467828 -0 0.021723964262164993 -0.06297830132761828 0.012527657445053467 0 -0.056103191630910598 -0
leaf_count=1060 169 61 126 420 90 64 89 56 55 146 70 55 126 107 37 48 366 55
internal_value=0 0.338761 0.145604 -0.227437 -0.647404 -0 0.917692 1.12813 0.554716 0.112739 0.368707 0.671411 -0.100055 -0.0353539 -0 0.70787 -0.159181 -0.241002
internal_count=3200 1138 932 2062 510 703 206 145 229 479 308 201 1552 171 107 174 1426 224
cat_boundaries=0 6 10
cat_threshold=2148532563 562042952 3211296 0 128 65536 1076363304 2 0 32
shrinkage=0.169796


Tree=5
num_leaves=15
num_cat=1
split_feature=4 19 19 19 3 6 15 14 14 16 15 7 8 7
split_gain=10.198 5.09301 4.65119 3.32007 2.94734 2.05112 1.36623 1.19016 1.40982 0.627565 0.500064 0.954454 1.56278 0.861389
threshold=0 323.50000000000006 742.75000000000011 1.7500000000000002 35.268150000000013 363.25000000000006 27025.750000000004 26629.750000000004 19521.250000000004 13627.750000000002 1.7500000000000002 40.750000000000007 229.75000000000003 10.750000000000002
decision_type=5 2 2 2 2 2 2 2 2 2 2 2 2 2
left_child=3 10 -3 -1 -4 7 -5 8 -6 -9 11 -2 -13 -12
right_child=1 2 4 6 5 -7 -8 9 -10 -11 13 12 -14 -15
leaf_value=-0.014664614798185529 -0.023917205189686857 0.2220665999032882 -0.022546872328928633 -0.13061299879182828 0.062216210990713956 -0 -0 0 -0.037835014174402763 0.16024126457943361 0 0.13754527106630279 -0 -0.084616776693014595
leaf_count=1553 155 136 100 431 169 47 59 35 49 144 61 52 86 123
internal_value=0 0.311057 0.561731 -0.217195 0.303131 0.46537 -0.646499 0.564697 0.112815 0.812049 -0.017791 0.0067494 0.345998 -0.257154
internal_count=3200 1157 680 2043 544 444 490 397 218 179 477 293 138 184
cat_boundaries=0 7
cat_threshold=2154316577 83957762 3288335428 1048594 0 0 4096
shrinkage=0.169796


Tree=6
num_leaves=19
num_cat=1
split_feature=2 10 3 12 12 3 3 16 10 3 10 3 0 14 0 18 16 16
split_gain=8.19748 3.222 2.40866 1.41907 2.22742 1.99189 4.4929 1.90301 1.23194 1.02878 0.902977 0.885239 0.690184 0.356191 0.243578 0.21425 0.328145 0.0268902
threshold=0 16.750000000000004 2.9757000000000002 49.000000000000007 9.2500000000000018 35.802900000000008 48.601400000000005 1159.7500000000002 62467.000000000007 69.507800000000017 1081.0000000000002 60.638450000000006 16.750000000000004 36133.000000000007 1.7500000000000002 6.2500000000000009 1680.2500000000002 2068.0000000000005
decision_type=5 2 2 2 2 2 2 2 2 2 2 2 2 2 2 2 2 2
left_child=2 15 12 4 7 -5 -7 -3 10 -4 -9 -8 14 17 -1 -2 -17 -6
right_child=1 3 9 5 13 6 11 8 -10 -11 -12 -13 -14 -15 -16 16 -18 -19
leaf_value=-0.0072565995419660891 0 -0 -0.11652340812643248 -0 -0 0.26349040566703336 -0.0063951873807558766 0.018809313642701275 0 -0 0.17892147218175114 0.067215573141271259 0.019368474860799401 0 -0.052297337933783231 -0.056352378254260996 0 -0.048989312056649643
leaf_count=1071 60 147 489 39 51 61 42 138 61 75 79 57 128 47 379 146 70 60
internal_value=0 0.271219 -0.201377 0.4321 0.217113 0.737452 0.898248 0.398135 0.557589 -0.575065 0.702568 0.0732798 -0.0857019 -0.0611182 -0.142746 -0.0883667 -0.189685 -0.235062
internal_count=3200 1058 2142 782 583 199 160 425 278 564 217 99 1578 158 1450 276 216 111
cat_boundaries=0 6
cat_threshold=2149056595 562568280 3211296 0 128 65536
shrinkage=0.169796


Tree=7
num_leaves=17
num_cat=2
split_feature=2 3 19 0 5 6 15 3 14 15 15 7 7 0 0 15
split_gain=6.22921 3.42614 2.11241 3.74021 1.45028 1.15899 1.36105 1.1056 1.07986 1.07381 0.570701 0.859335 0.640652 0.398244 0.475469 0.020411
threshold=0 2.9757000000000002 323.50000000000006 15.250000000000002 1 363.25000000000006 12925.750000000002 69.507800000000017 4474.0000000000009 493.00000000000006 1.7500000000000002 40.750000000000007 10.750000000000002 16.750000000000004 1.7500000000000002 58171.750000000007
decision_type=5 2 2 2 5 2 2 2 2 2 2 2 2 2 2 2
left_child=1 13 10 4 15 6 9 -3 -8 -6 11 -2 -12 14 -1 -4
right_child=2 7 3 -5 5 -7 8 -9 -10 -11 12 -13 -14 -15 -16 -17
leaf_value=-0 -0 -0.12522278702721296 -0.047500945992888934 0.21250662630520945 0.074122547968219432 -0 0 -0 0.13785831022657746 -0 0 0.079009643428301857 -0.070689793215664112 0.015532664776311331 -0.047431963951845922 -0
leaf_count=1076 112 481 66 36 84 30 65 76 126 218 71 60 147 129 382 41
internal_value=0 -0.178879 0.232862 0.380477 0.214628 0.265821 0.399837 -0.613361 0.661148 0.0920559 -0 0.1198 -0.231541 -0.0464118 -0.0967195 -0.095074
internal_count=3200 2144 1056 666 630 523 493 557 191 302 390 172 218 1587 1458 107
cat_boundaries=0 6 9
cat_threshold=2148532563 562564184 3211296 32 128 65536 37120 5 8192
shrinkage=0.169796


Tree=8
num_leaves=13
num_cat=2
split_feature=4 2 19 10 15 9 19 10 19 19 19 3
split_gain=5.09237 3.26333 2.70118 1.69608 0.87851 0.851863 0.610779 0.384588 0.355484 0.761411 0.583519 0.26763
threshold=0 1 1.7500000000000002 16.750000000000004 27025.750000000004 235.75000000000003 71.500000000000014 45313.750000000007 900.25000000000011 323.50000000000006 1388.5000000000002 69.507800000000017
decision_type=5 5 2 2 2 2 2 2 2 2 2 2
left_child=2 7 -1 -3 -4 6 -5 11 9 -8 -10 -2
right_child=1 3 4 5 -6 -7 8 -9 10 -11 -12 -13
leaf_value=-0.0091249916234256989 -0.071345196081577494 -0 -0.1203282631450369 0 -0 -0 0 0 -0 0.16539552551791681 0.059822486336293251 -0
leaf_count=1553 240 184 431 78 59 32 80 52 41 107 266 77
internal_value=0 0.198705 -0.172839 0.321535 -0.587861 0.460987 0.494954 -0.137099 0.52841 0.800041 0.293503 -0.322233
internal_count=3200 1157 2043 788 490 604 572 369 494 187 307 317
cat_boundaries=0 7 10
cat_threshold=2154316577 83957762 3288335428 1048594 0 0 4096 2215641684 558367824 2162688
shrinkage=0.169796


Tree=9
num_leaves=14
num_cat=3
split_feature=4 2 18 13 3 8 6 14 16 4 14 18 15
split_gain=3.72732 2.05562 1.88218 1.09085 0.913413 0.567545 0.612165 0.791193 0.491785 0.198151 0.0778636 1.0437 0.000609755
threshold=0 1 152.50000000000003 1477.0000000000002 35.802900000000008 486.25000000000006 180.25000000000003 243.25000000000003 69558.250000000015 2 20002.750000000004 110428.50000000001 21551.500000000004
decision_type=5 5 2 2 2 2 2 2 2 5 2 2 2
left_child=2 9 -1 -4 10 6 7 -6 -9 -2 -3 -12 -13
right_child=1 4 3 -5 5 -7 -8 8 -10 -11 11 12 -14
leaf_value=-0.0095082517680219799 0 -0.0095378207803319091 -0.11396438004334133 0 0 0 -0 0.097902977165969948 0 -0.034804811669079248 0.086680752910645018 -0.0019443234754090936 0
leaf_count=1636 124 74 390 30 146 63 37 352 30 209 34 48 27
internal_value=0 0.164598 -0.153154 -0.537328 0.256935 0.378464 0.420274 0.457981 0.526867 -0.109024 0 0.0808323 -0
internal_count=3200 1144 2056 420 811 628 565 528 382 333 183 109 75
cat_boundaries=0 7 11 14
cat_threshold=2153792289 83958786 3288335428 1048594 0 0 4096 2215641684 554172496 2162688 4 268435460 16 131080
shrinkage=0.169796


Tree=10
num_leaves=18
num_cat=2
split_feature=4 0 1 15 8 15 6 14 8 7 8 8 8 0 22 8 14
split_gain=3.10199 1.77187 1.86485 1.73642 0.900292 2.24248 0.849099 0.842062 0.8331 0.831469 0.338733 0.173683 0.155757 0.281902 0.085313 0.0431537 0.0030277
threshold=0 16.750000000000004 1 427.75000000000006 33.250000000000007 16250.500000000002 298.75000000000006 84058.000000000015 49.750000000000007 153.25000000000003 45.250000000000007 30.250000000000004 60.250000000000007 4.7500000000000009 1.7500000000000002 1.7500000000000002 4474.0000000000009
decision_type=5 2 1 2 2 2 2 2 2 2 2 2 2 2 2 2 2
left_child=3 2 9 12 6 7 11 -6 -5 -2 15 -4 -1 -14 -7 -3 -10
right_child=1 10 4 8 5 14 -8 -9 16 -11 -12 -13 13 -15 -16 -17 -18
leaf_value=-0.024493128521883883 0.084835038883909114 0.013359965230818222 -0.026611941814220746 0.1643829669317794 -0.11973801620526835 -0.0061068917251988972 0.041985403485158918 -0 0 -0 0.088850998315261456 0 0.040594981395185567 -0 0.021987926371568094 -0 0.030600641415322913
leaf_count=104 79 132 1719 61 418 101 48 34 68 73 27 23 101 54 37 38 83
internal_value=0 -0.088178 -0.152493 0.245484 -0.205777 -0.396047 -0.0979986 -0.600617 0.532907 0.223257 0.232127 -0.143772 0 0.0867677 0 0 0.152366
internal_count=3200 2729 2532 471 2380 590 1790 452 212 152 197 1742 259 155 138 170 151
cat_boundaries=0 6 7
cat_threshold=83898460 393232 16943112 134283264 2048 262144 2
shrinkage=0.169796


Tree=11
num_leaves=18
num_cat=2
split_feature=4 10 19 2 16 19 10 10 18 15 18 0 0 14 3 18 16
split_gain=2.33921 1.49919 1.24263 1.08757 1.01912 1.01625 0.709142 0.648297 0.641164 0.376201 0.705136 0.253332 0.171292 0.143363 0.0623927 0.0389371 0.0142961
threshold=0 16.750000000000004 1.7500000000000002 1 64668.250000000007 3902.5000000000005 183997.50000000003 9452.5000000000018 73584.250000000015 1448.5000000000002 3.2500000000000004 16.750000000000004 1.7500000000000002 49539.250000000007 69.507800000000017 142972.50000000003 94499.500000000015
decision_type=5 2 2 5 2 2 2 2 2 2 2 2 2 2 2 2 2
left_child=2 9 11 13 5 6 7 -5 -4 10 -2 12 -1 14 -3 -10 -6
right_child=1 3 8 4 16 -7 -8 -9 15 -11 -12 -13 -14 -15 -16 -17 -18
leaf_value=-0 0 -0.0433689320109494 -0.093090930398839367 0.043858137059922198 -0.0062440097615341361 -0 -0 0.15181949659453783 0 0 -0.080626109222965328 0.016525385600419329 -0.031675809866821995 0 -0 -0.013632866122098119 0.0062833129776180734
leaf_count=1061 60 121 426 333 36 32 42 78 42 58 159 126 366 30 74 105 51
internal_value=0 0.136679 -0.116017 0.238707 0.275553 0.415391 0.471175 0.518192 -0.363127 -0.111893 -0.255113 -0.0152044 -0.0663506 -0.0337111 -0.165819 -0 0
internal_count=3200 1074 2126 797 572 485 453 411 573 277 219 1553 1427 225 195 147 87
cat_boundaries=0 7 10
cat_threshold=2422882851 83957762 3288335428 1048594 0 0 4096 1075838992 20972560 65536
shrinkage=0.169796


Tree=12
num_leaves=21
num_cat=0
split_feature=0 10 14 19 0 21 8 7 17 3 8 7 14 19 15 15 10 3 19 21
split_gain=1.58819 1.52497 1.05813 2.37659 0.746212 0.818006 0.693816 1.13068 1.88322 0.591753 0.469785 0.468446 0.41629 0.390403 0.589511 0.536524 0.25186 0.269746 0.217676 0.0144521
threshold=16.750000000000004 8452.0000000000018 25966.000000000004 900.25000000000011 1.7500000000000002 120.25000000000001 141.25000000000003 16.750000000000004 11.500000000000002 36.418150000000004 257.50000000000006 88.750000000000014 1270.7500000000002 1879.7500000000002 102013.75000000001 13716.250000000002 41.500000000000007 46.911200000000008 3.2500000000000004 29.500000000000004
decision_type=2 2 2 2 2 2 2 2 2 2 2 2 2 2 2 2 2 2 2 2
left_child=2 12 4 -4 6 11 7 16 -9 19 -8 -6 -2 -11 15 -15 18 -18 -1 -5
right_child=1 -3 3 9 5 -7 10 8 -10 13 -12 -13 -14 14 -16 -17 17 -19 -20 -21
leaf_value=-0 0.030205286392220195 0.14187068922398066 0.12744434309287769 -0 -0.071952701227123272 0 0.063942850544748714 0 -0.1132858772598563 -0 -0 0 -0.034175082613403997 -0 -0 0.078919493155888795 0.049511670826003926 -0 -0.038059904863344929 -0.054179350531524714
leaf_count=1081 176 21 42 29 599 24 86 58 195 69 89 85 37 57 85 75 69 54 213 56
internal_value=0 0.320133 -0.0405689 0.101787 -0.104866 -0.277178 -0.0225253 -0.086754 -0.386275 -0 0.165212 -0.361158 0 0.0650622 0.175903 0.312031 -0 0.148626 -0.0469787 -0.266472
internal_count=3200 234 2966 413 2553 708 1845 1670 253 371 175 684 213 286 217 132 1417 123 1294 85
shrinkage=0.169796


Tree=13
num_leaves=19
num_cat=2
split_feature=4 15 3 0 15 15 3 21 3 8 2 8 22 14 8 0 19 8
split_gain=2.00808 1.35456 1.01635 1.29539 1.18135 1.24341 0.506895 0.409167 1.1307 0.256498 0.218031 0.959961 0.608584 0.189458 0.0508406 0.036132 0.0077452 0.00173312
threshold=0 427.75000000000006 46.744450000000008 15.250000000000002 41215.000000000007 7.0000000000000009 60.095100000000009 208.00000000000003 36.094350000000013 234.25000000000003 1 6.2500000000000009 28.750000000000004 9505.7500000000018 60.250000000000007 16.750000000000004 3480.2500000000005 251.50000000000003
decision_type=5 2 2 2 2 2 2 2 2 2 5 2 2 2 2 2 2 2
left_child=1 14 7 4 5 -4 -7 10 -9 -3 13 15 -13 -2 -1 -12 -6 -16
right_child=2 9 3 -5 16 6 -8 8 -10 -11 11 12 -14 -15 17 -17 -18 -19
leaf_value=-0.012097894968667746 -0 0.10763405854378617 0 0.0095670403277271134 0.008138671413351865 -0.12178606758259876 -0 -0 0.079841259654090405 0 -0.0038447169567247803 -0.080015542923002544 0 0.039082611711041014 0.013476169743751074 0.0070272892576127635 -0 0
leaf_count=99 84 98 141 47 25 292 124 33 67 45 1475 234 36 31 70 129 87 83
internal_value=0 0.212787 -0.064747 -0.231584 -0.332823 -0.454958 -0.576304 -0 0.193308 0.505312 -0.0347178 -0.0626736 -0.343602 0.031924 0 -0 0 0.0588465
internal_count=3200 395 2805 716 669 557 416 2089 100 143 1989 1874 270 115 252 1604 112 153
cat_boundaries=0 6 7
cat_threshold=83890268 393232 16910336 134283264 2048 262144 2099968
shrinkage=0.169796


Tree=14
num_leaves=18
num_cat=2
split_feature=2 19 11 2 16 9 19 3 3 14 17 19 0 7 7 21 0
split_gain=1.64257 1.80021 1.29602 1.26953 0.923723 0.863633 0.648151 0.612182 0.550273 0.309571 0.269646 0.486013 0.0996176 0.092194 0.206593 0.0365222 0.0295812
threshold=0 1.7500000000000002 3.2500000000000004 1 28712.500000000004 139.75000000000003 1972.7500000000002 35.802900000000008 69.507800000000017 131264.50000000003 8536.7500000000018 2290.0000000000005 16.750000000000004 25.750000000000004 272.50000000000006 9.2500000000000018 1.7500000000000002
decision_type=5 2 2 5 2 2 2 2 2 2 2 2 2 2 2 2 2
left_child=1 12 3 6 7 10 15 -5 -3 -9 -4 -12 16 -6 -15 -2 -1
right_child=2 8 5 4 13 -7 -8 9 -10 -11 11 -13 -14 14 -16 -17 -18
leaf_value=-0 -0.08744399121130865 -0.094709231870434202 0 -0 0 -0 0 0.062604602788516595 -0 0 0.15602314851150884 0 0.0086753690756853404 -0.042851834462455995 0 -0 -0.018065227325539644
leaf_count=1060 189 494 46 52 59 41 82 366 75 49 35 31 126 48 37 44 366
internal_value=0 -0.105399 0.106633 0.0163761 0.127649 0.414619 -0.140522 0.26696 -0.447928 0.322045 0.569344 0.6802 -0 -0 -0.107971 -0.407137 -0.0427087
internal_count=3200 2121 1079 926 611 153 315 467 569 415 112 66 1552 144 85 233 1426
cat_boundaries=0 6 10
cat_threshold=2149056599 562563160 3211296 32 128 65536 1076101416 1280 0 4
shrinkage=0.169796


Tree=15
num_leaves=20
num_cat=2
split_feature=2 11 8 2 9 16 12 0 3 3 19 17 14 9 8 17 0 0 15
split_gain=0.988013 1.25283 1.20445 0.809025 0.672985 0.603015 0.595961 0.675014 0.550598 0.53288 0.471607 0.658622 0.421664 0.324333 0.306282 0.19869 0.0895597 0.0612956 0.00318602
threshold=0 3.2500000000000004 4.7500000000000009 1 139.75000000000003 2883.2500000000005 233.50000000000003 10.750000000000002 69.507800000000017 57.802450000000007 44.500000000000007 4063.0000000000005 61156.000000000007 119.50000000000001 79.750000000000014 23126.500000000004 16.750000000000004 1.7500000000000002 102013.75000000001
decision_type=5 2 2 5 2 2 2 2 2 2 2 2 2 2 2 2 2 2 2
left_child=2 3 16 6 15 10 7 -2 -4 12 -5 14 13 -7 -12 -3 17 -1 -14
right_child=1 4 8 5 -6 9 -8 -9 -10 -11 11 -13 18 -15 -16 -17 -18 -19 -20
leaf_value=-0 -0.081338279202264122 0 -0.099653484451298069 -0 -0 -0.043071851830532061 0 0 -0 0.04953554815869303 0.10691793753732115 -0 0.004678231427577585 0 0 0.105992051063135 0.0040899014301435405 -0.020703570528949791 -0
leaf_count=1129 229 67 354 70 41 201 33 56 75 37 111 53 30 45 71 45 131 384 38
internal_value=0 0.0791203 -0.0854233 0 0.366154 0.0885842 -0.129022 -0.330443 -0.426846 0 0.264918 0.344106 -0.0626221 -0.177319 0.481712 0.499199 -0.0048299 -0.043174 0
internal_count=3200 1127 2073 974 153 656 318 285 429 351 305 235 314 246 182 112 1644 1513 68
cat_boundaries=0 5 11
cat_threshold=2148532311 562563160 2162720 0 128 1076101416 256 0 32 0 65536
shrinkage=0.169796


Tree=16
num_leaves=15
num_cat=3
split_feature=5 10 2 3 7 7 14 1 0 16 0 8 8 0
split_gain=1.04982 1.38017 0.647702 0.571451 0.613932 0.702438 0.294099 0.277026 0.26921 0.24079 0.0961087 0.0393929 0.0181956 0.0031265
threshold=0 16.750000000000004 1 35.615200000000009 484.75000000000006 125.50000000000001 131264.50000000003 2 16.750000000000004 4495.0000000000009 3.2500000000000004 67.750000000000014 1.7500000000000002 1.7500000000000002
decision_type=5 2 5 2 2 2 2 1 2 2 2 2 2 2
left_child=6 8 13 9 5 7 -1 -5 11 -4 -7 12 -2 -3
right_child=1 2 3 4 -6 10 -8 -9 -10 -11 -12 -13 -14 -15
leaf_value=-0.089156549268755242 -0.0066681436353368539 -0 0.023108826622581891 0.094799503232135665 0.10057008545894332 -0.021101639645970154 -0 0.013016805881067454 0.0034830220506793337 -0.028672882158798561 0 0 -0.052101850734592253 -0.014972703275126065
leaf_count=257 1525 101 47 47 63 82 54 362 162 62 31 113 176 118
internal_value=0 0.036063 0.158318 0.185011 0.267064 0.13238 -0.208056 0.218049 -0.0481399 -0 -0 -0.0874608 -0.0950845 -0.0301186
internal_count=3200 2889 913 694 585 522 311 409 1976 109 113 1814 1701 219
cat_boundaries=0 3 8 9
cat_threshold=16913764 68157461 10240 2097152 554172504 0 0 128 2
shrinkage=0.169796


Tree=17
num_leaves=19
num_cat=1
split_feature=4 18 12 0 22 9 8 15 8 11 12 7 0 8 0 13 0 0
split_gain=1.16303 1.21346 0.659943 1.17877 0.649889 1.43432 0.608671 0.71985 0.495649 0.251553 0.237936 0.106226 0.0533184 0.335046 0.280471 0.0338734 0.000119719 0.00739105
threshold=0 106291.50000000001 9.2500000000000018 1.7500000000000002 1.7500000000000002 16.750000000000004 6.2500000000000009 41215.000000000007 234.25000000000003 3.2500000000000004 216.25000000000003 28.750000000000004 1.7500000000000002 60.250000000000007 12.250000000000002 1603.0000000000002 16.750000000000004 1.7500000000000002
decision_type=5 2 2 2 2 2 2 2 2 2 2 2 2 2 2 2 2 2
left_child=1 12 4 10 6 -6 16 -8 -3 15 11 -4 13 -1 -14 -5 17 -2
right_child=2 8 3 9 5 -7 7 -9 -10 -11 -12 -13 14 -15 -16 -17 -18 -19
leaf_value=-0 0 0.10148786556082319 -0 -0.016658956930116913 0.092130440041451364 -0 -0.069295733747393284 0 0 0.039655163397823441 -0 -0.088679078734771627 -0.046733018919701309 0.037885882705556942 0 0 0 -0.0046538504976927075
leaf_count=85 1141 53 65 84 92 139 303 98 31 44 59 201 82 118 59 23 133 390
internal_value=0 0.154195 -0.0519412 -0.209809 -0 0.185783 -0.0528933 -0.234385 0.461452 0 -0.389627 -0.458729 0 0.0614993 -0.0402684 -0.0301395 -0 -0.0016046
internal_count=3200 428 2772 476 2296 231 2065 401 84 151 325 266 344 203 141 107 1664 1531
cat_boundaries=0 6
cat_threshold=83890270 393232 16941056 142606336 0 262144
shrinkage=0.169796


Tree=18
num_leaves=17
num_cat=1
split_feature=0 6 1 7 18 19 8 21 3 0 3 16 19 19 14 12
split_gain=0.791395 1.64222 0.629063 1.25152 0.855486 1.57118 0.784029 0.630629 0.647187 0.393647 0.655415 0.811628 0.351357 0.127698 0.0951057 0.052694
threshold=16.750000000000004 22.750000000000004 0 125.50000000000001 77725.750000000015 826.00000000000011 4.7500000000000009 116.50000000000001 69.507800000000017 10.750000000000002 63.888450000000006 94499.500000000015 2290.0000000000005 138.25000000000003 1.7500000000000002 109.75000000000001
decision_type=2 2 1 2 2 2 2 2 2 2 2 2 2 2 2 2
left_child=2 13 3 -1 6 -6 14 8 12 10 11 -7 -8 -2 -4 -5
right_child=1 -3 4 15 5 9 7 -9 -10 -11 -12 -13 -14 -15 -16 -17
leaf_value=0.085287508883842386 0.0095817980702320362 0.11878524664481599 -0.008318780908541306 0 0.11345695262364244 -0.052845466469283946 -0.088928954202757524 -0 -0 0.037838234679758317 0.016154935969083271 0 -0 -0.026617836834381223 0 -0.019328119192852714
leaf_count=88 151 30 1476 52 20 302 552 73 85 30 24 74 50 53 92 48
internal_value=0 0.220699 -0.02993 0.155721 -0.0665869 0.0402891 -0.131959 -0.283041 -0.372575 -0 -0.0859328 -0.191641 -0.463907 -0 -0.0159633 -0
internal_count=3200 234 2966 188 2778 450 2328 760 687 430 400 376 602 204 1568 100
cat_boundaries=0 1
cat_threshold=2
shrinkage=0.169796


end of trees

feature importances:
n_1=40
n_table_1.n_7=30
n_table_1.n_20=27
n_table_1.n_2=24
n_table_1.n_15=22
n_table_1.n_9=20
n_table_1.n_16=20
c_table_1.c_2=18
n_table_1.n_19=18
n_table_1.n_6=15
n_table_1.n_17=12
n_table_1.n_26=9
c_table_1.c_3=8
n_table_1.n_5=8
n_table_1.n_11=8
n_table_1.n_8=6
n_table_1.n_18=6
c_table_1.c_1=4
n_table_1.n_10=3
n_table_1.n_27=3
c_table_1.c_4=2
n_table_1.n_12=2

parameters:
[boosting: gbdt]
[objective: binary]
[metric: auc]
[tree_learner: serial]
[device_type: cpu]
[data: ]
[valid: ]
[num_iterations: 100]
[learning_rate: 0.169796]
[num_leaves: 100]
[num_threads: 4]
[max_depth: 7]
[min_data_in_leaf: 20]
[min_sum_hessian_in_leaf: 2.00646]
[bagging_fraction: 0.8]
[bagging_freq: 88]
[bagging_seed: 3]
[feature_fraction: 0.8]
[feature_fraction_seed: 2]
[early_stopping_round: 0]
[max_delta_step: 0]
[lambda_l1: 1.57558]
[lambda_l2: 1.35787]
[min_gain_to_split: 0]
[drop_rate: 0.1]
[max_drop: 50]
[skip_drop: 0.5]
[xgboost_dart_mode: 0]
[uniform_drop: 0]
[drop_seed: 4]
[top_rate: 0.2]
[other_rate: 0.1]
[min_data_per_group: 100]
[max_cat_threshold: 32]
[cat_l2: 10]
[cat_smooth: 10]
[max_cat_to_onehot: 4]
[top_k: 20]
[monotone_constraints: ]
[feature_contri: ]
[forcedsplits_filename: ]
[refit_decay_rate: 0.9]
[verbosity: -1]
[max_bin: 255]
[min_data_in_bin: 3]
[bin_construct_sample_cnt: 200000]
[histogram_pool_size: -1]
[data_random_seed: 1]
[output_model: LightGBM_model.txt]
[snapshot_freq: -1]
[input_model: ]
[output_result: LightGBM_predict_result.txt]
[initscore_filename: ]
[valid_data_initscores: ]
[pre_partition: 0]
[enable_bundle: 1]
[max_conflict_rate: 0]
[is_enable_sparse: 1]
[sparse_threshold: 0.8]
[use_missing: 1]
[zero_as_missing: 0]
[two_round: 0]
[save_binary: 0]
[enable_load_from_binary_file: 1]
[header: 0]
[label_column: ]
[weight_column: ]
[group_column: ]
[ignore_column: ]
[categorical_feature: ]
[predict_raw_score: 0]
[predict_leaf_index: 0]
[predict_contrib: 0]
[num_iteration_predict: -1]
[pred_early_stop: 0]
[pred_early_stop_freq: 10]
[pred_early_stop_margin: 10]
[convert_model_language: ]
[convert_model: gbdt_prediction.cpp]
[num_class: 1]
[is_unbalance: 0]
[scale_pos_weight: 1]
[sigmoid: 1]
[boost_from_average: 1]
[reg_sqrt: 0]
[alpha: 0.9]
[fair_c: 1]
[poisson_max_delta_step: 0.7]
[tweedie_variance_power: 1.5]
[max_position: 20]
[label_gain: ]
[metric_freq: 1]
[is_provide_training_metric: 0]
[eval_at: ]
[num_machines: 1]
[local_listen_port: 12400]
[time_out: 120]
[machine_list_filename: ]
[machines: ]
[gpu_platform_id: -1]
[gpu_device_id: -1]
[gpu_use_dp: 0]

end of parameters

pandas_categorical:[[0, 1, 2], [0, 1, 2, 3, 4, 5, 6, 7, 8, 9, 10, 11, 12, 13, 14, 15, 16, 17, 18, 19, 20, 21, 22, 23, 24, 25, 26, 27, 28, 29, 30, 31, 32, 33, 34, 35, 36, 37, 38, 39, 40, 41, 42, 43, 44, 45, 46, 47, 48, 49, 50, 51, 52, 53, 54, 55, 56, 57, 58, 59, 60, 61, 62, 63, 64, 65, 66, 67, 68, 69, 70, 71, 72, 73, 74, 75, 76, 77, 78, 79, 80, 81, 82, 83, 84, 85, 86, 87, 88, 89, 90, 91, 92, 93, 94, 95, 96, 97, 98, 99, 100, 101, 102, 103, 104, 105, 106, 107, 108, 109, 110, 111, 112, 113, 114, 115, 116, 117, 118, 119, 120, 121, 122, 123, 124, 125, 126, 127, 128, 129, 130, 131, 132, 133, 134, 135, 136, 137, 138, 139, 140, 141, 142, 143, 144, 145, 146, 147, 148, 149, 150, 151, 152, 153, 154, 155, 156, 157, 158, 159, 160, 161, 162, 163, 164, 165, 166, 167, 168, 169, 170, 171, 172, 173, 174, 175, 176, 177, 178, 179, 180, 181, 182, 183, 184], [0, 1, 2, 3, 4, 5, 6, 7, 8, 9, 10, 11, 12, 13, 14, 15, 16, 17, 18, 19, 20, 21, 22, 23, 24, 25, 26, 27, 28, 29, 30, 31, 32, 33, 34, 35, 36, 37, 38, 39, 40, 41, 42, 43, 44, 45, 46, 47, 48, 49, 50, 51, 52, 53, 54, 55, 56, 57, 58, 59, 60, 61, 62, 63, 64, 65, 66, 67, 68, 69, 70, 71, 72, 73, 74, 75, 76, 77, 78, 79, 80, 81, 82, 83, 84, 85, 86, 87, 88, 89, 90, 91, 92, 93, 94, 95, 96, 97, 98, 99, 100, 101, 102, 103, 104, 105, 106, 107, 108, 109, 110, 111, 112, 113, 114, 115, 116, 117, 118, 119, 120, 121, 122, 123, 124, 125, 126, 127, 128, 129, 130, 131, 132, 133, 134, 135, 136, 137, 138, 139, 140, 141, 142, 143, 144, 145, 146, 147, 148, 149, 150, 151, 152, 153, 154, 155, 156, 157, 158, 159, 160, 161, 162, 163, 164, 165, 166, 167, 168, 169, 170, 171, 172, 173, 174, 175, 176, 177, 178, 179, 180, 181, 182, 183, 184, 185, 186, 187, 188, 189, 190, 191, 192, 193, 194, 195, 196, 197, 198, 199, 200, 201, 202, 203, 204, 205, 206, 207, 208, 209, 210, 211, 212, 213, 214, 215, 216], [0, 1, 2, 3, 4, 5, 6, 7, 8, 9, 10, 11, 12, 13, 14, 15, 16, 17, 18, 19, 20, 21, 22, 23, 24, 25, 26, 27, 28, 29, 30, 31, 32, 33, 34, 35, 36, 37, 38, 39, 40, 41, 42, 43, 44, 45, 46, 47, 48, 49, 50, 51, 52, 53, 54, 55, 56, 57, 58, 59, 60, 61, 62, 63, 64, 65, 66, 67, 68, 69, 70, 71, 72, 73, 74, 75, 76, 77, 78, 79, 80, 81, 82, 83, 84, 85, 86, 87, 88, 89, 90, 91, 92, 93, 94, 95, 96, 97, 98, 99, 100, 101, 102, 103, 104, 105, 106, 107, 108, 109, 110, 111, 112, 113, 114, 115, 116, 117, 118, 119, 120, 121, 122, 123, 124, 125, 126, 127, 128, 129, 130, 131, 132, 133, 134, 135, 136, 137, 138]]
