tree
version=v2
num_class=1
num_tree_per_iteration=1
label_index=0
max_feature_idx=36
objective=binary sigmoid:1
feature_names=n_1 c_table_1.c_1 c_table_1.c_2 n_table_1.n_1 n_table_1.n_2 c_table_1.c_5 n_table_1.n_3 c_table_1.c_6 n_table_1.n_5 n_table_1.n_6 n_table_1.n_7 n_table_1.n_9 n_table_1.n_10 n_table_1.n_11 n_table_1.n_12 n_table_1.n_15 n_table_1.n_16 n_table_1.n_17 n_table_1.n_18 n_table_1.n_19 n_table_1.n_20 n_table_1.n_26 n_table_1.n_27 c_table_2.c_1 c_table_2.c_2 n_table_2.n_2 n_table_2.n_6 n_table_3.n_2 n_table_3.n_3 n_table_3.n_5 c_02 c_table_1.c_3 n_table_1.n_8 n_table_1.n_25 c_table_2.c_5 n_table_2.n_9 n_table_2.n_13
feature_infos=[1:62.5] 1:0 2:0:6:10:16:17:29:9:7:24:13:37:14:15:12:11:18:45:33:19:56:63:60:26:73:38:3:55:54:64:4:70:83:20:22:34:30:21:36:39:58:65:68:74:35:47:71:57:114:1:32:44:59:134:31:53:78:139:8:48:81:85:94:111:119:27:28:42:69:82:90:92:104:105:106:115:128:144:23:46:49:50:52:75:79:80:98:103:116:122:25:40:43:72:86:93:96:97:99:107:112:118:127:129:133:146:152:164 [-183.91200000000001:227.50999999999999] [-49.719499999999996:78.390000000000001] 3:0:5:13:14:7:1:9:11:19:8:24:4:17:30:22:12:2:15:10:20:23:41:21:34:37:6:27:33:39:40:45:18:32:35:36:49 [1:175] 1:0:2:3:4:7:8:9:13:5:6:10:11:12 [1:24272.5] [1:46363] [1:2995] [1:2481850] [1:70] [1:6121] [1:7070.5] [1:423494] [1:313693] [1:372140] [1:441384] [1:1178200] [1:18856] [1:121640] [1:151] 1:0 1:3:5:15:8:16:19:30:37:0:13:6:9:2:14:46:21:27:18:32:23:33:61:4:11:52:24:10:43:28:22:34:35:45:20:36:7:42:56:40:53:54:63:75:12:17:26:41:51:71:48:49:25:31:39:50:64:78:47:57:59:60:65:67:76:89 [-55.711999999999996:81.846299999999999] [1:3170.5] [1:1061.5] [1:540979] [1:435418] 2:1:13:49:27:74:9:45:20:19:0:41:72:44:33:113:127:130:54:56:15:51:104:31:34:83:53:35:92:65:3:23:39:42:48:79:132:82:99:96:142:14:36:105:114:167:43:57:148:153:158:161:52:58:77:152:183:5:7:32:140:141:24:46:97:69:8:16:60:109:157:55:124:137:154:59:91:115:191:194:67:81:100:120:4:66:84:85:87:89:171:203:10:22:25:50:86:94:133:184:189:276:11:26:40:76:78:103:232:240:38:88:108:111:121:122:165:197:218:28:63:107:128:150:156:159:170:201:225:235:253:18:112:123:164:169:182:196:207:30:64:106:134:139:143:147:173:211:224:231:234:17:29:80:131:145:168:178:206:228:250:275:37:47:62:68:73:101:117:126:149:202:208:209:216:222:237:239:251:265:267:61:75:98:125:129:135:138:144:160:162:163:175:176:180:181:192:193:198:205:212:220:245:247:255:268:277:297:299:303:317 6:0:24:20:37:8:65:100:17:44:16:83:31:77:14:76:95:21:73:42:34:101:85:2:13:25:39:18:43:52:60:62:71:59:69:4:40:55:123:130:26:28:15:19:96:23:38:61:90:11:49:63:66:67:72:82:111:139:64:74:121:33:36:3:102:145:9:12:51:53:88:92:7:47:118:140:29:30:32:35:56:106:113:117:141:152:27:48:79:91:99:105:114:122:132:134:138:149:167:41:54:70:86:107:116:120:124:125:129:131:133:142:144:147:157:162:163:170:1:5:45:46:50:57:68:80:84:89:94:97:103:115:135:137:143:159:161:168:176 [1:517224] [1:38.5] 1:0:6:7:9:10:15:11:4:14:12:2:13:5:16:22:3:8:18:17:20:23:19:28 [1:91] [1:273895]
tree_sizes=1809 1674 2040 1686 2010

Tree=0
num_leaves=22
num_cat=1
split_feature=30 20 9 18 13 3 25 3 25 13 3 8 8 35 25 3 3 27 10 25 25
split_gain=48.5538 17.7602 14.542 12.1618 7.65761 3.78984 2.91288 2.73529 2.13349 1.87919 2.12189 1.68224 1.54581 1.38979 1.01788 0.742481 1.7326 0.513138 0.42398 0.247618 0.000398166
threshold=0 274.00000000000006 4.7500000000000009 15357.250000000002 34.750000000000007 170.50600000000003 47.707650000000008 175.35600000000002 57.921400000000013 1.7500000000000002 171.14850000000004 46.750000000000007 92.500000000000014 3.2500000000000004 60.872250000000008 181.58600000000004 183.20850000000004 3.2500000000000004 1.7500000000000002 72.481600000000014 64.465900000000019
decision_type=5 2 2 2 2 2 2 2 2 2 2 2 2 2 2 2 2 2 2 2 2
left_child=1 7 -3 8 9 -6 -7 13 11 10 -5 15 -13 -1 18 -2 -17 -4 -10 20 -16
right_child=3 2 17 4 5 6 -8 -9 14 -11 -12 12 -14 -15 19 16 -18 -19 -20 -21 -22
leaf_value=-2.5608993172429964 -2.6815885104531199 -2.6383301463767208 -2.3842385401463355 -2.6350931553067691 -2.6178251095094844 -2.4525458560051745 -2.6178251095094844 -2.637217843792385 -2.5808707637747124 -2.663139874964084 -2.5506209768176542 -2.5893215044043245 -2.6580384787074904 -2.6178251095094844 -2.6178251095094844 -2.5935487035177003 -2.6600901444457259 -2.5715786246122612 -2.6178251095094844 -2.6178251095094844 -2.6587311878472968
leaf_count=270 932 22 103 38 22 35 23 40 26 80 24 41 42 35 37 32 73 32 21 29 43
internal_value=0 0.829582 2.10202 -0.423131 0.327648 1.14879 1.53502 0.458126 -0.617853 -0.180104 0.187341 -0.679727 -0 0.59478 -0.0763593 -0.723172 -0.168966 2.53134 0.229186 -0.310847 -0.398652
internal_count=2000 502 157 1498 222 80 58 345 1276 142 62 1120 83 305 156 1037 105 135 47 109 80
cat_boundaries=0 6
cat_threshold=589839 19927048 268697600 2147615240 17829888 8388736
shrinkage=1


Tree=1
num_leaves=21
num_cat=1
split_feature=18 31 26 10 11 26 27 20 0 26 0 13 16 18 19 16 27 16 18 18
split_gain=25.8577 7.54636 10.7432 6.86737 5.86364 4.4789 4.34419 2.54115 2.4374 5.85213 2.31231 2.41739 1.98173 2.13281 1.7279 1.68944 1.50418 0.934765 0.742144 0.198363
threshold=15357.250000000002 0 6.2500000000000009 613.00000000000011 7.0000000000000009 708.25000000000011 13.750000000000002 5638.0000000000009 16.750000000000004 7.7500000000000009 3.2500000000000004 36.250000000000007 141.25000000000003 296.50000000000006 52.750000000000007 35025.250000000007 12.250000000000002 9514.7500000000018 1005.2500000000001 17.500000000000004
decision_type=2 5 2 2 2 2 2 2 2 2 2 2 2 2 2 2 2 2 2 2
left_child=1 2 4 6 -1 8 7 17 10 -10 12 -12 13 16 -4 -8 -3 -2 -15 -14
right_child=3 5 14 -5 -6 -7 15 -9 9 -11 11 -13 19 18 -16 -17 -18 -19 -20 -21
leaf_value=0 0.042715521071074306 -0.011520429536558029 0.0196552660695271 -0.031168926474729321 0.14951833568157966 0.056479333906877663 0.049438236599942613 0.0081028892925872568 0.069399327775659408 -0.051021362860454021 -0.07478059096109857 0 -0 0.050663838441525638 -0.047681512709800797 -0.020266271088903946 -0.047768180380635974 0.16093457323068028 -0 -0.067875801441262248
leaf_count=43 58 553 22 31 64 27 39 40 55 65 309 38 21 31 87 41 223 95 22 136
internal_value=0 -0.264724 0.290273 0.921645 1.24406 -0.353222 1.11715 1.39962 -0.432387 0.0245677 -0.482195 -0.789019 -0.342826 -0.227698 -0.309102 0.112509 -0.292862 1.6067 0.35087 -0.758037
internal_count=2000 1696 216 304 107 1480 273 193 1453 120 1333 347 986 829 109 80 776 153 53 157
cat_boundaries=0 4
cat_threshold=50544896 0 529026 16
shrinkage=0.0831216


Tree=2
num_leaves=26
num_cat=1
split_feature=18 10 28 3 27 16 11 26 24 3 4 0 16 0 26 4 0 26 18 18 26 15 16 3 26
split_gain=21.7282 5.75677 5.45853 5.26036 3.20546 4.20999 3.10431 3.20395 2.9327 2.66973 4.23329 2.00857 1.82601 1.74565 1.6711 1.64537 1.5375 1.48088 1.61201 2.83169 1.13004 0.970871 0.760313 0.684377 0.0801138
threshold=15357.250000000002 613.00000000000011 5702.5000000000009 168.81100000000001 66.250000000000014 8652.2500000000018 9016.0000000000018 7.7500000000000009 0 181.58600000000004 56.374250000000011 1.7500000000000002 2047.0000000000002 16.750000000000004 7.7500000000000009 60.467050000000008 3.2500000000000004 593.50000000000011 296.50000000000006 1005.2500000000001 82.750000000000014 32329.000000000004 102013.75000000001 177.89000000000001 6.2500000000000009
decision_type=2 2 2 2 2 2 2 2 5 2 2 2 2 2 2 2 2 2 2 2 2 2 2 2 2
left_child=2 3 6 21 5 23 8 12 11 13 -11 20 -8 15 -15 16 -10 18 -4 -20 24 -2 -7 -5 -1
right_child=1 -3 17 4 -6 22 7 -9 9 10 -12 -13 -14 14 -16 -17 -18 -19 19 -21 -22 -23 -24 -25 -26
leaf_value=0.012803356212920622 -0.030227624706390326 -0.030242187488208457 -0.072500815797507889 0.038211912622400049 -0 0.16063343071215594 0 -0.019967983814412449 -0.022557743630314462 0.081325066546776015 -0.023140832995486683 -0.0073274185880576135 0.11963553136948686 0.042541026322082814 -0.027919191797425524 0.01387175315811948 -0.06029957008654134 0 0.055183477444656785 -0.045773471471453817 0.092940649163212249 0.027797354099643519 0.029530834241156413 -0.0034159781319154777 -0
leaf_count=25 28 31 284 31 20 93 26 23 662 39 66 30 20 49 31 39 246 21 20 55 38 38 39 24 22
internal_value=0 0.818887 -0.248195 0.989191 1.24673 1.37477 -0.110302 0.545102 -0.169476 -0.227021 0.237987 0.229845 0.999413 -0.328953 0.103524 -0.382096 -0.423342 -0.671779 -0.736057 -0.0108469 0.754477 0 1.69982 0.171099 0.00777269
internal_count=2000 304 1696 273 207 187 1316 69 1247 1132 105 115 46 1027 80 947 908 380 359 75 85 66 132 55 47
cat_boundaries=0 2
cat_threshold=1075904516 32
shrinkage=0.0831216


Tree=3
num_leaves=21
num_cat=2
split_feature=30 18 20 3 20 28 26 3 3 30 35 18 18 27 20 0 28 0 3 28
split_gain=38.6582 12.49 7.28293 3.35648 5.39965 2.36323 1.91888 1.9165 2.20981 1.47814 1.46169 1.98636 1.19344 1.33485 0.795477 0.60153 1.30897 0.558526 0.451771 0.378954
threshold=0 15357.250000000002 274.00000000000006 170.50600000000003 8196.2500000000018 1312.0000000000002 418.75000000000006 179.667 173.23550000000003 1 3.2500000000000004 120.25000000000001 36959.500000000007 6.2500000000000009 28.750000000000004 3.2500000000000004 717.25000000000011 1.7500000000000002 171.53750000000005 16.750000000000004
decision_type=5 2 2 2 2 2 2 2 2 5 2 2 2 2 2 2 2 2 2 2
left_child=2 6 10 12 7 -4 9 8 18 14 11 -1 13 -3 17 16 19 -2 -5 -11
right_child=1 3 5 4 -6 -7 -8 -9 -10 15 -12 -13 -14 -15 -16 -17 -18 -19 -20 -21
leaf_value=0.064430887887633723 0.0088218577892761763 0.046413405381156465 0.16338880785029891 0.033862080394001487 -0.023427052355832919 0.0076482349378219766 0.0089633381960134758 0 0.13772392392165733 -0.032705364042054368 -0 -0 -0.043985913820137029 -0.021819731548648604 0.037092783421557744 -0.078243681323381803 -0.069939247607160235 -0.030883018881618915 -0 -0
leaf_count=220 44 26 95 21 45 28 29 24 43 531 39 37 45 21 47 343 258 35 20 49
internal_value=0 -0.356989 0.788742 0.317812 0.629605 1.74346 -0.567661 1.00236 1.20214 -0.594826 0.54905 0.646403 -0.153719 0.103471 0.0611696 -0.600547 -0.54263 -0.0318132 0.156916 -0.363638
internal_count=2000 1581 419 245 153 123 1336 108 84 1307 296 257 92 47 126 1181 838 79 41 580
cat_boundaries=0 6 11
cat_threshold=524303 19922952 268697600 2147614720 16781312 128 25165824 516 258 8 1064960
shrinkage=0.0831216


Tree=4
num_leaves=26
num_cat=1
split_feature=30 18 20 9 32 9 25 3 25 28 28 8 3 8 3 20 4 26 25 4 3 26 26 19 4
split_gain=32.3316 10.2984 5.51182 5.60521 3.92097 3.78907 3.80234 3.96293 1.96769 1.95347 1.5661 1.85698 1.52478 1.39676 1.34371 1.33389 1.30078 1.15595 0.984947 0.721968 0.633542 0.582114 0.273897 0.208037 0.180348
threshold=0 15357.250000000002 274.00000000000006 7.7500000000000009 117.25000000000001 58.750000000000007 47.009350000000005 170.50600000000003 57.921400000000013 10891.000000000002 337.00000000000006 46.750000000000007 181.58600000000004 120.25000000000001 183.31800000000004 1.7500000000000002 36.094350000000013 108.25000000000001 52.286850000000008 49.113150000000005 157.06400000000002 6.2500000000000009 1.7500000000000002 660.25000000000011 53.232150000000011
decision_type=5 2 2 2 2 2 2 2 2 2 2 2 2 2 2 2 2 2 2 2 2 2 2 2 2
left_child=2 8 16 -4 -5 18 7 -7 10 15 11 12 17 -13 -14 -10 -1 -2 22 -8 -11 -12 -3 -18 -25
right_child=1 5 3 4 -6 6 19 -9 9 20 21 13 14 -15 -16 -17 23 -19 -20 -21 -22 -23 -24 24 -26
leaf_value=0.04779260751742033 -0.050531888573876693 -0 -0 0.16408972920292425 0.00080597462978018795 -0 -0.032934163236751864 0.11588217329874174 0.059275598778265833 -0.048831113563848103 -0 0.045693793026971581 0.04421046926905222 -0.024141606342326385 -0.025289661035211415 -0.0029286008145785647 -0.0189840570217743 0 0.016448856024074213 0.016612963673034081 0 -0.077421022265566963 -0.045004610663838741 -0 0.022575545681299224
leaf_count=242 624 46 21 88 21 24 28 55 37 68 21 30 21 26 50 29 20 44 21 20 29 348 47 20 20
internal_value=0 -0.341416 0.686776 1.4536 1.6958 0.263498 0.646109 1.03536 -0.542195 -0.0214506 -0.60395 -0.436343 -0.498301 0.0739528 0 0.352251 0.461697 -0.561613 -0.175847 -0.0255255 -0.418548 -0.891194 -0.379238 -0 0.104338
internal_count=2000 1568 432 130 109 241 127 79 1327 163 1164 795 739 56 71 66 302 668 114 48 97 369 93 60 40
cat_boundaries=0 6
cat_threshold=524303 19927048 268697600 2147614720 16777216 128
shrinkage=0.0831216


end of trees

feature importances:
n_table_1.n_1=16
n_table_1.n_18=12
n_table_2.n_6=12
n_table_2.n_2=8
n_1=7
n_table_1.n_20=7
n_table_1.n_16=6
n_table_3.n_3=6
n_table_1.n_2=5
n_table_3.n_2=5
n_table_1.n_5=4
c_02=4
n_table_1.n_6=3
n_table_1.n_7=3
n_table_1.n_11=3
n_table_1.n_9=2
n_table_1.n_19=2
n_table_2.n_9=2
n_table_1.n_15=1
c_table_2.c_2=1
c_table_1.c_3=1
n_table_1.n_8=1

parameters:
[boosting: gbdt]
[objective: binary]
[metric: auc]
[tree_learner: serial]
[device_type: cpu]
[data: ]
[valid: ]
[num_iterations: 100]
[learning_rate: 0.0831216]
[num_leaves: 77]
[num_threads: 4]
[max_depth: 8]
[min_data_in_leaf: 20]
[min_sum_hessian_in_leaf: 0.668656]
[bagging_fraction: 0.5]
[bagging_freq: 88]
[bagging_seed: 3]
[feature_fraction: 0.7]
[feature_fraction_seed: 2]
[early_stopping_round: 0]
[max_delta_step: 0]
[lambda_l1: 0.719024]
[lambda_l2: 1.75537]
[min_gain_to_split: 0]
[drop_rate: 0.1]
[max_drop: 50]
[skip_drop: 0.5]
[xgboost_dart_mode: 0]
[uniform_drop: 0]
[drop_seed: 4]
[top_rate: 0.2]
[other_rate: 0.1]
[min_data_per_group: 100]
[max_cat_threshold: 32]
[cat_l2: 10]
[cat_smooth: 10]
[max_cat_to_onehot: 4]
[top_k: 20]
[monotone_constraints: ]
[feature_contri: ]
[forcedsplits_filename: ]
[refit_decay_rate: 0.9]
[verbosity: -1]
[max_bin: 255]
[min_data_in_bin: 3]
[bin_construct_sample_cnt: 200000]
[histogram_pool_size: -1]
[data_random_seed: 1]
[output_model: LightGBM_model.txt]
[snapshot_freq: -1]
[input_model: ]
[output_result: LightGBM_predict_result.txt]
[initscore_filename: ]
[valid_data_initscores: ]
[pre_partition: 0]
[enable_bundle: 1]
[max_conflict_rate: 0]
[is_enable_sparse: 1]
[sparse_threshold: 0.8]
[use_missing: 1]
[zero_as_missing: 0]
[two_round: 0]
[save_binary: 0]
[enable_load_from_binary_file: 1]
[header: 0]
[label_column: ]
[weight_column: ]
[group_column: ]
[ignore_column: ]
[categorical_feature: ]
[predict_raw_score: 0]
[predict_leaf_index: 0]
[predict_contrib: 0]
[num_iteration_predict: -1]
[pred_early_stop: 0]
[pred_early_stop_freq: 10]
[pred_early_stop_margin: 10]
[convert_model_language: ]
[convert_model: gbdt_prediction.cpp]
[num_class: 1]
[is_unbalance: 0]
[scale_pos_weight: 1]
[sigmoid: 1]
[boost_from_average: 1]
[reg_sqrt: 0]
[alpha: 0.9]
[fair_c: 1]
[poisson_max_delta_step: 0.7]
[tweedie_variance_power: 1.5]
[max_position: 20]
[label_gain: ]
[metric_freq: 1]
[is_provide_training_metric: 0]
[eval_at: ]
[num_machines: 1]
[local_listen_port: 12400]
[time_out: 120]
[machine_list_filename: ]
[machines: ]
[gpu_platform_id: -1]
[gpu_device_id: -1]
[gpu_use_dp: 0]

end of parameters

pandas_categorical:[[0, 1, 2], [0, 1, 2, 3, 4, 5, 6, 7, 8, 9, 10, 11, 12, 13, 14, 15, 16, 17, 18, 19, 20, 21, 22, 23, 24, 25, 26, 27, 28, 29, 30, 31, 32, 33, 34, 35, 36, 37, 38, 39, 40, 41, 42, 43, 44, 45, 46, 47, 48, 49, 50, 51, 52, 53, 54, 55, 56, 57, 58, 59, 60, 61, 62, 63, 64, 65, 66, 67, 68, 69, 70, 71, 72, 73, 74, 75, 76, 77, 78, 79, 80, 81, 82, 83, 84, 85, 86, 87, 88, 89, 90, 91, 92, 93, 94, 95, 96, 97, 98, 99, 100, 101, 102, 103, 104, 105, 106, 107, 108, 109, 110, 111, 112, 113, 114, 115, 116, 117, 118, 119, 120, 121, 122, 123, 124, 125, 126, 127, 128, 129, 130, 131, 132, 133, 134, 135, 136, 137, 138, 139, 140, 141, 142, 143, 144, 145, 146, 147, 148, 149, 150, 151, 152, 153, 154, 155, 156, 157, 158, 159, 160, 161, 162, 163, 164, 165, 166, 167, 168, 169, 170, 171, 172, 173, 174, 175], [0, 1, 2, 3, 4, 5, 6, 7, 8, 9, 10, 11, 12, 13, 14, 15, 16, 17, 18, 19, 20, 21, 22, 23, 24, 25, 26, 27, 28, 29, 30, 31, 32, 33, 34, 35, 36, 37, 38, 39, 40, 41, 42, 43, 44, 45, 46, 47, 48, 49, 50, 51, 52, 53], [0, 1, 2, 3, 4, 5, 6, 7, 8, 9, 10, 11, 12, 13, 14, 15], [0, 1], [0, 1, 2, 3, 4, 5, 6, 7, 8, 9, 10, 11, 12, 13, 14, 15, 16, 17, 18, 19, 20, 21, 22, 23, 24, 25, 26, 27, 28, 29, 30, 31, 32, 33, 34, 35, 36, 37, 38, 39, 40, 41, 42, 43, 44, 45, 46, 47, 48, 49, 50, 51, 52, 53, 54, 55, 56, 57, 58, 59, 60, 61, 62, 63, 64, 65, 66, 67, 68, 69, 70, 71, 72, 73, 74, 75, 76, 77, 78, 79, 80, 81, 82, 83, 84, 85, 86, 87, 88, 89, 90, 91, 92, 93, 94, 95, 96, 97, 98], [0, 1, 2, 3, 4, 5, 6, 7, 8, 9, 10, 11, 12, 13, 14, 15, 16, 17, 18, 19, 20, 21, 22, 23, 24, 25, 26, 27, 28, 29, 30, 31, 32, 33, 34, 35, 36, 37, 38, 39, 40, 41, 42, 43, 44, 45, 46, 47, 48, 49, 50, 51, 52, 53, 54, 55, 56, 57, 58, 59, 60, 61, 62, 63, 64, 65, 66, 67, 68, 69, 70, 71, 72, 73, 74, 75, 76, 77, 78, 79, 80, 81, 82, 83, 84, 85, 86, 87, 88, 89, 90, 91, 92, 93, 94, 95, 96, 97, 98, 99, 100, 101, 102, 103, 104, 105, 106, 107, 108, 109, 110, 111, 112, 113, 114, 115, 116, 117, 118, 119, 120, 121, 122, 123, 124, 125, 126, 127, 128, 129, 130, 131, 132, 133, 134, 135, 136, 137, 138, 139, 140, 141, 142, 143, 144, 145, 146, 147, 148, 149, 150, 151, 152, 153, 154, 155, 156, 157, 158, 159, 160, 161, 162, 163, 164, 165, 166, 167, 168, 169, 170, 171, 172, 173, 174, 175, 176, 177, 178, 179, 180, 181, 182, 183, 184, 185, 186, 187, 188, 189, 190, 191, 192, 193, 194, 195, 196, 197, 198, 199, 200, 201, 202, 203, 204, 205, 206, 207, 208, 209, 210, 211, 212, 213, 214, 215, 216, 217, 218, 219, 220, 221, 222, 223, 224, 225, 226, 227, 228, 229, 230, 231, 232, 233, 234, 235, 236, 237, 238, 239, 240, 241, 242, 243, 244, 245, 246, 247, 248, 249, 250, 251, 252, 253, 254, 255, 256, 257, 258, 259, 260, 261, 262, 263, 264, 265, 266, 267, 268, 269, 270, 271, 272, 273, 274, 275, 276, 277, 278, 279, 280, 281, 282, 283, 284, 285, 286, 287, 288, 289, 290, 291, 292, 293, 294, 295, 296, 297, 298, 299, 300, 301, 302, 303, 304, 305, 306, 307, 308, 309, 310, 311, 312, 313, 314, 315, 316, 317, 318, 319, 320, 321, 322, 323, 324, 325, 326, 327, 328, 329, 330, 331, 332, 333, 334, 335, 336, 337], [0, 1, 2, 3, 4, 5, 6, 7, 8, 9, 10, 11, 12, 13, 14, 15, 16, 17, 18, 19, 20, 21, 22, 23, 24, 25, 26, 27, 28, 29, 30, 31, 32, 33, 34, 35, 36, 37, 38, 39, 40, 41, 42, 43, 44, 45, 46, 47, 48, 49, 50, 51, 52, 53, 54, 55, 56, 57, 58, 59, 60, 61, 62, 63, 64, 65, 66, 67, 68, 69, 70, 71, 72, 73, 74, 75, 76, 77, 78, 79, 80, 81, 82, 83, 84, 85, 86, 87, 88, 89, 90, 91, 92, 93, 94, 95, 96, 97, 98, 99, 100, 101, 102, 103, 104, 105, 106, 107, 108, 109, 110, 111, 112, 113, 114, 115, 116, 117, 118, 119, 120, 121, 122, 123, 124, 125, 126, 127, 128, 129, 130, 131, 132, 133, 134, 135, 136, 137, 138, 139, 140, 141, 142, 143, 144, 145, 146, 147, 148, 149, 150, 151, 152, 153, 154, 155, 156, 157, 158, 159, 160, 161, 162, 163, 164, 165, 166, 167, 168, 169, 170, 171, 172, 173, 174, 175, 176, 177, 178, 179, 180, 181, 182, 183, 184, 185, 186, 187, 188, 189, 190, 191, 192, 193, 194, 195, 196, 197, 198, 199, 200, 201, 202, 203, 204, 205, 206], [0, 1, 2, 3, 4, 5, 6, 7, 8, 9, 10, 11, 12, 13, 14, 15, 16, 17, 18, 19, 20, 21, 22, 23, 24, 25, 26, 27, 28, 29, 30]]
