tree
version=v2
num_class=1
num_tree_per_iteration=1
label_index=0
max_feature_idx=21
objective=binary sigmoid:1
feature_names=n_1 c_02 c_table_1.c_4 n_table_1.n_8 n_table_1.n_15 n_table_1.n_18 n_table_1.n_19 c_table_2.c_1 n_table_2.n_13 n_table_2.n_14 n_table_1.n_2 n_table_1.n_3 n_table_1.n_7 n_table_1.n_9 n_table_1.n_10 n_table_1.n_12 n_table_1.n_16 n_table_1.n_17 n_table_1.n_20 n_table_1.n_26 c_table_2.c_4 n_table_3.n_3
feature_infos=[1:335.5] 40:3:68:15:50:10:80:6:35:91:9:5:12:20:165:46:2:48:69:34:83:58:62:87:115:73:77:225:252:45:126:132:149:61:66:111:209:102:196:36:37:39:208:29:124:135:203:121:22:42:71:82:99:108:156:194:14:33:49:70:93:110:118:195:296:308:4:26:28:238:261:55:86:90:150:175:177:199:231:250:18:21:67:125:138:23:131:134:141:161:205:220:228:230:244:285:7:17:38:43:59:122:139:142:166:170:179:198:222:256:345:57:227:248:8:98:100:112:130:144:151:178:188:189:190:269:305:323:11:75:92:116:146:164:186:213:214:268:312:349:377:1:44:63:101:123:154:176:206:212:216:232:251:273:275:354:13:54:65:74:79:84:95:114:120:133:145:153:162:173:181:187:192:211:243:262:277:318:324:334:361:366:368:0:31:104:109:148:169:202:204:239:283:293:295:310:322:380:393:399:19:32:53:94:106:127:140:158:167:172:207:229:234:240:246:264:284:289:291:292:297:306:309:338:350:359:374:386:407:52:72:81:103:107:113:117:180:182:233:236:237:247:255:257:266:267:271:274:282:286:288:301:304:315:336:375:400:418:478:498:24:25:27:30:60:78:105:119:136:137:143:147:163:168:171:174:185:191:217:218:221:224:226:235:249:254:260:263:272:279:280:281:300:302:320:332:337:340:347:351:356:376:378:383:387:392:394:397:414:420:424:430:433:438:442:453:457:462:467:476:479:481 4:0:10:12:2:11:7:5:45:51:35:8:18:23:33:40:77:30:37:38:41:57:29:28:16:74:62:49:13:21:48:104:6:69:22:26:39:54:19:27:72:87:95:3:31:55:56:106:15:17:60:61:96:103:92:25:66:67:78:80:81:93:94:109:113:117:122:1:24:44:46:47:53:59:65:83:84:99:112:121:133:14:20:36:63:70:82:97:102:116:136:32:34:42:52:58:64:71:75:85:90:98:107:111:115:124:129:130:131:132 [1:244588] [1:274774] [1:574087] [1:1285890] 1:0 [1:395101] [1:275.5] [-49.8874:81.708399999999997] [1:175] [1:38456.5] [1:1556770] [1:68.5] [1:8524] [1:249100] [1:448222] [1:19936] [1:121640] 20:0:2:33:16:38:10:8:24:31:6:53:18:21:44:48:26:35:55:12:39:40:14:43:61:42:60:17:22:11:29:9:3:4:37:19:41:67:47:46:49:25:71:98:27:69:57:73:1:30:52:100:59:62:63:77:106:45:56:87:92:103:7:15:32:58:80:82:94:34:65:66:68:74:75:79:84:97:107:112:13:51:54:64:70:76:85:91:95:109 [1:509664]
tree_sizes=817 802 799 799 889 969 941 1038 906 1181 797 1049 816 1038 830 1193 1030 1121 882

Tree=0
num_leaves=9
num_cat=1
split_feature=6 20 3 6 13 15 18 13
split_gain=43.3495 23.3628 6.94324 3.54873 5.77392 4.39342 4.20196 1.95788
threshold=346413.00000000006 0 115.00000000000001 66613.000000000015 8920.0000000000018 79.750000000000014 278.50000000000006 6.2500000000000009
decision_type=2 5 2 2 2 2 2 2
left_child=1 7 3 5 -5 6 -3 -1
right_child=-2 2 -4 4 -6 -7 -8 -9
leaf_value=-2.7938763266901412 -2.7539222247035329 -2.8190873263597753 -2.7989642820940785 -2.7928558815652682 -2.8213488144624055 -2.8065573795600933 -2.8324884178760521 -2.7682526035088948
leaf_count=113 109 1210 154 110 125 154 303 122
internal_value=0 -0.108748 -0.274307 -0.374723 0.0793283 -0.445867 -0.518792 0.82781
internal_count=2400 2291 2056 1902 235 1667 1513 235
cat_boundaries=0 2
cat_threshold=2165719312 10
shrinkage=1


Tree=1
num_leaves=8
num_cat=1
split_feature=1 16 4 5 16 15 0
split_gain=44.7557 29.3188 17.2078 3.32746 1.92528 4.19657 0.600259
threshold=0 37876.000000000007 1622.5000000000002 40848.250000000007 3754.7500000000005 43.000000000000007 9.2500000000000018
decision_type=5 2 2 2 2 2 2
left_child=2 3 -1 4 5 6 -2
right_child=1 -3 -4 -5 -6 -7 -8
leaf_value=0.01878037121227728 -0.011381278280502654 0.032766199066564153 0.065343391727806496 0.001471811337361896 -0.01965875163907788 0.0057676731608960813 -0.002244862353197831
leaf_count=213 1214 147 128 186 231 130 151
internal_value=0 -0.249135 1.13741 -0.424013 -0.484686 -0.408508 -0.483074
internal_count=2400 2059 341 1912 1726 1495 1365
cat_boundaries=0 9
cat_threshold=536887488 1073750404 8462340 268435456 6291584 0 8 0 32
shrinkage=0.0219009


Tree=2
num_leaves=8
num_cat=1
split_feature=1 6 4 3 12 19 10
split_gain=42.1873 27.8613 14.677 3.66731 2.2503 5.26659 1.0792
threshold=0 306585.00000000006 1622.5000000000002 150.25000000000003 46.750000000000007 3.2500000000000004 34.998900000000006
decision_type=5 2 2 2 2 2 2
left_child=2 3 -1 4 5 6 -2
right_child=1 -3 -4 -5 -6 -7 -8
leaf_value=0.018087336608251767 -0.0075793262396094243 0.034604843778809014 0.06056305610722857 0.004599636520669987 -0.015956989942590528 0.0081471610271760288 -0.016483840910267465
leaf_count=213 899 124 128 135 509 147 245
internal_value=0 -0.244825 1.09078 -0.406788 -0.461503 -0.342636 -0.447878
internal_count=2400 2059 341 1935 1800 1291 1144
cat_boundaries=0 9
cat_threshold=536887488 1073750404 8462340 268435456 6291584 0 8 0 32
shrinkage=0.0219009


Tree=3
num_leaves=8
num_cat=1
split_feature=1 16 18 5 18 15 5
split_gain=39.612 26.2908 18.5143 4.05518 3.84658 5.18212 0.696468
threshold=0 37876.000000000007 104.50000000000001 40848.250000000007 770.50000000000011 43.000000000000007 1.7500000000000002
decision_type=5 2 2 2 2 2 2
left_child=2 3 -1 4 5 6 -2
right_child=1 -3 -4 -5 -6 -7 -8
leaf_value=0.011915408651998145 -0.0076228272438280432 0.030183748272510535 0.058484419338713463 0.003199221426909803 -0.020459652724506672 0.010064768974848403 -0.014527042290955746
leaf_count=169 989 147 149 188 309 113 336
internal_value=0 -0.232905 1.07343 -0.401816 -0.470162 -0.357528 -0.440184
internal_count=2400 2082 318 1935 1747 1438 1325
cat_boundaries=0 9
cat_threshold=536887488 1073750404 8462340 268435456 128 0 8 0 32
shrinkage=0.0219009


Tree=4
num_leaves=9
num_cat=1
split_feature=1 6 18 19 18 15 10 15
split_gain=37.5782 24.5375 20.083 2.81713 3.83078 4.88131 1.14027 0.0582873
threshold=0 346413.00000000006 104.50000000000001 632.50000000000011 921.25000000000011 43.000000000000007 35.254650000000005 34.750000000000007
decision_type=5 2 2 2 2 2 2 2
left_child=2 3 -1 4 5 6 -2 -6
right_child=1 -3 -4 -5 7 -7 -8 -9
leaf_value=0.0071615473002400905 -0.0063762563730051002 0.035507322889543058 0.048391574405670754 0.0039472594956354874 -0.0092605026448871041 0.010154217117879909 -0.013901433910335721 -0.021577725058815795
leaf_count=224 872 96 198 107 117 112 409 265
internal_value=0 -0.258419 0.927409 -0.408984 -0.453899 -0.328972 -0.412798 -0.859405
internal_count=2400 1978 422 1882 1775 1393 1281 382
cat_boundaries=0 9
cat_threshold=536887488 1073947012 8462340 1342701568 6291584 0 12 128 32
shrinkage=0.0219009


Tree=5
num_leaves=10
num_cat=3
split_feature=1 16 18 21 7 1 16 21 19
split_gain=35.6655 23.962 15.0837 4.54046 3.71203 2.94683 2.38524 2.11616 0.393812
threshold=0 37876.000000000007 104.50000000000001 25.000000000000004 1 2 1863.2500000000002 7720.7500000000009 109.75000000000001
decision_type=5 2 2 2 1 5 2 2 2
left_child=2 3 -1 5 6 -2 7 -5 -7
right_child=1 -3 -4 4 -6 8 -8 -9 -10
leaf_value=0.010984773967960366 0.0014619971052269691 0.027933779864347728 0.052186206253559339 -0.011513813739495924 0.0086769398659914017 -0.016858038328086668 -0.017246580150454618 0.0023185130509072215 -0.0053412871046611262
leaf_count=171 212 147 148 141 187 877 137 272 108
internal_value=0 -0.225697 0.997629 -0.392111 -0.0988702 -0.560798 -0.293819 -0.0857548 -0.606188
internal_count=2400 2081 319 1934 737 1197 550 413 985
cat_boundaries=0 9 10 18
cat_threshold=536887488 1073750404 8462340 0 4194432 0 8 0 32 1 36 475152 512 1342177280 2097152 0 0 128
shrinkage=0.0219009


Tree=6
num_leaves=10
num_cat=1
split_feature=1 6 18 19 18 15 6 8 15
split_gain=33.8065 23.4883 16.5051 2.54244 3.89638 4.72532 2.06808 1.32952 0.0432059
threshold=0 350007.50000000006 104.50000000000001 632.50000000000011 921.25000000000011 43.000000000000007 60628.000000000007 2289.2500000000005 34.750000000000007
decision_type=5 2 2 2 2 2 2 2 2
left_child=2 3 -1 4 5 7 -4 -2 -6
right_child=1 -3 6 -5 8 -7 -8 -9 -10
leaf_value=0.0066367835775211484 -0.0098164115540605324 0.034399578340505041 0.02796958049353962 0.003208116778208057 -0.0092587408181937347 0.010096569000557866 0.057122011353710207 0 -0.021506608192314921
leaf_count=225 1155 93 111 109 119 112 86 125 265
internal_value=0 -0.250066 0.862443 -0.399975 -0.4437 -0.317256 1.98072 -0.401249 -0.854822
internal_count=2400 1978 422 1885 1776 1392 197 1280 384
cat_boundaries=0 9
cat_threshold=536887488 1073947012 545333252 1342701568 6291584 0 8 128 32
shrinkage=0.0219009


Tree=7
num_leaves=11
num_cat=2
split_feature=1 5 10 21 12 1 10 13 19 10
split_gain=32.2287 20.2334 6.71514 3.87969 3.24692 2.07977 2.0235 4.79652 0.954019 0.211747
threshold=0 113580.00000000001 46.88065000000001 25.000000000000004 129.25000000000003 1 47.238900000000008 10.000000000000002 6.2500000000000009 16.114810000000002
decision_type=5 2 2 2 2 5 2 2 2 2
left_child=2 3 -1 5 6 9 7 -5 -7 -2
right_child=1 -3 -4 4 -6 8 -8 -9 -10 -11
leaf_value=0.019059610513964164 0.0043696248316365451 0.024063327197749524 0.049984435176212469 -0.0013938079874510278 -0.016309122944381537 -0.017281941254637199 -0.0099099957092964545 0.019894337052395364 -0.007086649473427689 -0
leaf_count=225 112 160 94 366 117 742 124 117 225 118
internal_value=0 -0.218372 0.931073 -0.379776 -0.102621 -0.536837 0.0120271 0.16045 -0.576576 0.0294798
internal_count=2400 2081 319 1921 724 1197 607 483 967 230
cat_boundaries=0 9 17
cat_threshold=536887488 1073750404 8462340 0 4194432 0 8 0 32 32804 409616 512 1073741824 2097152 0 0 128
shrinkage=0.0219009


Tree=8
num_leaves=10
num_cat=1
split_feature=6 20 4 15 18 10 18 12 18
split_gain=27.6439 18.7121 3.90564 4.03831 4.92644 2.73095 1.21821 0.950423 0.393756
threshold=346413.00000000006 0 25779.250000000004 43.000000000000007 826.75000000000011 34.998900000000006 72.250000000000014 122.50000000000001 1.7500000000000002
decision_type=2 5 2 2 2 2 2 2 2
left_child=1 6 3 5 -5 8 -1 -7 -3
right_child=-2 2 -4 4 -6 7 -8 -9 -10
leaf_value=0.015024438327912438 0.040388487116170289 -0.0067748785054906838 0.0055360993551085815 0.016066898586097552 -0.0067378483872387908 -0.01808760546969259 0.035537574869154369 -0.0047124658257408905 -0
leaf_count=132 109 858 194 119 216 423 103 133 113
internal_value=0 -0.0968915 -0.253304 -0.343845 0.047599 -0.443728 0.709796 -0.706486 -0.276883
internal_count=2400 2291 2056 1862 335 1527 235 556 971
cat_boundaries=0 2
cat_threshold=18235664 2097162
shrinkage=0.0219009


Tree=9
num_leaves=13
num_cat=2
split_feature=1 6 18 21 8 6 8 6 5 0 0 7
split_gain=30.1436 20.1548 13.7668 6.73029 6.9417 2.06984 1.98264 1.49279 0.708265 0.538652 0.0288931 0.222627
threshold=0 350007.50000000006 104.50000000000001 25.000000000000004 84.250000000000014 847.75000000000011 448.75000000000006 60628.000000000007 4.7500000000000009 7.7500000000000009 1.7500000000000002 1
decision_type=5 2 2 2 2 2 2 2 2 2 2 1
left_child=2 3 -1 9 5 -5 -6 -4 -8 10 11 -2
right_child=1 -3 7 4 6 -7 8 -9 -10 -11 -12 -13
leaf_value=0.0059948839497884904 -0.0097770685199148367 0.030118145813332567 0.025305825065397882 0.0011147603031578203 -0.016213214085009687 0.020426332801696097 0.0012985847974574586 0.050764579866847459 -0.0069477247874183534 -0.0044331779248909528 -0.02054586406285042 -0.0174974055896998
leaf_count=225 586 93 111 149 183 115 145 86 149 155 173 230
internal_value=0 -0.241166 0.797962 -0.387481 -0.0425012 0.503597 -0.373083 1.77943 -0.0955202 -0.603967 -0.652963 -0.568377
internal_count=2400 1978 422 1885 741 264 477 197 294 1144 989 816
cat_boundaries=0 9 10
cat_threshold=536887488 1073947012 545333252 1342701568 6291584 0 8 128 32 2
shrinkage=0.0219009


Tree=10
num_leaves=8
num_cat=1
split_feature=1 6 4 3 12 19 5
split_gain=28.7432 22.771 6.12994 4.19167 2.35528 4.40275 1.34832
threshold=0 350007.50000000006 1622.5000000000002 150.25000000000003 46.750000000000007 3.2500000000000004 1264.7500000000002
decision_type=5 2 2 2 2 2 2
left_child=2 3 -1 4 5 6 -2
right_child=1 -3 -4 -5 -6 -7 -8
leaf_value=0.014658873799394245 -0.0068006335484701629 0.031567252556953404 0.041729112281157499 0.0065240466472690122 -0.015085307805095958 0.0075223779289558456 -0.017917246533540002
leaf_count=199 988 99 119 141 535 151 168
internal_value=0 -0.210837 0.861339 -0.359682 -0.421131 -0.29802 -0.39978
internal_count=2400 2082 318 1983 1842 1307 1156
cat_boundaries=0 9
cat_threshold=536887488 1073750404 8462340 268435456 128 0 8 0 32
shrinkage=0.0219009


Tree=11
num_leaves=11
num_cat=2
split_feature=1 4 18 20 16 18 14 18 18 18
split_gain=27.4383 18.8579 9.25866 4.92262 1.09298 4.30002 1.0389 0.756609 1.96592 0.364077
threshold=0 95599.750000000015 104.50000000000001 1 527.50000000000011 1.7500000000000002 1.7500000000000002 639.25000000000011 18.250000000000004 1449.2500000000002
decision_type=5 2 2 5 2 2 2 2 2 2
left_child=2 3 -1 6 5 -5 7 8 -2 -4
right_child=1 -3 9 4 -6 -7 -8 -9 -10 -11
leaf_value=0.0071590596245706753 -0.01334242370569717 0.030313923738975949 0.041381888492614961 0.0072190155226074006 0.0082547382577561109 -0.015833074645839926 -0.0033110110313571135 -0.018812002356232066 -0.0014103117165599134 0.021090784883361132
leaf_count=225 678 89 113 190 161 115 201 304 240 84
internal_value=0 -0.233825 0.749509 -0.373043 0.0630832 -0.0357921 -0.470779 -0.592947 -0.482971 1.56766
internal_count=2400 1978 422 1889 466 305 1423 1222 918 197
cat_boundaries=0 9 11
cat_threshold=536887488 1073947028 8462340 1342701568 6291584 0 8 128 32 2216690757 545265984
shrinkage=0.0219009


Tree=12
num_leaves=9
num_cat=2
split_feature=4 20 3 18 4 15 7 18
split_gain=19.1068 17.0021 6.26553 4.16715 2.80949 2.75755 6.83587 3.92713
threshold=104714.00000000001 0 115.00000000000001 104.50000000000001 25779.250000000004 55.000000000000007 1 278.50000000000006
decision_type=2 5 2 2 2 2 1 2
left_child=1 3 4 -1 5 7 -7 -3
right_child=-2 2 -4 -5 -6 6 -8 -9
leaf_value=0.011095103035546717 0.037342381730724503 -0.0068802975174512429 0.012286246138375338 0.039152288418376209 0.0030100614825817628 0.013022874504717228 -0.0164119949562785 -0.020227355141389684
leaf_count=133 85 1211 146 91 167 154 112 301
internal_value=0 -0.0682705 -0.219867 0.693453 -0.313043 -0.37131 0 -0.448253
internal_count=2400 2315 2091 224 1945 1778 266 1512
cat_boundaries=0 2 3
cat_threshold=18239504 65546 2
shrinkage=0.0219009


Tree=13
num_leaves=11
num_cat=1
split_feature=1 4 18 14 10 5 13 6 18 18
split_gain=25.7169 15.5533 9.50375 3.53095 3.30224 3.11895 2.01282 0.944759 0.78641 0.596414
threshold=0 101587.00000000001 104.50000000000001 1.7500000000000002 46.238850000000006 20100.250000000004 10069.000000000002 60628.000000000007 170.50000000000003 278.50000000000006
decision_type=5 2 2 2 2 2 2 2 2 2
left_child=2 3 -1 4 5 8 -5 -4 -2 -6
right_child=1 -3 7 6 9 -7 -8 -9 -10 -11
leaf_value=0.0061560901873906927 -0.0063782032709571983 0.02735305656633873 0.022069822349987552 0.008982600577701812 -0.0080157670796091006 0.0073566574656682938 -0.0066149462024544725 0.04369564805885618 -0.016562049816670275 -0.02025064850261055
leaf_count=218 903 83 110 161 172 112 111 81 135 314
internal_value=0 -0.225502 0.727687 -0.352888 -0.435739 -0.282612 0.0626402 1.53672 -0.368972 -0.763136
internal_count=2400 1991 409 1908 1636 1150 272 191 1038 486
cat_boundaries=0 9
cat_threshold=536887488 1073947012 8462340 1342701568 6291584 0 12 0 32
shrinkage=0.0219009


Tree=14
num_leaves=9
num_cat=1
split_feature=6 20 3 4 15 5 18 16
split_gain=20.0451 15.6486 4.07225 3.15426 2.20836 4.0107 3.61744 1.92436
threshold=346413.00000000006 0 115.00000000000001 25779.250000000004 55.000000000000007 21494.500000000004 278.50000000000006 28.750000000000004
decision_type=2 5 2 2 2 2 2 2
left_child=1 7 3 4 6 -6 -3 -1
right_child=-2 2 -4 -5 5 -7 -8 -9
leaf_value=0.012727063419308382 0.03208974451075132 -0.006985353223931217 0.00774796230206478 0.0049155105354483962 0.012371600713965257 -0.010323523994155988 -0.020088944489255051 0.033999347502086517
leaf_count=153 109 1205 153 140 111 150 297 82
internal_value=0 -0.0880622 -0.23694 -0.322179 -0.379405 -0 -0.44885 0.629551
internal_count=2400 2291 2056 1903 1763 261 1502 235
cat_boundaries=0 2
cat_threshold=18235664 2097162
shrinkage=0.0219009


Tree=15
num_leaves=13
num_cat=1
split_feature=1 6 4 21 8 8 6 18 5 15 15 18
split_gain=24.1878 14.5797 9.30998 6.29868 6.19217 2.3387 1.45646 0.987894 0.729611 0.548824 3.23726 0.447319
threshold=0 359479.00000000006 1622.5000000000002 25.000000000000004 84.250000000000014 448.75000000000006 847.75000000000011 1449.2500000000002 4.7500000000000009 297.25000000000006 79.750000000000014 1.7500000000000002
decision_type=5 2 2 2 2 2 2 2 2 2 2 2
left_child=2 3 11 9 6 -6 -5 -4 -7 10 -2 -1
right_child=1 -3 7 4 5 8 -8 -9 -10 -11 -12 -13
leaf_value=0.011100484015138842 -0.01278953645398791 0.02585536707040878 0.043563781705383546 0.0017872930297115836 -0.016004880625962323 0.0030472611340843702 0.018699874571111053 0.019995733479039293 -0.0061051064230386708 -0.020304058075731185 0.0022127087222199573 0.00077503637385243208
leaf_count=164 903 78 82 149 185 138 118 73 144 148 115 103
internal_value=0 -0.224006 0.690152 -0.351171 -0.0120194 -0.338736 0.497446 1.57443 -0.0347838 -0.560615 -0.482605 0.358538
internal_count=2400 1978 422 1900 734 467 267 155 282 1166 1018 267
cat_boundaries=0 9
cat_threshold=536887488 1073947012 8462340 1342701568 6291584 0 12 128 32
shrinkage=0.0219009


Tree=16
num_leaves=11
num_cat=2
split_feature=1 4 18 21 8 1 8 5 6 4
split_gain=23.0756 18.3079 7.42972 6.59968 5.28657 2.4918 2.38081 1.58659 1.50784 1.40454
threshold=0 104714.00000000001 104.50000000000001 25.000000000000004 84.250000000000014 1 448.75000000000006 18366.250000000004 847.75000000000011 655.75000000000011
decision_type=5 2 2 2 2 5 2 2 2 2
left_child=2 3 -1 5 8 -2 -6 -4 -5 -8
right_child=1 -3 7 4 6 -7 9 -9 -10 -11
leaf_value=0.0075177268073303308 0.0012100462635801811 0.03133764127548163 0.046231035192423157 0.001747536757662566 -0.014175619949692452 -0.012354251692571091 -0.0054699551864984446 0.020514507756482909 0.018890628700047669 0.007764269366879629
leaf_count=164 216 78 73 149 196 1037 191 72 116 108
internal_value=0 -0.19244 0.756072 -0.318538 0 -0.521053 -0.266081 1.60929 0.499403 -0
internal_count=2400 2091 309 2013 760 1253 495 145 265 299
cat_boundaries=0 9 17
cat_threshold=536871104 1073750404 8462340 0 4194432 0 8 0 32 16420 475152 512 1073741824 2097152 0 0 128
shrinkage=0.0219009


Tree=17
num_leaves=12
num_cat=1
split_feature=1 6 18 21 10 10 21 18 0 12 19
split_gain=22.0521 16.1517 6.19353 5.82963 3.09711 1.49871 1.45215 1.17322 0.72541 2.09427 0.337848
threshold=0 359479.00000000006 104.50000000000001 25.000000000000004 35.765900000000009 45.66040000000001 25500.250000000004 921.25000000000011 7.7500000000000009 192.25000000000003 36.250000000000007
decision_type=5 2 2 2 2 2 2 2 2 2 2
left_child=2 3 -1 8 6 -4 -5 -6 9 10 -2
right_child=1 -3 5 4 7 -7 -8 -9 -10 -11 -12
leaf_value=0.0063067918815189541 -0.016645019543994461 0.026969656620270847 0.015374546033536423 0.0094213165568267799 -2.8248419887479815e-05 0.035964871546825004 -0.0010192050678893411 -0.013405526119121268 -0.002764922994341635 -0.00056505902375355752 -0.0053063308759686446
leaf_count=226 739 79 89 245 164 109 172 166 150 148 113
internal_value=0 -0.216886 0.650115 -0.35236 -0.0308121 1.28805 0.206857 -0.359101 -0.56092 -0.612183 -0.703736
internal_count=2400 1976 424 1897 747 198 417 330 1150 1000 852
cat_boundaries=0 9
cat_threshold=536887488 1073947012 8462852 1342701568 6291584 0 8 128 32
shrinkage=0.0219009


Tree=18
num_leaves=10
num_cat=0
split_feature=6 3 21 21 6 10 21 19 18
split_gain=16.5008 6.97703 4.98065 11.3305 4.05205 3.65113 2.12916 1.08106 1.12035
threshold=346413.00000000006 115.00000000000001 25.000000000000004 456.25000000000006 66613.000000000015 46.89705 17563.000000000004 4.7500000000000009 9.2500000000000018
decision_type=2 2 2 2 2 2 2 2 2
left_child=1 2 4 -4 7 6 -5 8 -1
right_child=-2 -3 3 5 -6 -7 -8 -9 -10
leaf_value=-0.0072198146071963685 0.028053471602190603 0.015433411296176343 0.025084335133782155 -0.0051185099898213805 0.0049332539463488251 -0.015442997520499952 0.0070394864155080318 -0.0009048138402272648 -0.015974298853568696
leaf_count=625 109 165 112 261 162 167 257 171 371
internal_value=0 -0.0828245 -0.160108 0.0955385 -0.331559 -0.1401 0.0225205 -0.434962 -0.497719
internal_count=2400 2291 2126 797 1329 685 518 1167 996
shrinkage=0.0219009


end of trees

feature importances:
n_table_1.n_20=29
n_table_1.n_19=19
c_02=17
n_table_1.n_15=12
n_table_1.n_12=12
n_table_3.n_3=11
n_table_1.n_18=10
n_table_1.n_2=10
n_table_1.n_26=8
n_table_2.n_13=7
n_table_1.n_16=7
n_table_1.n_8=6
n_table_1.n_7=5
c_table_2.c_4=5
n_1=4
n_table_1.n_9=4
c_table_2.c_1=3
n_table_1.n_10=2

parameters:
[boosting: gbdt]
[objective: binary]
[metric: auc]
[tree_learner: serial]
[device_type: cpu]
[data: ]
[valid: ]
[num_iterations: 100]
[learning_rate: 0.0219009]
[num_leaves: 55]
[num_threads: 4]
[max_depth: 6]
[min_data_in_leaf: 20]
[min_sum_hessian_in_leaf: 5.77642]
[bagging_fraction: 0.6]
[bagging_freq: 44]
[bagging_seed: 3]
[feature_fraction: 0.7]
[feature_fraction_seed: 2]
[early_stopping_round: 0]
[max_delta_step: 0]
[lambda_l1: 0.633368]
[lambda_l2: 0.409417]
[min_gain_to_split: 0]
[drop_rate: 0.1]
[max_drop: 50]
[skip_drop: 0.5]
[xgboost_dart_mode: 0]
[uniform_drop: 0]
[drop_seed: 4]
[top_rate: 0.2]
[other_rate: 0.1]
[min_data_per_group: 100]
[max_cat_threshold: 32]
[cat_l2: 10]
[cat_smooth: 10]
[max_cat_to_onehot: 4]
[top_k: 20]
[monotone_constraints: ]
[feature_contri: ]
[forcedsplits_filename: ]
[refit_decay_rate: 0.9]
[verbosity: -1]
[max_bin: 255]
[min_data_in_bin: 3]
[bin_construct_sample_cnt: 200000]
[histogram_pool_size: -1]
[data_random_seed: 1]
[output_model: LightGBM_model.txt]
[snapshot_freq: -1]
[input_model: ]
[output_result: LightGBM_predict_result.txt]
[initscore_filename: ]
[valid_data_initscores: ]
[pre_partition: 0]
[enable_bundle: 1]
[max_conflict_rate: 0]
[is_enable_sparse: 1]
[sparse_threshold: 0.8]
[use_missing: 1]
[zero_as_missing: 0]
[two_round: 0]
[save_binary: 0]
[enable_load_from_binary_file: 1]
[header: 0]
[label_column: ]
[weight_column: ]
[group_column: ]
[ignore_column: ]
[categorical_feature: ]
[predict_raw_score: 0]
[predict_leaf_index: 0]
[predict_contrib: 0]
[num_iteration_predict: -1]
[pred_early_stop: 0]
[pred_early_stop_freq: 10]
[pred_early_stop_margin: 10]
[convert_model_language: ]
[convert_model: gbdt_prediction.cpp]
[num_class: 1]
[is_unbalance: 0]
[scale_pos_weight: 1]
[sigmoid: 1]
[boost_from_average: 1]
[reg_sqrt: 0]
[alpha: 0.9]
[fair_c: 1]
[poisson_max_delta_step: 0.7]
[tweedie_variance_power: 1.5]
[max_position: 20]
[label_gain: ]
[metric_freq: 1]
[is_provide_training_metric: 0]
[eval_at: ]
[num_machines: 1]
[local_listen_port: 12400]
[time_out: 120]
[machine_list_filename: ]
[machines: ]
[gpu_platform_id: -1]
[gpu_device_id: -1]
[gpu_use_dp: 0]

end of parameters

pandas_categorical:[[0, 1, 2, 3, 4, 5, 6, 7, 8, 9, 10, 11, 12, 13, 14, 15, 16, 17, 18, 19, 20, 21, 22, 23, 24, 25, 26, 27, 28, 29, 30, 31, 32, 33, 34, 35, 36, 37, 38, 39, 40, 41, 42, 43, 44, 45, 46, 47, 48, 49, 50, 51, 52, 53, 54, 55, 56, 57, 58, 59, 60, 61, 62, 63, 64, 65, 66, 67, 68, 69, 70, 71, 72, 73, 74, 75, 76, 77, 78, 79, 80, 81, 82, 83, 84, 85, 86, 87, 88, 89, 90, 91, 92, 93, 94, 95, 96, 97, 98, 99, 100, 101, 102, 103, 104, 105, 106, 107, 108, 109, 110, 111, 112, 113, 114, 115, 116, 117, 118, 119, 120, 121, 122, 123, 124, 125, 126, 127, 128, 129, 130, 131, 132, 133, 134, 135, 136, 137, 138, 139, 140, 141, 142, 143, 144, 145, 146, 147, 148, 149, 150, 151, 152, 153, 154, 155, 156, 157, 158, 159, 160, 161, 162, 163, 164, 165, 166, 167, 168, 169, 170, 171, 172, 173, 174, 175, 176, 177, 178, 179, 180, 181, 182, 183, 184, 185, 186, 187, 188, 189, 190, 191, 192, 193, 194, 195, 196, 197, 198, 199, 200, 201, 202, 203, 204, 205, 206, 207, 208, 209, 210, 211, 212, 213, 214, 215, 216, 217, 218, 219, 220, 221, 222, 223, 224, 225, 226, 227, 228, 229, 230, 231, 232, 233, 234, 235, 236, 237, 238, 239, 240, 241, 242, 243, 244, 245, 246, 247, 248, 249, 250, 251, 252, 253, 254, 255, 256, 257, 258, 259, 260, 261, 262, 263, 264, 265, 266, 267, 268, 269, 270, 271, 272, 273, 274, 275, 276, 277, 278, 279, 280, 281, 282, 283, 284, 285, 286, 287, 288, 289, 290, 291, 292, 293, 294, 295, 296, 297, 298, 299, 300, 301, 302, 303, 304, 305, 306, 307, 308, 309, 310, 311, 312, 313, 314, 315, 316, 317, 318, 319, 320, 321, 322, 323, 324, 325, 326, 327, 328, 329, 330, 331, 332, 333, 334, 335, 336, 337, 338, 339, 340, 341, 342, 343, 344, 345, 346, 347, 348, 349, 350, 351, 352, 353, 354, 355, 356, 357, 358, 359, 360, 361, 362, 363, 364, 365, 366, 367, 368, 369, 370, 371, 372, 373, 374, 375, 376, 377, 378, 379, 380, 381, 382, 383, 384, 385, 386, 387, 388, 389, 390, 391, 392, 393, 394, 395, 396, 397, 398, 399, 400, 401, 402, 403, 404, 405, 406, 407, 408, 409, 410, 411, 412, 413, 414, 415, 416, 417, 418, 419, 420, 421, 422, 423, 424, 425, 426, 427, 428, 429, 430, 431, 432, 433, 434, 435, 436, 437, 438, 439, 440, 441, 442, 443, 444, 445, 446, 447, 448, 449, 450, 451, 452, 453, 454, 455, 456, 457, 458, 459, 460, 461, 462, 463, 464, 465, 466, 467, 468, 469, 470, 471, 472, 473, 474, 475, 476, 477, 478, 479, 480, 481, 482, 483, 484, 485, 486, 487, 488, 489, 490, 491, 492, 493, 494, 495, 496, 497, 498, 499, 500, 501, 502, 503, 504, 505, 506, 507, 508, 509, 510, 511, 512, 513, 514, 515, 516, 517, 518, 519, 520, 521, 522, 523, 524, 525, 526, 527, 528, 529, 530, 531, 532, 533, 534, 535, 536, 537, 538, 539, 540, 541, 542, 543, 544, 545, 546, 547, 548, 549, 550, 551, 552, 553, 554, 555, 556, 557, 558], [0, 1, 2, 3, 4, 5, 6, 7, 8, 9, 10, 11, 12, 13, 14, 15, 16, 17, 18, 19, 20, 21, 22, 23, 24, 25, 26, 27, 28, 29, 30, 31, 32, 33, 34, 35, 36, 37, 38, 39, 40, 41, 42, 43, 44, 45, 46, 47, 48, 49, 50, 51, 52, 53, 54, 55, 56, 57, 58, 59, 60, 61, 62, 63, 64, 65, 66, 67, 68, 69, 70, 71, 72, 73, 74, 75, 76, 77, 78, 79, 80, 81, 82, 83, 84, 85, 86, 87, 88, 89, 90, 91, 92, 93, 94, 95, 96, 97, 98, 99, 100, 101, 102, 103, 104, 105, 106, 107, 108, 109, 110, 111, 112, 113, 114, 115, 116, 117, 118, 119, 120, 121, 122, 123, 124, 125, 126, 127, 128, 129, 130, 131, 132, 133, 134, 135, 136, 137, 138, 139, 140, 141, 142, 143, 144, 145, 146, 147, 148, 149, 150, 151], [0, 1], [0, 1, 2, 3, 4, 5, 6, 7, 8, 9, 10, 11, 12, 13, 14, 15, 16, 17, 18, 19, 20, 21, 22, 23, 24, 25, 26, 27, 28, 29, 30, 31, 32, 33, 34, 35, 36, 37, 38, 39, 40, 41, 42, 43, 44, 45, 46, 47, 48, 49, 50, 51, 52, 53, 54, 55, 56, 57, 58, 59, 60, 61, 62, 63, 64, 65, 66, 67, 68, 69, 70, 71, 72, 73, 74, 75, 76, 77, 78, 79, 80, 81, 82, 83, 84, 85, 86, 87, 88, 89, 90, 91, 92, 93, 94, 95, 96, 97, 98, 99, 100, 101, 102, 103, 104, 105, 106, 107, 108, 109, 110, 111, 112, 113, 114, 115, 116, 117, 118, 119, 120, 121, 122, 123, 124, 125, 126, 127, 128, 129, 130, 131, 132, 133]]
