tree
version=v2
num_class=1
num_tree_per_iteration=1
label_index=0
max_feature_idx=21
objective=binary sigmoid:1
feature_names=n_1 c_02 c_table_1.c_4 n_table_1.n_8 n_table_1.n_15 n_table_1.n_18 n_table_1.n_19 c_table_2.c_1 n_table_2.n_13 n_table_2.n_14 n_table_1.n_2 n_table_1.n_3 n_table_1.n_7 n_table_1.n_9 n_table_1.n_10 n_table_1.n_12 n_table_1.n_16 n_table_1.n_17 n_table_1.n_20 n_table_1.n_26 c_table_2.c_4 n_table_3.n_3
feature_infos=[1:335.5] 40:3:68:15:50:10:80:6:35:91:9:5:12:20:165:46:2:48:69:34:83:58:62:87:115:73:77:225:252:45:126:132:149:61:66:111:209:102:196:36:37:39:208:29:124:135:203:121:22:42:71:82:99:108:156:194:14:33:49:70:93:110:118:195:296:308:4:26:28:238:261:55:86:90:150:175:177:199:231:250:18:21:67:125:138:23:131:134:141:161:205:220:228:230:244:285:7:17:38:43:59:122:139:142:166:170:179:198:222:256:345:57:227:248:8:98:100:112:130:144:151:178:188:189:190:269:305:323:11:75:92:116:146:164:186:213:214:268:312:349:377:1:44:63:101:123:154:176:206:212:216:232:251:273:275:354:13:54:65:74:79:84:95:114:120:133:145:153:162:173:181:187:192:211:243:262:277:318:324:334:361:366:368:0:31:104:109:148:169:202:204:239:283:293:295:310:322:380:393:399:19:32:53:94:106:127:140:158:167:172:207:229:234:240:246:264:284:289:291:292:297:306:309:338:350:359:374:386:407:52:72:81:103:107:113:117:180:182:233:236:237:247:255:257:266:267:271:274:282:286:288:301:304:315:336:375:400:418:478:498:24:25:27:30:60:78:105:119:136:137:143:147:163:168:171:174:185:191:217:218:221:224:226:235:249:254:260:263:272:279:280:281:300:302:320:332:337:340:347:351:356:376:378:383:387:392:394:397:414:420:424:430:433:438:442:453:457:462:467:476:479:481 4:0:10:12:2:11:7:5:45:51:35:8:18:23:33:40:77:30:37:38:41:57:29:28:16:74:62:49:13:21:48:104:6:69:22:26:39:54:19:27:72:87:95:3:31:55:56:106:15:17:60:61:96:103:92:25:66:67:78:80:81:93:94:109:113:117:122:1:24:44:46:47:53:59:65:83:84:99:112:121:133:14:20:36:63:70:82:97:102:116:136:32:34:42:52:58:64:71:75:85:90:98:107:111:115:124:129:130:131:132 [1:244588] [1:274774] [1:574087] [1:1285890] 1:0 [1:395101] [1:275.5] [-49.8874:81.708399999999997] [1:175] [1:38456.5] [1:1556770] [1:68.5] [1:8524] [1:249100] [1:448222] [1:19936] [1:121640] 20:0:2:33:16:38:10:8:24:31:6:53:18:21:44:48:26:35:55:12:39:40:14:43:61:42:60:17:22:11:29:9:3:4:37:19:41:67:47:46:49:25:71:98:27:69:57:73:1:30:52:100:59:62:63:77:106:45:56:87:92:103:7:15:32:58:80:82:94:34:65:66:68:74:75:79:84:97:107:112:13:51:54:64:70:76:85:91:95:109 [1:509664]
tree_sizes=736 979 746 886 795 995 897 874 903 839 805

Tree=0
num_leaves=8
num_cat=1
split_feature=6 20 10 10 6 18 9
split_gain=45.9154 29.1834 13.8486 5.56391 5.369 8.87972 5.53707
threshold=346413.00000000006 0 52.374600000000008 35.266050000000007 63418.750000000007 1511.5000000000002 19.000000000000004
decision_type=2 5 2 2 2 2 2
left_child=1 3 -2 -1 6 -6 -3
right_child=2 4 -4 -5 5 -7 -8
leaf_value=-2.691172110939092 -2.1571408677512727 -2.8932448709896739 -2.805942755083767 -2.3050243797030605 -2.5826299687520176 -2.8537488257363357 -2.6534196865529243
leaf_count=132 112 2606 65 127 142 352 64
internal_value=0 -0.0924075 2.04248 0.92223 -0.228994 0.135816 -0.321371
internal_count=3600 3423 177 259 3164 494 2670
cat_boundaries=0 3
cat_threshold=34619392 196618 8
shrinkage=1


Tree=1
num_leaves=10
num_cat=4
split_feature=1 5 4 20 1 15 5 7 4
split_gain=76.5392 26.9501 17.556 8.0592 4.58522 2.57067 2.15102 1.72885 1.14093
threshold=0 9682.7500000000018 132478.00000000003 1 2 670.00000000000011 1.7500000000000002 3 295.00000000000006
decision_type=5 2 2 5 5 2 2 1 2
left_child=1 6 3 4 -2 -5 7 -1 -8
right_child=2 -3 -4 5 -6 -7 8 -9 -10
leaf_value=0.046259585027196577 0 0.57514277089637278 0.2842769093594939 -0.0078938712040386178 -0.14471417853618643 0.16342817316834604 -0.034445454488002646 0.25655519262815324 0.096409350903612787
leaf_count=149 363 204 62 621 1788 65 59 210 79
internal_value=0 1.07108 -0.319895 -0.414828 -0.524582 0.0259884 0.668849 0.855386 0.0619035
internal_count=3600 701 2899 2837 2151 686 497 359 138
cat_boundaries=0 10 13 22 23
cat_threshold=536871520 1149247876 545333764 1107296256 82048 0 65664 67125248 0 1048832 2215184901 815844544 128 2130052 409600 0 268435456 14680064 163840 8 268435456 32 2
shrinkage=0.2292


Tree=2
num_leaves=8
num_cat=1
split_feature=4 20 16 4 10 6 10
split_gain=21.6601 12.7539 5.02142 4.01999 8.25255 3.24094 3.08706
threshold=135130.00000000003 0 22582.750000000004 1423.0000000000002 5.0603900000000008 36515.500000000007 34.817550000000004
decision_type=2 5 2 2 2 2 2
left_child=1 2 5 6 -5 -1 -3
right_child=-2 3 -4 4 -6 -7 -8
leaf_value=0.11753018445405665 0.41244965982085391 -0.035634114444066292 0.35879516044441329 0.25966197545433056 -0.024003348491735185 -0.050369964900593651 -0.1317510136886294
leaf_count=295 50 1344 42 88 1035 56 690
internal_value=0 -0.0591084 0.441948 -0.178452 0 0.323498 -0.316072
internal_count=3600 3550 393 3157 1123 351 2034
cat_boundaries=0 3
cat_threshold=168841240 70442 8
shrinkage=0.2292


Tree=3
num_leaves=10
num_cat=2
split_feature=17 18 16 20 18 2 4 15 16
split_gain=12.4045 8.64955 12.3801 6.27484 5.16701 4.55017 3.99657 3.24544 2.3291
threshold=39841.000000000007 3831.2500000000005 21735.250000000004 0 921.25000000000011 1 1423.0000000000002 12.250000000000002 114552.50000000001
decision_type=2 2 2 5 2 5 2 2 2
left_child=3 2 -2 5 7 6 -1 -5 -3
right_child=1 8 -4 4 -6 -7 -8 -9 -10
leaf_value=-0 -0.012778855063892978 -0.054510449828426247 0.3911589666027725 0.046960180377015943 -0.067450298466238914 -0.066571468211318402 0.24236353412305325 0.24716234246129376 0.14027674782820099
leaf_count=129 68 136 113 515 170 2272 77 87 33
internal_value=0 0.616653 1.13303 -0.101496 0.171571 -0.219456 0.239563 0.403683 0
internal_count=3600 350 181 3250 772 2478 206 602 169
cat_boundaries=0 2 5
cat_threshold=2236156421 815910080 1350570000 139264 8192
shrinkage=0.2292


Tree=4
num_leaves=8
num_cat=2
split_feature=1 5 14 2 18 18 18
split_gain=38.8424 7.50214 5.66898 6.04507 3.93096 6.03569 5.2338
threshold=0 268776.50000000006 12.250000000000002 1 104.50000000000001 3679.0000000000005 1.7500000000000002
decision_type=5 2 2 5 2 2 2
left_child=4 2 3 -2 6 -6 -1
right_child=1 -3 -4 -5 5 -7 -8
leaf_value=0.14599891215570857 0.06798218602828017 0.20166068651553806 0.12077043846167924 -0.097675352891461203 0.2885242869325082 0 -0.06968469808212148
leaf_count=292 102 23 81 2657 288 63 94
internal_value=0 -0.278308 -0.344649 -0.391091 0.649837 1.03548 0.350017
internal_count=3600 2863 2840 2759 737 351 386
cat_boundaries=0 10 14
cat_threshold=538968804 1115711872 536945156 1107296256 8470656 131072 65664 67108864 0 1048832 8392768 544 0 256
shrinkage=0.2292


Tree=5
num_leaves=10
num_cat=3
split_feature=1 4 0 20 18 1 13 13 0
split_gain=22.4224 7.8878 7.15501 4.90433 5.03698 2.78793 1.80116 1.54337 1.88281
threshold=0 135130.00000000003 4.7500000000000009 1 12.250000000000002 2 8308.0000000000018 7348.7500000000009 19.750000000000004
decision_type=5 2 2 5 2 5 2 2 2
left_child=2 3 6 5 -5 -2 -1 8 -4
right_child=1 -3 7 4 -6 -7 -8 -9 -10
leaf_value=0.23197121514442601 0.0044935013248999199 0.15663652229861502 -0.065751695646408023 0.10896889560698332 -0.053174869300164691 -0.11362484430868941 0.055231135148072624 0.12385820363163702 0.086000873208968834
leaf_count=332 284 42 167 312 424 1838 109 38 54
internal_value=0 -0.219538 0.479434 -0.299652 0.0139924 -0.40478 0.842618 0.0396259 -0.0417105
internal_count=3600 2900 700 2858 736 2122 441 259 221
cat_boundaries=0 10 12 22
cat_threshold=538969792 1174413700 73728 1107296256 82056 163840 65672 67125248 0 256 67701509 813812928 32800 409600 512 0 12582912 0 0 0 32 1048576
shrinkage=0.2292


Tree=6
num_leaves=9
num_cat=2
split_feature=1 1 0 3 12 0 13 16
split_gain=16.6907 7.89714 4.1144 4.01568 2.88117 3.80053 3.75607 3.13561
threshold=0 1 18.250000000000004 115.00000000000001 48.250000000000007 10.750000000000002 2067.2500000000005 15069.250000000002
decision_type=5 5 2 2 2 2 2 2
left_child=4 -2 3 -3 5 -1 -6 -8
right_child=1 2 -4 -5 6 -7 7 -9
leaf_value=0.2315211973169157 -0.13839393941901437 -0.035802939600551767 0.15435216001250626 0.094295626780054098 -0.091440216936018337 -0 0 0.25202173878051209
leaf_count=253 592 2243 100 201 58 55 69 29
internal_value=0 -0.160724 -0.0332165 -0.0873779 0.496347 0.836189 0.143719 0.529828
internal_count=3600 3136 2544 2444 464 308 156 98
cat_boundaries=0 10 19
cat_threshold=2097252 1082132608 604045316 1107296256 8470664 0 65664 67108864 0 256 281284632 536871970 135004256 604016704 268436480 536870912 133136 2 1
shrinkage=0.2292


Tree=7
num_leaves=8
num_cat=3
split_feature=1 1 5 1 0 5 12
split_gain=13.145 7.17156 3.6658 3.52916 2.29876 2.28346 1.84362
threshold=0 1 108895.00000000001 2 12.250000000000002 156191.50000000003 154.75000000000003
decision_type=5 5 2 5 2 2 2
left_child=-1 4 3 -3 6 -4 -2
right_child=1 2 5 -5 -6 -7 -8
leaf_value=-0.14197829762234809 0.21724477745160134 0.036612541170381908 0.20247989043368261 -0.039832287189531607 0 0.011661687458069486 0
leaf_count=563 154 560 53 2003 65 163 39
internal_value=0 0.0912312 -0.00223315 -0.0750012 0.481533 0.374587 0.799991
internal_count=3600 3037 2779 2563 258 216 193
cat_boundaries=0 9 19 29
cat_threshold=277090320 536872034 139198560 608211008 268435520 805306368 133136 2 536870913 64 1073741952 65536 1107296256 0 0 65664 67108864 0 256 536921728 134375440 75506304 268435464 6291584 163840 8 16512 32 1048576
shrinkage=0.2292


Tree=8
num_leaves=10
num_cat=2
split_feature=2 11 4 4 18 15 11 20 12
split_gain=6.08361 4.23332 4.15074 3.65128 8.38838 4.79896 3.23167 2.81334 2.2767
threshold=0 1.7500000000000002 47280.250000000007 379.00000000000006 759.25000000000011 355.00000000000006 37.750000000000007 1 75.250000000000014
decision_type=5 2 2 2 2 2 2 5 2
left_child=1 2 7 8 -5 -6 -3 -1 -2
right_child=3 6 -4 4 5 -7 -8 -9 -10
leaf_value=-0.046361964547067258 0.036316002423427279 -0.17519743719404449 0.15565438139813184 0.27512215515498878 -0.055718839077141397 0.11811374606492563 -0 0.023590111672553836 -0.12878666886283829
leaf_count=1540 162 320 68 169 208 174 214 614 131
internal_value=0 -0.12246 -0.027574 0.246529 0.450072 0.113646 -0.46917 -0.0893228 -0.0816611
internal_count=3600 2756 2222 844 551 382 534 2154 293
cat_boundaries=0 3 5
cat_threshold=673983909 1073742090 1024 2215182417 278993088
shrinkage=0.2292


Tree=9
num_leaves=8
num_cat=2
split_feature=1 1 15 6 18 13 17
split_gain=9.13008 4.61421 2.92025 2.7657 4.85956 2.48961 1.21208
threshold=0 1 370.75000000000006 346413.00000000006 921.25000000000011 32669.500000000004 4451.5000000000009
decision_type=5 5 2 2 2 2 2
left_child=-1 2 6 4 -3 -5 -2
right_child=1 3 -4 5 -6 -7 -8
leaf_value=-0.12193372676384678 0.074865523956820973 0.006580355773046811 0.23126491651892389 0.14438023101124492 -0.095278162204749661 -0.0088715085746024248 -0
leaf_count=592 381 1740 54 78 597 50 108
internal_value=0 0.0704317 0.311251 -0.0260059 -0.0920309 0.346572 0.219045
internal_count=3600 3008 543 2465 2337 128 489
cat_boundaries=0 9 19
cat_threshold=281022488 536871970 135004256 67145792 3072 805306368 133200 2 536870913 704 1174560900 65536 1375748096 4194432 32768 65676 0 32 256
shrinkage=0.2292


Tree=10
num_leaves=7
num_cat=3
split_feature=1 1 4 1 17 9
split_gain=6.26497 3.98812 3.23766 2.95407 1.92898 0.44919
threshold=0 1 1423.0000000000002 2 64.750000000000014 1.7500000000000002
decision_type=5 5 2 5 2 2
left_child=-1 5 3 -3 -4 -2
right_child=1 2 4 -5 -6 -7
leaf_value=-0.11420720152721789 -0.1396691144164551 -0.076405750415003068 0.21726598030418118 0.015317263371845101 0.044377855374880683 -0
leaf_count=479 358 224 63 1437 930 109
internal_value=0 0.0453986 0.103432 -0.00928377 0.261329 -0.314355
internal_count=3600 3121 2654 1661 993 467
cat_boundaries=0 8 19 25
cat_threshold=8654864 536872034 139198560 67145792 268435456 536870912 133136 2 273678344 0 24 541065220 11328 268960864 1342177344 1048656 536870913 0 8 67141696 1073815552 536879108 1342701568 0 32768
shrinkage=0.2292


end of trees

feature importances:
c_02=15
n_table_1.n_15=9
n_table_1.n_20=9
c_table_2.c_4=6
n_1=5
n_table_1.n_18=5
n_table_1.n_19=4
n_table_1.n_2=4
n_table_1.n_9=4
n_table_1.n_12=4
n_table_1.n_16=4
c_table_1.c_4=3
n_table_1.n_7=3
n_table_1.n_17=3
n_table_2.n_14=2
n_table_1.n_3=2
n_table_1.n_8=1
c_table_2.c_1=1
n_table_1.n_10=1

parameters:
[boosting: gbdt]
[objective: binary]
[metric: auc]
[tree_learner: serial]
[device_type: cpu]
[data: ]
[valid: ]
[num_iterations: 100]
[learning_rate: 0.2292]
[num_leaves: 10]
[num_threads: 4]
[max_depth: 4]
[min_data_in_leaf: 20]
[min_sum_hessian_in_leaf: 3.38363]
[bagging_fraction: 0.9]
[bagging_freq: 22]
[bagging_seed: 3]
[feature_fraction: 0.5]
[feature_fraction_seed: 2]
[early_stopping_round: 0]
[max_delta_step: 0]
[lambda_l1: 1.21526]
[lambda_l2: 1.16922]
[min_gain_to_split: 0]
[drop_rate: 0.1]
[max_drop: 50]
[skip_drop: 0.5]
[xgboost_dart_mode: 0]
[uniform_drop: 0]
[drop_seed: 4]
[top_rate: 0.2]
[other_rate: 0.1]
[min_data_per_group: 100]
[max_cat_threshold: 32]
[cat_l2: 10]
[cat_smooth: 10]
[max_cat_to_onehot: 4]
[top_k: 20]
[monotone_constraints: ]
[feature_contri: ]
[forcedsplits_filename: ]
[refit_decay_rate: 0.9]
[verbosity: -1]
[max_bin: 255]
[min_data_in_bin: 3]
[bin_construct_sample_cnt: 200000]
[histogram_pool_size: -1]
[data_random_seed: 1]
[output_model: LightGBM_model.txt]
[snapshot_freq: -1]
[input_model: ]
[output_result: LightGBM_predict_result.txt]
[initscore_filename: ]
[valid_data_initscores: ]
[pre_partition: 0]
[enable_bundle: 1]
[max_conflict_rate: 0]
[is_enable_sparse: 1]
[sparse_threshold: 0.8]
[use_missing: 1]
[zero_as_missing: 0]
[two_round: 0]
[save_binary: 0]
[enable_load_from_binary_file: 1]
[header: 0]
[label_column: ]
[weight_column: ]
[group_column: ]
[ignore_column: ]
[categorical_feature: ]
[predict_raw_score: 0]
[predict_leaf_index: 0]
[predict_contrib: 0]
[num_iteration_predict: -1]
[pred_early_stop: 0]
[pred_early_stop_freq: 10]
[pred_early_stop_margin: 10]
[convert_model_language: ]
[convert_model: gbdt_prediction.cpp]
[num_class: 1]
[is_unbalance: 0]
[scale_pos_weight: 1]
[sigmoid: 1]
[boost_from_average: 1]
[reg_sqrt: 0]
[alpha: 0.9]
[fair_c: 1]
[poisson_max_delta_step: 0.7]
[tweedie_variance_power: 1.5]
[max_position: 20]
[label_gain: ]
[metric_freq: 1]
[is_provide_training_metric: 0]
[eval_at: ]
[num_machines: 1]
[local_listen_port: 12400]
[time_out: 120]
[machine_list_filename: ]
[machines: ]
[gpu_platform_id: -1]
[gpu_device_id: -1]
[gpu_use_dp: 0]

end of parameters

pandas_categorical:[[0, 1, 2, 3, 4, 5, 6, 7, 8, 9, 10, 11, 12, 13, 14, 15, 16, 17, 18, 19, 20, 21, 22, 23, 24, 25, 26, 27, 28, 29, 30, 31, 32, 33, 34, 35, 36, 37, 38, 39, 40, 41, 42, 43, 44, 45, 46, 47, 48, 49, 50, 51, 52, 53, 54, 55, 56, 57, 58, 59, 60, 61, 62, 63, 64, 65, 66, 67, 68, 69, 70, 71, 72, 73, 74, 75, 76, 77, 78, 79, 80, 81, 82, 83, 84, 85, 86, 87, 88, 89, 90, 91, 92, 93, 94, 95, 96, 97, 98, 99, 100, 101, 102, 103, 104, 105, 106, 107, 108, 109, 110, 111, 112, 113, 114, 115, 116, 117, 118, 119, 120, 121, 122, 123, 124, 125, 126, 127, 128, 129, 130, 131, 132, 133, 134, 135, 136, 137, 138, 139, 140, 141, 142, 143, 144, 145, 146, 147, 148, 149, 150, 151, 152, 153, 154, 155, 156, 157, 158, 159, 160, 161, 162, 163, 164, 165, 166, 167, 168, 169, 170, 171, 172, 173, 174, 175, 176, 177, 178, 179, 180, 181, 182, 183, 184, 185, 186, 187, 188, 189, 190, 191, 192, 193, 194, 195, 196, 197, 198, 199, 200, 201, 202, 203, 204, 205, 206, 207, 208, 209, 210, 211, 212, 213, 214, 215, 216, 217, 218, 219, 220, 221, 222, 223, 224, 225, 226, 227, 228, 229, 230, 231, 232, 233, 234, 235, 236, 237, 238, 239, 240, 241, 242, 243, 244, 245, 246, 247, 248, 249, 250, 251, 252, 253, 254, 255, 256, 257, 258, 259, 260, 261, 262, 263, 264, 265, 266, 267, 268, 269, 270, 271, 272, 273, 274, 275, 276, 277, 278, 279, 280, 281, 282, 283, 284, 285, 286, 287, 288, 289, 290, 291, 292, 293, 294, 295, 296, 297, 298, 299, 300, 301, 302, 303, 304, 305, 306, 307, 308, 309, 310, 311, 312, 313, 314, 315, 316, 317, 318, 319, 320, 321, 322, 323, 324, 325, 326, 327, 328, 329, 330, 331, 332, 333, 334, 335, 336, 337, 338, 339, 340, 341, 342, 343, 344, 345, 346, 347, 348, 349, 350, 351, 352, 353, 354, 355, 356, 357, 358, 359, 360, 361, 362, 363, 364, 365, 366, 367, 368, 369, 370, 371, 372, 373, 374, 375, 376, 377, 378, 379, 380, 381, 382, 383, 384, 385, 386, 387, 388, 389, 390, 391, 392, 393, 394, 395, 396, 397, 398, 399, 400, 401, 402, 403, 404, 405, 406, 407, 408, 409, 410, 411, 412, 413, 414, 415, 416, 417, 418, 419, 420, 421, 422, 423, 424, 425, 426, 427, 428, 429, 430, 431, 432, 433, 434, 435, 436, 437, 438, 439, 440, 441, 442, 443, 444, 445, 446, 447, 448, 449, 450, 451, 452, 453, 454, 455, 456, 457, 458, 459, 460, 461, 462, 463, 464, 465, 466, 467, 468, 469, 470, 471, 472, 473, 474, 475, 476, 477, 478, 479, 480, 481, 482, 483, 484, 485, 486, 487, 488, 489, 490, 491, 492, 493, 494, 495, 496, 497, 498, 499, 500, 501, 502, 503, 504, 505, 506, 507, 508, 509, 510, 511, 512, 513, 514, 515, 516, 517, 518, 519, 520, 521, 522, 523, 524, 525, 526, 527, 528, 529, 530, 531, 532, 533, 534, 535, 536, 537, 538, 539, 540, 541, 542, 543, 544, 545, 546, 547, 548, 549, 550, 551, 552, 553, 554, 555, 556, 557, 558], [0, 1, 2, 3, 4, 5, 6, 7, 8, 9, 10, 11, 12, 13, 14, 15, 16, 17, 18, 19, 20, 21, 22, 23, 24, 25, 26, 27, 28, 29, 30, 31, 32, 33, 34, 35, 36, 37, 38, 39, 40, 41, 42, 43, 44, 45, 46, 47, 48, 49, 50, 51, 52, 53, 54, 55, 56, 57, 58, 59, 60, 61, 62, 63, 64, 65, 66, 67, 68, 69, 70, 71, 72, 73, 74, 75, 76, 77, 78, 79, 80, 81, 82, 83, 84, 85, 86, 87, 88, 89, 90, 91, 92, 93, 94, 95, 96, 97, 98, 99, 100, 101, 102, 103, 104, 105, 106, 107, 108, 109, 110, 111, 112, 113, 114, 115, 116, 117, 118, 119, 120, 121, 122, 123, 124, 125, 126, 127, 128, 129, 130, 131, 132, 133, 134, 135, 136, 137, 138, 139, 140, 141, 142, 143, 144, 145, 146, 147, 148, 149, 150, 151], [0, 1], [0, 1, 2, 3, 4, 5, 6, 7, 8, 9, 10, 11, 12, 13, 14, 15, 16, 17, 18, 19, 20, 21, 22, 23, 24, 25, 26, 27, 28, 29, 30, 31, 32, 33, 34, 35, 36, 37, 38, 39, 40, 41, 42, 43, 44, 45, 46, 47, 48, 49, 50, 51, 52, 53, 54, 55, 56, 57, 58, 59, 60, 61, 62, 63, 64, 65, 66, 67, 68, 69, 70, 71, 72, 73, 74, 75, 76, 77, 78, 79, 80, 81, 82, 83, 84, 85, 86, 87, 88, 89, 90, 91, 92, 93, 94, 95, 96, 97, 98, 99, 100, 101, 102, 103, 104, 105, 106, 107, 108, 109, 110, 111, 112, 113, 114, 115, 116, 117, 118, 119, 120, 121, 122, 123, 124, 125, 126, 127, 128, 129, 130, 131, 132, 133]]
