tree
version=v2
num_class=1
num_tree_per_iteration=1
label_index=0
max_feature_idx=11
objective=binary sigmoid:1
feature_names=n_1 c_table_1.c_2 c_table_1.c_4 n_table_1.n_12 n_table_1.n_15 n_table_1.n_16 n_table_1.n_18 n_table_1.n_19 n_table_1.n_26 c_table_2.c_1 n_table_2.n_13 n_table_3.n_3
feature_infos=[1:335.5] 24:0:17:16:10:7:34:23:19:60:18:15:44:28:1:5:8:35:45:38:41:68:4:12:25:13:2:75:49:20:39:48:50:46:21:111:22:92:33:56:57:59:87:27:79:120:9:37:43:62:125:26:47:96:40:61:70:73:3:6:67:72:76:31:42:66:77:85:104:108:124:132:53:54:89:91:93:136:55:64:82:84:94:101:115:121:140:36:51:71:80:81:88:97:98:102:103:119:127:135:147:149:30:52:63:118:123:133:139:144:165:167:32:58:69:74:78:90:99:110:112:114:116:131:134:137:146:161:162:166:174 4:0:10:12:2:11:7:5:45:51:35:8:18:23:33:40:77:30:37:38:41:57:29:28:16:74:62:49:13:21:48:104:6:69:22:26:39:54:19:27:72:87:95:3:31:55:56:106:15:17:60:61:96:103:92:25:66:67:78:80:81:93:94:109:113:117:122:1:24:44:46:47:53:59:65:83:84:99:112:121:133:14:20:36:63:70:82:97:102:116:136:32:34:42:52:58:64:71:75:85:90:98:107:111:115:124:129:130:131:132 [1:8524] [1:274774] [1:249100] [1:574087] [1:1285890] [1:121640] 1:0 [1:395101] [1:509664]
tree_sizes=628 749 535 580 524 605 517 591 749 584 753 785 582 635 618 691 682 861 679 640 699 564 755 649 764 699 686 774 788 551 635 666 887 722 831 718 726 759 623 582 721 801 783 647 730 703 573 703 719 614 676 622 643 628 797 535 756 664 707 574 773 639 655

Tree=0
num_leaves=7
num_cat=0
split_feature=6 0 6 6 10 6
split_gain=18.5113 4.79883 3.32712 0.701372 0.578975 0.143063
threshold=83866.750000000015 9.2500000000000018 2916.2500000000005 13700.500000000002 1.7500000000000002 1.7500000000000002
decision_type=2 2 2 2 2 2
left_child=1 2 4 -4 -1 -3
right_child=-2 5 3 -5 -6 -7
leaf_value=-3.1330911575291021 -2.0472992983078573 -2.5215273212886604 -2.666177588597944 -2.8773230643598628 -2.8769965576856746 -2.8106757024829077
leaf_count=1037 274 191 252 443 462 141
internal_value=0 -0.149724 -0.232829 0 -0.346723 0.279126
internal_count=2800 2526 2194 695 1499 332
shrinkage=1


Tree=1
num_leaves=8
num_cat=2
split_feature=1 11 11 6 1 6 6
split_gain=12.9324 4.49636 5.3879 3.85976 2.55813 1.09017 0.762212
threshold=0 25.000000000000004 962.50000000000011 29513.500000000004 1 22.000000000000004 271.75000000000006
decision_type=5 2 2 2 5 2 2
left_child=1 5 -3 4 -2 -1 -6
right_child=3 2 -4 -5 6 -7 -8
leaf_value=-0.20631623246958122 0.27870000752378549 0.46625977734133484 -0.19575434736285435 0.45856860119177578 -0.24153316523135152 -0.59537961998884859 0
leaf_count=739 129 157 499 375 208 302 391
internal_value=0 -0.281931 -0 0.268054 0.0385655 -0.504809 -0.0743634
internal_count=2800 1697 656 1103 728 1041 599
cat_boundaries=0 3 7
cat_threshold=330863009 137792 32768 4194306 268501152 0 536903680
shrinkage=0.760064


Tree=2
num_leaves=5
num_cat=1
split_feature=2 3 3 5
split_gain=6.18261 2.52475 1.08281 0.807056
threshold=0 783.25000000000011 370.75000000000006 2122.7500000000005
decision_type=5 2 2 2
left_child=-1 2 3 -2
right_child=1 -3 -4 -5
leaf_value=0.2989574246883443 -0.014776103831695626 -0.3901364909568899 0.17196989289045439 -0.19080375507974134
leaf_count=263 1808 188 93 448
internal_value=0 -0.126122 -0.0624893 -0.10126
internal_count=2800 2537 2349 2256
cat_boundaries=0 4
cat_threshold=1082200208 204802 0 256
shrinkage=0.760064


Tree=3
num_leaves=6
num_cat=2
split_feature=7 1 11 11 1
split_gain=6.96017 7.41205 2.32127 9.90383 0.385392
threshold=509778.00000000006 0 25.000000000000004 456.25000000000006 1
decision_type=2 5 2 2 5
left_child=1 -1 4 -4 -3
right_child=-2 2 3 -5 -6
leaf_value=-0.32997028131615475 0.69867301344113641 -0.084544363671921266 0.86033603090735866 0 0
leaf_count=591 53 826 114 723 493
internal_value=0 -0.0675957 0.0538152 0.231915 -0.0445059
internal_count=2800 2747 2156 837 1319
cat_boundaries=0 3 5
cat_threshold=314414464 50338306 268468224 16908321 8192
shrinkage=0.760064


Tree=4
num_leaves=5
num_cat=1
split_feature=2 0 0 8
split_gain=3.91092 2.24527 2.3618 0.566142
threshold=0 18.250000000000004 10.750000000000002 873.25000000000011
decision_type=5 2 2 2
left_child=-1 2 3 -2
right_child=1 -3 -4 -5
leaf_value=-0.30696864647719757 0 0.39909299260146175 -0.30328091210700975 0.22115770196986395
leaf_count=227 2231 101 160 81
internal_value=0 0.0147348 -0.00199213 0.0307339
internal_count=2800 2573 2472 2312
cat_boundaries=0 4
cat_threshold=537199876 1107296520 8192 256
shrinkage=0.760064


Tree=5
num_leaves=7
num_cat=0
split_feature=4 4 4 3 0 3
split_gain=1.45035 2.3103 1.99219 0.886218 0.882292 0.627279
threshold=132478.00000000003 31756.000000000004 250.75000000000003 139.75000000000003 10.750000000000002 452.50000000000006
decision_type=2 2 2 2 2 2
left_child=1 2 4 -4 -1 -3
right_child=-2 5 3 -5 -6 -7
leaf_value=-0.011657113516108436 0.23227445890250528 -0 0.19509696376607921 -0 -0.26162537405651237 -0.41859668691544688
leaf_count=1410 60 102 589 301 180 158
internal_value=0 -0.0656225 -0 0.148895 -0.117504 -0.376983
internal_count=2800 2740 2480 890 1590 260
shrinkage=0.760064


Tree=6
num_leaves=5
num_cat=2
split_feature=2 8 2 3
split_gain=2.42927 1.23766 1.19518 1.26623
threshold=0 967.75000000000011 1 241.75000000000003
decision_type=5 2 5 2
left_child=-1 2 -2 -4
right_child=1 -3 3 -5
leaf_value=-0.2461130750801506 0.17521085180262788 0.29562093472757017 0 -0.20494275585748031
leaf_count=230 107 81 2068 314
internal_value=0 0.0120014 -0 -0.0445635
internal_count=2800 2570 2489 2382
cat_boundaries=0 4 6
cat_threshold=537142532 1107820800 8192 256 1082134528 73730
shrinkage=0.760064


Tree=7
num_leaves=6
num_cat=1
split_feature=2 5 5 5 5
split_gain=1.24144 0.817545 1.27307 1.97522 0.885314
threshold=0 37876.000000000007 7203.2500000000009 39.250000000000007 18433.000000000004
decision_type=5 2 2 2 2
left_child=-1 2 3 -2 -4
right_child=1 -3 4 -5 -6
leaf_value=-0.16609418147512411 -0.025893234814395687 0.19023029108789075 -0.37727661914372468 0.19647240047096975 -0
leaf_count=269 1572 111 155 558 135
internal_value=0 0.0182223 -0 0.0358961 -0.257006
internal_count=2800 2531 2420 2130 290
cat_boundaries=0 3
cat_threshold=537212164 1107820800 8192
shrinkage=0.760064


Tree=8
num_leaves=9
num_cat=1
split_feature=10 10 5 5 2 4 5 10
split_gain=1.05182 3.6742 2.07153 2.84283 1.94692 1.26457 0.92208 0.0158856
threshold=152.50000000000003 1.7500000000000002 822.25000000000011 33187.000000000007 0 14744.500000000002 3324.2500000000005 2749.7500000000005
decision_type=2 2 2 2 5 2 2 2
left_child=1 4 7 -4 -1 -6 -3 -2
right_child=2 6 3 -5 5 -7 -8 -9
leaf_value=0.1726515472949921 0.027008601740849531 0 -0.57862680541741918 0 -0.15891288231135128 0 0.56729194974620023 -0
leaf_count=122 267 173 157 69 1463 329 73 147
internal_value=0 0.00804136 -0.176848 -0.428957 -0.0542717 -0.117526 0.438837 0
internal_count=2800 2160 640 226 1914 1792 246 414
cat_boundaries=0 2
cat_threshold=1082132512 532544
shrinkage=0.760064


Tree=9
num_leaves=6
num_cat=2
split_feature=2 3 3 9 11
split_gain=1.29363 0.916287 1.09012 2.20955 0.179702
threshold=0 783.25000000000011 12.250000000000002 1 10114.750000000002
decision_type=5 2 2 1 2
left_child=-1 2 4 -4 -2
right_child=1 -3 3 -5 -6
leaf_value=-0.14653183541003276 -0.00048167478414168048 -0.11086261762587303 0.35933093607109862 -0 0.078063060940052775
leaf_count=267 1384 170 322 292 365
internal_value=0 0.0507304 0.0965154 0.240033 0
internal_count=2800 2533 2363 614 1749
cat_boundaries=0 4 5
cat_threshold=536880516 1107821312 9216 256 2
shrinkage=0.760064


Tree=10
num_leaves=9
num_cat=0
split_feature=6 11 11 8 8 10 11 6
split_gain=0.755204 0.844594 1.62442 1.52845 1.0968 0.517558 0.305211 0.114271
threshold=861.25000000000011 25.000000000000004 456.25000000000006 32.500000000000007 188.50000000000003 6.2500000000000009 14005.750000000002 12193.750000000002
decision_type=2 2 2 2 2 2 2 2
left_child=5 4 -3 -4 7 -1 -7 -2
right_child=1 2 3 -5 -6 6 -8 -9
leaf_value=0.10135894081597886 -0.33253937760847685 0.32865637217038179 -0.29917345124415856 0.0051340454185352805 0 -0.12953103690497111 0 -0.039238355476016347
leaf_count=1100 263 65 186 223 213 181 277 292
internal_value=0 -0.0878542 0 -0.0785806 -0.178152 0.051586 -0 -0.286487
internal_count=2800 1242 474 409 768 1558 458 555
shrinkage=0.760064


Tree=11
num_leaves=9
num_cat=2
split_feature=1 5 5 0 5 0 1 0
split_gain=9.20937 1.7464 1.79435 4.31211 3.49043 0.851028 1.33619 0.0804019
threshold=0 19.750000000000004 2409.2500000000005 1.7500000000000002 15069.250000000002 1.7500000000000002 1 9.2500000000000018
decision_type=5 2 2 2 2 2 5 2
left_child=-1 5 3 -3 -4 6 -2 -7
right_child=1 2 4 -5 -6 7 -8 -9
leaf_value=-0.32586449659230821 0.15400087211531119 0.80003961838658677 -0.20363015168029433 0 0.271239356381064 -0.16950661653483745 -0.07703185447934853 -0
leaf_count=608 794 142 270 109 228 254 194 201
internal_value=0 0.124552 0.277362 0.583093 0.0669224 0 0.112347 -0.129091
internal_count=2800 2192 749 251 498 1443 988 455
cat_boundaries=0 4 5
cat_threshold=273256880 1074008652 276826112 32768 1
shrinkage=0.760064


Tree=12
num_leaves=6
num_cat=1
split_feature=2 7 6 6 7
split_gain=3.56073 3.12414 3.47256 2.50919 1.96085
threshold=0 54106.750000000007 1042.0000000000002 177081.50000000003 558.25000000000011
decision_type=5 2 2 2 2
left_child=-1 2 4 -3 -2
right_child=1 3 -4 -5 -6
leaf_value=-0.24788064901691512 -0 0.39127551719070319 -0.29712142826719862 -0 0.35711049870681777
leaf_count=398 1301 341 479 101 180
internal_value=0 0.018669 -0.0540907 0.322958 0.0399968
internal_count=2800 2402 1960 442 1481
cat_boundaries=0 4
cat_threshold=1613241488 1074266664 1024 256
shrinkage=0.760064


Tree=13
num_leaves=7
num_cat=0
split_feature=10 10 10 5 7 7
split_gain=0.447351 1.61969 1.18054 0.4456 1.4095 1.35847
threshold=1689.2500000000002 357.25000000000006 3157.7500000000005 650.50000000000011 865.75000000000011 101601.50000000001
decision_type=2 2 2 2 2 2
left_child=1 3 -2 4 -1 -5
right_child=2 -3 -4 5 -6 -7
leaf_value=-0 0.27618652816003109 -0.34011535861605341 -0.056722260021673819 0.18320643283695143 -0.26824448035475429 -0.056766216226620266
leaf_count=1101 160 249 171 420 363 336
internal_value=0 -0.0855822 0.0271263 -0.0280855 -0.092549 0.0107278
internal_count=2800 2469 331 2220 1464 756
shrinkage=0.760064


Tree=14
num_leaves=6
num_cat=2
split_feature=1 0 1 10 6
split_gain=3.11833 0.527799 0.375357 1.8224 0.558964
threshold=0 18.250000000000004 1 3.2500000000000004 6694.7500000000009
decision_type=5 2 5 2 2
left_child=-1 2 3 -2 -4
right_child=1 -3 4 -5 -6
leaf_value=-0.25414869171454513 0.26505620881820119 0.19664178597947199 0 -0.072349908912188607 -0.11458413484764335
leaf_count=494 313 89 1419 143 342
internal_value=0 0.019077 0 0.0884252 -0.0309607
internal_count=2800 2306 2217 456 1761
cat_boundaries=0 4 8
cat_threshold=436769074 1107694152 276824064 32768 26608640 402718720 16 536870912
shrinkage=0.760064


Tree=15
num_leaves=8
num_cat=0
split_feature=8 8 5 5 5 0 8
split_gain=0.255834 0.279946 0.224925 0.735425 0.61683 0.54148 0.365245
threshold=445.75000000000006 1138.0000000000002 527.50000000000011 2409.2500000000005 49.750000000000007 1.7500000000000002 188.50000000000003
decision_type=2 2 2 2 2 2 2
left_child=2 -2 4 -4 5 -1 -5
right_child=1 -3 3 6 -6 -7 -8
leaf_value=0.040691642107052964 -0.20234397605573862 -0 0.20849571271194345 -0.062519908908790778 -0.23144865722727914 -0.099996579006199085 0.10399341756076672
leaf_count=1160 128 124 164 465 139 507 113
internal_value=0 -0.149265 -0 0.0405309 -0.0444824 -0 -0
internal_count=2800 252 2548 742 1806 1667 578
shrinkage=0.760064


Tree=16
num_leaves=7
num_cat=1
split_feature=2 4 0 7 11 11
split_gain=1.50312 1.25633 1.03877 1.02847 0.802363 0.349912
threshold=0 147.25000000000003 1.7500000000000002 14834.500000000002 14005.750000000002 3.2500000000000004
decision_type=5 2 2 2 2 2
left_child=-1 4 3 -3 5 -2
right_child=1 2 -4 -5 -6 -7
leaf_value=-0.19046718311689603 -0 0.26977158280625962 0.28369183241996498 -0.012378044918252961 0.062739019401798407 -0.18692730769286209
leaf_count=248 916 158 264 585 301 328
internal_value=0 0.0167302 0.135732 0.00635001 -0.0582645 -0.134651
internal_count=2800 2552 1007 743 1545 1244
cat_boundaries=0 4
cat_threshold=1613237376 1073742624 1024 256
shrinkage=0.760064


Tree=17
num_leaves=11
num_cat=4
split_feature=1 9 5 5 7 9 2 7 5 0
split_gain=1.76534 1.48149 1.89596 1.173 1.23532 0.328533 0.219864 0.506637 0.301139 0.0816677
threshold=0 1 49.750000000000007 5351.5000000000009 263015.50000000006 2 3 97927.750000000015 2409.2500000000005 1.7500000000000002
decision_type=5 1 2 2 2 1 5 2 2 2
left_child=3 6 -3 5 -5 9 8 -8 -2 -1
right_child=1 2 -4 4 -6 -7 7 -9 -10 -11
leaf_value=-0 0.16573654558541204 0 -0.3807978770775694 0.45393931292411704 0 0.053352836668317957 -0.19390244527821579 0 -0 -0.13649609931305781
leaf_count=489 175 203 377 124 74 701 246 85 142 184
internal_value=0 -0.145024 -0.339344 0.0623472 0.309997 0 -0 -0.0743761 0.0485815 -0.0778236
internal_count=2800 1228 580 1572 198 1374 648 331 317 673
cat_boundaries=0 4 5 6 9
cat_threshold=143990919 402677888 16 536870912 2 2 21 0 8192
shrinkage=0.760064


Tree=18
num_leaves=8
num_cat=0
split_feature=4 6 4 4 0 6 5
split_gain=0.588564 1.89808 0.892438 0.209759 0.155995 0.151158 0.361117
threshold=4271.5000000000009 1042.0000000000002 18961.750000000004 9.2500000000000018 1.7500000000000002 40848.250000000007 31807.750000000004
decision_type=2 2 2 2 2 2 2
left_child=1 3 -2 4 -1 -4 -7
right_child=2 -3 5 -5 -6 6 -8
leaf_value=0 0.20980295345005512 -0.24590028342912396 -0.10658276733663603 0.12161185407174385 -0.069850292558730667 0.14784341097828868 -0
leaf_count=995 263 472 151 153 410 139 217
internal_value=0 -0.0667563 0.0655936 0 -0.000831413 -0 0.0078672
internal_count=2800 2030 770 1558 1405 507 356
shrinkage=0.760064


Tree=19
num_leaves=7
num_cat=2
split_feature=1 3 4 1 11 6
split_gain=1.52384 0.364755 0.313269 0.0797597 0.397933 0.00299961
threshold=0 9.2500000000000018 59307.250000000007 1 14005.750000000002 17067.250000000004
decision_type=5 2 2 5 2 2
left_child=-1 3 5 4 -2 -3
right_child=1 2 -4 -5 -6 -7
leaf_value=-0.14337948863424316 -0 0.20377456608941955 -0 -0.034712318921536207 0.14509391803078039 0
leaf_count=667 918 228 144 384 224 235
internal_value=0 0.045491 0.120385 0 0.0211379 0.177038
internal_count=2800 2133 607 1526 1142 463
cat_boundaries=0 4 6
cat_threshold=332214576 1107558976 276826112 32768 1 268435456
shrinkage=0.760064


Tree=20
num_leaves=7
num_cat=2
split_feature=1 4 5 1 10 5
split_gain=0.658201 0.419595 0.660166 0.284387 0.168668 0.1475
threshold=0 2554.0000000000005 2409.2500000000005 1 10.750000000000002 18433.000000000004
decision_type=5 2 2 5 2 2
left_child=-1 3 -3 4 -2 -4
right_child=1 2 5 -5 -6 -7
leaf_value=-0.12915630488318763 0.051378431383378789 0.22724036224950198 -0.042603994120732881 -0.077863974670350264 -0.014845163076075366 0.048582776018109619
leaf_count=405 835 156 302 478 358 266
internal_value=0 0.0133032 0.093303 -0.0124776 0 0
internal_count=2800 2395 724 1671 1193 568
cat_boundaries=0 4 8
cat_threshold=436867376 33816640 268437504 32768 7 268443648 0 536870912
shrinkage=0.760064


Tree=21
num_leaves=6
num_cat=0
split_feature=3 4 3 4 10
split_gain=0.308721 2.15512 0.772124 0.534828 0.475053
threshold=594.25000000000011 52332.250000000007 208.75000000000003 25779.250000000004 16.000000000000004
decision_type=2 2 2 2 2
left_child=2 -2 3 4 -1
right_child=1 -3 -4 -5 -6
leaf_value=0 0.37371530087036942 -0.080585620729516111 -0.22287673916158915 0.13877048034370856 -0.10982866691462718
leaf_count=1565 100 158 212 111 654
internal_value=0 0.0658416 -0.0484456 -0.000626473 -0.0427781
internal_count=2800 258 2542 2330 2219
shrinkage=0.760064


Tree=22
num_leaves=9
num_cat=0
split_feature=11 7 7 7 7 7 4 7
split_gain=1.59619 1.10251 2.93233 1.16698 0.948902 0.444756 0.164846 0.102663
threshold=17563.000000000004 24532.750000000004 7137.2500000000009 222467.00000000003 70087.750000000015 1.7500000000000002 2479.0000000000005 350007.50000000006
decision_type=2 2 2 2 2 2 2 2
left_child=1 2 5 4 -3 -1 -2 -5
right_child=6 3 -4 7 -6 -7 -8 -9
leaf_value=0.058255132105696099 0.041701956711601505 -0 0.47836925966868576 0.10420317882080246 -0.29200381570501882 -0.097496237634253885 0.38656855909696691 -0
leaf_count=988 346 277 229 119 214 360 171 96
internal_value=0 0.0204319 0.122872 -0.0716636 -0.218697 0 0.324945 0.0510912
internal_count=2800 2283 1577 706 491 1348 517 215
shrinkage=0.760064


Tree=23
num_leaves=7
num_cat=1
split_feature=1 5 8 0 0 8
split_gain=6.29281 0.849664 1.07124 0.534806 1.16613 0.308796
threshold=0 39.250000000000007 182.50000000000003 10.750000000000002 3.2500000000000004 296.50000000000006
decision_type=5 2 2 2 2 2
left_child=-1 3 -3 4 -2 -4
right_child=1 2 5 -5 -6 -7
leaf_value=-0.22094678962540251 0 0.33137594977650042 -0 -0.050473247036566138 0.3658033738704537 0.1094598575946992
leaf_count=514 1036 493 80 173 270 234
internal_value=0 0.158263 0.286926 0.0469742 0.111879 0.00925358
internal_count=2800 2286 807 1479 1306 314
cat_boundaries=0 3
cat_threshold=27272450 436215878 32784
shrinkage=0.760064


Tree=24
num_leaves=9
num_cat=2
split_feature=1 4 4 3 3 0 1 0
split_gain=2.29671 2.52768 1.95373 1.06178 0.418585 0.232989 0.150868 0.0432955
threshold=0 66029.500000000015 3028.0000000000005 100.00000000000001 594.25000000000011 1.7500000000000002 1 9.2500000000000018
decision_type=5 2 2 2 2 2 5 2
left_child=3 2 -2 5 -4 6 -1 -7
right_child=1 -3 4 -5 -6 7 -8 -9
leaf_value=0.071778618477189624 -0 0.12286857367002069 -0.37049748610206573 0.28273497592029234 -0 -0.050388829612298139 -0 0
leaf_count=805 420 134 357 276 85 274 248 201
internal_value=0 -0.136136 -0.269016 0.101719 -0.417766 0.0235181 0.0779545 -0
internal_count=2800 996 862 1804 442 1528 1053 475
cat_boundaries=0 4 8
cat_threshold=287277237 270344 8390656 32768 1 0 0 32768
shrinkage=0.760064


Tree=25
num_leaves=7
num_cat=1
split_feature=1 11 3 7 11 11
split_gain=0.872925 0.786867 0.593668 0.802797 0.282117 0.436962
threshold=0 17563.000000000004 643.75000000000011 13372.750000000002 39151.000000000007 71482.750000000015
decision_type=5 2 2 2 2 2
left_child=-1 2 3 -2 -3 -6
right_child=1 4 -4 -5 5 -7
leaf_value=0.1299994861570091 -0.0094823932795973249 0.15811351396414927 0.0046800554024379161 -0.19678976772645307 -0.13118220506251549 0.10111911966117082
leaf_count=281 1309 178 182 560 122 168
internal_value=0 -0.0356309 -0.0890428 -0.125417 0.0769554 -0
internal_count=2800 2519 2051 1869 468 290
cat_boundaries=0 4
cat_threshold=268574756 270464 8390656 32768
shrinkage=0.760064


Tree=26
num_leaves=8
num_cat=1
split_feature=1 8 6 4 6 8 8
split_gain=1.04125 1.53989 1.14857 0.893611 0.393101 0.262256 0.676526
threshold=0 9.2500000000000018 1.7500000000000002 21643.000000000004 927.25000000000011 49.750000000000007 182.50000000000003
decision_type=5 2 2 2 2 2 2
left_child=2 4 -1 -4 -2 -3 -7
right_child=1 5 3 -5 -6 6 -8
leaf_value=-0 0 -0.11003799675993529 -0.40941354714050643 -0 0.30740883349938447 0.20158156289809145 -0
leaf_count=1187 286 164 268 131 319 147 298
internal_value=0 0.0939827 -0.0649143 -0.319201 0.303194 -0 0.0350783
internal_count=2800 1214 1586 399 605 609 445
cat_boundaries=0 3
cat_threshold=44045571 302195270 32784
shrinkage=0.760064


Tree=27
num_leaves=9
num_cat=1
split_feature=1 10 10 8 5 10 10 5
split_gain=0.446012 0.805024 0.40257 1.79778 1.18402 0.577443 0.446516 0.0103932
threshold=0 10.750000000000002 6.2500000000000009 9.2500000000000018 1555.0000000000002 2696.5000000000005 166.00000000000003 676.00000000000011
decision_type=5 2 2 2 2 2 2 2
left_child=1 -1 3 7 5 -4 -6 -2
right_child=2 -3 4 -5 6 -7 -8 -9
leaf_value=0.2216369440007078 0.01129394206325395 -0 -0.15320592389416757 -0.23839856913920526 0.33691348952017386 0 0 -0
leaf_count=312 1070 127 340 371 65 157 155 203
internal_value=0 0.0924171 -0.0364634 -0.0859144 0.00204181 -0.0733249 0.255095 0
internal_count=2800 439 2361 1644 717 497 220 1273
cat_boundaries=0 4
cat_threshold=281255952 17047560 8388608 32768
shrinkage=0.760064


Tree=28
num_leaves=9
num_cat=2
split_feature=1 3 0 7 7 7 0 9
split_gain=0.37088 1.62774 0.235867 0.663765 0.256816 0.338121 0.141887 0.0964187
threshold=0 670.00000000000011 4.7500000000000009 13372.750000000002 18337.000000000004 1.7500000000000002 12.250000000000002 1
decision_type=5 2 2 2 2 2 2 1
left_child=1 -1 4 6 5 -2 -4 -6
right_child=2 -3 3 -5 7 -7 -8 -9
leaf_value=-0.23290456224708717 0.044768430743409866 0.080612725107673547 0.088094481160548216 -0.19902657587300077 0.14827070259967359 -0.09448190379272374 -0 0
leaf_count=546 916 91 242 140 237 244 148 236
internal_value=0 -0.0881915 0.0240545 -0.00586879 0.0609196 0 0.0168509 0.134811
internal_count=2800 637 2163 530 1633 1160 390 473
cat_boundaries=0 3 4
cat_threshold=44242304 452985550 32784 2
shrinkage=0.760064


Tree=29
num_leaves=6
num_cat=0
split_feature=5 5 3 6 4
split_gain=0.1697 0.347609 0.333366 1.25053 0.176155
threshold=100650.25000000001 33883.750000000007 55.000000000000007 21494.500000000004 5444.5000000000009
decision_type=2 2 2 2 2
left_child=1 2 4 -4 -1
right_child=-2 -3 3 -5 -6
leaf_value=-0.037731494480217072 0.10539034544963806 -0.12728134817993364 0.28092606454043501 -0 0.026521043967720748
leaf_count=1878 54 136 218 390 124
internal_value=0 -0.00555906 0 0.0965678 -0.0195424
internal_count=2800 2746 2610 608 2002
shrinkage=0.760064


Tree=30
num_leaves=7
num_cat=2
split_feature=1 8 4 4 1 8
split_gain=0.217247 0.545552 0.366601 0.493826 0.31568 0.179264
threshold=0 70.750000000000014 79376.500000000015 13135.000000000002 1 103.75000000000001
decision_type=5 2 2 2 5 2
left_child=1 -1 3 4 -2 -5
right_child=2 -3 -4 5 -6 -7
leaf_value=-0.1999688956808445 -0 0 0.15843581755887973 -0 0.07985619024527553 -0.16456689905221028
leaf_count=384 1317 147 82 83 595 192
internal_value=0 -0.0754077 0.0204277 0 0.0349624 -0.142283
internal_count=2800 531 2269 2187 1912 275
cat_boundaries=0 3 6
cat_threshold=48305536 134353606 32784 270343 268509184 2048
shrinkage=0.760064


Tree=31
num_leaves=7
num_cat=2
split_feature=2 2 3 8 11 8
split_gain=0.657377 0.269814 0.799599 0.255465 0.694041 0.170432
threshold=0 1 1730.5000000000002 238.75000000000003 25.000000000000004 18.250000000000004
decision_type=5 5 2 2 2 2
left_child=-1 3 5 4 -2 -3
right_child=1 2 -4 -5 -6 -7
leaf_value=0.1373464886084198 -0.083747255895571013 -0 0.0061555906758482418 0.12882196179073724 0.047881245348221274 -0.21490308432340954
leaf_count=175 1059 377 83 118 690 298
internal_value=0 -0.0202963 -0.0815316 0 -0.0034744 -0.197389
internal_count=2800 2625 758 1867 1749 675
cat_boundaries=0 2 5
cat_threshold=1082134564 131106 1 37814272 8192
shrinkage=0.760064


Tree=32
num_leaves=11
num_cat=2
split_feature=9 2 4 4 4 4 4 4 11 11
split_gain=0.340852 1.12375 0.649037 0.999791 0.437813 0.308578 0.958335 0.230085 0.0755067 0.400071
threshold=0 1 2479.0000000000005 20297.500000000004 754.75000000000011 10.750000000000002 23104.000000000004 13754.500000000002 190.00000000000003 1371.2500000000002
decision_type=1 5 2 2 2 2 2 2 2 2
left_child=1 4 -3 -4 -1 8 -7 -6 -2 -10
right_child=5 2 3 -5 7 6 -8 -9 9 -11
leaf_value=0.0097150276656184139 0.05842714777860579 0 0.47953746940858338 0 -0.20415108331048734 -0.19524366851398481 0 -0 -0.1545413222602697 0.027830699926764815
leaf_count=680 295 177 143 129 168 449 196 107 99 357
internal_value=0 0.0685064 0.202008 0.381641 -0.00958588 -0.0220914 -0.102831 -0.155636 0 -0
internal_count=2800 1404 449 272 955 1396 645 275 751 456
cat_boundaries=0 1 3
cat_threshold=2 1409 33554952
shrinkage=0.760064


Tree=33
num_leaves=8
num_cat=1
split_feature=2 3 6 5 5 7 3
split_gain=2.45955 1.44325 2.40051 2.44864 0.730156 1.36724 0.133496
threshold=0 57.250000000000007 11620.000000000002 676.00000000000011 18433.000000000004 60628.000000000007 1838.5000000000002
decision_type=5 2 2 2 2 2 2
left_child=-1 2 3 -2 5 -3 -6
right_child=1 4 -4 -5 6 -7 -8
leaf_value=0.25903920620367943 0.023489834587799619 -0 0.3891221504313509 -0.41544765590882504 0 -0.43366763693488808 -0.087232300113697273
leaf_count=240 1606 150 176 153 178 216 81
internal_value=0 -0.0247417 0.0306764 -0.0038565 -0.183986 -0.336509 -0
internal_count=2800 2560 1935 1759 625 366 259
cat_boundaries=0 3
cat_threshold=1346441252 34217984 8192
shrinkage=0.760064


Tree=34
num_leaves=9
num_cat=2
split_feature=1 11 6 7 9 7 11 11
split_gain=4.50574 5.49902 1.32845 1.12023 0.815915 0.217241 0.0519902 0.442462
threshold=0 472.00000000000006 49068.250000000007 806.50000000000011 1 139898.00000000003 50215.750000000007 40.000000000000007
decision_type=5 2 2 2 1 2 2 2
left_child=1 2 -1 6 -5 -6 7 -2
right_child=3 -3 -4 4 5 -7 -8 -9
leaf_value=0.72994979917805203 0.015631674356951765 -0.014095811731863139 0.051627869722900316 -0.23635961582821682 -0.093496818542899873 0.068401798105475101 0.057101888349585177 -0.10178933117998691
leaf_count=351 767 252 114 433 272 103 109 399
internal_value=0 0.294403 0.70161 -0.0856415 -0.210299 -0 -0 -0.0131898
internal_count=2800 717 465 2083 808 375 1275 1166
cat_boundaries=0 4 5
cat_threshold=298394656 268526188 268435472 32768 2
shrinkage=0.760064


Tree=35
num_leaves=8
num_cat=2
split_feature=2 10 10 2 3 3 6
split_gain=0.696223 0.982112 2.16008 1.48203 1.14905 1.00872 0.300646
threshold=0 128.50000000000003 357.25000000000006 1 7.7500000000000009 24.250000000000004 12580.000000000002
decision_type=5 2 2 5 2 2 2
left_child=-1 3 -3 6 -5 -4 -2
right_child=1 2 5 4 -6 -7 -8
leaf_value=0.11356617135470752 -0.02492109885278887 0.38417110141879773 -0.14891052846509223 0 -0.34402731933817127 0.14314462292473179 0.09577591191839277
leaf_count=250 1141 124 374 183 365 145 218
internal_value=0 -0.0337475 0.0778211 -0.10097 -0.251275 -0 0
internal_count=2800 2550 643 1907 548 519 1359
cat_boundaries=0 3 4
cat_threshold=1086328868 663562 8192 65
shrinkage=0.760064


Tree=36
num_leaves=8
num_cat=0
split_feature=0 4 10 10 4 8 6
split_gain=0.478689 2.22626 0.448676 0.818524 0.649773 1.63935 0.0434861
threshold=9.2500000000000018 9.2500000000000018 10.750000000000002 202.75000000000003 38779.750000000007 18.250000000000004 4.7500000000000009
decision_type=2 2 2 2 2 2 2
left_child=2 -2 4 -4 5 -1 -5
right_child=1 -3 3 6 -6 -7 -8
leaf_value=0.038251766652128281 -0.0058928535318417182 0.39695706551210042 -0.22478802873811946 0.034087291138959391 0.17647640157392525 -0.23288199823111863 -0.028078759134257513
leaf_count=1255 192 161 203 250 178 287 274
internal_value=0 0.1483 -0.0154992 -0.109745 0.00634281 -0.00458097 0
internal_count=2800 353 2447 727 1720 1542 524
shrinkage=0.760064


Tree=37
num_leaves=9
num_cat=2
split_feature=1 4 6 3 0 6 0 1
split_gain=1.49056 0.906238 1.19124 0.607807 0.4059 0.367848 0.364705 0.0505484
threshold=0 655.75000000000011 72269.500000000015 18.250000000000004 1.7500000000000002 113580.00000000001 3.2500000000000004 1
decision_type=5 2 2 2 2 2 2 5
left_child=6 4 3 -3 7 -4 -1 -2
right_child=1 2 5 -5 -6 -7 -8 -9
leaf_value=-0.22124257428894706 0.03327979587792191 0 -0.1209571706517048 0.35651606913809369 -0.10448717760914726 0.075268826526908597 -0 -0
leaf_count=489 810 135 100 302 436 158 173 197
internal_value=0 0.0531983 0.168629 0.332328 -0 0 -0.167075 0.0304468
internal_count=2800 2138 695 437 1443 258 662 1007
cat_boundaries=0 4 5
cat_threshold=17801604 466954 32768 32768 1
shrinkage=0.760064


Tree=38
num_leaves=7
num_cat=2
split_feature=1 4 8 4 0 9
split_gain=0.972432 1.06669 1.40439 0.444114 0.0687988 0.00557632
threshold=0 438.25000000000006 36.250000000000007 47280.250000000007 10.750000000000002 1
decision_type=5 2 2 2 2 1
left_child=1 4 -3 -2 5 -1
right_child=3 2 -4 -5 -6 -7
leaf_value=-0 -0.13385102007713176 0.34249063233984389 0 0 -0.071802222610979863 0.010525313515014852
leaf_count=539 912 243 270 116 139 581
internal_value=0 0.0541102 0.206101 -0.105994 -0 0
internal_count=2800 1772 513 1028 1259 1120
cat_boundaries=0 4 5
cat_threshold=290793009 268452552 268437520 32768 2
shrinkage=0.760064


Tree=39
num_leaves=6
num_cat=2
split_feature=1 11 11 2 4
split_gain=0.756827 0.958046 1.25924 0.223859 0.138408
threshold=0 99332.500000000015 456.25000000000006 1 379.00000000000006
decision_type=5 2 2 5 2
left_child=3 2 4 -1 -2
right_child=1 -3 -4 -5 -6
leaf_value=-0.13929979334797196 0 0.2838667262027017 -0.12233334624789466 0 0.10917133054620431
leaf_count=395 917 116 613 314 445
internal_value=0 0.0362357 0 -0.119201 0.084336
internal_count=2800 2091 1975 709 1362
cat_boundaries=0 4 6
cat_threshold=51085712 268898474 32768 32768 805307393 1073742400
shrinkage=0.760064


Tree=40
num_leaves=8
num_cat=1
split_feature=1 10 10 11 11 11 11
split_gain=0.382151 0.349108 0.346826 1.14311 0.125705 0.105089 0.066816
threshold=0 532.75000000000011 1689.2500000000002 4433.5000000000009 143.50000000000003 847.00000000000011 190.00000000000003
decision_type=5 2 2 2 2 2 2
left_child=1 5 3 4 -2 6 -1
right_child=2 -3 -4 -5 -6 -7 -8
leaf_value=0.034860376226312911 -0.04096245277731312 -0 0 -0.32016824193621646 0.018259654135650401 0.18139948066904155 -0
leaf_count=887 840 238 137 209 136 252 101
internal_value=0 0.0440017 -0.0539638 -0.0997267 -0 0.0953197 0.0200815
internal_count=2800 1478 1322 1185 976 1240 988
cat_boundaries=0 3
cat_threshold=272631335 268436036 268435456
shrinkage=0.760064


Tree=41
num_leaves=10
num_cat=1
split_feature=5 5 8 5 5 1 4 5 11
split_gain=0.3785 1.15789 1.24613 1.14876 0.293905 0.216596 0.208745 0.153391 0.0624756
threshold=5351.5000000000009 822.25000000000011 57.250000000000007 31807.750000000004 15069.250000000002 0 3344.5000000000005 100650.25000000001 14005.750000000002
decision_type=2 2 2 2 2 5 2 2 2
left_child=1 5 -3 4 -2 8 -7 -5 -1
right_child=3 2 -4 7 -6 6 -8 -9 -10
leaf_value=-0.033113424988772226 0 -0.37841592155837006 0 -0.07978131778666496 0.3334223868591461 0.12747096472360667 -0 0 0
leaf_count=1100 244 173 134 206 121 390 121 55 256
internal_value=0 -0.0324767 -0.270315 0.0835867 0.286141 0 0.0755839 -0 -0.016828
internal_count=2800 2174 307 626 365 1867 511 261 1356
cat_boundaries=0 2
cat_threshold=8586369 270338
shrinkage=0.760064


Tree=42
num_leaves=9
num_cat=2
split_feature=2 10 6 6 6 10 9 10
split_gain=0.173397 0.15955 0.104963 0.479489 0.24273 0.000765098 0.077919 0.0453559
threshold=0 1.7500000000000002 1.7500000000000002 9511.7500000000018 72269.500000000015 1.7500000000000002 1 532.75000000000011
decision_type=5 2 2 2 2 2 1 2
left_child=1 -1 5 -4 -5 6 -2 -7
right_child=2 -3 3 4 -6 7 -8 -9
leaf_value=0.12655384301668404 -0.045138092285922624 -0 -0.1398275918345091 0.072019780302814279 -0.045127642302186001 0.047617581475278246 0.0051609377926606593 -0
leaf_count=242 560 117 462 397 248 209 369 196
internal_value=0 0.0696826 -0.0137856 -0.0484311 0 0 -0 0.0058527
internal_count=2800 359 2441 1107 645 1334 929 405
cat_boundaries=0 3 4
cat_threshold=1086329076 34209802 8192 2
shrinkage=0.760064


Tree=43
num_leaves=7
num_cat=2
split_feature=1 2 3 3 10 7
split_gain=0.357627 0.437417 0.139696 0.364221 0.148157 0.0520831
threshold=0 1 190.75000000000003 15.250000000000002 10.750000000000002 253571.50000000003
decision_type=5 5 2 2 2 2
left_child=1 -1 3 4 -2 -4
right_child=2 -3 5 -5 -6 -7
leaf_value=0 0.037116940781065401 -0.1250777117563035 -0.055311821422771912 0.14316556319942675 -0.02732972673951432 0
leaf_count=116 1065 554 182 298 460 125
internal_value=0 -0.0815493 0.0310273 0.0545936 0 -0
internal_count=2800 670 2130 1823 1525 307
cat_boundaries=0 4 5
cat_threshold=311394694 458756 268468240 32768 12849312
shrinkage=0.760064


Tree=44
num_leaves=8
num_cat=1
split_feature=1 10 8 4 3 10 10
split_gain=3.76657 4.21522 1.92784 1.34589 0.827471 0.672515 0.44899
threshold=0 10.750000000000002 176.50000000000003 1622.5000000000002 46.000000000000007 849.25000000000011 36.250000000000007
decision_type=5 2 2 2 2 2 2
left_child=4 2 3 -2 5 6 -1
right_child=1 -3 -4 -5 -6 -7 -8
leaf_value=-0.050634845033288835 0 0.43890816144896871 0.25109230560019213 -0.24175441761596422 -0.31972712155752209 -0.22488897760707938 0.12538168447332415
leaf_count=1054 297 329 195 276 254 219 176
internal_value=0 0.156317 0 -0.138416 -0.152518 -0.0785224 -0
internal_count=2800 1097 768 573 1703 1449 1230
cat_boundaries=0 2
cat_threshold=428933505 268662976
shrinkage=0.760064


Tree=45
num_leaves=9
num_cat=0
split_feature=6 7 7 10 7 7 5 10
split_gain=1.10139 3.72912 0.483899 1.30874 0.261269 0.893221 0.160223 0.129997
threshold=33076.000000000007 19322.500000000004 413985.50000000006 36.250000000000007 558.25000000000011 2819.5000000000005 16179.250000000002 849.25000000000011
decision_type=2 2 2 2 2 2 2 2
left_child=1 4 3 6 7 -6 -2 -1
right_child=2 -3 -4 -5 5 -7 -8 -9
leaf_value=0 0 -0.34917440892669893 -0 -0 0.27619288594923175 -0 0.34231874751201785 -0.087475320818443031
leaf_count=1146 183 376 87 126 216 300 162 204
internal_value=0 -0.0776754 0.114732 0.185911 0 0.109053 0.336999 -0.00945129
internal_count=2800 2242 558 471 1866 516 345 1350
shrinkage=0.760064


Tree=46
num_leaves=6
num_cat=2
split_feature=1 11 1 7 5
split_gain=0.957674 0.907899 0.649769 0.417189 0.147317
threshold=0 23246.500000000004 1 19322.500000000004 21735.250000000004
decision_type=5 2 5 2 2
left_child=4 2 -2 -4 -1
right_child=1 -3 3 -5 -6
leaf_value=-0.19357490307222777 0.09780517674561108 0.16252383264559558 -0 -0.13077710516468352 -0
leaf_count=524 274 346 1228 364 64
internal_value=0 0.0241735 -0 -0.0555548 -0.15301
internal_count=2800 2212 1866 1592 588
cat_boundaries=0 2 5
cat_threshold=432611460 268646528 33840 262732 2064
shrinkage=0.760064


Tree=47
num_leaves=8
num_cat=2
split_feature=1 0 0 5 3 4 9
split_gain=0.488219 0.686241 0.594227 0.502807 1.10388 0.799269 0.296428
threshold=0 9.2500000000000018 9.2500000000000018 1600.7500000000002 157.00000000000003 2554.0000000000005 1
decision_type=5 2 2 2 2 2 1
left_child=1 6 3 5 -5 -2 -1
right_child=2 -3 -4 4 -6 -7 -8
leaf_value=-0 0 0.043548958248099921 -0.050311964559373631 -0.17490236545203822 0.10785209571461495 0.38600521546577893 -0.15160525148240137
leaf_count=674 380 188 168 193 398 115 684
internal_value=0 -0.0634871 0.0473333 0.114099 0 0.244331 -0.133086
internal_count=2800 1546 1254 1086 591 495 1358
cat_boundaries=0 2 3
cat_threshold=167850135 211076 2
shrinkage=0.760064


Tree=48
num_leaves=8
num_cat=2
split_feature=1 5 0 0 10 1 5
split_gain=0.328815 0.306632 0.256881 0.836309 0.427184 0.743597 0.188532
threshold=0 5351.5000000000009 4.7500000000000009 18.250000000000004 2140.7500000000005 1 718.00000000000011
decision_type=5 2 2 2 2 5 2
left_child=1 -1 4 6 5 -2 -4
right_child=2 -3 3 -5 -6 -7 -8
leaf_value=-0.18203515511267215 0.12760727466191379 0 -0.19781018872743211 0.10194657533407518 -0.025113658616285065 -0 -0
leaf_count=416 890 120 325 90 177 656 126
internal_value=0 -0.0979873 0.0164609 -0.0289868 0.0558279 0.0949517 -0.186702
internal_count=2800 536 2264 541 1723 1546 451
cat_boundaries=0 4 6
cat_threshold=180957588 211076 0 32768 131105 268435464
shrinkage=0.760064


Tree=49
num_leaves=6
num_cat=2
split_feature=2 1 0 0 11
split_gain=0.980063 0.367828 0.819685 0.467218 0.343654
threshold=0 1 10.750000000000002 3.2500000000000004 143.50000000000003
decision_type=5 5 2 2 2
left_child=4 -2 3 -3 -1
right_child=1 2 -4 -5 -6
leaf_value=0 0.015045891224674927 -0.057005352822544875 -0.2552758689765417 0.067293104884381089 0.27468623500570433
leaf_count=209 258 1583 261 374 115
internal_value=0 -0.0536187 -0.0816061 -0.028179 0.143655
internal_count=2800 2476 2218 1957 324
cat_boundaries=0 3 7
cat_threshold=8394800 34283520 9216 272662672 16492 8390656 32768
shrinkage=0.760064


Tree=50
num_leaves=8
num_cat=0
split_feature=7 0 6 10 10 7 10
split_gain=0.187417 0.768147 0.313599 0.177063 0.21343 0.0548764 0.419449
threshold=2819.5000000000005 9.2500000000000018 133643.50000000003 849.25000000000011 1.7500000000000002 14834.500000000002 36.250000000000007
decision_type=2 2 2 2 2 2 2
left_child=1 3 5 4 -1 -2 -7
right_child=2 -3 -4 -5 -6 6 -8
leaf_value=-0 -0 0.22139897437265477 0.026785507825808887 -0.097594468375129764 0.11188786968011422 -0 -0.19105570560441462
leaf_count=930 238 212 163 207 217 616 217
internal_value=0 0.0472951 -0.0259333 -0 0.0235078 -0.0788351 -0.0930564
internal_count=2800 1566 1234 1354 1147 1071 833
shrinkage=0.760064


Tree=51
num_leaves=7
num_cat=4
split_feature=2 2 9 7 7 9
split_gain=0.222182 0.103076 1.03869 0.206908 0.160493 0.0524319
threshold=0 1 2 196829.00000000003 228130.00000000003 3
decision_type=5 5 1 2 2 1
left_child=-1 5 3 -3 -4 -2
right_child=1 2 4 -5 -6 -7
leaf_value=-0.076373248942205124 -0.024840239868093163 0.23904505123610084 -0.097779098601832135 0 0 0.011721272957937482
leaf_count=208 922 316 275 84 56 939
internal_value=0 0.015545 0.0512424 0.222245 -0.0336127 -0
internal_count=2800 2592 731 400 331 1861
cat_boundaries=0 2 5 6 7
cat_threshold=1082197252 74 537133057 1073742592 1024 2 2
shrinkage=0.760064


Tree=52
num_leaves=7
num_cat=1
split_feature=1 6 3 6 0 3
split_gain=0.214496 0.405591 0.133036 0.210053 0.278137 0.085385
threshold=0 113580.00000000001 783.25000000000011 14377.000000000002 9.2500000000000018 170.50000000000003
decision_type=5 2 2 2 2 2
left_child=1 -1 3 4 -2 -5
right_child=2 -3 -4 5 -6 -7
leaf_value=-0.14372028442096613 -0.011595388371785311 0 -0.018821580500114236 0 0.11246991896184959 0.14327378418207654
leaf_count=596 1449 72 143 161 224 155
internal_value=0 -0.0722015 0.0125309 0.039031 0 0.122807
internal_count=2800 668 2132 1989 1673 316
cat_boundaries=0 2
cat_threshold=176619958 268515492
shrinkage=0.760064


Tree=53
num_leaves=7
num_cat=1
split_feature=2 5 6 5 0 0
split_gain=0.184229 0.182103 0.649842 0.217773 0.40885 0.163752
threshold=0 7144.7500000000009 133643.50000000003 1488.2500000000002 4.7500000000000009 1.7500000000000002
decision_type=5 2 2 2 2 2
left_child=5 3 -3 4 -2 -1
right_child=1 2 -4 -5 -6 -7
leaf_value=0 0 -0.16709935877112048 0 0.094583791357959829 -0.11872645492475509 0.1378569906372844
leaf_count=259 1320 257 123 291 453 97
internal_value=0 -0.0239873 -0.0961423 -0 -0.0228454 0.0589843
internal_count=2800 2444 380 2064 1773 356
cat_boundaries=0 3
cat_threshold=8394928 37953568 9216
shrinkage=0.760064


Tree=54
num_leaves=10
num_cat=3
split_feature=11 2 9 6 6 11 9 6 11
split_gain=0.153477 0.541283 0.626845 1.71692 0.422529 0.327385 0.0388465 0.0274156 0.0203364
threshold=847.00000000000011 0 1 6406.7500000000009 57468.250000000007 26170.750000000004 2 24883.750000000004 99332.500000000015
decision_type=2 5 1 2 2 2 1 2 2
left_child=1 2 7 -4 5 -2 -3 -1 -7
right_child=4 6 3 -5 -6 8 -8 -9 -10
leaf_value=-0.029048856314195157 0.19893972825293099 -0 -0 0.40732107916993715 -0 -0 -0.20676091615086592 0 0.038200688785105075
leaf_count=743 373 375 402 118 130 220 208 100 131
internal_value=0 -0.0103912 0.0199715 0.153527 0.0585017 0.139811 -0.118731 -0.0202597 0
internal_count=2800 1946 1363 520 854 724 583 843 351
cat_boundaries=0 2 3 4
cat_threshold=268441633 34086912 2 2
shrinkage=0.760064


Tree=55
num_leaves=6
num_cat=0
split_feature=7 5 10 7 7
split_gain=3.34498 3.31269 2.54537 0.909128 0.436672
threshold=148886.50000000003 472.75000000000006 1864.7500000000002 21219.250000000004 73870.000000000015
decision_type=2 2 2 2 2
left_child=1 2 -1 -3 -5
right_child=-2 3 -4 4 -6
leaf_value=-0.21316218784341909 -0.35656316702194324 -0 0.13049923826815202 0.32330367369240787 0
leaf_count=1585 372 200 204 288 151
internal_value=0 -0.064286 -0.193576 0.186063 0.303404
internal_count=2800 2428 1789 639 439
shrinkage=0.760064


Tree=56
num_leaves=9
num_cat=1
split_feature=1 6 0 10 0 7 10 0
split_gain=5.02657 1.3144 0.776229 1.91804 0.554241 0.514742 0.465619 0.00433334
threshold=0 895.00000000000011 1.7500000000000002 916.75000000000011 6.2500000000000009 253571.50000000003 10.750000000000002 9.2500000000000018
decision_type=5 2 2 2 2 2 2 2
left_child=1 4 3 -2 6 -3 -1 -4
right_child=2 5 7 -5 -6 -7 -8 -9
leaf_value=0 -0.39162148805302377 0.37449254483363692 0 0 0.17261982369076687 0 -0.13810238026508564 -0.016531187187687518
leaf_count=755 559 373 169 105 256 131 317 135
internal_value=0 0.103132 -0.26918 -0.407719 0 0.332249 -0.0272561 -0
internal_count=2800 1832 968 664 1328 504 1072 304
cat_boundaries=0 3
cat_threshold=143622321 419648068 8388608
shrinkage=0.760064


Tree=57
num_leaves=7
num_cat=3
split_feature=1 9 2 6 3 0
split_gain=2.06403 1.81174 0.328616 0.639276 0.710954 0.0382198
threshold=0 1 2 294.25000000000006 6.2500000000000009 6.2500000000000009
decision_type=5 1 5 2 2 2
left_child=1 -1 -2 5 -5 -4
right_child=2 -3 3 4 -6 -7
leaf_value=-0.46474568966995611 -0.026049255972373789 -0 -0.0098326750543228578 0.32708213255156077 0.01492490537132983 0.040006064723987711
leaf_count=247 189 224 1069 227 601 243
internal_value=0 -0.244963 0.04299 0.0728356 0.172714 0
internal_count=2800 471 2329 2140 828 1312
cat_boundaries=0 4 5 7
cat_threshold=290455574 404170 268437520 32768 2 268438656 205344
shrinkage=0.760064


Tree=58
num_leaves=8
num_cat=2
split_feature=11 1 5 9 5 11 5
split_gain=1.30364 1.96545 0.943057 0.476558 0.443363 0.210557 0.125113
threshold=25500.250000000004 0 601.75000000000011 1 1027.7500000000002 124670.00000000001 28.750000000000004
decision_type=2 5 2 1 2 2 2
left_child=1 2 3 -1 6 -2 -3
right_child=5 4 -4 -5 -6 -7 -8
leaf_value=-0 -0.22656007708145806 -0.055430415493715197 0.32998324199578205 0.11995801288289833 -0.14973857871026697 -0 0.072759308635089975
leaf_count=598 321 264 317 550 474 119 157
internal_value=0 0.0306734 0.159946 0.0394152 -0.0955352 -0.227954 0
internal_count=2800 2360 1465 1148 895 440 421
cat_boundaries=0 3 4
cat_threshold=135234705 70220 16 2
shrinkage=0.760064


Tree=59
num_leaves=6
num_cat=1
split_feature=2 7 3 6 7
split_gain=0.595452 0.428586 0.788421 0.959856 0.349672
threshold=0 5665.0000000000009 594.25000000000011 177081.50000000003 196829.00000000003
decision_type=5 2 2 2 2
left_child=-1 -2 4 -4 -3
right_child=1 2 3 -5 -6
leaf_value=0.087607935930032868 0 -0.19136870263109446 0.23313048128423894 -0.12067529776126036 -0
leaf_count=246 1564 663 128 76 123
internal_value=0 -0.0528104 -0.123059 0 -0.205086
internal_count=2800 2554 990 204 786
cat_boundaries=0 3
cat_threshold=1073807380 1073741898 9216
shrinkage=0.760064


Tree=60
num_leaves=9
num_cat=2
split_feature=1 11 10 3 6 6 10 9
split_gain=0.619583 0.699439 0.562249 0.668352 0.663752 1.20125 0.570677 0.0611778
threshold=0 472.00000000000006 448.75000000000006 7.7500000000000009 171.25000000000003 6277.0000000000009 10.750000000000002 1
decision_type=5 2 2 2 2 2 2 1
left_child=1 7 4 -4 6 -6 -2 -1
right_child=2 -3 3 -5 5 -7 -8 -9
leaf_value=-0.060192274203108735 -0 -0.32405033452784632 0.26402448124378475 -0 0.34338857357949981 0 -0.24549767811540482 0.00024835901438416982
leaf_count=272 935 208 260 105 190 506 173 151
internal_value=0 -0.12038 0.036229 0.193695 0 0.101981 -0.0872432 -0
internal_count=2800 631 2169 365 1804 696 1108 423
cat_boundaries=0 4 5
cat_threshold=287147014 273032 268435472 32768 2
shrinkage=0.760064


Tree=61
num_leaves=7
num_cat=1
split_feature=1 10 10 10 3 3
split_gain=0.508869 0.855337 0.603316 2.02605 0.0047516 0.0424512
threshold=0 30.250000000000004 84.250000000000014 2289.2500000000005 282.25000000000006 59.500000000000007
decision_type=5 2 2 2 2 2
left_child=1 -1 4 -4 5 -2
right_child=2 -3 3 -5 -6 -7
leaf_value=-0 -0 0.28689248081434299 -0.32476069533161162 0 -0.012984952396963631 0.057467895524057622
leaf_count=325 1304 145 376 242 236 172
internal_value=0 0.0912655 -0.0476002 -0.172616 0 0.00486657
internal_count=2800 470 2330 618 1712 1476
cat_boundaries=0 3
cat_threshold=204960 419516420 8390656
shrinkage=0.760064


Tree=62
num_leaves=8
num_cat=0
split_feature=11 11 7 4 4 3 3
split_gain=0.319397 0.890477 0.90894 0.747879 0.443356 0.402367 0.14106
threshold=26478.250000000004 25.000000000000004 70087.750000000015 14240.500000000002 59645.500000000007 79.750000000000014 7.7500000000000009
decision_type=2 2 2 2 2 2 2
left_child=1 3 -3 5 -5 -1 -2
right_child=6 2 -4 4 -6 -7 -8
leaf_value=-0.12873143794156686 -0 0.19956091802005294 -0 0.17017089176718456 -0 0 -0.16041660962679608
leaf_count=1173 266 554 118 224 119 187 159
internal_value=0 0.0216962 0.16392 -0.0235914 0.0904913 -0.120528 -0.116074
internal_count=2800 2375 672 1703 343 1360 425
shrinkage=0.760064


end of trees

feature importances:
n_table_1.n_16=44
c_table_1.c_2=43
n_table_2.n_13=42
n_table_1.n_18=40
n_table_1.n_19=38
n_table_3.n_3=38
n_1=36
n_table_1.n_15=36
n_table_1.n_12=34
c_table_1.c_4=26
n_table_1.n_26=21
c_table_2.c_1=16

parameters:
[boosting: gbdt]
[objective: binary]
[metric: auc]
[tree_learner: serial]
[device_type: cpu]
[data: ]
[valid: ]
[num_iterations: 100]
[learning_rate: 0.760064]
[num_leaves: 77]
[num_threads: 4]
[max_depth: 4]
[min_data_in_leaf: 20]
[min_sum_hessian_in_leaf: 6.74485]
[bagging_fraction: 0.7]
[bagging_freq: 11]
[bagging_seed: 3]
[feature_fraction: 0.5]
[feature_fraction_seed: 2]
[early_stopping_round: 0]
[max_delta_step: 0]
[lambda_l1: 1.99789]
[lambda_l2: 0.718498]
[min_gain_to_split: 0]
[drop_rate: 0.1]
[max_drop: 50]
[skip_drop: 0.5]
[xgboost_dart_mode: 0]
[uniform_drop: 0]
[drop_seed: 4]
[top_rate: 0.2]
[other_rate: 0.1]
[min_data_per_group: 100]
[max_cat_threshold: 32]
[cat_l2: 10]
[cat_smooth: 10]
[max_cat_to_onehot: 4]
[top_k: 20]
[monotone_constraints: ]
[feature_contri: ]
[forcedsplits_filename: ]
[refit_decay_rate: 0.9]
[verbosity: -1]
[max_bin: 255]
[min_data_in_bin: 3]
[bin_construct_sample_cnt: 200000]
[histogram_pool_size: -1]
[data_random_seed: 1]
[output_model: LightGBM_model.txt]
[snapshot_freq: -1]
[input_model: ]
[output_result: LightGBM_predict_result.txt]
[initscore_filename: ]
[valid_data_initscores: ]
[pre_partition: 0]
[enable_bundle: 1]
[max_conflict_rate: 0]
[is_enable_sparse: 1]
[sparse_threshold: 0.8]
[use_missing: 1]
[zero_as_missing: 0]
[two_round: 0]
[save_binary: 0]
[enable_load_from_binary_file: 1]
[header: 0]
[label_column: ]
[weight_column: ]
[group_column: ]
[ignore_column: ]
[categorical_feature: ]
[predict_raw_score: 0]
[predict_leaf_index: 0]
[predict_contrib: 0]
[num_iteration_predict: -1]
[pred_early_stop: 0]
[pred_early_stop_freq: 10]
[pred_early_stop_margin: 10]
[convert_model_language: ]
[convert_model: gbdt_prediction.cpp]
[num_class: 1]
[is_unbalance: 0]
[scale_pos_weight: 1]
[sigmoid: 1]
[boost_from_average: 1]
[reg_sqrt: 0]
[alpha: 0.9]
[fair_c: 1]
[poisson_max_delta_step: 0.7]
[tweedie_variance_power: 1.5]
[max_position: 20]
[label_gain: ]
[metric_freq: 1]
[is_provide_training_metric: 0]
[eval_at: ]
[num_machines: 1]
[local_listen_port: 12400]
[time_out: 120]
[machine_list_filename: ]
[machines: ]
[gpu_platform_id: -1]
[gpu_device_id: -1]
[gpu_use_dp: 0]

end of parameters

pandas_categorical:[[0, 1, 2, 3, 4, 5, 6, 7, 8, 9, 10, 11, 12, 13, 14, 15, 16, 17, 18, 19, 20, 21, 22, 23, 24, 25, 26, 27, 28, 29, 30, 31, 32, 33, 34, 35, 36, 37, 38, 39, 40, 41, 42, 43, 44, 45, 46, 47, 48, 49, 50, 51, 52, 53, 54, 55, 56, 57, 58, 59, 60, 61, 62, 63, 64, 65, 66, 67, 68, 69, 70, 71, 72, 73, 74, 75, 76, 77, 78, 79, 80, 81, 82, 83, 84, 85, 86, 87, 88, 89, 90, 91, 92, 93, 94, 95, 96, 97, 98, 99, 100, 101, 102, 103, 104, 105, 106, 107, 108, 109, 110, 111, 112, 113, 114, 115, 116, 117, 118, 119, 120, 121, 122, 123, 124, 125, 126, 127, 128, 129, 130, 131, 132, 133, 134, 135, 136, 137, 138, 139, 140, 141, 142, 143, 144, 145, 146, 147, 148, 149, 150, 151, 152, 153, 154, 155, 156, 157, 158, 159, 160, 161, 162, 163, 164, 165, 166, 167, 168, 169, 170, 171, 172, 173, 174, 175, 176, 177, 178, 179, 180, 181, 182, 183, 184, 185, 186, 187, 188, 189, 190, 191, 192, 193, 194, 195], [0, 1, 2, 3, 4, 5, 6, 7, 8, 9, 10, 11, 12, 13, 14, 15, 16, 17, 18, 19, 20, 21, 22, 23, 24, 25, 26, 27, 28, 29, 30, 31, 32, 33, 34, 35, 36, 37, 38, 39, 40, 41, 42, 43, 44, 45, 46, 47, 48, 49, 50, 51, 52, 53, 54, 55, 56, 57, 58, 59, 60, 61, 62, 63, 64, 65, 66, 67, 68, 69, 70, 71, 72, 73, 74, 75, 76, 77, 78, 79, 80, 81, 82, 83, 84, 85, 86, 87, 88, 89, 90, 91, 92, 93, 94, 95, 96, 97, 98, 99, 100, 101, 102, 103, 104, 105, 106, 107, 108, 109, 110, 111, 112, 113, 114, 115, 116, 117, 118, 119, 120, 121, 122, 123, 124, 125, 126, 127, 128, 129, 130, 131, 132, 133, 134, 135, 136, 137, 138, 139, 140, 141, 142, 143, 144, 145, 146, 147, 148, 149, 150, 151], [0, 1]]
