tree
version=v2
num_class=1
num_tree_per_iteration=1
label_index=0
max_feature_idx=21
objective=binary sigmoid:1
feature_names=n_1 c_02 c_table_1.c_4 n_table_1.n_8 n_table_1.n_15 n_table_1.n_18 n_table_1.n_19 c_table_2.c_1 n_table_2.n_13 n_table_2.n_14 n_table_1.n_2 n_table_1.n_3 n_table_1.n_7 n_table_1.n_9 n_table_1.n_10 n_table_1.n_12 n_table_1.n_16 n_table_1.n_17 n_table_1.n_20 n_table_1.n_26 c_table_2.c_4 n_table_3.n_3
feature_infos=[1:335.5] 40:3:68:15:50:10:80:6:35:91:9:5:12:20:165:46:2:48:69:34:83:58:62:87:115:73:77:225:252:45:126:132:149:61:66:111:209:102:196:36:37:39:208:29:124:135:203:121:22:42:71:82:99:108:156:194:14:33:49:70:93:110:118:195:296:308:4:26:28:238:261:55:86:90:150:175:177:199:231:250:18:21:67:125:138:23:131:134:141:161:205:220:228:230:244:285:7:17:38:43:59:122:139:142:166:170:179:198:222:256:345:57:227:248:8:98:100:112:130:144:151:178:188:189:190:269:305:323:11:75:92:116:146:164:186:213:214:268:312:349:377:1:44:63:101:123:154:176:206:212:216:232:251:273:275:354:13:54:65:74:79:84:95:114:120:133:145:153:162:173:181:187:192:211:243:262:277:318:324:334:361:366:368:0:31:104:109:148:169:202:204:239:283:293:295:310:322:380:393:399:19:32:53:94:106:127:140:158:167:172:207:229:234:240:246:264:284:289:291:292:297:306:309:338:350:359:374:386:407:52:72:81:103:107:113:117:180:182:233:236:237:247:255:257:266:267:271:274:282:286:288:301:304:315:336:375:400:418:478:498:24:25:27:30:60:78:105:119:136:137:143:147:163:168:171:174:185:191:217:218:221:224:226:235:249:254:260:263:272:279:280:281:300:302:320:332:337:340:347:351:356:376:378:383:387:392:394:397:414:420:424:430:433:438:442:453:457:462:467:476:479:481 4:0:10:12:2:11:7:5:45:51:35:8:18:23:33:40:77:30:37:38:41:57:29:28:16:74:62:49:13:21:48:104:6:69:22:26:39:54:19:27:72:87:95:3:31:55:56:106:15:17:60:61:96:103:92:25:66:67:78:80:81:93:94:109:113:117:122:1:24:44:46:47:53:59:65:83:84:99:112:121:133:14:20:36:63:70:82:97:102:116:136:32:34:42:52:58:64:71:75:85:90:98:107:111:115:124:129:130:131:132 [1:244588] [1:274774] [1:574087] [1:1285890] 1:0 [1:395101] [1:275.5] [-49.8874:81.708399999999997] [1:175] [1:38456.5] [1:1556770] [1:68.5] [1:8524] [1:249100] [1:448222] [1:19936] [1:121640] 20:0:2:33:16:38:10:8:24:31:6:53:18:21:44:48:26:35:55:12:39:40:14:43:61:42:60:17:22:11:29:9:3:4:37:19:41:67:47:46:49:25:71:98:27:69:57:73:1:30:52:100:59:62:63:77:106:45:56:87:92:103:7:15:32:58:80:82:94:34:65:66:68:74:75:79:84:97:107:112:13:51:54:64:70:76:85:91:95:109 [1:509664]
tree_sizes=512 608 670 676 680 731 757 573 641 594 573 610 527 647 557 561 702 504 651 737 791 488 546 714 755 559 770 719 738 608 778 488 512 706 565 627 613 693 611 750 736 612 599 669 648 610 621 712 715 550 641 587 601 708 652 755 583 660 696 623 634 583 684 751 582 764 613 583 636 683 620 760 604 613 710 602 602 488 628 585 690 580 478 617 659 561 677 671 719 740 718 706 733 657 693 789 692 789 702 741 682 660 795 695

Tree=0
num_leaves=5
num_cat=1
split_feature=6 20 6 21
split_gain=46.862 22.4176 6.64872 3.63632
threshold=553938.00000000012 0 66613.000000000015 143.50000000000003
decision_type=2 5 2 2
left_child=1 3 -3 -1
right_child=-2 2 -4 -5
leaf_value=-2.8098091865840016 -2.4758488406905421 -2.8416510879962096 -2.7934920172145659 -2.6560098083601549
leaf_count=60 34 1762 387 157
internal_value=0 -0.0682843 -0.233221 0.844292
internal_count=2400 2366 2149 217
cat_boundaries=0 2
cat_threshold=18235664 10
shrinkage=1


Tree=1
num_leaves=6
num_cat=1
split_feature=1 4 4 21 4
split_gain=38.6444 23.9661 20.4595 9.3552 2.22719
threshold=0 132478.00000000003 1622.5000000000002 25.000000000000004 10.750000000000002
decision_type=5 2 2 2 2
left_child=2 3 4 -2 -1
right_child=1 -3 -4 -5 -6
leaf_value=0.051878354565519536 -0.051769274325367855 0.17272530054675342 0.21058249452418623 -0 -0
leaf_count=224 1184 46 155 748 43
internal_value=0 -0.254563 0.952715 -0.382139 0.433566
internal_count=2400 1978 422 1932 267
cat_boundaries=0 9
cat_threshold=536887488 1073947012 8462340 1342701568 6291584 0 12 128 32
shrinkage=0.0833459


Tree=2
num_leaves=7
num_cat=1
split_feature=1 6 18 18 14 6
split_gain=31.8635 31.7534 11.7231 7.64781 6.0213 1.46563
threshold=0 553938.00000000012 104.50000000000001 3645.2500000000005 12.250000000000002 113.50000000000001
decision_type=5 2 2 2 2 2
left_child=2 4 5 -4 -2 -1
right_child=1 -3 3 -5 -6 -7
leaf_value=0.04694579942506634 -0.032998473077477865 0.21883065709937607 0.21469670982248842 0 0.059878332707559878 -0
leaf_count=134 1989 32 119 30 61 35
internal_value=0 -0.211812 0.930878 2.1565 -0.340975 0.353391
internal_count=2400 2082 318 149 2050 169
cat_boundaries=0 9
cat_threshold=536887488 1073750404 8462340 268435456 128 0 8 0 32
shrinkage=0.0833459


Tree=3
num_leaves=7
num_cat=1
split_feature=1 4 18 14 18 18
split_gain=26.222 22.3469 6.50559 5.47323 4.15681 1.24618
threshold=0 132478.00000000003 104.50000000000001 12.250000000000002 3645.2500000000005 1.7500000000000002
decision_type=5 2 2 2 2 2
left_child=2 3 5 -2 -4 -1
right_child=1 -3 4 -5 -6 -7
leaf_value=0.043728319496967573 -0.032484068424282683 0.1493961078228748 0.16023153841868895 0.053808401021655558 0 -0
leaf_count=133 1950 48 130 61 31 47
internal_value=0 -0.202053 0.798587 -0.333578 1.66475 0.326963
internal_count=2400 2059 341 2011 161 180
cat_boundaries=0 9
cat_threshold=536887488 1073750404 8462340 268435456 6291584 0 8 0 32
shrinkage=0.0833459


Tree=4
num_leaves=7
num_cat=1
split_feature=1 6 21 18 19 18
split_gain=21.3995 22.3759 6.53288 6.35937 4.55531 1.74234
threshold=0 509778.00000000006 25.000000000000004 104.50000000000001 613.75000000000011 12.250000000000002
decision_type=5 2 2 2 2 2
left_child=3 2 -2 5 -5 -1
right_child=1 -3 -4 4 -6 -7
leaf_value=0.034190954556142676 -0.047580074022807846 0.14877610671177424 -0 0.12732267029541033 0 -0.018882729355732
leaf_count=206 1136 43 773 166 37 39
internal_value=0 -0.206718 -0.348684 0.641541 1.30134 0.205289
internal_count=2400 1952 1909 448 203 245
cat_boundaries=0 9
cat_threshold=536887488 1074209156 8462340 1342177280 6291584 0 8 128 32
shrinkage=0.0833459


Tree=5
num_leaves=8
num_cat=1
split_feature=1 4 21 0 0 18 18
split_gain=18.0582 16.4435 6.45367 2.50554 2.86517 1.15514 0.953175
threshold=0 132478.00000000003 25.000000000000004 10.750000000000002 19.750000000000004 10259.500000000002 3679.0000000000005
decision_type=5 2 2 2 2 2 2
left_child=3 2 -2 6 -5 -3 -1
right_child=1 5 -4 4 -6 -7 -8
leaf_value=0.096452341311795392 -0.042562405311952031 0.14851562517622321 0 -0.017347626927024094 0.068476636546309186 0 0
leaf_count=223 1231 25 773 57 41 22 28
internal_value=0 -0.174892 -0.299982 0.630903 0.0746183 1.41169 1.07191
internal_count=2400 2051 2004 349 98 47 251
cat_boundaries=0 9
cat_threshold=536887488 1073750420 8462852 268435456 4194432 0 0 0 32
shrinkage=0.0833459


Tree=6
num_leaves=8
num_cat=1
split_feature=1 16 8 4 18 14 15
split_gain=15.3549 13.9075 9.20379 4.10446 3.80374 3.64182 2.28892
threshold=0 37876.000000000007 1.7500000000000002 4379.5000000000009 5386.0000000000009 12.250000000000002 25.750000000000004
decision_type=5 2 2 2 2 2 2
left_child=3 5 -3 6 -5 -2 -1
right_child=1 2 -4 4 -6 -7 -8
leaf_value=0.0081239553573739156 -0.032542004590961238 -0 0.14048099458923916 0.12867574913349772 -0 0.041568078806091875 0.096534516653137142
leaf_count=306 1764 77 62 93 27 43 28
internal_value=0 -0.178905 0.850396 0.529201 1.27002 -0.340755 0.322603
internal_count=2400 1946 139 454 120 1807 334
cat_boundaries=0 9
cat_threshold=536870980 1074209156 545333764 1073741824 2097280 0 8 128 32
shrinkage=0.0833459


Tree=7
num_leaves=5
num_cat=2
split_feature=1 6 1 0
split_gain=14.5583 12.0257 8.86714 0.607438
threshold=0 553938.00000000012 1 9.2500000000000018
decision_type=5 2 5 2
left_child=3 2 -2 -1
right_child=1 -3 -4 -5
leaf_value=-0.064262462476342874 0.04757520432692583 0.14838182532431041 -0.0036980673575964648 -0
leaf_count=488 245 29 1556 82
internal_value=0 0.208973 0.132307 -0.51199
internal_count=2400 1830 1801 570
cat_boundaries=0 8 11
cat_threshold=5656 536872042 135004272 36936 268435472 132128 133136 268435458 536870976 1073750404 8462336
shrinkage=0.0833459


Tree=8
num_leaves=6
num_cat=2
split_feature=1 16 18 1 0
split_gain=12.8657 10.4987 11.1836 7.8979 0.634678
threshold=0 18433.000000000004 4249.0000000000009 1 9.2500000000000018
decision_type=5 2 2 5 2
left_child=4 3 -3 -2 -1
right_child=1 2 -4 -5 -6
leaf_value=-0.065276939788453905 0.036816315446268177 0.14500894982810758 0 -0.011183079020052063 -0
leaf_count=463 313 106 131 1305 82
internal_value=0 0.19161 0.922403 0.0460203 -0.501578
internal_count=2400 1855 237 1618 545
cat_boundaries=0 8 13
cat_threshold=5144 536872042 135004272 36936 268435472 132128 133136 268435458 536870980 1074012436 8462848 0 2097152
shrinkage=0.0833459


Tree=9
num_leaves=5
num_cat=2
split_feature=1 6 1 10
split_gain=11.3849 8.78621 6.49373 5.41135
threshold=0 346413.00000000006 1 55.211800000000004
decision_type=5 2 5 2
left_child=-1 2 -2 -3
right_child=1 3 -4 -5
leaf_value=-0.040109991917951185 0.035116536054451412 0.12965304297074914 -0.0065729109520773722 -0
leaf_count=547 340 67 1420 26
internal_value=0 0.178257 0.0846911 1.13117
internal_count=2400 1853 1760 93
cat_boundaries=0 8 16
cat_threshold=5656 536872042 135004272 36936 268435472 132096 133136 268435458 536870976 1074209168 8462336 1073741824 0 0 0 128
shrinkage=0.0833459


Tree=10
num_leaves=5
num_cat=2
split_feature=1 6 1 0
split_gain=10.2686 7.60082 6.40046 0.651437
threshold=0 576519.00000000012 1 9.2500000000000018
decision_type=5 2 5 2
left_child=3 2 -2 -1
right_child=1 -3 -4 -5
leaf_value=-0.062789680950938023 0.039060021323734671 0.11562826160587769 -0.0035257419539953317 -0
leaf_count=463 242 26 1587 82
internal_value=0 0.165255 0.10155 -0.466415
internal_count=2400 1855 1829 545
cat_boundaries=0 8 11
cat_threshold=5144 536872042 135004272 36936 268435472 132128 133136 268435458 536870976 1073750420 73728
shrinkage=0.0833459


Tree=11
num_leaves=5
num_cat=2
split_feature=1 4 1 18
split_gain=9.11234 6.73513 7.03983 3.9149
threshold=0 25779.250000000004 1 3679.0000000000005
decision_type=5 2 5 2
left_child=-1 2 -2 -3
right_child=1 3 -4 -5
leaf_value=-0.037227677743254556 0.033238511859211943 0.092943372190736451 -0.01178652524303826 0.0012194483577573987
leaf_count=547 332 138 1268 115
internal_value=0 0.154919 0.0282872 0.697701
internal_count=2400 1853 1600 253
cat_boundaries=0 8 13
cat_threshold=5656 536872042 135004272 36936 268435472 132096 133136 268435458 536903748 401680 8462848 1073741824 2097152
shrinkage=0.0833459


Tree=12
num_leaves=5
num_cat=1
split_feature=16 20 3 16
split_gain=8.44858 6.88112 3.70531 1.65032
threshold=100650.25000000001 0 115.00000000000001 28.750000000000004
decision_type=2 5 2 2
left_child=1 3 -3 -1
right_child=-2 2 -4 -5
leaf_value=0.0088165324473958948 0.096610917170238023 -0.018196662818849879 0.03014223130761013 0.097884658047397904
leaf_count=83 49 2045 168 55
internal_value=0 -0.0318754 -0.136337 0.447468
internal_count=2400 2351 2213 138
cat_boundaries=0 2
cat_threshold=17842176 2
shrinkage=0.0833459


Tree=13
num_leaves=6
num_cat=2
split_feature=1 5 18 1 3
split_gain=8.14383 5.64624 8.01842 4.95589 1.04568
threshold=0 40848.250000000007 3645.2500000000005 1 85.750000000000014
decision_type=5 2 2 5 2
left_child=4 3 -3 -2 -1
right_child=1 2 -4 -5 -6
leaf_value=-0.058252061674732653 0.027383150372647928 0.10275323123436135 0 -0.010601917722490707 0
leaf_count=502 315 126 177 1239 41
internal_value=0 0.145846 0.596797 0.0170904 -0.428716
internal_count=2400 1857 303 1554 543
cat_boundaries=0 8 13
cat_threshold=37912 536872042 135004256 36936 268435472 132128 133136 268435458 536887396 270608 8454656 1073741824 2097280
shrinkage=0.0833459


Tree=14
num_leaves=5
num_cat=1
split_feature=1 21 10 4
split_gain=7.65844 4.81625 4.37249 3.1196
threshold=0 25.000000000000004 35.795200000000008 14744.500000000002
decision_type=5 2 2 2
left_child=-1 3 -3 -2
right_child=1 2 -4 -5
leaf_value=-0.03872562421379408 -0.014272832007656173 0.055313724481805299 0 0.027275740252862942
leaf_count=443 945 429 359 224
internal_value=0 0.13 0.378795 -0.0201846
internal_count=2400 1957 788 1169
cat_boundaries=0 8
cat_threshold=5144 536872034 135004256 36936 268435472 132096 133136 268435458
shrinkage=0.0833459


Tree=15
num_leaves=5
num_cat=1
split_feature=1 21 8 6
split_gain=6.95461 3.97856 3.55897 2.73509
threshold=0 25.000000000000004 152.50000000000003 66613.000000000015
decision_type=5 2 2 2
left_child=-1 3 -3 -2
right_child=1 2 -4 -5
leaf_value=-0.037660825316068222 -0.01346209416467572 0.049511099214845603 0 0.025234640417200669
leaf_count=443 942 381 407 227
internal_value=0 0.119458 0.341964 -0.0164345
internal_count=2400 1957 788 1169
cat_boundaries=0 8
cat_threshold=5144 536872034 135004256 36936 268435472 132096 133136 268435458
shrinkage=0.0833459


Tree=16
num_leaves=7
num_cat=1
split_feature=1 16 21 15 19 10
split_gain=6.52983 6.1033 5.05388 4.18663 1.5513 1.04666
threshold=0 100650.25000000001 25.000000000000004 301.00000000000006 4.7500000000000009 51.137950000000011
decision_type=5 2 2 2 2 2
left_child=3 2 -2 4 -1 -3
right_child=1 5 -4 -5 -6 -7
leaf_value=0.030496224912225679 -0.036153146023116027 0.090202374208737376 0.0010436555725417461 0.11846238750805219 -0.00041397141401050883 0
leaf_count=266 1194 22 795 33 67 23
internal_value=0 -0.120524 -0.213804 0.337783 0.226023 0.770119
internal_count=2400 2034 1989 366 333 45
cat_boundaries=0 9
cat_threshold=536887488 1073947012 73732 1342177280 4194432 0 8 128 32
shrinkage=0.0833459


Tree=17
num_leaves=4
num_cat=1
split_feature=1 4 3
split_gain=5.98155 4.87 4.45774
threshold=0 132478.00000000003 115.00000000000001
decision_type=5 2 2
left_child=-1 2 -2
right_child=1 -3 -4
leaf_value=-0.034805917839660659 -0.00039469209291871448 0.075829553178542494 0.055733587678931204
leaf_count=454 1757 44 145
internal_value=0 0.110826 0.0479035
internal_count=2400 1946 1902
cat_boundaries=0 8
cat_threshold=4120 536872034 135004272 36936 268435472 132096 133136 268435458
shrinkage=0.0833459


Tree=18
num_leaves=7
num_cat=1
split_feature=20 4 10 11 21 21
split_gain=5.59825 5.53421 4.31224 2.35693 1.92295 1.26478
threshold=0 147.25000000000003 3.0594150000000009 42.250000000000007 25.000000000000004 99332.500000000015
decision_type=5 2 2 2 2 2
left_child=1 5 -3 4 -2 -1
right_child=3 2 -4 -5 -6 -7
leaf_value=-0.038060689632330745 0 0.075485750776570701 -0.00032024007237944083 -0.016741703119197312 0.046280672502634762 0
leaf_count=941 189 64 721 35 413 37
internal_value=0 -0.127599 0.0732398 0.280362 0.432057 -0.411053
internal_count=2400 1763 785 637 602 978
cat_boundaries=0 2
cat_threshold=2216692805 813699520
shrinkage=0.0833459


Tree=19
num_leaves=8
num_cat=1
split_feature=2 11 10 4 6 3 21
split_gain=4.07847 5.76562 4.08885 4.58762 3.57099 1.23839 0.678466
threshold=0 1.7500000000000002 54.403800000000011 254.50000000000003 60783.250000000007 203.50000000000003 18401.500000000004
decision_type=5 2 2 2 2 2 2
left_child=1 4 3 -2 -1 -4 -3
right_child=2 6 5 -5 -6 -7 -8
leaf_value=-0.0082763165257677233 -0.0048354797055758783 -0.069597676722503637 -0.031668511895678472 0.057716044829649406 0.04397353405306563 0.014874202127680236 -0
leaf_count=1355 138 199 159 353 136 23 37
internal_value=0 -0.108946 0.238331 0.4867 -0 -0.138364 -0.728692
internal_count=2400 1727 673 491 1491 182 236
cat_boundaries=0 3
cat_threshold=537134373 264 8192
shrinkage=0.0833459


Tree=20
num_leaves=8
num_cat=1
split_feature=1 21 8 0 4 0 19
split_gain=5.33977 5.07818 3.72289 3.32309 2.82132 1.71612 1.53466
threshold=0 25.000000000000004 84.250000000000014 10.750000000000002 132478.00000000003 19.750000000000004 6.2500000000000009
decision_type=5 2 2 2 2 2 2
left_child=3 4 -3 6 -2 -5 -1
right_child=1 2 -4 5 -6 -7 -8
leaf_value=0.061266011629973638 -0.037832820627143028 0.041176310734182965 -0.007033202785115435 -0.032656036291264241 0.022140158965271009 0.027062613446596866 0.00057094089387326472
leaf_count=220 1143 276 539 72 22 41 87
internal_value=0 -0.120701 0.0809059 0.285442 -0.372342 -0 0.552459
internal_count=2400 1980 815 420 1165 113 307
cat_boundaries=0 9
cat_threshold=536887492 1073832324 74244 1342177280 6291584 0 8 128 32
shrinkage=0.0833459


Tree=21
num_leaves=4
num_cat=1
split_feature=1 16 3
split_gain=5.00803 3.55977 2.73317
threshold=0 100650.25000000001 115.00000000000001
decision_type=5 2 2
left_child=-1 2 -2
right_child=1 -3 -4
leaf_value=-0.032978860209981656 -0 0.067567405917615925 0.041000764408268761
leaf_count=454 1753 44 149
internal_value=0 0.0949349 0.0414211
internal_count=2400 1946 1902
cat_boundaries=0 8
cat_threshold=4120 536872034 135004272 36936 268435472 132096 133136 268435458
shrinkage=0.0833459


Tree=22
num_leaves=5
num_cat=2
split_feature=1 2 4 5
split_gain=4.74886 2.68543 3.52986 0.926475
threshold=0 1 438.25000000000006 86190.250000000015
decision_type=5 5 2 2
left_child=3 -2 -3 -1
right_child=1 2 -4 -5
leaf_value=-0.062553641456680714 -0.022821508119742755 -0 0.028730965991782171 0
leaf_count=425 110 1104 729 32
internal_value=0 0.0891408 0.145927 -0.39193
internal_count=2400 1943 1833 457
cat_boundaries=0 8 11
cat_threshold=5144 536872034 135004256 36936 268435472 132096 133140 268435458 536872228 0 8192
shrinkage=0.0833459


Tree=23
num_leaves=8
num_cat=1
split_feature=20 4 18 12 5 18 0
split_gain=4.2045 3.87925 3.71887 2.1035 1.82744 1.54215 1.18311
threshold=0 147.25000000000003 253.75000000000003 16.750000000000004 86190.250000000015 1576.0000000000002 22.750000000000004
decision_type=5 2 2 2 2 2 2
left_child=1 6 -3 5 -5 -2 -1
right_child=3 2 -4 4 -6 -7 -8
leaf_value=-0.034884023621165668 0.046601455579095556 0.054585388940469701 -0.005274813112314496 -0.012779692957722005 0.046047620585030632 -0 0
leaf_count=950 361 159 626 209 36 31 28
internal_value=0 -0.121704 0.0320463 0.230064 0 0.470096 -0.370844
internal_count=2400 1763 785 637 245 392 978
cat_boundaries=0 2
cat_threshold=2216692805 813699520
shrinkage=0.0833459


Tree=24
num_leaves=8
num_cat=1
split_feature=1 21 10 4 10 3 10
split_gain=4.29016 4.98424 3.23473 2.8075 2.4174 1.9036 1.66227
threshold=0 25.000000000000004 34.998900000000006 132478.00000000003 48.842800000000004 85.750000000000014 60.917550000000006
decision_type=5 2 2 2 2 2 2
left_child=4 3 -3 -2 5 -1 -6
right_child=1 2 -4 -5 6 -7 -8
leaf_value=-0 -0.04173686595011078 0.029716353436238505 -0.012498003698039399 0.016195655066858338 0.068873396202276546 0.065008672839822049 -0
leaf_count=378 1020 416 409 22 108 20 27
internal_value=0 -0.123802 0.0581137 -0.40578 0.231003 0.0673414 0.667364
internal_count=2400 1867 825 1042 533 398 135
cat_boundaries=0 9
cat_threshold=536920164 1074225540 74244 1342177280 6291584 0 8 0 32
shrinkage=0.0833459


Tree=25
num_leaves=5
num_cat=1
split_feature=1 6 18 10
split_gain=3.89803 2.42909 3.01674 2.08713
threshold=0 346413.00000000006 921.25000000000011 55.211800000000004
decision_type=5 2 2 2
left_child=-1 2 -2 -3
right_child=1 3 -4 -5
leaf_value=-0.031228115415276859 0.0120733474978583 0.059876185321097293 -0.018056979365042681 -0
leaf_count=428 1373 72 502 25
internal_value=0 0.0755232 0.014667 0.501851
internal_count=2400 1972 1875 97
cat_boundaries=0 8
cat_threshold=4120 536872034 135004256 36936 268435472 132128 133136 268435458
shrinkage=0.0833459


Tree=26
num_leaves=8
num_cat=1
split_feature=1 21 4 8 0 0 18
split_gain=3.71122 4.52903 2.94647 2.87193 1.54089 2.35818 1.1639
threshold=0 25.000000000000004 132478.00000000003 84.250000000000014 10.750000000000002 19.750000000000004 5386.0000000000009
decision_type=5 2 2 2 2 2 2
left_child=4 2 -2 -3 6 -6 -1
right_child=1 3 -4 -5 5 -7 -8
leaf_value=0.035182762659504076 -0.042596031395140066 0.033522923420439485 0.018609290568280257 -0.0083717863690726917 -0.034709223432171345 0.031242088934126711 -0
leaf_count=390 994 276 21 539 79 72 29
internal_value=0 -0.122625 -0.406481 0.0443806 0.203624 -0 0.360547
internal_count=2400 1830 1015 815 570 151 419
cat_boundaries=0 9
cat_threshold=536920292 1074225556 74244 1342177280 6291584 0 8 128 32
shrinkage=0.0833459


Tree=27
num_leaves=8
num_cat=1
split_feature=2 11 3 21 6 0 21
split_gain=2.70073 5.12203 3.30912 3.77786 2.78131 2.6639 0.599226
threshold=0 1.7500000000000002 115.00000000000001 16948.000000000004 60783.250000000007 16.750000000000004 18401.500000000004
decision_type=5 2 2 2 2 2 2
left_child=1 4 5 -4 -1 -2 -3
right_child=2 6 3 -5 -6 -7 -8
leaf_value=-0.0074185532821592313 -0.0026102159315682873 -0.067812397580381129 0.086987457006909852 -0 0.03816478659801479 0.070017094744092248 -0
leaf_count=1355 521 199 103 22 136 27 37
internal_value=0 -0.0993192 0.182557 0.725941 -0 0.0182837 -0.705078
internal_count=2400 1727 673 125 1491 548 236
cat_boundaries=0 3
cat_threshold=537134373 264 8192
shrinkage=0.0833459


Tree=28
num_leaves=8
num_cat=1
split_feature=2 11 10 4 6 10 3
split_gain=2.60071 4.38195 3.11315 3.08879 2.32154 1.76677 1.23749
threshold=0 1.7500000000000002 54.403800000000011 254.50000000000003 60783.250000000007 37.428150000000009 289.00000000000006
decision_type=5 2 2 2 2 2 2
left_child=1 4 3 -2 -1 -3 -4
right_child=2 5 6 -5 -6 -7 -8
leaf_value=-0.0068558043211505203 -0.0021380522371857009 0 -0.032156838530658843 0.047023963048318816 0.034365825866622138 -0.064498486908399655 0.01372790370232854
leaf_count=1355 135 26 161 332 136 234 21
internal_value=0 -0.0960462 0.182361 0.397461 -0 -0.621106 -0.145504
internal_count=2400 1751 649 467 1491 260 182
cat_boundaries=0 3
cat_threshold=537134373 266 9216
shrinkage=0.0833459


Tree=29
num_leaves=6
num_cat=2
split_feature=1 2 4 0 16
split_gain=3.36912 1.92422 2.1673 0.323703 0.368071
threshold=0 1 1423.0000000000002 10.750000000000002 35925.250000000007
decision_type=5 5 2 2 2
left_child=3 -2 -3 4 -1
right_child=1 2 -4 -5 -6
leaf_value=-0.048351486234288595 -0.019555390806287379 -0 0.023984894341542658 -0 -0
leaf_count=466 107 1103 639 59 26
internal_value=0 0.0748091 0.124712 -0.309342 -0.528423
internal_count=2400 1849 1742 551 492
cat_boundaries=0 8 11
cat_threshold=1053208 603980898 135004272 36936 268435472 132128 133140 268435458 536872228 0 8192
shrinkage=0.0833459


Tree=30
num_leaves=8
num_cat=1
split_feature=1 21 10 4 10 10 16
split_gain=2.93506 3.62556 2.55068 2.34417 1.12557 1.49307 1.27413
threshold=0 25.000000000000004 34.998900000000006 132478.00000000003 48.842800000000004 56.815300000000008 2746.7500000000005
decision_type=5 2 2 2 2 2 2
left_child=4 3 -3 -2 6 -6 -1
right_child=1 2 -4 -5 5 -7 -8
leaf_value=0.01707941701372755 -0.037500196678307285 0.025633771307333367 -0.012107564784463861 0.014166407410046263 0.059352909308886828 0 -0.016383404029847112
leaf_count=320 1034 409 406 21 84 53 73
internal_value=0 -0.110949 0.0375675 -0.35805 0.181153 0.487057 0.0541255
internal_count=2400 1870 815 1055 530 137 393
cat_boundaries=0 9
cat_threshold=536920288 1073963420 74244 1342177280 6291584 0 8 128 32
shrinkage=0.0833459


Tree=31
num_leaves=4
num_cat=1
split_feature=1 14 0
split_gain=2.85888 1.97939 1.86942
threshold=0 32.500000000000007 18.250000000000004
decision_type=5 2 2
left_child=-1 2 -2
right_child=1 -3 -4
leaf_value=-0.027339298726563155 -0 0.068557827766949408 0.038498935480647624
leaf_count=454 1823 22 101
internal_value=0 0.0585719 0.0254241
internal_count=2400 1946 1924
cat_boundaries=0 8
cat_threshold=4120 536872034 135004272 36936 268435472 132096 133136 268435458
shrinkage=0.0833459


Tree=32
num_leaves=4
num_cat=2
split_feature=1 2 4
split_gain=2.77059 1.35379 1.84608
threshold=0 1 438.25000000000006
decision_type=5 5 2
left_child=-1 -2 -3
right_child=1 2 -4
leaf_value=-0.028065088162083505 -0.017147174032243324 -3.9528906052558215e-05 0.01933824455887749
leaf_count=419 100 1126 755
internal_value=0 0.0542313 0.0952768
internal_count=2400 1981 1881
cat_boundaries=0 8 11
cat_threshold=4120 536872034 135004256 36936 268435472 132096 133140 268435458 536871972 0 8192
shrinkage=0.0833459


Tree=33
num_leaves=7
num_cat=2
split_feature=20 1 15 4 11 18
split_gain=2.96202 2.74906 3.30754 2.66101 1.81015 1.44182
threshold=0 1 4.7500000000000009 135130.00000000003 42.250000000000007 3059.5000000000005
decision_type=5 5 2 2 2 2
left_child=1 2 -1 -3 5 -2
right_child=4 3 -4 -5 -6 -7
leaf_value=-0.013830135379900828 0.031133871704635042 -0.032089093416125612 0.035692743009389606 0.019676387880342452 -0.0230686770856528 -0
leaf_count=283 536 1264 193 21 35 68
internal_value=0 -0.115488 0.0755293 -0.251662 0.177989 0.295253
internal_count=2400 1761 476 1285 639 604
cat_boundaries=0 2 11
cat_threshold=2216692805 276829632 33892 1074159756 8708 1342177280 6291584 0 8 128 32
shrinkage=0.0833459


Tree=34
num_leaves=5
num_cat=2
split_feature=2 1 16 13
split_gain=2.48639 3.12831 2.56155 0.489779
threshold=0 1 37876.000000000007 67500.250000000015
decision_type=5 5 2 2
left_child=3 -2 -3 -1
right_child=1 2 -4 -5
leaf_value=-0.057848366151751478 -0.026000478993469366 0.003826705178629763 0.044292222242065658 -0
leaf_count=183 337 1717 110 53
internal_value=0 0.0476543 0.115875 -0.313573
internal_count=2400 2164 1827 236
cat_boundaries=0 3 11
cat_threshold=537136420 266 9216 4120 536879202 135004192 32840 268435472 0 133136 268435458
shrinkage=0.0833459


Tree=35
num_leaves=7
num_cat=2
split_feature=20 2 11 18 18 18
split_gain=2.39264 2.76151 3.98352 3.9117 0.856165 0.758513
threshold=0 1 1.7500000000000002 388.00000000000006 104.50000000000001 2159.5000000000005
decision_type=5 5 2 2 2 2
left_child=4 2 -2 -3 -1 -6
right_child=1 3 -4 -5 5 -7
leaf_value=0 -0.0044511169492723488 0.061140108603096918 -0.055027501099553004 -0 0.089065972102781665 0
leaf_count=50 1442 171 310 373 29 25
internal_value=0 -0.0613 -0.165809 0.129215 0.30178 0.791418
internal_count=2400 2296 1752 544 104 54
cat_boundaries=0 2 6
cat_threshold=17055752 2 537199925 328 8192 256
shrinkage=0.0833459


Tree=36
num_leaves=6
num_cat=1
split_feature=1 16 16 8 8
split_gain=2.1587 1.74394 2.07354 1.74607 0.302246
threshold=0 37876.000000000007 2565.2500000000005 1.7500000000000002 2696.5000000000005
decision_type=5 2 2 2 2
left_child=4 2 -2 -3 -1
right_child=1 3 -4 -5 -6
leaf_value=-0.053636155765870344 0.0074903361673959107 -0 -0.018562169410088807 0.054729918124214627 -0
leaf_count=395 1394 84 443 57 27
internal_value=0 0.0423755 -0 0.351845 -0.299809
internal_count=2400 1978 1837 141 422
cat_boundaries=0 8
cat_threshold=4120 536872034 143392864 36936 268435472 132096 133136 268435458
shrinkage=0.0833459


Tree=37
num_leaves=7
num_cat=2
split_feature=20 2 11 10 10 10
split_gain=2.10519 2.38329 3.61517 2.45445 0.0363888 0.792834
threshold=0 1 1.7500000000000002 54.601600000000005 46.045200000000001 35.765900000000009
decision_type=5 5 2 2 2 2
left_child=4 2 -2 -3 5 -1
right_child=1 3 -4 -5 -6 -7
leaf_value=0.032464360431129366 -0.0040411200666051065 0.026311861406260652 -0.053188217312352452 -0.018966847089456829 0.068786685777206411 -0.0003932659141665889
leaf_count=49 1442 402 310 142 33 22
internal_value=0 -0.0568391 -0.155498 0.117622 0.282731 0.0767951
internal_count=2400 2296 1752 544 104 71
cat_boundaries=0 2 6
cat_threshold=17055752 2 537199925 328 8192 256
shrinkage=0.0833459


Tree=38
num_leaves=6
num_cat=2
split_feature=20 1 21 14 0
split_gain=2.00438 2.56474 2.6145 2.1569 0.840764
threshold=0 1 25.000000000000004 1.7500000000000002 3.2500000000000004
decision_type=5 5 2 2 2
left_child=4 3 -3 -2 -1
right_child=1 2 -4 -5 -6
leaf_value=-0.056816158850067335 -0.056737918269258544 -0 0.024737376402177151 0 0
leaf_count=187 358 1133 609 62 51
internal_value=0 0.0400471 0.108564 -0.250944 -0.293128
internal_count=2400 2162 1742 420 238
cat_boundaries=0 2 10
cat_threshold=2216692740 276828352 1052688 603980898 537657440 561224 268435472 132128 133140 268435458
shrinkage=0.0833459


Tree=39
num_leaves=8
num_cat=1
split_feature=1 0 10 10 12 13 16
split_gain=1.96097 3.28784 3.29777 1.67318 1.36548 0.868891 0.600881
threshold=0 18.250000000000004 52.60455000000001 51.296500000000002 31.750000000000004 1813.7500000000002 40.750000000000007
decision_type=5 2 2 2 2 2 2
left_child=3 2 -2 4 -1 -3 -5
right_child=1 5 -4 6 -6 -7 -8
leaf_value=0.018802334881672642 -0.0026862914299823201 0.066757117682568132 -0.045443678275452759 0 -0.025681780150358522 -0 0.058614422134799893
leaf_count=169 1619 52 384 29 64 22 61
internal_value=0 -0.0788965 -0.147567 0.181207 0 0.56899 0.569634
internal_count=2400 2077 2003 323 233 74 90
cat_boundaries=0 9
cat_threshold=536887360 1073832076 66052 1342177280 6291584 0 0 0 32
shrinkage=0.0833459


Tree=40
num_leaves=8
num_cat=1
split_feature=1 0 14 0 19 18 15
split_gain=1.6945 2.81292 2.93784 2.15563 2.52621 0.840238 0.779874
threshold=0 18.250000000000004 32.500000000000007 10.750000000000002 6.2500000000000009 130.75000000000003 4.7500000000000009
decision_type=5 2 2 2 2 2 2
left_child=3 2 -2 4 -1 -3 -5
right_child=1 5 -4 6 -6 -7 -8
leaf_value=0.052695396558145924 -0.015339694295288248 0.061815707516633803 0.054888641265366293 -0.03793640024865446 -0 -0 0
leaf_count=177 1991 51 25 43 64 23 26
internal_value=0 -0.0714921 -0.135888 0.173079 0.406469 0.515315 -0.105557
internal_count=2400 2090 2016 310 241 74 69
cat_boundaries=0 9
cat_threshold=536920128 1073758340 66052 1342177280 6291584 0 0 0 32
shrinkage=0.0833459


Tree=41
num_leaves=6
num_cat=2
split_feature=20 21 10 1 0
split_gain=1.65611 2.17491 1.69731 1.61545 0.789558
threshold=0 25.000000000000004 35.795200000000008 1 3.2500000000000004
decision_type=5 2 2 5 2
left_child=4 3 -3 -2 -1
right_child=1 2 -4 -5 -6
leaf_value=-0.054361470916568212 0.006692790055388656 0.029487795589509147 -0 -0.01571684704666956 0
leaf_count=187 331 440 336 1055 51
internal_value=0 0.03746 0.197344 -0.0677432 -0.269261
internal_count=2400 2162 776 1386 238
cat_boundaries=0 2 11
cat_threshold=2216692740 276828352 536887396 1073832092 8708 1073741824 128 0 8 0 32
shrinkage=0.0833459


Tree=42
num_leaves=7
num_cat=1
split_feature=20 16 18 18 16 6
split_gain=1.46758 2.03712 2.28033 0.834168 0.898514 0.0271518
threshold=0 100650.25000000001 921.25000000000011 104.50000000000001 6836.5000000000009 509778.00000000006
decision_type=5 2 2 2 2 2
left_child=3 2 -2 -1 -5 -3
right_child=1 5 -4 4 -6 -7
leaf_value=0 0 0 -0.0255222238202262 0.079158129253925402 0 0.039034096733397243
leaf_count=50 1645 20 602 25 29 29
internal_value=0 -0.0480924 -0.100344 0.232602 0.627017 0.396303
internal_count=2400 2296 2247 104 54 49
cat_boundaries=0 2
cat_threshold=17055752 2
shrinkage=0.0833459


Tree=43
num_leaves=7
num_cat=1
split_feature=1 16 18 18 8 19
split_gain=1.63 1.18903 2.47081 2.24005 0.167064 0.181066
threshold=0 37876.000000000007 921.25000000000011 3729.2500000000005 2696.5000000000005 117.25000000000001
decision_type=5 2 2 2 2 2
left_child=4 2 -2 -3 5 -1
right_child=1 3 -4 -5 -6 -7
leaf_value=-0.049475695825778335 0.0088848105286449611 0.065260159185510633 -0.019780950002760134 -0 -0 -0
leaf_count=375 1356 41 458 95 27 48
internal_value=0 0.0415686 0 0.304641 -0.253729 -0.526302
internal_count=2400 1950 1814 136 450 423
cat_boundaries=0 8
cat_threshold=4120 536872034 680263776 36936 268435472 132096 133140 268435458
shrinkage=0.0833459


Tree=44
num_leaves=6
num_cat=3
split_feature=20 1 2 0 0
split_gain=1.82512 1.77882 1.34701 1.19452 0.660374
threshold=0 1 2 18.250000000000004 1.7500000000000002
decision_type=5 5 5 2 2
left_child=4 3 -3 -2 -1
right_child=1 2 -4 -5 -6
leaf_value=-0.055145516896383154 -0.028738468504189228 -0.013364036548308082 0.012887953204804178 0.0037454344645528807 -0
leaf_count=178 497 100 1548 27 50
internal_value=0 0.0421091 0.111497 -0.151396 -0.279471
internal_count=2400 2172 1648 524 228
cat_boundaries=0 2 10 13
cat_threshold=2216692800 276894144 4120 603981154 9175152 36928 268435456 132128 133136 268435458 536872228 0 8192
shrinkage=0.0833459


Tree=45
num_leaves=6
num_cat=2
split_feature=20 16 18 1 0
split_gain=1.57937 1.81177 3.8513 2.06123 0.731849
threshold=0 18433.000000000004 3645.2500000000005 1 3.2500000000000004
decision_type=5 2 2 5 2
left_child=4 3 -3 -2 -1
right_child=1 2 -4 -5 -6
leaf_value=-0.05325807609823268 0.012633773529551891 0.060744912563319417 -0 -0.010278025906263309 0
leaf_count=211 463 103 147 1421 55
internal_value=0 0.0372635 0.292816 -0.00659291 -0.262886
internal_count=2400 2134 250 1884 266
cat_boundaries=0 2 8
cat_threshold=2216692804 276828608 536920164 352284 8462864 1073741824 2097280 32
shrinkage=0.0833459


Tree=46
num_leaves=6
num_cat=2
split_feature=20 21 10 1 0
split_gain=1.81649 2.29357 1.76639 1.30087 0.237261
threshold=0 25.000000000000004 35.795200000000008 1 3.2500000000000004
decision_type=5 2 2 5 2
left_child=4 3 -3 -2 -1
right_child=1 2 -4 -5 -6
leaf_value=-0.048473211016532944 0.0053586494439341213 0.030773692331355136 -0 -0.014590753994428073 -0
leaf_count=241 329 406 310 1044 70
internal_value=0 0.0419964 0.209314 -0.0651576 -0.271244
internal_count=2400 2089 716 1373 311
cat_boundaries=0 2 11
cat_threshold=2216692804 813766080 536872036 1073881236 8708 1073741824 6291584 0 8 0 32
shrinkage=0.0833459


Tree=47
num_leaves=8
num_cat=1
split_feature=2 11 18 4 6 6 19
split_gain=1.31506 2.71504 2.58084 4.84724 2.94901 1.78606 0.690375
threshold=0 1.7500000000000002 701.50000000000011 438.25000000000006 243173.50000000003 60783.250000000007 644.50000000000011
decision_type=5 2 2 2 2 2 2
left_child=1 5 3 -2 -4 -1 -3
right_child=2 6 4 -5 -6 -7 -8
leaf_value=-0.006970096843066733 -0 -0.056508060123994411 -0.026022914824593072 0.07928654323191868 0.026606052985677451 0.028746216174741192 -0
leaf_count=1355 162 203 272 123 104 136 45
internal_value=0 -0.0785736 0.118319 0.467283 -0 -0 -0.56028
internal_count=2400 1739 661 285 376 1491 248
cat_boundaries=0 3
cat_threshold=537134373 264 9216
shrinkage=0.0833459


Tree=48
num_leaves=8
num_cat=1
split_feature=2 3 11 6 10 15 21
split_gain=1.29891 2.64093 2.32353 1.50104 1.24934 1.20665 0.878249
threshold=0 115.00000000000001 1.7500000000000002 60783.250000000007 37.428150000000009 100.00000000000001 10322.500000000002
decision_type=5 2 2 2 2 2 2
left_child=2 5 3 -1 -4 -2 -3
right_child=1 6 4 -5 -6 -7 -8
leaf_value=-0.0064380753455189682 -0.015082583799992706 0.061738938418074825 0 0.02608119945745048 -0.052672777840263994 0.016219050524650735 -0
leaf_count=1355 307 90 26 136 246 220 20
internal_value=0 0.120574 -0.076562 -0 -0.486328 0 0.6039
internal_count=2400 637 1763 1491 272 527 110
cat_boundaries=0 3
cat_threshold=537134373 1073742090 9216
shrinkage=0.0833459


Tree=49
num_leaves=5
num_cat=2
split_feature=1 2 19 14
split_gain=1.23439 0.937636 1.09344 0.771595
threshold=0 1 3.2500000000000004 1.7500000000000002
decision_type=5 5 2 2
left_child=3 -2 -3 -1
right_child=1 2 -4 -5
leaf_value=-0.049514492318295161 -0.014515146542670018 0 0.017651686607371882 0
leaf_count=381 110 1341 503 65
internal_value=0 0.0321486 0.0701957 -0.233061
internal_count=2400 1954 1844 446
cat_boundaries=0 8 11
cat_threshold=4120 536872034 671875168 36936 268435472 131104 133140 268435458 536872324 0 8192
shrinkage=0.0833459


Tree=50
num_leaves=6
num_cat=2
split_feature=20 21 18 1 4
split_gain=1.10325 1.56886 1.61653 1.10395 0.398971
threshold=0 25.000000000000004 921.25000000000011 1 33350.500000000007
decision_type=5 2 2 5 2
left_child=4 3 -3 -2 -1
right_child=1 2 -4 -5 -6
leaf_value=-0.053096158316595518 0.0051058491756473673 0.024204320834591543 -0.00027628033592245023 -0.013289180207721693 -0
leaf_count=177 322 592 225 1052 32
internal_value=0 0.0263984 0.160432 -0.0632351 -0.234723
internal_count=2400 2191 817 1374 209
cat_boundaries=0 2 11
cat_threshold=2216692800 276828608 536888384 1073889436 516 1073741824 6291584 0 8 0 32
shrinkage=0.0833459


Tree=51
num_leaves=7
num_cat=2
split_feature=20 16 18 18 16 7
split_gain=1.05361 1.53347 2.01217 0.735248 0.85177 0.602036
threshold=0 100650.25000000001 921.25000000000011 104.50000000000001 6836.5000000000009 1
decision_type=5 2 2 2 2 1
left_child=3 2 -2 -1 -5 -3
right_child=1 5 -4 4 -6 -7
leaf_value=0 0 0 -0.024099473832640626 0.068631892177182185 0 0.046272592756737667
leaf_count=50 1645 22 602 25 29 27
internal_value=0 -0.0444594 -0.0921431 0.190952 0.527277 0.332529
internal_count=2400 2296 2247 104 54 49
cat_boundaries=0 2 3
cat_threshold=17055752 2 2
shrinkage=0.0833459


Tree=52
num_leaves=6
num_cat=1
split_feature=2 4 10 0 3
split_gain=1.44758 1.74305 2.67084 1.17966 0.126419
threshold=0 438.25000000000006 53.757600000000004 22.750000000000004 210.25000000000003
decision_type=5 2 2 2 2
left_child=4 3 -3 -2 -1
right_child=1 2 -4 -5 -6
leaf_value=-0.049748121637306845 -0.010545045833267071 0.026715637488395332 -0.0087922746914985226 0.026661810565703322 -0
leaf_count=186 1328 559 252 47 28
internal_value=0 0.0341431 0.172202 -0.063872 -0.257013
internal_count=2400 2186 811 1375 214
cat_boundaries=0 3
cat_threshold=537134372 1073742090 9216
shrinkage=0.0833459


Tree=53
num_leaves=8
num_cat=1
split_feature=2 3 11 0 11 10 6
split_gain=0.876874 2.30796 1.95895 1.93319 1.47063 1.24817 1.18417
threshold=0 115.00000000000001 1.7500000000000002 16.750000000000004 40.750000000000007 37.428150000000009 60783.250000000007
decision_type=5 2 2 2 2 2 2
left_child=2 3 6 -2 -3 -4 -1
right_child=1 4 5 -5 -6 -7 -8
leaf_value=-0.0057844040236702202 -0.007768559044609347 0.061326763373606701 0 0.053936655235342669 -0 -0.053973723904520793 0.02289537536157691
leaf_count=1355 514 86 26 25 24 234 136
internal_value=0 0.0948212 -0.0661 -0 0.535001 -0.475578 -0
internal_count=2400 649 1751 539 110 260 1491
cat_boundaries=0 3
cat_threshold=537134373 266 9216
shrinkage=0.0833459


Tree=54
num_leaves=6
num_cat=2
split_feature=2 1 0 4 3
split_gain=1.15249 1.30367 1.64163 1.45208 0.100489
threshold=0 1 18.250000000000004 147.25000000000003 210.25000000000003
decision_type=5 5 2 2 2
left_child=4 2 -2 -3 -1
right_child=1 3 -4 -5 -6
leaf_value=-0.046694566359161978 -0.033788461226966507 -0.00021184392131169067 0.01276477085366578 0.017722052405973226 -0
leaf_count=186 417 1046 21 702 28
internal_value=0 0.0293688 -0.148609 0.0864425 -0.233323
internal_count=2400 2186 438 1748 214
cat_boundaries=0 3 11
cat_threshold=537134372 1073742090 9216 1052688 603980130 671875168 561224 268435472 32 133136 268435458
shrinkage=0.0833459


Tree=55
num_leaves=8
num_cat=1
split_feature=1 0 10 15 13 0 13
split_gain=0.902615 2.10054 2.19695 1.67278 1.80519 0.85919 0.552435
threshold=0 18.250000000000004 34.218200000000003 4.7500000000000009 5263.0000000000009 10.750000000000002 1813.7500000000002
decision_type=5 2 2 2 2 2 2
left_child=3 2 -2 5 -5 -1 -3
right_child=1 6 -4 4 -6 -7 -8
leaf_value=0.0023218396299574005 0.0019946442365400912 0.049681898600012826 -0.022461369331909457 0.057999941929410465 0 -0.037732489169991869 -0
leaf_count=217 882 52 1013 83 87 44 22
internal_value=0 -0.0593369 -0.122966 0.111624 0.373174 -0 0.425477
internal_count=2400 1969 1895 431 170 261 74
cat_boundaries=0 9
cat_threshold=536921184 1073897612 66052 1342177280 4194432 0 0 128 32
shrinkage=0.0833459


Tree=56
num_leaves=6
num_cat=1
split_feature=20 21 18 12 4
split_gain=0.970461 1.37125 1.41259 0.944735 0.353715
threshold=0 25.000000000000004 921.25000000000011 192.25000000000003 33350.500000000007
decision_type=5 2 2 2 2
left_child=4 3 -3 -2 -1
right_child=1 2 -4 -5 -6
leaf_value=-0.051236331662617471 -0.011077516369244367 0.022712448076522115 -0 0.011873157052486587 -0
leaf_count=177 1163 592 225 211 32
internal_value=0 0.0270993 0.152453 -0.0558993 -0.220287
internal_count=2400 2191 817 1374 209
cat_boundaries=0 2
cat_threshold=2216692800 276828608
shrinkage=0.0833459


Tree=57
num_leaves=7
num_cat=2
split_feature=20 2 10 10 10 10
split_gain=0.850045 1.33383 2.40302 1.78829 0.396053 0.286083
threshold=0 1 34.871900000000004 56.509450000000008 46.045200000000001 35.765900000000009
decision_type=5 5 2 2 2 2
left_child=4 2 -2 -3 5 -1
right_child=1 3 -4 -5 -6 -7
leaf_value=0.017427401645779741 0 0.019422802906979859 -0.028135177156496459 -0.028415993444392107 0.046728260575140887 -0.0067028184820422942
leaf_count=49 1038 468 698 92 33 22
internal_value=0 -0.0380124 -0.115617 0.0888988 0.173647 0
internal_count=2400 2296 1736 560 104 71
cat_boundaries=0 2 6
cat_threshold=17055752 2 66997 320 8192 256
shrinkage=0.0833459


Tree=58
num_leaves=7
num_cat=1
split_feature=1 18 16 6 16 12
split_gain=0.859082 1.0991 3.42841 1.984 1.04021 1.97636
threshold=0 921.25000000000011 1.7500000000000002 222467.00000000003 43495.750000000007 1.7500000000000002
decision_type=5 2 2 2 2 2
left_child=4 2 -2 -3 5 -1
right_child=1 3 -4 -5 -6 -7
leaf_value=-0 -0 -0.024316474611017297 0.039109442508263141 0.0098579106305355865 0.00215193085479132 -0.053765186196724886
leaf_count=279 930 371 333 197 26 264
internal_value=0 0.0372538 0.133347 -0.063753 -0.148559 -0.323684
internal_count=2400 1831 1263 568 569 543
cat_boundaries=0 8
cat_threshold=4120 603981154 143392880 561224 268435472 131072 133140 268435458
shrinkage=0.0833459


Tree=59
num_leaves=6
num_cat=1
split_feature=1 5 18 18 0
split_gain=0.829945 0.950136 2.3864 2.0288 0.401092
threshold=0 40848.250000000007 3645.2500000000005 826.75000000000011 10.750000000000002
decision_type=5 2 2 2 2
left_child=4 3 -3 -2 -1
right_child=1 2 -4 -5 -6
leaf_value=-0.039586202804484362 0.0045419696378746583 0.041261100451676261 -0 -0.026020866272215185 0
leaf_count=408 1310 136 178 309 59
internal_value=0 0.0266195 0.192582 -0.00667933 -0.19203
internal_count=2400 1933 314 1619 467
cat_boundaries=0 8
cat_threshold=4120 536872034 135004272 36936 268435472 131104 133136 268435458
shrinkage=0.0833459


Tree=60
num_leaves=6
num_cat=3
split_feature=20 1 2 13 14
split_gain=0.837272 1.1778 1.0093 0.712462 0.49374
threshold=0 1 2 4927.0000000000009 1.7500000000000002
decision_type=5 5 5 2 2
left_child=3 4 -3 -1 -2
right_child=1 2 -4 -5 -6
leaf_value=-0.051921478714091585 -0.033272612502005972 -0.011988460880042549 0.0093912000450453968 -0 0
leaf_count=156 404 114 1600 58 68
internal_value=0 0.0247003 0.0745824 -0.201763 -0.166711
internal_count=2400 2186 1714 214 472
cat_boundaries=0 2 10 13
cat_threshold=2216692736 276894144 4632 536872034 546046048 561216 268435472 132128 133140 268435458 536872356 0 8192
shrinkage=0.0833459


Tree=61
num_leaves=6
num_cat=1
split_feature=20 21 21 3 13
split_gain=0.833889 1.29767 1.19541 1.18787 0.666333
threshold=0 7720.7500000000009 44447.500000000007 115.00000000000001 4927.0000000000009
decision_type=5 2 2 2 2
left_child=4 3 -3 -2 -1
right_child=1 2 -4 -5 -6
leaf_value=-0.051604527649603452 -0.0063780019031829992 0.033611127093789397 -0 0.022334807770201803 -0
leaf_count=168 1619 267 171 115 60
internal_value=0 0.0224273 0.221389 -0.0189428 -0.202804
internal_count=2400 2172 438 1734 228
cat_boundaries=0 2
cat_threshold=2216692800 276894144
shrinkage=0.0833459


Tree=62
num_leaves=7
num_cat=1
split_feature=1 18 4 19 5 8
split_gain=0.789413 0.665125 3.69911 2.97934 0.513803 0.184798
threshold=0 921.25000000000011 5444.5000000000009 36.250000000000007 121993.00000000001 2696.5000000000005
decision_type=5 2 2 2 2 2
left_child=4 2 -2 -3 5 -1
right_child=1 3 -4 -5 -6 -7
leaf_value=-0.043758949068796099 -0 -0.039093312670922212 0.053838788359148682 0.0068116779204520994 0 -0
leaf_count=401 1220 225 110 356 26 62
internal_value=0 0.0248273 0.0955365 -0.0503747 -0.179815 -0.416345
internal_count=2400 1911 1330 581 489 463
cat_boundaries=0 8
cat_threshold=4120 603980898 143392864 561224 268435472 132128 133140 268435458
shrinkage=0.0833459


Tree=63
num_leaves=8
num_cat=1
split_feature=20 4 18 12 21 16 21
split_gain=0.787836 2.33575 3.1758 1.84552 1.31243 1.16522 0.843548
threshold=0 147.25000000000003 253.75000000000003 16.750000000000004 14005.750000000002 40927.750000000007 99332.500000000015
decision_type=5 2 2 2 2 2 2
left_child=1 6 -3 4 -2 -5 -1
right_child=3 2 -4 5 -6 -7 -8
leaf_value=-0.027799560714263559 0.0022554656866620748 0.051837756613204881 -0.0033893821263038552 -0.022784650702225358 0.050020150029651038 0.014640146469549115 0
leaf_count=930 259 155 614 217 151 37 37
internal_value=0 -0.0665886 0.0484035 0.0843731 0.278634 -0.0808333 -0.282756
internal_count=2400 1736 769 664 410 254 967
cat_boundaries=0 2
cat_threshold=2217217089 276895168
shrinkage=0.0833459


Tree=64
num_leaves=6
num_cat=2
split_feature=2 4 16 20 14
split_gain=0.911797 0.979948 2.08559 1.7641 0.35916
threshold=0 852.25000000000011 2565.2500000000005 1 4.7500000000000009
decision_type=5 2 2 5 2
left_child=4 3 -3 -2 -1
right_child=1 2 -4 -5 -6
leaf_value=-0.046370529201538419 -0.014669106121465708 0.03434507446476763 -0 0.0095417137505693066 -0
leaf_count=180 969 279 503 434 35
internal_value=0 0.0266253 0.131676 -0.0422224 -0.210377
internal_count=2400 2185 782 1403 215
cat_boundaries=0 3 5
cat_threshold=537199908 266 9216 2147550209 10555400
shrinkage=0.0833459


Tree=65
num_leaves=8
num_cat=1
split_feature=1 16 14 10 19 19 11
split_gain=0.807195 1.34039 1.34283 1.04415 1.0033 2.47707 1.18712
threshold=0 37876.000000000007 12.250000000000002 52.286850000000008 9.2500000000000018 130.75000000000003 31.750000000000004
decision_type=5 2 2 2 2 2 2
left_child=4 2 -2 -3 6 -6 -1
right_child=1 3 -4 -5 5 -7 -8
leaf_value=0.031802980554901487 -0.014391210675933382 0.030032510180321451 0.027760441391082292 -0 -0.054056159576519089 0.019004149311144952 -0
leaf_count=258 1785 100 44 47 37 64 65
internal_value=0 -0.0547444 -0.128134 0.171314 0.10767 -0.000437729 0.263988
internal_count=2400 1976 1829 147 424 101 323
cat_boundaries=0 9
cat_threshold=536903780 1073954972 66052 1342177280 6291584 0 0 128 32
shrinkage=0.0833459


Tree=66
num_leaves=6
num_cat=2
split_feature=2 16 1 8 3
split_gain=0.79459 0.932763 1.6482 1.26322 0.126876
threshold=0 40927.750000000007 1 1.7500000000000002 210.25000000000003
decision_type=5 2 5 2 2
left_child=4 2 -2 -3 -1
right_child=1 3 -4 -5 -6
leaf_value=-0.042148941597980126 0.011592832879663156 -0 -0.0082619711132930571 0.044590996816518985 -0
leaf_count=186 538 63 1541 44 28
internal_value=0 0.0249491 -0 0.265031 -0.197159
internal_count=2400 2186 2079 107 214
cat_boundaries=0 3 11
cat_threshold=537134372 1073742090 9216 536904300 483484 8462864 1073741824 6291456 32 0 128
shrinkage=0.0833459


Tree=67
num_leaves=6
num_cat=2
split_feature=20 2 19 5 3
split_gain=0.737173 0.919971 1.21614 0.469011 0.248806
threshold=0 1 296.50000000000006 81471.250000000015 210.25000000000003
decision_type=5 5 2 2 2
left_child=3 4 -3 -1 -2
right_child=1 2 -4 -5 -6
leaf_value=-0.049039791475338511 -0.039220289870234508 0.0011285016696622925 0.030730226814338835 0 -0
leaf_count=191 173 1837 138 26 35
internal_value=0 0.0232108 0.0642629 -0.195609 -0.165181
internal_count=2400 2183 1975 217 208
cat_boundaries=0 2 5
cat_threshold=69209152 276895168 805635364 266 9216
shrinkage=0.0833459


Tree=68
num_leaves=6
num_cat=2
split_feature=2 1 10 19 21
split_gain=0.612163 0.943068 0.786979 0.644718 0.308707
threshold=0 1 54.403800000000011 3494.5000000000005 17563.000000000004
decision_type=5 5 2 2 2
left_child=3 4 -3 -1 -2
right_child=1 2 -4 -5 -6
leaf_value=-0.045034630524987358 -0.04279048139266188 0.0099327813901900087 -0.0055414240951911688 0 -0
leaf_count=179 300 1457 318 34 112
internal_value=0 0.021191 0.0645787 -0.174117 -0.161796
internal_count=2400 2187 1775 213 412
cat_boundaries=0 3 11
cat_threshold=537134500 264 9216 1052696 603979874 680263776 32840 268435472 131072 133136 268435458
shrinkage=0.0833459


Tree=69
num_leaves=7
num_cat=1
split_feature=1 10 10 21 14 9
split_gain=0.640897 0.554286 2.09898 1.0314 0.137906 0.06372
threshold=0 37.034950000000009 45.53820000000001 25.000000000000004 1.7500000000000002 10.750000000000002
decision_type=5 2 2 2 2 2
left_child=4 3 -3 -2 5 -1
right_child=1 2 -4 -5 -6 -7
leaf_value=-0.034386881375537644 -0 -0.031994099392796488 0.0043884208122788029 0.019303736785542824 -0 -0
leaf_count=395 622 218 675 391 71 28
internal_value=0 0.0220432 -0.027949 0.100411 -0.163218 -0.356602
internal_count=2400 1906 893 1013 494 423
cat_boundaries=0 8
cat_threshold=1052696 603980898 143392864 36936 268435472 132128 133140 268435458
shrinkage=0.0833459


Tree=70
num_leaves=7
num_cat=1
split_feature=20 10 10 18 9 16
split_gain=0.594929 0.958638 0.894903 0.837095 0.780684 0.702991
threshold=0 54.403800000000011 51.137950000000011 104.50000000000001 3.2500000000000004 6836.5000000000009
decision_type=5 2 2 2 2 2
left_child=3 2 -2 -1 -3 -5
right_child=1 4 -4 5 -6 -7
leaf_value=-0 -0.0022878463026684741 -0.027118261735886263 0.025199054075749322 0.059253172393749415 0 0
leaf_count=54 1767 356 131 25 38 29
internal_value=0 -0.0352604 0 0.139949 -0.238801 0.449443
internal_count=2400 2292 1898 108 394 54
cat_boundaries=0 2
cat_threshold=17186816 2
shrinkage=0.0833459


Tree=71
num_leaves=8
num_cat=1
split_feature=1 0 10 0 13 15 18
split_gain=0.561697 1.6757 1.48061 1.36092 1.86112 0.619779 0.52052
threshold=0 18.250000000000004 52.60455000000001 10.750000000000002 5263.0000000000009 4.7500000000000009 130.75000000000003
decision_type=5 2 2 2 2 2 2
left_child=3 2 -2 4 -1 -5 -3
right_child=1 6 -4 5 -6 -7 -8
leaf_value=0.034281352155611393 -0.0017923287601940097 0.04503484426936212 -0.03453539462816671 -0.037540203711910178 -0.0012330496856105329 0 -0
leaf_count=269 1537 51 357 44 91 28 23
internal_value=0 -0.0479778 -0.107923 0.0869653 0.236664 -0.170473 0.375652
internal_count=2400 1968 1894 432 360 72 74
cat_boundaries=0 9
cat_threshold=536921184 1073766556 66052 1342177280 4194432 0 0 128 32
shrinkage=0.0833459


Tree=72
num_leaves=6
num_cat=2
split_feature=16 18 1 7 12
split_gain=0.569638 1.56222 1.97048 0.536591 0.519718
threshold=100650.25000000001 3645.2500000000005 0 1 13.750000000000002
decision_type=2 2 5 1 2
left_child=1 2 -1 -2 -3
right_child=3 4 -4 -5 -6
leaf_value=-0.018761481308392582 -0 0 0.006414951516176999 0.03798124345148092 -0.040839047161705604
leaf_count=470 22 26 1687 27 168
internal_value=0 -0.0262397 0 0.244233 -0.382122
internal_count=2400 2351 2157 49 194
cat_boundaries=0 8 9
cat_threshold=1053712 604111110 671875168 557128 268435472 131072 133140 268435458 2
shrinkage=0.0833459


Tree=73
num_leaves=6
num_cat=2
split_feature=20 3 1 12 4
split_gain=0.549172 0.760532 1.65439 1.22243 0.280124
threshold=0 115.00000000000001 1 61.000000000000007 33350.500000000007
decision_type=5 2 5 2 2
left_child=4 2 -2 -3 -1
right_child=1 3 -4 -5 -6
leaf_value=-0.044919926987797398 -0.020725819337664424 -0 0.0037252871447271234 0.03943120452661289 -0
leaf_count=177 310 76 1727 78 32
internal_value=0 0.0154016 -0 0.23883 -0.174011
internal_count=2400 2191 2037 154 209
cat_boundaries=0 2 10
cat_threshold=2216692800 276828608 536875008 1073939554 9183268 32832 0 32 133120 268435458
shrinkage=0.0833459


Tree=74
num_leaves=7
num_cat=2
split_feature=2 1 21 0 21 17
split_gain=0.545556 1.84983 2.14604 1.94728 1.31059 1.11259
threshold=0 1 18401.500000000004 12.250000000000002 12696.250000000002 313.00000000000006
decision_type=5 5 2 2 2 2
left_child=4 3 -3 -2 5 -1
right_child=1 2 -4 -5 -6 -7
leaf_value=-0 0.0296701483979902 -0.018955192412010918 0.009523957110185494 -0.025459346174711912 -0.0076092687464009911 0.042617420110476187
leaf_count=63 289 1518 308 44 43 135
internal_value=0 -0.0384985 -0.11814 0.148609 0.117914 0.36705
internal_count=2400 2159 1826 333 241 198
cat_boundaries=0 4 12
cat_threshold=1082136592 533056 0 256 32780 1073889432 545333764 1073741824 4194304 0 0 128
shrinkage=0.0833459


Tree=75
num_leaves=6
num_cat=1
split_feature=20 21 12 19 5
split_gain=0.557247 0.799079 0.869053 0.807007 0.418345
threshold=0 25.000000000000004 104.50000000000001 188.50000000000003 83866.750000000015
decision_type=5 2 2 2 2
left_child=4 3 -3 -2 -1
right_child=1 2 -4 -5 -6
leaf_value=-0.046340163887115204 -0.010015200461827013 0.015914503947175564 -0.0024856759406413059 0.011112253933881764 0
leaf_count=191 1202 637 169 174 27
internal_value=0 0.0144151 0.112558 -0.0463347 -0.176195
internal_count=2400 2182 806 1376 218
cat_boundaries=0 2
cat_threshold=69733440 276894144
shrinkage=0.0833459


Tree=76
num_leaves=6
num_cat=1
split_feature=20 21 18 12 4
split_gain=0.495937 0.698735 1.04682 0.744428 0.200811
threshold=0 25.000000000000004 3645.2500000000005 192.25000000000003 33350.500000000007
decision_type=5 2 2 2 2
left_child=4 3 -3 -2 -1
right_child=1 2 -4 -5 -6
leaf_value=-0.043117953902664673 -0.0097638441686860502 0.014372631087845185 -0.012703975277281709 0.010479289453012295 -0
leaf_count=188 1152 739 78 209 34
internal_value=0 0.0125225 0.10352 -0.0446387 -0.167221
internal_count=2400 2178 817 1361 222
cat_boundaries=0 2
cat_threshold=2217217088 276828608
shrinkage=0.0833459


Tree=77
num_leaves=5
num_cat=0
split_feature=16 18 4 19
split_gain=0.499807 1.09986 2.40599 2.07494
threshold=114552.50000000001 921.25000000000011 4602.2500000000009 36.250000000000007
decision_type=2 2 2 2
left_child=1 2 -1 -3
right_child=-2 3 -4 -5
leaf_value=-0.0021560962893642116 0.022141988538489019 -0.042403829015518577 0.037285165144577852 -0
leaf_count=1550 30 261 159 400
internal_value=0 -0.0255936 0.0278074 -0.167314
internal_count=2400 2370 1709 661
shrinkage=0.0833459


Tree=78
num_leaves=6
num_cat=2
split_feature=2 1 13 19 13
split_gain=0.512313 0.752877 0.932738 0.858121 0.103133
threshold=0 1 184.75000000000003 296.50000000000006 65139.250000000007
decision_type=5 5 2 2 2
left_child=4 2 -2 -3 -1
right_child=1 3 -4 -5 -6
leaf_value=-0.037890842965470739 -0 0.00078951262692740693 -0.040715815847413052 0.0258554997655377 -0
leaf_count=178 312 1594 139 142 35
internal_value=0 0.0135471 -0.11729 0.0606851 -0.164802
internal_count=2400 2187 451 1736 213
cat_boundaries=0 3 11
cat_threshold=537134500 266 8192 4112 603980130 680263792 557128 268435472 0 133136 268435458
shrinkage=0.0833459


Tree=79
num_leaves=6
num_cat=2
split_feature=20 2 19 5 3
split_gain=0.517561 0.625019 0.928871 0.358883 0.119029
threshold=0 1 296.50000000000006 83866.750000000015 210.25000000000003
decision_type=5 5 2 2 2
left_child=3 4 -3 -1 -2
right_child=1 2 -4 -5 -6
leaf_value=-0.045101913712816459 -0.034279715750815058 0.0001704247092281114 0.025711967651256901 -0 -0
leaf_count=188 173 1839 137 27 36
internal_value=0 0.0129698 0.0488423 -0.170892 -0.142158
internal_count=2400 2185 1976 215 209
cat_boundaries=0 2 5
cat_threshold=69733440 813766016 805635364 266 9216
shrinkage=0.0833459


Tree=80
num_leaves=7
num_cat=1
split_feature=1 4 10 9 19 0
split_gain=0.459054 3.45117 1.56827 1.29759 1.08745 0.886044
threshold=0 25779.250000000004 54.403800000000011 3.2500000000000004 6.2500000000000009 18.250000000000004
decision_type=5 2 2 2 2 2
left_child=1 4 5 -4 -1 -2
right_child=2 -3 3 -5 -6 -7
leaf_value=0.0050764779788578423 -0.0020218313653030204 0.066657641551441077 -0.041623296145831476 0 -0.031516868779013989 0.030609106072800481
leaf_count=218 1674 38 302 38 65 65
internal_value=0 0.0804507 -0.0442835 -0.356861 -0 0
internal_count=2400 321 2079 340 283 1739
cat_boundaries=0 9
cat_threshold=536888384 1073832068 66052 1342177280 128 0 0 128 32
shrinkage=0.0833459


Tree=81
num_leaves=5
num_cat=1
split_feature=14 1 10 10
split_gain=0.429855 0.694718 2.9943 2.02654
threshold=32.500000000000007 0 34.218200000000003 48.842800000000004
decision_type=2 5 2 2
left_child=1 3 -3 -1
right_child=-2 2 -4 -5
leaf_value=-0.0028169728396353058 0.026025956711898005 0.0079455882167427556 -0.024475452851498904 0.031696429877331816
leaf_count=416 26 844 962 152
internal_value=0 -0.0194845 -0.0853239 0.0515696
internal_count=2400 2374 1806 568
cat_boundaries=0 9
cat_threshold=536888420 1074225564 66052 1342177280 6291584 0 8 128 32
shrinkage=0.0833459


Tree=82
num_leaves=5
num_cat=0
split_feature=16 18 16 8
split_gain=0.430348 0.991269 1.52263 0.61228
threshold=114552.50000000001 3645.2500000000005 21175.750000000004 3.2500000000000004
decision_type=2 2 2 2
left_child=1 2 -1 -3
right_child=-2 3 -4 -5
leaf_value=-0.0021643581233717311 0.02111606073568598 -0 0.031889748309504563 -0.044866053756431122
leaf_count=2060 30 142 97 71
internal_value=0 -0.0201955 0 -0.281046
internal_count=2400 2370 2157 213
shrinkage=0.0833459


Tree=83
num_leaves=6
num_cat=2
split_feature=20 1 21 10 5
split_gain=0.40017 0.602877 0.859111 0.312832 0.302697
threshold=0 1 25.000000000000004 3.0594150000000009 83866.750000000015
decision_type=5 5 2 2 2
left_child=4 3 -3 -2 -1
right_child=1 2 -4 -5 -6
leaf_value=-0.042037139931317836 -0 -0 0.013526624691893682 -0.030084119376396379 -0
leaf_count=184 253 1143 551 242 27
internal_value=0 0.0136537 0.0530513 -0.115631 -0.150907
internal_count=2400 2189 1694 495 211
cat_boundaries=0 2 10
cat_threshold=69737536 276828608 1052696 603980834 546046064 36928 268435456 132128 133140 268435458
shrinkage=0.0833459


Tree=84
num_leaves=7
num_cat=1
split_feature=2 21 17 16 16 17
split_gain=0.381017 1.20565 0.876847 1.87371 1.54012 0.55778
threshold=0 10904.500000000002 1.7500000000000002 18433.000000000004 1.7500000000000002 313.00000000000006
decision_type=5 2 2 2 2 2
left_child=1 5 4 -4 -2 -1
right_child=2 -3 3 -5 -6 -7
leaf_value=-0 -0 -0.011724668977143044 -0.023842240458160222 0.0042367195371017735 0.061850195322774866 0.033545735998485288
leaf_count=67 1153 48 709 236 35 152
internal_value=0 0.0936942 -0.0337061 -0.13396 0.0354934 0.310617
internal_count=2400 267 2133 945 1188 219
cat_boundaries=0 4
cat_threshold=1082202128 533088 0 256
shrinkage=0.0833459


Tree=85
num_leaves=6
num_cat=1
split_feature=2 4 16 6 19
split_gain=0.421593 0.591414 1.71442 0.897519 0.443666
threshold=0 438.25000000000006 2565.2500000000005 3.2500000000000004 3494.5000000000005
decision_type=5 2 2 2 2
left_child=4 3 -3 -2 -1
right_child=1 2 -4 -5 -6
leaf_value=-0.040449183739878374 0 0.028010637973678448 -0 -0.022004709633351827 0
leaf_count=179 1050 309 502 326 34
internal_value=0 0.0144163 0.0973094 -0.0378605 -0.149904
internal_count=2400 2187 811 1376 213
cat_boundaries=0 3
cat_threshold=537134500 264 9216
shrinkage=0.0833459


Tree=86
num_leaves=7
num_cat=1
split_feature=1 19 15 15 19 10
split_gain=0.413969 0.694772 0.46262 1.22679 0.551584 0.00289456
threshold=0 6.2500000000000009 783.25000000000011 129.25000000000003 1138.0000000000002 35.655800000000006
decision_type=5 2 2 2 2 2
left_child=1 -1 3 -2 -4 -3
right_child=2 5 4 -5 -6 -7
leaf_value=-0.033509660476837164 -0 0.0026848087466528302 -0.025812200699096996 0.021749896921119023 0 -0
leaf_count=377 1464 21 105 298 59 76
internal_value=0 -0.130794 0.0167276 0.053882 -0.129752 0
internal_count=2400 474 1926 1762 164 97
cat_boundaries=0 8
cat_threshold=4240 603980898 680263792 561216 268435472 132096 133140 268435458
shrinkage=0.0833459


Tree=87
num_leaves=7
num_cat=1
split_feature=20 10 10 18 10 10
split_gain=0.392034 0.715946 1.85326 1.08901 0.623916 0.0301834
threshold=0 52.60455000000001 51.296500000000002 26.500000000000004 46.045200000000001 35.765900000000009
decision_type=5 2 2 2 2 2
left_child=4 2 -2 -3 5 -1
right_child=1 3 -4 -5 -6 -7
leaf_value=0.0042409937424818878 -0.0019217227409556994 0.0084989004745503506 0.056504439479326027 -0.025778987537099677 0.038725862329432231 -0.0053385559973749249
leaf_count=49 1789 57 44 406 33 22
internal_value=0 -0.0298986 0 -0.195652 0.111816 0
internal_count=2400 2296 1833 463 104 71
cat_boundaries=0 2
cat_threshold=17055752 2
shrinkage=0.0833459


Tree=88
num_leaves=7
num_cat=2
split_feature=1 14 20 10 3 14
split_gain=19.1108 6.09658 2.38257 2.98875 1.52381 0.9633
threshold=0 4.7500000000000009 1 54.216050000000003 15.250000000000002 21.250000000000004
decision_type=5 2 5 2 2 2
left_child=1 4 3 -2 -1 -4
right_child=2 -3 5 -5 -6 -7
leaf_value=0.081989502871262457 -0.0036464400820345197 -0.032810528392637033 -0.039580430755640994 0.083093154506634362 0.0016508754095268176 0
leaf_count=385 178 21 1684 31 68 33
internal_value=0 0.506705 -0.318162 0.0386552 0.843266 -0.397594
internal_count=2400 474 1926 209 453 1717
cat_boundaries=0 10 13
cat_threshold=34408 384 536879616 1107312640 16 32768 65664 268435458 32 1048832 21120024 73224 8
shrinkage=0.0833459


Tree=89
num_leaves=8
num_cat=2
split_feature=1 0 19 2 10 19 12
split_gain=17.4408 7.65852 7.20313 3.49743 1.23511 0.607102 0.0137137
threshold=0 10.750000000000002 9.2500000000000018 1 45.66040000000001 28.750000000000004 31.750000000000004
decision_type=5 2 2 5 2 2 2
left_child=1 2 -1 5 -5 -2 -3
right_child=3 6 -4 4 -6 -7 -8
leaf_value=0.16492515016293816 0.060989426328816453 0 0 -0.037314733272350326 -0.0085923067183396162 0 -0.0054142282315281795
leaf_count=195 52 37 72 1342 611 67 24
internal_value=0 0.639999 1.41226 -0.254296 -0.321454 0.19747 -0
internal_count=2400 328 267 2072 1953 119 61
cat_boundaries=0 10 12
cat_threshold=1640 128 536870912 1107296256 16 32768 65664 268435458 0 1048832 8394752 8738
shrinkage=0.0833459


Tree=90
num_leaves=8
num_cat=1
split_feature=2 12 18 5 4 17 0
split_gain=5.27023 3.50852 1.45973 4.95068 1.30076 0.840161 0.0501982
threshold=0 142.75000000000003 1511.5000000000002 42301.000000000007 132478.00000000003 20737.750000000004 1.7500000000000002
decision_type=5 2 2 2 2 2 2
left_child=1 5 3 -2 -4 -1 -3
right_child=2 6 4 -5 -6 -7 -8
leaf_value=0.10730221702655685 -0.012641611386079013 -0.0088881424979359979 -0.045423851828582343 0.07976922889489732 -0 0 0.0041944865277010494
leaf_count=80 1765 78 329 39 44 37 28
internal_value=0 0.364063 -0.157318 -0.0771065 -0.400197 1.03876 -0
internal_count=2400 223 2177 1804 373 117 106
cat_boundaries=0 3
cat_threshold=1082134576 8224 8192
shrinkage=0.0833459


Tree=91
num_leaves=7
num_cat=2
split_feature=1 14 20 15 14 21
split_gain=14.4291 3.76744 2.29752 1.18785 1.01634 0.984756
threshold=0 4.7500000000000009 1 1.7500000000000002 21.250000000000004 14005.750000000002
decision_type=5 2 5 2 2 2
left_child=1 3 5 -1 -4 -2
right_child=2 -3 4 -5 -6 -7
leaf_value=0.020859826442461364 -0 -0.020793432798946843 -0.03963973732351643 0.071720587271228639 0 0.034865594366640967
leaf_count=347 144 28 1581 200 33 67
internal_value=0 0.381309 -0.302346 0.596847 -0.387491 0.0466801
internal_count=2400 575 1825 547 1614 211
cat_boundaries=0 10 12
cat_threshold=34408 67133840 536879616 1376272384 16 32768 65664 268451842 32 1048832 20988952 2170376
shrinkage=0.0833459


Tree=92
num_leaves=8
num_cat=2
split_feature=1 3 2 19 14 12 18
split_gain=12.8722 4.70671 2.86959 2.2119 1.85912 0.553322 0.00172335
threshold=0 9.2500000000000018 1 100.75000000000001 32.500000000000007 46.750000000000007 2979.2500000000005
decision_type=5 2 5 2 2 2 2
left_child=1 3 5 -1 -4 -2 -3
right_child=2 6 4 -5 -6 -7 -8
leaf_value=0.10295414560560354 0.062979555278174004 0 -0.0292921861274472 0 0.015616405291491291 0 -0.0020463729158194202
leaf_count=266 32 41 1913 31 21 76 20
internal_value=0 0.524372 -0.221766 1.07644 -0.284601 0.186111 -0
internal_count=2400 358 2042 297 1934 108 61
cat_boundaries=0 10 12
cat_threshold=34408 128 536870912 1107296256 16 0 65664 268435458 0 1048832 8394752 554
shrinkage=0.0833459


Tree=93
num_leaves=6
num_cat=2
split_feature=1 14 14 18 2
split_gain=10.9418 4.40913 1.71041 1.35115 1.30928
threshold=0 4.7500000000000009 32.500000000000007 7.7500000000000009 1
decision_type=5 2 2 2 5
left_child=1 3 4 -1 -2
right_child=2 -3 -4 -5 -6
leaf_value=0.011517423992413378 0.0065661798214204639 -0.034654471828389682 0.017091984455884817 0.066464082082153986 -0.027680361021507154
leaf_count=217 103 25 21 236 1798
internal_value=0 0.35693 -0.250616 0.593136 -0.320182
internal_count=2400 478 1922 453 1901
cat_boundaries=0 10 12
cat_threshold=1640 24960 536879616 1107312640 16 32768 65664 268451842 32 1048832 8655008 40
shrinkage=0.0833459


Tree=94
num_leaves=8
num_cat=1
split_feature=2 14 18 5 13 18 10
split_gain=3.68574 2.77403 1.49551 3.88043 2.72234 1.3878 0.0550488
threshold=0 1.7500000000000002 1511.5000000000002 42301.000000000007 1930.7500000000002 1511.5000000000002 52.074300000000001
decision_type=5 2 2 2 2 2 2
left_child=1 5 3 -2 -4 -1 -3
right_child=2 6 4 -5 -6 -7 -8
leaf_value=0.10154291582800128 -0.0091677824301781476 -0.011663994068524747 0 0.07198105697393109 -0.048101367037671379 0 0
leaf_count=77 1779 45 76 39 297 59 28
internal_value=0 0.321716 -0.120061 -0.0388761 -0.36021 0.918633 -0
internal_count=2400 209 2191 1818 373 136 73
cat_boundaries=0 3
cat_threshold=8392752 8224 8192
shrinkage=0.0833459


Tree=95
num_leaves=8
num_cat=1
split_feature=1 0 3 10 10 14 19
split_gain=9.32897 5.54111 6.57557 2.76434 1.81866 1.44478 0.912323
threshold=0 13.750000000000002 9.2500000000000018 45.66040000000001 34.817550000000004 12.250000000000002 65.500000000000014
decision_type=5 2 2 2 2 2 2
left_child=1 2 -1 4 -2 -5 -3
right_child=3 6 -4 5 -6 -7 -8
leaf_value=0.075591762042015107 -0.015869771189343244 -0.033010303203622735 -0.0075721075126986125 -0.0078451968017812235 -0.060621809412060655 0.047325044383983529 0
leaf_count=348 871 73 77 599 380 32 20
internal_value=0 0.321699 0.647343 -0.23448 -0.407596 -0 -0.139507
internal_count=2400 518 425 1882 1251 631 93
cat_boundaries=0 10
cat_threshold=536905320 16768 536871424 1376272384 16 32768 65664 268451842 0 1048832
shrinkage=0.0833459


Tree=96
num_leaves=8
num_cat=1
split_feature=2 14 21 10 10 18 10
split_gain=3.38664 2.48692 1.16855 3.2119 1.49327 0.720591 0.0845341
threshold=0 1.7500000000000002 40.000000000000007 34.817550000000004 45.66040000000001 1511.5000000000002 52.074300000000001
decision_type=5 2 2 2 2 2 2
left_child=1 5 3 -2 -4 -1 -3
right_child=2 6 4 -5 -6 -7 -8
leaf_value=0.082763987709842085 0.022817426462697566 -0.014199864939468086 -0.028982224758083576 -0.018929694552722955 0 0 0
leaf_count=87 649 49 605 671 252 59 28
internal_value=0 0.299202 -0.114077 -0 -0.238858 0.802054 -0
internal_count=2400 223 2177 1320 857 146 77
cat_boundaries=0 3
cat_threshold=1082134576 8224 8192
shrinkage=0.0833459


Tree=97
num_leaves=8
num_cat=2
split_feature=1 0 10 20 13 14 18
split_gain=8.08684 4.40428 3.72859 2.34229 1.0079 0.726786 0.527229
threshold=0 4.7500000000000009 40.856750000000005 1 10598.500000000002 21.250000000000004 7.7500000000000009
decision_type=5 2 2 5 2 2 2
left_child=1 2 -1 4 -2 -5 -3
right_child=3 6 -4 5 -6 -7 -8
leaf_value=0.08780016165321719 0.028509741889757863 -0.022369797800402359 0.0048552126320255779 -0.031439523154465424 -0.005176233067706342 0 0.0062309861026606647
leaf_count=169 168 85 151 1666 41 33 87
internal_value=0 0.302102 0.649403 -0.216778 0.0870942 -0.303463 -0
internal_count=2400 492 320 1908 209 1699 172
cat_boundaries=0 10 12
cat_threshold=1640 24960 536879616 1376272384 16 32768 65664 268451842 0 1048832 21124104 2167304
shrinkage=0.0833459


Tree=98
num_leaves=7
num_cat=2
split_feature=1 14 20 13 0 11
split_gain=7.65078 3.83868 2.12201 2.36869 1.92993 1.70915
threshold=0 4.7500000000000009 1 5133.2500000000009 10.750000000000002 36.250000000000007
decision_type=5 2 5 2 2 2
left_child=1 4 5 -4 -1 -2
right_child=2 -3 3 -5 -6 -7
leaf_value=0.075876400931350549 -0.035085880999762946 -0.019253372458831065 0.015212240110217577 -0.035548537514815362 0 0
leaf_count=259 1221 20 497 124 59 220
internal_value=0 0.396077 -0.167658 0.00572131 0.745202 -0.283505
internal_count=2400 338 2062 621 318 1441
cat_boundaries=0 10 12
cat_threshold=1640 128 536870912 1107296256 16 32768 65664 268451842 0 1048832 2217020161 8421506
shrinkage=0.0833459


Tree=99
num_leaves=8
num_cat=1
split_feature=1 3 0 10 17 11 18
split_gain=6.2883 2.72694 2.63984 2.50288 1.88604 0.984157 0.171778
threshold=0 9.2500000000000018 15.250000000000002 45.66040000000001 813.25000000000011 36.250000000000007 2979.2500000000005
decision_type=5 2 2 2 2 2 2
left_child=1 2 -1 5 -5 -2 -3
right_child=3 6 -4 4 -6 -7 -8
leaf_value=0.061107944298168369 -0.031596602553952698 0 -0 0.034213637289429756 -0.0099305173772952903 0 -0.018598206557840391
leaf_count=316 1194 60 47 232 413 109 29
internal_value=0 0.304061 0.586288 -0.173235 0 -0.325687 -0
internal_count=2400 452 363 1948 645 1303 89
cat_boundaries=0 10
cat_threshold=34408 24704 536871424 1375731712 16 32768 65664 268451842 32 1048832
shrinkage=0.0833459


Tree=100
num_leaves=7
num_cat=2
split_feature=1 19 2 12 18 6
split_gain=5.3918 3.77015 2.29701 2.73135 1.48911 0.717769
threshold=0 9.2500000000000018 1 46.750000000000007 1511.5000000000002 558.25000000000011
decision_type=5 2 5 2 2 2
left_child=1 5 3 -2 -4 -1
right_child=2 -3 4 -5 -6 -7
leaf_value=0.026987360214529653 0.068092209265811138 -0 -0.0085401815255153318 -0 -0.039309521372318461 0.15252115150254134
leaf_count=114 51 62 1593 164 362 54
internal_value=0 0.420324 -0.119864 0.151395 -0.190829 1.1446
internal_count=2400 230 2170 215 1955 168
cat_boundaries=0 8 11
cat_threshold=1064 128 536870912 1073741824 16 0 65664 268435458 8394768 8738 8192
shrinkage=0.0833459


Tree=101
num_leaves=7
num_cat=1
split_feature=1 0 12 18 5 13
split_gain=4.95788 2.97943 2.33283 2.2968 7.51116 2.22589
threshold=0 7.7500000000000009 76.750000000000014 2779.0000000000005 29513.500000000004 1930.7500000000002
decision_type=5 2 2 2 2 2
left_child=1 2 -1 4 -2 -5
right_child=3 -3 -4 5 -6 -7
leaf_value=0.10396007719801803 -0.015939187997751486 -0 0 0 0.050435154139714063 -0.058279698918433494
leaf_count=127 1695 57 56 53 191 221
internal_value=0 0.389486 0.913769 -0.116027 -0.0368066 -0.484513
internal_count=2400 240 183 2160 1886 274
cat_boundaries=0 8
cat_threshold=1064 128 536870912 1107296256 16 0 65664 268435458
shrinkage=0.0833459


Tree=102
num_leaves=8
num_cat=1
split_feature=1 0 10 10 17 10 18
split_gain=4.4552 3.17352 3.17215 2.00704 2.10946 1.77582 0.463574
threshold=0 4.7500000000000009 40.856750000000005 45.66040000000001 371.50000000000006 34.817550000000004 7.7500000000000009
decision_type=5 2 2 2 2 2 2
left_child=1 2 -1 5 -5 -2 -3
right_child=3 6 -4 4 -6 -7 -8
leaf_value=0.06569712099355178 -0.0089755565520409468 -0.020471602643920124 0 0.043385398895655944 -0.010850829202417664 -0.054189499771700914 0.00026124308533077931
leaf_count=181 842 113 156 195 420 379 114
internal_value=0 0.204796 0.470063 -0.172504 0 -0.331359 -0.0207903
internal_count=2400 564 337 1836 615 1221 227
cat_boundaries=0 10
cat_threshold=34408 67133840 536879616 1107312640 16 32768 65668 268451842 32 1048832
shrinkage=0.0833459


Tree=103
num_leaves=8
num_cat=1
split_feature=2 12 13 12 4 10 19
split_gain=2.35681 2.72814 1.43647 1.32099 2.14356 1.30971 0.0262634
threshold=0 142.75000000000003 41692.000000000007 37.750000000000007 2934.2500000000005 55.510550000000002 6.2500000000000009
decision_type=5 2 2 2 2 2 2
left_child=1 2 -1 4 -2 -5 -3
right_child=3 6 -4 5 -6 -7 -8
leaf_value=0.08419798858557849 -0.0089324818004488174 -0.0081024441107384708 -0 -0.029694095045625042 0.027068067487452982 0 0
leaf_count=85 1267 72 24 501 257 153 41
internal_value=0 0.263302 0.804834 -0.0838807 -0 -0.251555 -0
internal_count=2400 222 109 2178 1524 654 113
cat_boundaries=0 3
cat_threshold=8392752 8226 8192
shrinkage=0.0833459


end of trees

feature importances:
c_02=76
n_table_1.n_2=59
n_table_1.n_20=55
n_1=40
n_table_1.n_15=36
n_table_3.n_3=36
c_table_1.c_4=35
c_table_2.c_4=33
n_table_1.n_16=32
n_table_1.n_26=26
n_table_1.n_10=24
n_table_1.n_8=21
n_table_1.n_19=21
n_table_1.n_7=16
n_table_1.n_3=14
n_table_1.n_9=14
n_table_1.n_18=12
n_table_2.n_13=10
n_table_1.n_12=10
n_table_1.n_17=6
n_table_2.n_14=3
c_table_2.c_1=2

parameters:
[boosting: gbdt]
[objective: binary]
[metric: auc]
[tree_learner: serial]
[device_type: cpu]
[data: ]
[valid: ]
[num_iterations: 100]
[learning_rate: 0.0833459]
[num_leaves: 100]
[num_threads: 4]
[max_depth: 3]
[min_data_in_leaf: 20]
[min_sum_hessian_in_leaf: 1.60855]
[bagging_fraction: 0.6]
[bagging_freq: 88]
[bagging_seed: 3]
[feature_fraction: 0.9]
[feature_fraction_seed: 2]
[early_stopping_round: 0]
[max_delta_step: 0]
[lambda_l1: 1.55072]
[lambda_l2: 1.04753]
[min_gain_to_split: 0]
[drop_rate: 0.1]
[max_drop: 50]
[skip_drop: 0.5]
[xgboost_dart_mode: 0]
[uniform_drop: 0]
[drop_seed: 4]
[top_rate: 0.2]
[other_rate: 0.1]
[min_data_per_group: 100]
[max_cat_threshold: 32]
[cat_l2: 10]
[cat_smooth: 10]
[max_cat_to_onehot: 4]
[top_k: 20]
[monotone_constraints: ]
[feature_contri: ]
[forcedsplits_filename: ]
[refit_decay_rate: 0.9]
[verbosity: -1]
[max_bin: 255]
[min_data_in_bin: 3]
[bin_construct_sample_cnt: 200000]
[histogram_pool_size: -1]
[data_random_seed: 1]
[output_model: LightGBM_model.txt]
[snapshot_freq: -1]
[input_model: ]
[output_result: LightGBM_predict_result.txt]
[initscore_filename: ]
[valid_data_initscores: ]
[pre_partition: 0]
[enable_bundle: 1]
[max_conflict_rate: 0]
[is_enable_sparse: 1]
[sparse_threshold: 0.8]
[use_missing: 1]
[zero_as_missing: 0]
[two_round: 0]
[save_binary: 0]
[enable_load_from_binary_file: 1]
[header: 0]
[label_column: ]
[weight_column: ]
[group_column: ]
[ignore_column: ]
[categorical_feature: ]
[predict_raw_score: 0]
[predict_leaf_index: 0]
[predict_contrib: 0]
[num_iteration_predict: -1]
[pred_early_stop: 0]
[pred_early_stop_freq: 10]
[pred_early_stop_margin: 10]
[convert_model_language: ]
[convert_model: gbdt_prediction.cpp]
[num_class: 1]
[is_unbalance: 0]
[scale_pos_weight: 1]
[sigmoid: 1]
[boost_from_average: 1]
[reg_sqrt: 0]
[alpha: 0.9]
[fair_c: 1]
[poisson_max_delta_step: 0.7]
[tweedie_variance_power: 1.5]
[max_position: 20]
[label_gain: ]
[metric_freq: 1]
[is_provide_training_metric: 0]
[eval_at: ]
[num_machines: 1]
[local_listen_port: 12400]
[time_out: 120]
[machine_list_filename: ]
[machines: ]
[gpu_platform_id: -1]
[gpu_device_id: -1]
[gpu_use_dp: 0]

end of parameters

pandas_categorical:[[0, 1, 2, 3, 4, 5, 6, 7, 8, 9, 10, 11, 12, 13, 14, 15, 16, 17, 18, 19, 20, 21, 22, 23, 24, 25, 26, 27, 28, 29, 30, 31, 32, 33, 34, 35, 36, 37, 38, 39, 40, 41, 42, 43, 44, 45, 46, 47, 48, 49, 50, 51, 52, 53, 54, 55, 56, 57, 58, 59, 60, 61, 62, 63, 64, 65, 66, 67, 68, 69, 70, 71, 72, 73, 74, 75, 76, 77, 78, 79, 80, 81, 82, 83, 84, 85, 86, 87, 88, 89, 90, 91, 92, 93, 94, 95, 96, 97, 98, 99, 100, 101, 102, 103, 104, 105, 106, 107, 108, 109, 110, 111, 112, 113, 114, 115, 116, 117, 118, 119, 120, 121, 122, 123, 124, 125, 126, 127, 128, 129, 130, 131, 132, 133, 134, 135, 136, 137, 138, 139, 140, 141, 142, 143, 144, 145, 146, 147, 148, 149, 150, 151, 152, 153, 154, 155, 156, 157, 158, 159, 160, 161, 162, 163, 164, 165, 166, 167, 168, 169, 170, 171, 172, 173, 174, 175, 176, 177, 178, 179, 180, 181, 182, 183, 184, 185, 186, 187, 188, 189, 190, 191, 192, 193, 194, 195, 196, 197, 198, 199, 200, 201, 202, 203, 204, 205, 206, 207, 208, 209, 210, 211, 212, 213, 214, 215, 216, 217, 218, 219, 220, 221, 222, 223, 224, 225, 226, 227, 228, 229, 230, 231, 232, 233, 234, 235, 236, 237, 238, 239, 240, 241, 242, 243, 244, 245, 246, 247, 248, 249, 250, 251, 252, 253, 254, 255, 256, 257, 258, 259, 260, 261, 262, 263, 264, 265, 266, 267, 268, 269, 270, 271, 272, 273, 274, 275, 276, 277, 278, 279, 280, 281, 282, 283, 284, 285, 286, 287, 288, 289, 290, 291, 292, 293, 294, 295, 296, 297, 298, 299, 300, 301, 302, 303, 304, 305, 306, 307, 308, 309, 310, 311, 312, 313, 314, 315, 316, 317, 318, 319, 320, 321, 322, 323, 324, 325, 326, 327, 328, 329, 330, 331, 332, 333, 334, 335, 336, 337, 338, 339, 340, 341, 342, 343, 344, 345, 346, 347, 348, 349, 350, 351, 352, 353, 354, 355, 356, 357, 358, 359, 360, 361, 362, 363, 364, 365, 366, 367, 368, 369, 370, 371, 372, 373, 374, 375, 376, 377, 378, 379, 380, 381, 382, 383, 384, 385, 386, 387, 388, 389, 390, 391, 392, 393, 394, 395, 396, 397, 398, 399, 400, 401, 402, 403, 404, 405, 406, 407, 408, 409, 410, 411, 412, 413, 414, 415, 416, 417, 418, 419, 420, 421, 422, 423, 424, 425, 426, 427, 428, 429, 430, 431, 432, 433, 434, 435, 436, 437, 438, 439, 440, 441, 442, 443, 444, 445, 446, 447, 448, 449, 450, 451, 452, 453, 454, 455, 456, 457, 458, 459, 460, 461, 462, 463, 464, 465, 466, 467, 468, 469, 470, 471, 472, 473, 474, 475, 476, 477, 478, 479, 480, 481, 482, 483, 484, 485, 486, 487, 488, 489, 490, 491, 492, 493, 494, 495, 496, 497, 498, 499, 500, 501, 502, 503, 504, 505, 506, 507, 508, 509, 510, 511, 512, 513, 514, 515, 516, 517, 518, 519, 520, 521, 522, 523, 524, 525, 526, 527, 528, 529, 530, 531, 532, 533, 534, 535, 536, 537, 538, 539, 540, 541, 542, 543, 544, 545, 546, 547, 548, 549, 550, 551, 552, 553, 554, 555, 556, 557, 558], [0, 1, 2, 3, 4, 5, 6, 7, 8, 9, 10, 11, 12, 13, 14, 15, 16, 17, 18, 19, 20, 21, 22, 23, 24, 25, 26, 27, 28, 29, 30, 31, 32, 33, 34, 35, 36, 37, 38, 39, 40, 41, 42, 43, 44, 45, 46, 47, 48, 49, 50, 51, 52, 53, 54, 55, 56, 57, 58, 59, 60, 61, 62, 63, 64, 65, 66, 67, 68, 69, 70, 71, 72, 73, 74, 75, 76, 77, 78, 79, 80, 81, 82, 83, 84, 85, 86, 87, 88, 89, 90, 91, 92, 93, 94, 95, 96, 97, 98, 99, 100, 101, 102, 103, 104, 105, 106, 107, 108, 109, 110, 111, 112, 113, 114, 115, 116, 117, 118, 119, 120, 121, 122, 123, 124, 125, 126, 127, 128, 129, 130, 131, 132, 133, 134, 135, 136, 137, 138, 139, 140, 141, 142, 143, 144, 145, 146, 147, 148, 149, 150, 151], [0, 1], [0, 1, 2, 3, 4, 5, 6, 7, 8, 9, 10, 11, 12, 13, 14, 15, 16, 17, 18, 19, 20, 21, 22, 23, 24, 25, 26, 27, 28, 29, 30, 31, 32, 33, 34, 35, 36, 37, 38, 39, 40, 41, 42, 43, 44, 45, 46, 47, 48, 49, 50, 51, 52, 53, 54, 55, 56, 57, 58, 59, 60, 61, 62, 63, 64, 65, 66, 67, 68, 69, 70, 71, 72, 73, 74, 75, 76, 77, 78, 79, 80, 81, 82, 83, 84, 85, 86, 87, 88, 89, 90, 91, 92, 93, 94, 95, 96, 97, 98, 99, 100, 101, 102, 103, 104, 105, 106, 107, 108, 109, 110, 111, 112, 113, 114, 115, 116, 117, 118, 119, 120, 121, 122, 123, 124, 125, 126, 127, 128, 129, 130, 131, 132, 133]]
