tree
version=v2
num_class=1
num_tree_per_iteration=1
label_index=0
max_feature_idx=22
objective=binary sigmoid:1
feature_names=n_1 c_table_1.c_1 c_table_1.c_2 n_table_1.n_2 c_table_1.c_3 c_table_1.c_4 n_table_1.n_5 n_table_1.n_6 n_table_1.n_7 n_table_1.n_8 n_table_1.n_9 n_table_1.n_10 n_table_1.n_11 n_table_1.n_12 n_table_1.n_15 n_table_1.n_16 n_table_1.n_17 n_table_1.n_18 n_table_1.n_19 n_table_1.n_20 n_table_1.n_25 n_table_1.n_26 n_table_1.n_27
feature_infos=[1:62.5] 1:0 3:0:5:36:20:4:21:8:11:62:25:56:33:44:1:31:30:153:18:69:2:28:85:135:6:35:40:43:54:61:98:9:38:49:176:55:87:84:26:42:101:155:80:137:149:19:52:39:51:27:47:177:57:58:59:125:34:63:75:94:102:113:13:29:83:103:132:151:14:15:23:66:76:88:90:99:108:114:169:180:93:126:134:171:24:68:78:95:112:117:121:127:138:139:154:158:159:10:16:53:67:97:107:109:111:123:133:166:175:182 [-49.719499999999996:81.200400000000002] 36:0:3:33:28:13:9:1:42:8:178:19:5:66:24:95:72:2:12:17:14:56:58:139:25:31:70:119:90:112:88:81:83:6:21:50:75:100:204:4:43:64:74:79:116:44:48:49:94:123:67:26:97:22:30:32:122:11:29:46:182:102:158:161:167:206:16:39:60:135:143:10:18:34:57:63:120:128:155:68:71:98:147:159:172:175:212:15:35:54:62:82:99:113:134:140:177:196:23:69:76:89:138:162:166:199:205:27:40:51:65:73:115:168:181:188:193:198:41:45:53:59:61:92:96:108:111:121:129:136:157:163:174:180:184:185:189:191:192:194:195:201 34:0:24:2:8:36:10:1:41:52:77:6:13:31:5:28:78:3:12:15:17:20:32:23:30:35:75:58:18:47:100:14:37:27:61:88:4:7:45:48:64:73:82:133:38:56:62:71:106:115:135:9:40:70:83:85:96:108:125:21:29:46:54:113:132:25:39:42:44:72:97:111:119:122:19:68:76:103:110:117:121:123:124:127:131:138 [1:24272.5] [1:46363] [1:3314.5] [1:703902] [1:2481850] [1:70] [1:6121] [1:7070.5] [1:423494] [1:245767] [1:448222] [1:441384] [1:1178200] [1:18856] [1:38.5] [1:121640] [1:151]
tree_sizes=687 801 790 653 785 787 707 950 850 784 796 878 656 872 872 737 955 972 733 794 822 804 825 965 887 956 729 979 948 961 899 953 904 894 973 993 959 974 901 974 883 968 787 973 884 866 908 968 872 818 974 741 801 996 734 873 980 886 915 918 872 782 957 904 951

Tree=0
num_leaves=7
num_cat=1
split_feature=17 0 2 0 8 21
split_gain=57.8295 16.2818 6.36975 3.89773 3.31488 2.64243
threshold=15400.750000000002 1.7500000000000002 0 16.750000000000004 83.500000000000014 4.7500000000000009
decision_type=2 2 5 2 2 2
left_child=2 4 -1 5 -2 -4
right_child=1 -3 3 -5 -6 -7
leaf_value=-3.1474948146007553 -3.1321760675363008 -3.110963410402237 -3.1598639294979982 -3.1486478718942559 -3.1471847375452517 -3.1505060153042637
leaf_count=293 194 185 2605 229 306 188
internal_value=0 1.30369 -0.278119 -0.335148 0.729176 -0.416103
internal_count=4000 685 3315 3022 500 2793
cat_boundaries=0 5
cat_threshold=1342177800 1048576 9437184 32 33555072
shrinkage=1


Tree=1
num_leaves=8
num_cat=2
split_feature=18 2 4 10 18 0 14
split_gain=50.267 22.4906 8.34183 7.19748 4.67399 2.42233 1.00998
threshold=30745.750000000004 0 1 779.50000000000011 3.2500000000000004 15.250000000000002 662.50000000000011
decision_type=2 5 5 2 2 2 2
left_child=2 -2 -1 -3 5 -4 -6
right_child=1 3 4 -5 6 -7 -8
leaf_value=0.0057563166720226095 -0.0054221822571546494 0.014804725977186703 -0.0051905891730631096 0.038407001328619871 -0.014991172108264615 0.0039096972793380546 -0.0068394599314850991
leaf_count=288 283 216 1856 355 458 186 358
internal_value=0 1.05688 -0.297801 1.32257 -0.367697 -0.25758 -0.724963
internal_count=4000 854 3146 571 2858 2042 816
cat_boundaries=0 3 9
cat_threshold=2283012182 554173696 65568 137732 131088 1073741824 1114112 0 262272
shrinkage=0.0164632


Tree=2
num_leaves=8
num_cat=1
split_feature=17 0 4 18 9 8 0
split_gain=52.9422 14.5529 10.3189 4.1357 3.39107 2.97587 2.21357
threshold=15400.750000000002 1.7500000000000002 0 3.2500000000000004 4.7500000000000009 83.500000000000014 15.250000000000002
decision_type=2 2 5 2 2 2 2
left_child=2 5 -1 6 -5 -2 -4
right_child=1 -3 3 4 -6 -7 -8
leaf_value=0.0066619766865504797 0.018782373631331187 0.03839608464506726 -0.0049124685110153226 -0.013550225722158176 -0.00084900207197507592 0.0047494785779277592 0.0037436724696307093
leaf_count=317 194 185 1857 736 218 306 187
internal_value=0 1.22231 -0.271024 -0.354073 -0.662399 0.682533 -0.242674
internal_count=4000 685 3315 2998 954 500 2044
cat_boundaries=0 6
cat_threshold=16914452 131088 1073743880 1114112 0 262272
shrinkage=0.0164632


Tree=3
num_leaves=7
num_cat=0
split_feature=17 0 21 0 8 0
split_gain=50.7388 13.2856 6.16085 3.41211 2.79454 2.00925
threshold=15400.750000000002 1.7500000000000002 4.7500000000000009 16.750000000000004 83.500000000000014 1.7500000000000002
decision_type=2 2 2 2 2 2
left_child=2 4 3 5 -2 -1
right_child=1 -3 -4 -5 -6 -7
leaf_value=-0.0046849385510698543 0.018231775428009255 0.036691550998483653 0.0070334140684828053 0.0034430703129352128 0.0046589907517107631 -0.010096164935109821
leaf_count=2035 194 185 263 231 306 786
internal_value=0 1.1857 -0.267351 -0.334333 0.666753 -0.384576
internal_count=4000 685 3315 3052 500 2821
shrinkage=0.0164632


Tree=4
num_leaves=8
num_cat=1
split_feature=17 19 18 8 2 0 21
split_gain=48.669 14.3888 9.27756 6.21455 6.13243 3.64574 2.51498
threshold=15400.750000000002 1304.5000000000002 154410.00000000003 220.00000000000003 0 16.750000000000004 4.7500000000000009
decision_type=2 2 2 2 5 2 2
left_child=4 -2 -3 -4 -1 6 -6
right_child=1 2 3 -5 5 -7 -8
leaf_value=0.0047985633927158143 0.038032765100497364 -0.0029916926860939735 0.028285480890702448 0.0048887466567290472 -0.0073054174297143403 0.0035306026285743886 0.0018184126936017818
leaf_count=293 168 183 165 169 2605 229 188
internal_value=0 1.15071 0.657478 1.11369 -0.264027 -0.321738 -0.401623
internal_count=4000 685 517 334 3315 3022 2793
cat_boundaries=0 5
cat_threshold=1342177800 1048576 9437184 32 33555072
shrinkage=0.0164632


Tree=5
num_leaves=8
num_cat=1
split_feature=17 19 4 18 8 18 6
split_gain=46.6838 15.0829 10.0618 8.5535 5.7587 4.20433 2.37824
threshold=15400.750000000002 1207.7500000000002 0 154410.00000000003 220.00000000000003 3.2500000000000004 46.750000000000007
decision_type=2 2 5 2 2 2 2
left_child=2 -2 -1 -3 -5 -4 -7
right_child=1 3 5 4 -6 6 -8
leaf_value=0.0066385698580649034 0.03857607035612963 -0.0021562723541483078 -0.003797107647840066 0.027263356541774083 0.0048006646843307063 -0.012983470050426592 -0.0016315871603990201
leaf_count=317 153 198 2044 165 169 749 205
internal_value=0 1.11751 -0.260333 0.639628 1.08253 -0.344144 -0.655921
internal_count=4000 685 3315 532 334 2998 954
cat_boundaries=0 6
cat_threshold=16914452 131088 1073743880 1114112 0 262272
shrinkage=0.0164632


Tree=6
num_leaves=7
num_cat=1
split_feature=17 0 2 3 0 21
split_gain=44.8116 11.2796 5.98714 3.80748 3.57388 2.48418
threshold=15400.750000000002 1.7500000000000002 0 46.744450000000008 16.750000000000004 4.7500000000000009
decision_type=2 2 5 2 2 2
left_child=2 3 -1 -2 5 -4
right_child=1 -3 4 -5 -6 -7
leaf_value=0.0047668497765663755 0.01752713199406046 0.033111863141252175 -0.0071878291221328678 0.0027941533390342817 0.0035566979508738499 0.001895270634589397
leaf_count=293 218 185 2605 282 229 188
internal_value=0 1.08589 -0.256797 0.610262 -0.314739 -0.394323
internal_count=4000 685 3315 500 3022 2793
cat_boundaries=0 5
cat_threshold=1342177800 1048576 9437184 32 33555072
shrinkage=0.0164632


Tree=7
num_leaves=10
num_cat=1
split_feature=17 19 4 12 19 12 3 0 17
split_gain=42.9936 13.5381 9.83548 8.72581 7.93431 5.3474 4.54943 5.92546 0.0833135
threshold=15400.750000000002 1207.7500000000002 0 105.25000000000001 382.00000000000006 7.7500000000000009 36.094350000000013 16.750000000000004 2.5000000000000004
decision_type=2 2 5 2 2 2 2 2 2
left_child=2 -2 4 5 -1 -3 7 -4 -8
right_child=1 3 6 -5 -6 -7 8 -9 -10
leaf_value=-0.0017277746868115964 0.036000858144618307 0.011009644444337325 -0.0055200162205153855 0.023597100946653987 0.019151397980964466 -0.0068407030269959724 -0.0060313058447635211 0.0092835823381103091 -0.013184062583199572
leaf_count=233 153 191 1938 163 208 178 186 172 578
internal_value=0 1.05509 -0.25316 0.603257 0.335288 0.129229 -0.351049 -0.247363 -0.724034
internal_count=4000 685 3315 532 441 369 2874 2110 764
cat_boundaries=0 6
cat_threshold=16914966 132112 1073743880 1114112 2048 262272
shrinkage=0.0164632


Tree=8
num_leaves=9
num_cat=1
split_feature=17 19 4 12 12 15 6 10
split_gain=41.3131 12.4616 9.56899 8.23444 5.16847 3.25151 1.60359 0.736952
threshold=15400.750000000002 1207.7500000000002 0 105.25000000000001 7.7500000000000009 1.7500000000000002 25.750000000000004 16.750000000000004
decision_type=2 2 5 2 2 2 2 2
left_child=2 -2 -1 4 -3 7 -7 -4
right_child=1 3 5 -5 -6 6 -8 -9
leaf_value=0.0064618365188608574 0.034496101997083153 0.010754134658646242 -0.0047212893458783642 0.022828886213035963 -0.0067794289823122503 -0.014033374361744249 -0.0033210436516906382 0
leaf_count=317 153 191 2128 163 178 471 204 195
internal_value=0 1.02595 -0.250005 0.589823 0.126734 -0.333632 -0.681984 -0.25914
internal_count=4000 685 3315 532 369 2998 675 2323
cat_boundaries=0 6
cat_threshold=16914452 131088 1073743880 1114112 0 262272
shrinkage=0.0164632


Tree=9
num_leaves=8
num_cat=2
split_feature=17 4 2 15 14 16 3
split_gain=39.81 10.6823 9.74334 5.22254 4.47746 4.45438 0.4195
threshold=19690.750000000004 0 1 1.7500000000000002 86664.250000000015 90.250000000000014 35.802900000000008
decision_type=2 5 5 2 2 2 2
left_child=1 5 -2 6 -4 -1 -3
right_child=2 3 4 -5 -6 -7 -8
leaf_value=0.00083893433405802609 -0.0045877851599997995 -0.0044059969231041224 0.031717417652957811 -0.012864055306575153 0.011206420168781565 0.017807814589032068 -0
leaf_count=245 165 2047 324 642 153 188 236
internal_value=0 -0.236503 1.04242 -0.340262 1.11519 0.367077 -0.243847
internal_count=4000 3358 642 2925 477 433 2283
cat_boundaries=0 6 9
cat_threshold=16914966 131088 1073743880 1114112 2048 262274 2283012160 553649152 65568
shrinkage=0.0164632


Tree=10
num_leaves=8
num_cat=1
split_feature=2 21 16 3 9 0 0
split_gain=39.7551 32.6437 13.0347 7.4424 3.43738 1.90544 1.35519
threshold=0 190.00000000000003 15788.500000000002 34.901850000000003 4.7500000000000009 9.2500000000000018 1.7500000000000002
decision_type=5 2 2 2 2 2 2
left_child=3 2 4 5 -2 6 -1
right_child=1 -3 -4 -5 -6 -7 -8
leaf_value=-0.0033056545928344719 -0.0045120646833859369 0.035535561239882121 0.018150729023372079 -0.013824165701310308 0.0076921652625731793 0.0016412900721566972 -0.0099260628564790988
leaf_count=1383 561 250 291 671 184 352 308
internal_value=0 0.63223 0.302714 -0.349881 -0.0641182 -0.214734 -0.288309
internal_count=4000 1286 1036 2714 745 2043 1691
cat_boundaries=0 6
cat_threshold=2149318995 562597080 2162720 4 2097152 65536
shrinkage=0.0164632


Tree=11
num_leaves=9
num_cat=2
split_feature=18 2 4 0 18 10 0 9
split_gain=35.1765 19.1099 6.83111 6.57489 4.86538 2.23146 1.90059 1.83678
threshold=30745.750000000004 0 1 1.7500000000000002 3.2500000000000004 779.50000000000011 15.250000000000002 4.7500000000000009
decision_type=2 5 5 2 2 2 2 2
left_child=2 -2 -1 5 6 -3 -4 -6
right_child=1 3 4 -5 7 -7 -8 -9
leaf_value=0.0055315709699645908 -0.0055782427159954103 0.0068924441226307842 -0.0043439941926364002 0.037516658267212857 -0.013531402175423639 0.021308031231321699 0.0036633595295077924 -0.0025802463224628056
leaf_count=247 283 179 1857 147 658 245 187 197
internal_value=0 0.825077 -0.265128 1.06956 -0.327999 1.00607 -0.209583 -0.687736
internal_count=4000 854 3146 571 2899 424 2044 855
cat_boundaries=0 3 9
cat_threshold=2283012182 554173696 65568 137220 131088 1073741824 1048576 0 262272
shrinkage=0.0164632


Tree=12
num_leaves=7
num_cat=0
split_feature=17 0 21 0 3 19
split_gain=35.2976 12.2159 7.13735 3.33246 3.22259 2.13106
threshold=19690.750000000004 1.7500000000000002 50.500000000000007 16.750000000000004 46.744450000000008 517.75000000000011
decision_type=2 2 2 2 2 2
left_child=2 4 3 5 -2 -1
right_child=1 -3 -4 -5 -6 -7
leaf_value=-0.0063965421657995562 0.014643643475744629 0.031527192060619338 0.011168657860078863 0.0038013931398722112 0.0014189144587302314 0.00054201379370099429
leaf_count=2643 208 164 171 244 270 300
internal_value=0 0.958151 -0.22805 -0.289197 0.486287 -0.340381
internal_count=4000 642 3358 3187 478 2943
shrinkage=0.0164632


Tree=13
num_leaves=9
num_cat=1
split_feature=17 19 4 19 18 15 17 0
split_gain=33.9289 11.7226 10.1781 10.6344 6.90178 5.26363 5.16336 3.44946
threshold=19690.750000000004 1342.0000000000002 0 379.75000000000006 154410.00000000003 1.7500000000000002 135394.00000000003 16.750000000000004
decision_type=2 2 5 2 2 2 2 2
left_child=2 -2 3 -1 -3 7 -6 -4
right_child=1 4 5 -5 6 -7 -8 -9
leaf_value=-0.0030706720001770866 0.032935524203485264 -0.0032477293559915492 -0.004869364630093043 0.021015898392426652 0.022445873161658032 -0.012756281163522003 0.002470968390681894 0.0060900289689557064
leaf_count=230 134 174 2103 203 182 642 152 180
internal_value=0 0.932753 -0.224919 0.359988 0.524505 -0.328573 0.888111 -0.230733
internal_count=4000 642 3358 433 508 2925 334 2283
cat_boundaries=0 6
cat_threshold=16914966 131088 1073743880 1114112 2048 262274
shrinkage=0.0164632


Tree=14
num_leaves=9
num_cat=1
split_feature=17 19 4 19 12 15 13 0
split_gain=32.6372 12.7512 9.88727 10.1111 6.99839 5.20697 5.17397 3.35647
threshold=19690.750000000004 1304.5000000000002 0 379.75000000000006 105.25000000000001 1.7500000000000002 273.25000000000006 16.750000000000004
decision_type=2 2 5 2 2 2 2 2
left_child=2 -2 3 -1 6 7 -3 -4
right_child=1 4 5 -5 -6 -7 -8 -9
leaf_value=-0.0030334205344586165 0.033357502620818151 0.0093705207050580851 -0.0048117907845480704 0.0203578982618184 0.019562496569721689 -0.012699027824421266 -0.0082588826476657721 0.0059738842758753838
leaf_count=230 128 188 2103 203 163 642 163 180
internal_value=0 0.908465 -0.221965 0.35273 0.495725 -0.324879 0.0623061 -0.227676
internal_count=4000 642 3358 433 514 2925 351 2283
cat_boundaries=0 6
cat_threshold=16914966 131088 1073743880 1114112 2048 262274
shrinkage=0.0164632


Tree=15
num_leaves=8
num_cat=0
split_feature=17 19 12 13 21 0 0
split_gain=31.4306 9.89166 6.74398 6.11807 5.48438 2.88335 2.10162
threshold=15400.750000000002 1207.7500000000002 105.25000000000001 273.25000000000006 4.7500000000000009 16.750000000000004 1.7500000000000002
decision_type=2 2 2 2 2 2 2
left_child=4 -2 3 -3 5 6 -1
right_child=1 2 -4 -5 -6 -7 -8
leaf_value=-0.0039800822799984951 0.028670482858003381 0.0099700367341388711 0.018982207388478022 -0.0087523658822472074 0.0069767912134452237 0.0032771566184123147 -0.0095921342631091703
leaf_count=2035 153 194 163 175 263 231 786
internal_value=0 0.850127 0.473516 0.0639745 -0.228604 -0.295335 -0.344444
internal_count=4000 685 532 369 3315 3052 2821
shrinkage=0.0164632


Tree=16
num_leaves=10
num_cat=2
split_feature=2 18 0 3 10 2 0 12 0
split_gain=30.8953 26.4303 9.91435 5.88058 4.46461 3.67068 2.08441 1.60857 1.0628
threshold=0 30745.750000000004 1.7500000000000002 34.901850000000003 152.50000000000003 1 9.2500000000000018 3.2500000000000004 1.7500000000000002
decision_type=5 2 2 2 2 5 2 2 2
left_child=3 5 4 6 -3 -2 8 -7 -1
right_child=1 2 -4 -5 -6 7 -8 -9 -10
leaf_value=-0.0034922792708340341 -0.0053751164460693179 0.0010411406277314348 0.036092221135782684 -0.013282927236804826 0.018166097535598811 0.00025545863864512644 0.0019182196618404534 0.010795681224879001 -0.0096239534214516993
leaf_count=1373 344 158 142 594 294 256 347 186 306
internal_value=0 0.522814 1.26341 -0.329158 0.806899 -0.0494559 -0.215035 0.20807 -0.293978
internal_count=4000 1380 594 2620 452 786 2026 442 1679
cat_boundaries=0 6 11
cat_threshold=2148794451 562596952 2162720 4 0 65536 1109917992 4096 0 0 2097152
shrinkage=0.0164632


Tree=17
num_leaves=10
num_cat=2
split_feature=2 21 16 19 2 10 0 0 18
split_gain=30.1292 26.4609 10.8753 5.25339 4.6736 4.10877 1.92197 0.394796 0.170164
threshold=0 190.00000000000003 15788.500000000002 1.7500000000000002 1 152.50000000000003 15.250000000000002 1.7500000000000002 92375.500000000015
decision_type=5 2 2 2 5 2 2 2 2
left_child=3 2 4 6 -2 -4 7 -1 -5
right_child=1 -3 5 8 -6 -7 -8 -9 -10
leaf_value=-0.0031624543066777616 0.0057147387278277386 0.029606453300849874 0.0042498662033880943 -0.01352482569439486 -0.0046590248006094029 0.023558411865225309 0.0038443945860775226 -0.0068983474491150247 -0.0058821795108975382
leaf_count=1319 172 252 167 543 636 130 182 443 156
internal_value=0 0.519235 0.218063 -0.323174 -0.104075 0.917656 -0.201457 -0.26021 -0.733213
internal_count=4000 1357 1105 2643 808 297 1944 1762 699
cat_boundaries=0 6 11
cat_threshold=2148532563 562596952 2162720 4 0 65536 1342177280 1048832 9437184 32 33554944
shrinkage=0.0164632


Tree=18
num_leaves=8
num_cat=0
split_feature=17 19 18 21 12 0 0
split_gain=28.2851 12.5439 6.34728 6.33448 5.99287 2.9789 2.06617
threshold=19690.750000000004 1207.7500000000002 154410.00000000003 50.500000000000007 81.250000000000014 16.750000000000004 12.250000000000002
decision_type=2 2 2 2 2 2 2
left_child=3 -2 -3 5 -4 6 -1
right_child=1 2 4 -5 -6 -7 -8
leaf_value=-0.0045017019759213787 0.032117029314870038 -0.0032216342612980046 0.0033885929005199305 0.010340526187756365 0.023992221858873165 0.0035491081955505476 -0.013954548371715891
leaf_count=2757 113 195 212 171 122 244 186
internal_value=0 0.824672 0.442707 -0.211634 0.793957 -0.271427 -0.321361
internal_count=4000 642 529 3358 334 3187 2943
shrinkage=0.0164632


Tree=19
num_leaves=8
num_cat=1
split_feature=4 19 21 18 15 14 21
split_gain=28.8283 25.6916 7.85978 6.56924 4.37946 2.70153 0.279229
threshold=0 323.50000000000006 116.50000000000001 152.50000000000003 4598.5000000000009 243.25000000000003 116.50000000000001
decision_type=5 2 2 2 2 2 2
left_child=3 5 4 -1 -3 -2 -5
right_child=1 2 -4 6 -6 -7 -8
leaf_value=-0.0032165050173702365 -0.011216914695706202 0.0028296800960365045 0.027312371066708963 -0.015585323942769739 0.017240544478709575 0 -0.0070997482468729781
leaf_count=2010 249 294 256 425 264 322 180
internal_value=0 0.49946 1.05118 -0.321646 0.647734 -0.290936 -0.81406
internal_count=4000 1385 814 2615 558 571 605
cat_boundaries=0 7
cat_threshold=3798483745 83958784 2214593605 67108946 1073741824 4194304 20480
shrinkage=0.0164632


Tree=20
num_leaves=8
num_cat=2
split_feature=2 21 4 16 3 0 0
split_gain=28.8994 21.9134 10.78 6.95589 6.7828 1.70538 1.30023
threshold=0 190.00000000000003 1 15788.500000000002 34.901850000000003 9.2500000000000018 1.7500000000000002
decision_type=5 2 5 2 2 2 2
left_child=4 2 -2 -4 5 6 -1
right_child=1 -3 3 -5 -6 -7 -8
leaf_value=-0.0028947484432703067 -0.0069397619396704595 0.026953418850249589 0.0033893777835512268 0.01928062693086089 -0.013412997927176601 0.0017451844205769447 -0.0095048889420304237
leaf_count=1368 308 252 553 233 626 352 308
internal_value=0 0.505592 0.225217 0.451187 -0.318464 -0.190075 -0.263179
internal_count=4000 1346 1094 786 2654 2028 1676
cat_boundaries=0 6 13
cat_threshold=2148532563 562597080 2162720 4 0 65536 1616920832 83886082 2214625345 80 0 4194304 16384
shrinkage=0.0164632


Tree=21
num_leaves=8
num_cat=2
split_feature=2 17 21 3 8 2 10
split_gain=27.6923 19.9728 7.00184 5.93145 4.71006 2.3878 2.18711
threshold=0 19690.750000000004 4.7500000000000009 34.901850000000003 234.25000000000003 1 3109.7500000000005
decision_type=5 2 2 2 2 5 2
left_child=3 2 5 -1 6 -2 -3
right_child=1 4 -4 -5 -6 -7 -8
leaf_value=-0.0033202175684220927 0.0031188707859532241 0.012547745071084365 0.012499920775983503 -0.013180890930454008 0.0067413408652881 -0.005087382839856572 0.030158183673789765
leaf_count=2026 169 136 213 605 151 523 177
internal_value=0 0.486077 0.0565142 -0.317616 1.21821 -0.204259 1.49987
internal_count=4000 1369 905 2631 464 692 313
cat_boundaries=0 6 12
cat_threshold=2148794451 562597080 2162720 4 0 65536 268435972 2 1048576 32 33554944 131072
shrinkage=0.0164632


Tree=22
num_leaves=8
num_cat=2
split_feature=2 21 4 3 15 0 0
split_gain=26.2537 20.2594 10.1108 6.45505 5.63585 1.66722 1.28842
threshold=0 190.00000000000003 1 34.901850000000003 8437.0000000000018 9.2500000000000018 1.7500000000000002
decision_type=5 2 5 2 2 2 2
left_child=3 2 -2 5 -4 6 -1
right_child=1 -3 4 -5 -6 -7 -8
leaf_value=-0.0028128551956902617 -0.0069019012458710781 0.025315835246682256 0.0035589029075162202 -0.013242426549410446 0.017955459664139715 0.0017719329705287749 -0.0094153534594793083
leaf_count=1368 308 252 570 615 227 352 308
internal_value=0 0.474142 0.201968 -0.30867 0.420542 -0.185001 -0.257758
internal_count=4000 1357 1105 2643 797 2028 1676
cat_boundaries=0 6 13
cat_threshold=2148532563 562596952 2162720 4 0 65536 1616920832 83886082 2214625345 80 0 4194304 16384
shrinkage=0.0164632


Tree=23
num_leaves=10
num_cat=2
split_feature=2 18 0 3 4 18 0 0 19
split_gain=26.6892 20.2781 7.53454 5.98377 5.62138 2.02672 1.92783 1.03206 0.526525
threshold=0 30745.750000000004 1.7500000000000002 34.901850000000003 1 166188.00000000003 9.2500000000000018 1.7500000000000002 71.500000000000014
decision_type=5 2 2 2 5 2 2 2 2
left_child=3 4 5 6 -2 -3 7 -1 -6
right_child=1 2 -4 -5 8 -7 -8 -9 -10
leaf_value=-0.0031935335084080818 0.0066803083846481053 0.0057246800458108918 0.030545213808375136 -0.013154666313012438 -0.010460166250922366 0.017275937874131089 0.0020018026261637029 -0.0093031035489906863 -0.0035820169975949298
leaf_count=1373 179 259 142 615 217 177 347 306 385
internal_value=0 0.47422 1.09049 -0.313898 -0.0403482 0.697512 -0.196703 -0.27446 -0.280419
internal_count=4000 1359 578 2641 781 436 2026 1679 602
cat_boundaries=0 6 12
cat_threshold=2283012179 562597080 2162720 4 0 65536 137740 131072 1073741824 0 0 262272
shrinkage=0.0164632


Tree=24
num_leaves=9
num_cat=2
split_feature=2 21 15 19 4 0 6 0
split_gain=25.3717 17.9489 9.2412 5.20266 4.15507 1.74547 0.478994 0.389243
threshold=0 190.00000000000003 8437.0000000000018 1.7500000000000002 1 15.250000000000002 10.750000000000002 1.7500000000000002
decision_type=5 2 2 2 5 2 2 2
left_child=3 2 4 5 -2 7 -5 -1
right_child=1 -3 -4 6 -6 -7 -8 -9
leaf_value=-0.0028536662197437444 0.005312086481821277 0.023838740134492813 0.014376850032259803 -0.014491743177849563 -0.0042470587054135832 0.0037815707194828788 -0.0066994283550065861 -0.0065534089084121391
leaf_count=1319 180 252 269 420 645 182 290 443
internal_value=0 0.463822 0.204223 -0.305055 -0.0786077 -0.182686 -0.719493 -0.240335
internal_count=4000 1346 1094 2654 825 1944 710 1762
cat_boundaries=0 6 12
cat_threshold=2148532563 562597080 2162720 4 0 65536 133646 0 1073742080 0 0 262144
shrinkage=0.0164632


Tree=25
num_leaves=10
num_cat=2
split_feature=2 18 19 8 15 2 22 19 8
split_gain=25.1521 18.3361 5.70509 4.76982 3.78956 3.55273 2.75185 2.52155 0.368163
threshold=0 30745.750000000004 1.7500000000000002 83.500000000000014 12512.500000000002 1 1.7500000000000002 323.50000000000006 102.25000000000001
decision_type=5 2 2 2 2 5 2 2 2
left_child=2 5 -1 4 -3 -2 -5 -7 -4
right_child=1 3 8 6 -6 7 -8 -9 -10
leaf_value=-0.0029676842153321115 -0.0052133927275237711 0.012171433378759871 -0.014603992697121098 0.0019147655916174299 0.032771434578542424 -0.00010940727364207737 0.015875168282936548 0.011568219269913586 -0.0066810755753712739
leaf_count=1944 344 131 450 190 120 249 137 188 247
internal_value=0 0.456628 -0.307332 1.03189 1.44563 -0.0370937 0.573033 0.210835 -0.747552
internal_count=4000 1359 2641 578 251 781 327 437 697
cat_boundaries=0 6 11
cat_threshold=2283012179 562597080 2162720 4 0 65536 1109917992 4096 0 0 2097152
shrinkage=0.0164632


Tree=26
num_leaves=7
num_cat=2
split_feature=2 21 15 3 4 14
split_gain=25.958 15.0772 8.9656 6.97437 3.82015 1.33121
threshold=0 190.00000000000003 8437.0000000000018 34.901850000000003 1 42226.750000000007
decision_type=5 2 2 2 5 2
left_child=3 2 4 -1 -2 -3
right_child=1 5 -4 -5 -6 -7
leaf_value=-0.0028753168015386642 0.0054683169660676469 0.028409957892151869 0.014635687360312823 -0.013339571294646725 -0.0038016115378118934 0.012498017699979744
leaf_count=2028 159 134 259 661 641 118
internal_value=0 0.471106 0.229414 -0.307372 -0.0546301 1.36315
internal_count=4000 1311 1059 2689 800 252
cat_boundaries=0 6 10
cat_threshold=2283274579 562597080 2162720 4 2097152 65536 133646 0 1073742080 1048576
shrinkage=0.0164632


Tree=27
num_leaves=10
num_cat=2
split_feature=4 21 16 3 2 21 21 0 0
split_gain=22.3137 13.4852 8.83953 6.48753 5.73045 5.70202 2.20703 1.70494 0.428231
threshold=0 190.00000000000003 14216.500000000002 2.9757000000000002 1 33.250000000000007 469.75000000000006 15.250000000000002 1.7500000000000002
decision_type=5 2 2 2 5 2 2 2 2
left_child=3 2 4 7 -2 -4 -3 8 -1
right_child=1 6 5 -5 -6 -7 -8 -9 -10
leaf_value=-0.0027752254767586999 0.0066499363220902281 0.028023268826745277 0.02316928983862937 -0.013632111834348037 -0.0046566323303469988 0.0029115546834160826 0.011386012077470899 0.0037266990599239811 -0.00657791138906735
leaf_count=1323 169 111 131 567 736 182 148 183 450
internal_value=0 0.409438 0.195093 -0.304577 -0.0886542 0.779927 1.23919 -0.180262 -0.237505
internal_count=4000 1477 1218 2523 905 313 259 1956 1773
cat_boundaries=0 7 12
cat_threshold=3764929313 83957760 2214593605 67108882 0 4194304 20480 1342177536 1048832 9437184 32 640
shrinkage=0.0164632


Tree=28
num_leaves=10
num_cat=2
split_feature=2 18 0 19 4 10 0 3 0
split_gain=21.7076 15.6761 7.88305 5.62986 5.49976 2.78589 1.65975 0.621267 0.382948
threshold=0 30745.750000000004 1.7500000000000002 1.7500000000000002 1 152.50000000000003 15.250000000000002 46.693500000000007 1.7500000000000002
decision_type=5 2 2 2 5 2 2 2 2
left_child=3 4 5 6 -2 -3 8 -6 -1
right_child=1 2 -4 -5 7 -7 -8 -9 -10
leaf_value=-0.0026980138685456026 0.0064633016477371125 0 0.027380393309272381 -0.012478541425912926 -0.010077121275087191 0.012503246888335352 0.0037551579005227456 -0.0030925330150837387 -0.0063684094470398576
leaf_count=1319 179 158 142 652 271 305 182 349 443
internal_value=0 0.411284 0.916405 -0.29482 -0.0513873 0.557267 -0.173043 -0.284074 -0.230108
internal_count=4000 1404 605 2596 799 463 1944 620 1762
cat_boundaries=0 6 12
cat_threshold=2148532307 562597080 2162720 4 0 65536 137740 131072 1073741824 0 0 262272
shrinkage=0.0164632


Tree=29
num_leaves=10
num_cat=2
split_feature=2 13 0 3 2 15 0 19 0
split_gain=24.1998 13.5445 7.17157 7.05679 4.31875 2.79977 1.48275 1.47146 1.30343
threshold=0 40.750000000000007 1.7500000000000002 34.901850000000003 1 12512.500000000002 9.2500000000000018 323.50000000000006 1.7500000000000002
decision_type=5 2 2 2 5 2 2 2 2
left_child=3 4 5 6 -2 -3 8 -6 -1
right_child=1 2 -4 -5 7 -7 -8 -9 -10
leaf_value=-0.0024259770440461042 -0.0049102165141815439 0.001581067890311882 0.027796215978753147 -0.013259036448832574 0.00063413461929750115 0.014593575933497022 0.0018519104975908052 0.010795272361073737 -0.0090970386406832079
leaf_count=1383 322 179 145 669 219 196 352 227 308
internal_value=0 0.455879 0.989325 -0.296147 0.0370148 0.577481 -0.1631 0.280977 -0.232587
internal_count=4000 1288 520 2712 768 375 2043 446 1691
cat_boundaries=0 6 12
cat_threshold=2283012435 562597080 2162720 4 2097152 65536 1109917740 4096 0 0 0 131072
shrinkage=0.0164632


Tree=30
num_leaves=9
num_cat=2
split_feature=2 19 0 3 4 0 0 7
split_gain=23.2409 12.9087 7.00559 6.74412 3.32304 1.49422 1.22416 1.19276
threshold=0 323.50000000000006 7.7500000000000009 34.901850000000003 1 9.2500000000000018 1.7500000000000002 40.750000000000007
decision_type=5 2 2 2 5 2 2 2
left_child=3 7 4 5 -3 6 -1 -2
right_child=1 2 -4 -5 -6 -7 -8 -9
leaf_value=-0.0024957688174705841 -0.0069735740890007536 -0.0024415982115293766 0.026933783007327072 -0.013169896395318502 0.010018538929189936 0.0018208551308585834 -0.0090311696731344218 0.00084676058838180541
leaf_count=1368 267 171 125 661 539 352 308 209
internal_value=0 0.439433 0.789808 -0.295262 0.562146 -0.165354 -0.236115 -0.198796
internal_count=4000 1311 835 2689 710 2028 1676 476
cat_boundaries=0 6 12
cat_threshold=2283274579 562597080 2162720 4 2097152 65536 285212676 83886080 67108864 16 0 4194304
shrinkage=0.0164632


Tree=31
num_leaves=10
num_cat=1
split_feature=2 19 10 3 0 14 0 0 6
split_gain=22.4517 13.2207 7.8628 5.86979 4.90303 2.07472 1.74858 0.973353 0.0655683
threshold=0 323.50000000000006 49.750000000000007 34.901850000000003 7.7500000000000009 243.25000000000003 9.2500000000000018 1.7500000000000002 10.750000000000002
decision_type=5 2 2 2 2 2 2 2 2
left_child=3 5 -3 6 -4 -2 7 -1 -5
right_child=1 2 4 8 -6 -7 -8 -9 -10
leaf_value=-0.0028897896532907048 -0.0091514433362220645 -0.0014837926138882046 0.011713220710920982 -0.015221086047522101 0.027956736559791553 0.0012248409780844934 0.0020498307630210477 -0.0089164391891333791 -0.0074470690781947863
leaf_count=1373 245 194 540 393 112 243 347 306 247
internal_value=0 0.42575 0.773511 -0.294572 0.958616 -0.216372 -0.177589 -0.253599 -0.784835
internal_count=4000 1334 846 2666 652 488 2026 1679 640
cat_boundaries=0 6
cat_threshold=2283536467 562597080 2162720 4 2097152 65536
shrinkage=0.0164632


Tree=32
num_leaves=9
num_cat=2
split_feature=4 19 18 19 21 2 0 0
split_gain=20.9875 13.2714 7.34466 6.31757 5.33029 2.58341 1.54746 0.35281
threshold=0 323.50000000000006 6.2500000000000009 568.00000000000011 190.00000000000003 1 15.250000000000002 1.7500000000000002
decision_type=5 2 2 2 2 5 2 2
left_child=2 5 6 -3 -5 -2 7 -1
right_child=1 3 -4 4 -6 -7 -8 -9
leaf_value=-0.0026156186101311684 0.0032100515974672382 0.026036530979701666 -0.014261029242790513 0.0041499891649550069 0.017375395603822414 -0.0056134981471823832 0.0035956734035603932 -0.0061753408199089165
leaf_count=1359 197 140 558 549 189 382 182 444
internal_value=0 0.394731 -0.297484 0.739645 0.541456 -0.208378 -0.166858 -0.22172
internal_count=4000 1457 2543 878 738 579 1985 1803
cat_boundaries=0 7 12
cat_threshold=3764929313 83957760 2214593605 67108946 1073741824 4194304 20480 304087048 1048592 0 0 512
shrinkage=0.0164632


Tree=33
num_leaves=9
num_cat=1
split_feature=4 19 18 19 21 7 0 0
split_gain=20.3211 12.748 7.26159 5.90181 5.03815 1.51002 1.50725 0.345407
threshold=0 323.50000000000006 6.2500000000000009 568.00000000000011 190.00000000000003 40.750000000000007 15.250000000000002 1.7500000000000002
decision_type=5 2 2 2 2 2 2 2
left_child=2 5 6 -3 -5 -2 7 -1
right_child=1 3 -4 4 -6 -7 -8 -9
leaf_value=-0.0025797060956561698 -0.0075714109079555768 0.025159450603958796 -0.014216603440718871 0.0040697745361886681 0.016879752279634307 0.00073584788246066127 0.0035339446584365564 -0.0061136466455545234
leaf_count=1359 303 140 558 549 189 276 182 444
internal_value=0 0.386645 -0.294139 0.721897 0.529468 -0.206411 -0.164607 -0.219014
internal_count=4000 1457 2543 878 738 579 1985 1803
cat_boundaries=0 7
cat_threshold=3764929313 83957760 2214593605 67108946 1073741824 4194304 20480
shrinkage=0.0164632


Tree=34
num_leaves=10
num_cat=1
split_feature=4 19 19 19 3 14 0 0 12
split_gain=20.2476 14.7098 5.48754 5.43758 5.38609 2.6066 1.32167 0.185729 0.170579
threshold=0 323.50000000000006 20.500000000000004 568.00000000000011 35.615200000000009 243.25000000000003 15.250000000000002 1.7500000000000002 18.250000000000004
decision_type=5 2 2 2 2 2 2 2 2
left_child=2 5 6 -3 -5 -2 7 -1 -4
right_child=1 3 8 4 -6 -7 -8 -9 -10
leaf_value=-0.0026846827631947659 -0.010661001472181603 0.026023312353387111 -0.014368693114678567 -0.002495988825766115 0.012387121628096617 0.00064445154803966789 0.0029801878607233771 -0.0056126691332349585 -0.0063704201367754763
leaf_count=1340 249 129 430 118 567 322 188 470 187
internal_value=0 0.397844 -0.284543 0.769222 0.576599 -0.24169 -0.166978 -0.218415 -0.751328
internal_count=4000 1385 2615 814 685 571 1998 1810 617
cat_boundaries=0 7
cat_threshold=3798483745 83958784 2214593605 67108946 1073741824 4194304 20480
shrinkage=0.0164632


Tree=35
num_leaves=10
num_cat=2
split_feature=4 18 18 0 8 2 17 0 21
split_gain=19.599 11.5235 6.34706 5.52319 3.98647 2.76132 2.55884 1.33642 0.322632
threshold=0 28156.750000000004 152.50000000000003 7.7500000000000009 76.750000000000014 1 814.75000000000011 15.250000000000002 116.50000000000001
decision_type=5 2 2 2 2 5 2 2 2
left_child=2 5 7 4 -3 -2 -7 -1 -4
right_child=1 3 8 -5 -6 6 -8 -9 -10
leaf_value=-0.0034103811764501562 0.0047545850588939804 0.015860709842144396 -0.015329534814789712 0.026077974501922084 0.0031890125763504563 -0.01036165774024109 0.00035599367324752986 0.0032525145848865704 -0.006585536075545911
leaf_count=1826 163 206 425 104 311 308 293 184 180
internal_value=0 0.389517 -0.281389 0.805621 0.561199 -0.0262497 -0.198863 -0.155736 -0.788276
internal_count=4000 1385 2615 621 517 764 601 2010 605
cat_boundaries=0 7 12
cat_threshold=3798483745 83958784 2214593605 67108946 1073741824 4194304 20480 268435460 1048576 9437184 32 33555072
shrinkage=0.0164632


Tree=36
num_leaves=10
num_cat=2
split_feature=2 13 0 19 2 14 15 0 6
split_gain=19.2009 10.858 6.29327 4.97814 4.09007 3.17293 2.51233 1.37905 0.620408
threshold=0 40.750000000000007 1.7500000000000002 1.7500000000000002 1 662.50000000000011 12512.500000000002 15.250000000000002 10.750000000000002
decision_type=5 2 2 2 5 2 2 2 2
left_child=3 4 6 7 -2 -6 -3 -1 -5
right_child=1 2 -4 8 5 -7 -8 -9 -10
leaf_value=-0.0034411559180549853 -0.0050372097698747282 0.00095982489322996413 0.024044614537583369 -0.01425985001124804 -0.00029144570802558107 0.012205052474624721 0.012548967440885569 0.0033670472435911986 -0.0059934649665674723
leaf_count=1762 340 198 145 430 240 215 198 182 290
internal_value=0 0.389195 0.835422 -0.275838 0.00741634 0.253229 0.47519 -0.155077 -0.694227
internal_count=4000 1336 541 2664 795 455 396 1944 720
cat_boundaries=0 6 12
cat_threshold=2282750291 562597080 2162720 4 0 65536 1110179884 4096 0 0 0 131072
shrinkage=0.0164632


Tree=37
num_leaves=10
num_cat=1
split_feature=4 19 18 19 3 14 0 21 0
split_gain=18.6182 13.1978 6.28618 5.29545 5.10701 2.50334 1.26421 0.329272 0.137804
threshold=0 323.50000000000006 152.50000000000003 568.00000000000011 35.615200000000009 243.25000000000003 15.250000000000002 116.50000000000001 1.7500000000000002
decision_type=5 2 2 2 2 2 2 2 2
left_child=2 5 6 -3 -5 -2 8 -4 -1
right_child=1 3 7 4 -6 -7 -8 -9 -10
leaf_value=-0.0024968929276072433 -0.010514855699121903 0.024811545630304535 -0.015289697930063578 -0.0027443310017721402 0.01159350287365468 0.00062322548365868606 0.003141482495519844 -0.0065076859406823021 -0.0051906371348986423
leaf_count=1369 249 129 425 118 567 322 184 180 457
internal_value=0 0.377256 -0.276144 0.721291 0.535337 -0.234802 -0.151084 -0.784247 -0.201584
internal_count=4000 1385 2615 814 685 571 2010 605 1826
cat_boundaries=0 7
cat_threshold=3798483745 83958784 2214593605 67108946 1073741824 4194304 20480
shrinkage=0.0164632


Tree=38
num_leaves=9
num_cat=2
split_feature=2 21 4 3 14 14 0 0
split_gain=18.216 10.2451 7.72176 6.23164 3.50871 1.6905 1.30438 1.17753
threshold=0 190.00000000000003 1 34.901850000000003 555.25000000000011 42226.750000000007 9.2500000000000018 1.7500000000000002
decision_type=5 2 5 2 2 2 2 2
left_child=3 2 -2 6 -4 -3 7 -1
right_child=1 5 4 -5 -6 -7 -8 -9
leaf_value=-0.0021895458841323604 -0.0063923814219057646 0.022821680700293258 -5.6731593458624144e-05 -0.012812728349956153 0.010485413234092127 0.0089630740224863198 0.0017811427141493454 -0.0086792309914767354
leaf_count=1368 296 134 286 638 500 118 352 308
internal_value=0 0.376084 0.168884 -0.270972 0.350309 1.05659 -0.147751 -0.215655
internal_count=4000 1334 1082 2666 786 252 2028 1676
cat_boundaries=0 6 13
cat_threshold=2149056851 562597080 2162720 4 0 65536 1612726528 83886082 2214625345 80 0 4194304 16384
shrinkage=0.0164632


Tree=39
num_leaves=10
num_cat=2
split_feature=2 19 0 19 4 14 0 6 0
split_gain=18.1087 9.71183 5.47968 5.00956 4.12795 2.53625 1.28422 0.682673 0.34367
threshold=0 323.50000000000006 7.7500000000000009 1.7500000000000002 1 243.25000000000003 15.250000000000002 10.750000000000002 1.7500000000000002
decision_type=5 2 2 2 5 2 2 2 2
left_child=3 5 4 6 -3 -2 8 -5 -1
right_child=1 2 -4 7 -6 -7 -8 -9 -10
leaf_value=-0.0022845558210560584 -0.0092124269412613979 -0.0019057674330171207 0.022529636175233226 -0.014247053323991593 0.0094304427607850606 0.0024779020281251885 0.0032274347874028221 -0.0058007863060030793 -0.005800364893396112
leaf_count=1319 266 267 125 442 443 223 182 290 443
internal_value=0 0.374361 0.660081 -0.270691 0.463022 -0.190107 -0.148789 -0.691043 -0.201529
internal_count=4000 1324 835 2676 710 489 1944 732 1762
cat_boundaries=0 6 12
cat_threshold=2283274579 562597080 2162720 4 0 65536 318767108 83886082 67108864 16 0 4456448
shrinkage=0.0164632


Tree=40
num_leaves=9
num_cat=2
split_feature=2 21 4 3 14 0 7 0
split_gain=18.1057 9.04322 7.1079 6.44599 2.95953 2.08279 1.67567 0.607078
threshold=0 190.00000000000003 1 34.901850000000003 555.25000000000011 16.750000000000004 613.00000000000011 1.7500000000000002
decision_type=5 2 5 2 2 2 2 2
left_child=3 2 -2 5 -4 7 -3 -1
right_child=1 6 4 -5 -6 -7 -8 -9
leaf_value=-0.0021213215843501974 -0.005856675073016738 0.020999261392496534 0 -0.012858574635481844 0.010319820987523308 0.0054481353763655349 0.0073304289110333537 -0.0062184407999770269
leaf_count=1368 305 156 273 661 481 159 96 501
internal_value=0 0.374752 0.178351 -0.27041 0.353238 -0.143382 1.00964 -0.204316
internal_count=4000 1311 1059 2689 754 2028 252 1869
cat_boundaries=0 6 13
cat_threshold=2283274579 562597080 2162720 4 2097152 65536 1109410048 83886082 2214625345 80 0 4194304 16384
shrinkage=0.0164632


Tree=41
num_leaves=10
num_cat=1
split_feature=4 19 18 19 0 6 0 21 0
split_gain=16.9166 11.5469 6.21746 4.9673 4.80964 1.52264 1.13907 0.325613 0.119499
threshold=0 323.50000000000006 152.50000000000003 568.00000000000011 3.2500000000000004 1.7500000000000002 15.250000000000002 116.50000000000001 1.7500000000000002
decision_type=5 2 2 2 2 2 2 2 2
left_child=2 5 6 -3 -5 -2 8 -4 -1
right_child=1 3 7 4 -6 -7 -8 -9 -10
leaf_value=-0.0023620577470855443 -0.007304778069626908 0.023260629683597957 -0.015223475855106548 0.004391222744162448 0.018025902889624596 0.0013153832997704719 0.0029465397173718717 -0.0064251609320661162 -0.004948959007646068
leaf_count=1369 356 129 425 549 136 215 184 180 457
internal_value=0 0.354629 -0.26721 0.668445 0.491463 -0.225088 -0.14259 -0.778107 -0.191392
internal_count=4000 1385 2615 814 685 571 2010 605 1826
cat_boundaries=0 7
cat_threshold=3798483745 83958784 2214593605 67108946 1073741824 4194304 20480
shrinkage=0.0164632


Tree=42
num_leaves=8
num_cat=1
split_feature=2 13 3 14 8 17 18
split_gain=15.764 8.52649 5.83965 3.27524 3.21707 2.98232 1.52344
threshold=0 10.750000000000002 34.901850000000003 243.25000000000003 268.00000000000006 14869.000000000002 13900.000000000002
decision_type=5 2 2 2 2 2 2
left_child=2 3 -1 -2 5 -3 -5
right_child=1 4 -4 6 -6 -7 -8
leaf_value=-0.0022985231259812166 -0.007129713376718274 0.0047657146947600636 -0.0125643243516597 0.0092344694861626626 0.0030856421015605156 0.017955300047246568 -0.00024980311551384761
leaf_count=2028 336 205 626 172 208 247 178
internal_value=0 0.343133 -0.257333 -0.0382594 0.676498 0.862282 0.248095
internal_count=4000 1346 2654 686 660 452 350
cat_boundaries=0 6
cat_threshold=2148532563 562597080 2162720 4 0 65536
shrinkage=0.0164632


Tree=43
num_leaves=10
num_cat=1
split_feature=4 19 18 19 3 14 0 21 0
split_gain=16.1161 10.8019 6.15342 4.72081 4.80189 2.35915 1.10921 0.331914 0.119325
threshold=0 323.50000000000006 152.50000000000003 568.00000000000011 35.615200000000009 243.25000000000003 15.250000000000002 116.50000000000001 1.7500000000000002
decision_type=5 2 2 2 2 2 2 2 2
left_child=2 5 6 -3 -5 -2 8 -4 -1
right_child=1 3 7 4 -6 -7 -8 -9 -10
leaf_value=-0.002295418991504661 -0.010250885466038929 0.022421529460508044 -0.01518556692162094 -0.0032225356265386642 0.01042620174898133 0.00068088820670437415 0.0029372209271759826 -0.0063506614230034383 -0.0048673573473195387
leaf_count=1369 249 129 425 118 567 322 184 180 457
internal_value=0 0.344125 -0.262477 0.644097 0.472223 -0.219983 -0.138546 -0.774259 -0.187025
internal_count=4000 1385 2615 814 685 571 2010 605 1826
cat_boundaries=0 7
cat_threshold=3798483745 83958784 2214593605 67108946 1073741824 4194304 20480
shrinkage=0.0164632


Tree=44
num_leaves=9
num_cat=2
split_feature=2 21 4 3 10 0 10 0
split_gain=16.3634 7.93896 6.59606 6.28798 2.348 1.95729 1.65647 0.589809
threshold=0 190.00000000000003 1 34.901850000000003 16.750000000000004 16.750000000000004 66841.750000000015 1.7500000000000002
decision_type=5 2 5 2 2 2 2 2
left_child=3 2 -2 5 -4 7 -3 -1
right_child=1 6 4 -5 -6 -7 -8 -9
leaf_value=-0.0019984901721023067 -0.0057533249364817929 0.019320388806821139 -0 -0.012723874803955525 0.0092096092867169979 0.005295367665436963 0.0061668580445837931 -0.0060510192322359973
leaf_count=1368 305 157 224 661 530 159 95 501
internal_value=0 0.351321 0.165171 -0.260983 0.33255 -0.13579 0.93432 -0.195747
internal_count=4000 1311 1059 2689 754 2028 252 1869
cat_boundaries=0 6 13
cat_threshold=2283274579 562597080 2162720 4 2097152 65536 1109410048 83886082 2214625345 80 0 4194304 16384
shrinkage=0.0164632


Tree=45
num_leaves=9
num_cat=1
split_feature=2 19 0 3 3 14 0 0
split_gain=13.8674 8.12107 7.4413 7.30011 2.56408 2.52373 1.88635 0.597444
threshold=0 323.50000000000006 10.750000000000002 34.901850000000003 35.258400000000002 243.25000000000003 16.750000000000004 1.7500000000000002
decision_type=5 2 2 2 2 2 2 2
left_child=3 5 4 6 -3 -2 7 -1
right_child=1 2 -4 -5 -6 -7 -8 -9
leaf_value=-0.0019197990548457063 -0.0092062356484946695 -0.0016794379782408952 0.024110885456886114 -0.014541385449427947 0.0080012213874589028 0.0017800457121818873 0.0051986651397895253 -0.0059896157560295673
leaf_count=1364 278 125 95 523 641 314 159 501
internal_value=0 0.306617 0.560875 -0.253856 0.374917 -0.168041 -0.131855 -0.191206
internal_count=4000 1453 861 2547 766 592 2024 1865
cat_boundaries=0 6
cat_threshold=2148532563 562597064 2162720 4 0 65536
shrinkage=0.0164632


Tree=46
num_leaves=9
num_cat=2
split_feature=2 3 21 4 16 3 0 0
split_gain=15.1786 8.20084 7.96679 5.26492 2.87771 1.86688 1.79536 0.632204
threshold=0 34.901850000000003 190.00000000000003 1 15788.500000000002 49.172750000000008 16.750000000000004 1.7500000000000002
decision_type=5 2 2 5 2 2 2 2
left_child=1 6 3 -2 -5 -4 7 -1
right_child=2 -3 5 4 -6 -7 -8 -9
leaf_value=-0.0017901022781743111 -0.004912825241214001 -0.014726534885257228 0.018961582600774702 0.0019431667781864997 0.011545011073062182 0.0056228872664434394 0.0051040657549872425 -0.0059285512425200845
leaf_count=1379 324 578 161 576 233 89 159 501
internal_value=0 -0.25976 0.327856 0.145846 0.296835 0.905131 -0.125628 -0.183287
internal_count=4000 2617 1383 1133 809 250 2039 1880
cat_boundaries=0 6 13
cat_threshold=2283536723 562597064 2162720 4 2097152 65536 1073758464 83886082 2214625345 65616 0 4456448 16384
shrinkage=0.0164632


Tree=47
num_leaves=10
num_cat=2
split_feature=2 21 3 15 2 10 0 10 0
split_gain=14.8458 7.14245 6.04966 5.3686 2.86384 2.15123 1.79906 1.52089 0.550487
threshold=0 190.00000000000003 34.901850000000003 8437.0000000000018 1 74526.250000000015 16.750000000000004 152.50000000000003 1.7500000000000002
decision_type=5 2 2 2 5 2 2 2 2
left_child=2 3 6 4 -2 -3 8 -5 -1
right_child=1 5 -4 7 -6 -7 -8 -9 -10
leaf_value=-0.0019170500239736937 0.0044835375622281444 0.018383482313742202 -0.012565553518524784 0.0031322741612314691 -0.0035566679087574429 0.0045959189704534772 0.0050115109608829958 0.015113481660005902 -0.0058678290986055219
leaf_count=1368 156 162 661 143 644 90 159 116 501
internal_value=0 0.330135 -0.252213 0.15188 -0.0734587 0.873386 -0.13025 0.619292 -0.188611
internal_count=4000 1311 2689 1059 800 252 2028 259 1869
cat_boundaries=0 6 11
cat_threshold=2283274579 562597080 2162720 4 2097152 65536 270532608 1048576 9437184 32 512
shrinkage=0.0164632


Tree=48
num_leaves=9
num_cat=1
split_feature=4 13 0 19 15 19 15 16
split_gain=14.3728 7.17182 4.77791 3.46577 2.47508 4.31856 3.51764 2.34494
threshold=0 57.250000000000007 16.750000000000004 323.50000000000006 12925.750000000002 3742.7500000000005 1.7500000000000002 13627.750000000002
decision_type=5 2 2 2 2 2 2 2
left_child=1 3 4 -1 6 -6 -2 -3
right_child=2 7 -4 -5 5 -7 -8 -9
leaf_value=-0.0039116840456668977 -0.0030063408098674428 0.0089191042891508428 0.0069651457383867145 0.0084130139478220088 0.010656299636968633 -0.0062491973467989331 -0.010478368697521107 0.024940962341855787
leaf_count=300 2081 137 229 227 115 147 669 95
internal_value=0 0.463598 -0.171789 0.178716 -0.251837 0.116255 -0.311353 1.07658
internal_count=4000 759 3241 527 3012 262 2750 232
cat_boundaries=0 6
cat_threshold=84031582 409619 1090683144 135266304 2048 130
shrinkage=0.0164632


Tree=49
num_leaves=8
num_cat=1
split_feature=4 19 18 19 3 14 21
split_gain=14.1087 8.95277 6.02573 4.69642 4.39873 2.26368 0.342427
threshold=0 323.50000000000006 152.50000000000003 568.00000000000011 35.615200000000009 243.25000000000003 116.50000000000001
decision_type=5 2 2 2 2 2 2
left_child=2 5 -1 -3 -5 -2 -4
right_child=1 3 6 4 -6 -7 -8
leaf_value=-0.002095832835911225 -0.010020967741668711 0.021069437174185839 -0.015091729222393387 -0.0035402542058351632 0.0093422913315218004 0.00080158074645737744 -0.0061794009125489754
leaf_count=2010 249 129 425 118 567 322 180
internal_value=0 0.316683 -0.250102 0.581469 0.416271 -0.205264 -0.764948
internal_count=4000 1385 2615 814 685 571 605
cat_boundaries=0 7
cat_threshold=3798483745 83958784 2214593605 67108946 1073741824 4194304 20480
shrinkage=0.0164632


Tree=50
num_leaves=10
num_cat=1
split_feature=4 19 18 19 3 0 18 14 0
split_gain=13.7688 7.62628 4.53594 3.73863 4.47939 1.94702 1.72579 1.47095 0.541658
threshold=0 323.50000000000006 6.2500000000000009 568.00000000000011 35.615200000000009 16.750000000000004 133228.00000000003 243.25000000000003 1.7500000000000002
decision_type=5 2 2 2 2 2 2 2 2
left_child=2 7 5 -3 -5 8 -4 -2 -1
right_child=1 3 6 4 -6 -7 -8 -9 -10
leaf_value=-0.0019893452239067955 -0.0079721681308862931 0.019167670731018813 -0.0142966354336882 -0.0030865756152352918 0.0095650591717263284 0.0053669413733216098 -0.0028129347498206565 0.00069486754914576798 -0.0060452061984897117
leaf_count=1359 249 140 483 135 524 154 159 325 472
internal_value=0 0.318117 -0.242873 0.572431 0.407787 -0.130242 -0.66409 -0.155764 -0.192411
internal_count=4000 1373 2627 799 659 1985 642 574 1831
cat_boundaries=0 7
cat_threshold=4033364769 83957760 2214593605 75497554 1073741824 4194304 20480
shrinkage=0.0164632


Tree=51
num_leaves=7
num_cat=1
split_feature=4 19 18 19 3 14
split_gain=13.2924 8.25345 5.91121 3.71544 4.15593 2.17591
threshold=0 323.50000000000006 152.50000000000003 568.00000000000011 35.615200000000009 243.25000000000003
decision_type=5 2 2 2 2 2
left_child=2 5 -1 -3 -5 -2
right_child=1 3 -4 4 -6 -7
leaf_value=-0.0020336151329399324 -0.0098832743063373332 0.019198536062661902 -0.012508312917346737 -0.0029234074680786889 0.0091877611675627718 0.00077811060489398195
leaf_count=2010 248 134 605 134 547 322
internal_value=0 0.304982 -0.244798 0.555828 0.404174 -0.199417
internal_count=4000 1385 2615 815 681 570
cat_boundaries=0 7
cat_threshold=3764929313 83958784 2214593605 75497554 1073741824 4194304 20480
shrinkage=0.0164632


Tree=52
num_leaves=8
num_cat=1
split_feature=4 13 0 19 16 15 15
split_gain=12.9224 7.20643 4.95935 2.83699 2.13924 2.01934 2.9581
threshold=0 45.250000000000007 16.750000000000004 323.50000000000006 25687.750000000004 22844.500000000004 1.7500000000000002
decision_type=5 2 2 2 2 2 2
left_child=1 3 5 -1 -3 6 -2
right_child=2 4 -4 -5 -6 -7 -8
leaf_value=-0.0044252960580549181 -0.002961128717253955 0.0083673895262560624 0.0071479844512845831 0.0066972817525093598 0.021840355570605017 0.0020664172612306591 -0.0097341140407326051
leaf_count=317 2043 182 226 230 102 198 702
internal_value=0 0.414785 -0.173142 0.0914897 0.930729 -0.257433 -0.305588
internal_count=4000 831 3169 547 284 2943 2745
cat_boundaries=0 6
cat_threshold=84031582 409619 1091209480 135266304 2048 262274
shrinkage=0.0164632


Tree=53
num_leaves=10
num_cat=2
split_feature=4 2 10 19 8 0 13 0 0
split_gain=12.7451 7.58402 4.92818 4.19093 3.59957 1.81885 1.4844 1.09285 0.538782
threshold=0 1 16.750000000000004 1.7500000000000002 79.750000000000014 16.750000000000004 33.250000000000007 1.7500000000000002 1.7500000000000002
decision_type=5 5 2 2 2 2 2 2 2
left_child=3 7 -3 5 -4 8 -5 -2 -1
right_child=1 2 4 6 -6 -7 -8 -9 -10
leaf_value=-0.0018546442040455185 -0.00092523164475464127 -0.00028013347765626481 0.016536923290054989 -0.01488872925990564 0.0057235379635538633 0.0051755329992242772 -0.0046895514859972929 -0.010102011319401211 -0.0059136811626754084
leaf_count=1320 268 253 340 405 320 154 277 192 471
internal_value=0 0.303485 0.484168 -0.235826 0.726124 -0.123328 -0.632181 -0.214245 -0.18539
internal_count=4000 1373 913 2627 660 1945 682 460 1791
cat_boundaries=0 7 12
cat_threshold=4066919201 83957760 2214593605 67108946 1073741824 4194304 20480 1049428 17302736 2162688 0 134217856
shrinkage=0.0164632


Tree=54
num_leaves=8
num_cat=0
split_feature=17 0 19 21 15 0 0
split_gain=9.90884 8.31785 3.80764 2.89095 2.52863 1.64517 2.40783
threshold=19690.750000000004 7.7500000000000009 1304.5000000000002 72.250000000000014 13716.250000000002 16.750000000000004 10.750000000000002
decision_type=2 2 2 2 2 2 2
left_child=3 2 -2 5 -4 6 -1
right_child=1 -3 4 -5 -6 -7 -8
leaf_value=-0.002908296795245601 0.012711674892981131 0.020953352426905998 -0.0081739680029536514 0.0065535541713303965 0.0028028910796391239 0.0025456215673948256 -0.012366755553930278
leaf_count=2733 97 99 127 145 319 248 232
internal_value=0 0.423083 0.166681 -0.145817 -0.00700058 -0.191561 -0.233691
internal_count=4000 642 543 3358 446 3213 2965
shrinkage=0.0164632


Tree=55
num_leaves=9
num_cat=1
split_feature=4 13 0 16 19 9 18 6
split_gain=12.1181 6.23896 4.51689 2.5227 2.32114 1.41029 4.35991 0.108435
threshold=0 49.000000000000007 16.750000000000004 17195.500000000004 323.50000000000006 61.750000000000007 77725.750000000015 24.250000000000004
decision_type=5 2 2 2 2 2 2 2
left_child=1 4 5 -3 -1 6 -2 -6
right_child=2 3 -4 -5 7 -7 -8 -9
leaf_value=-0.0032446144383972788 -0.0047332957075546305 0.0079419681602771776 0.0066334174241303549 0.022822584958198406 0.0028409732079160955 -0.0094458880632551628 0.0052810710258295477 0.0086019722808981687
leaf_count=323 2433 167 227 87 139 277 229 118
internal_value=0 0.398938 -0.1689 0.920835 0.134214 -0.250916 -0.196427 0.386904
internal_count=4000 834 3166 254 580 2939 2662 257
cat_boundaries=0 6
cat_threshold=84031582 409619 1091207432 135331840 2048 262274
shrinkage=0.0164632


Tree=56
num_leaves=10
num_cat=2
split_feature=4 2 10 19 3 0 0 17 0
split_gain=11.8524 7.09648 4.67659 4.53588 4.45618 1.6594 1.08392 0.802757 0.529628
threshold=0 1 16.750000000000004 1.7500000000000002 35.258400000000002 16.750000000000004 1.7500000000000002 59008.000000000007 1.7500000000000002
decision_type=5 5 2 2 2 2 2 2 2
left_child=3 6 -3 5 -4 8 -2 -5 -1
right_child=1 2 4 7 -6 -7 -8 -9 -10
leaf_value=-0.0017175882330797362 -0.00090227449922914403 -0.00050545876951006534 -0 -0.013217300573597206 0.013663846345300637 0.0049155794224464049 -0.010057496916680673 -0.0038178306085021136 -0.0057465784057702573
leaf_count=1320 268 258 117 511 559 154 192 150 471
internal_value=0 0.287641 0.458243 -0.231655 0.685273 -0.115915 -0.212289 -0.654852 -0.176259
internal_count=4000 1394 934 2606 676 1945 460 661 1791
cat_boundaries=0 7 12
cat_threshold=4033364769 83957760 2214593605 67108946 1073741824 4194304 20480 1049428 17302736 2162688 0 134217856
shrinkage=0.0164632


Tree=57
num_leaves=9
num_cat=2
split_feature=4 16 0 14 21 9 22 2
split_gain=11.4755 6.03212 4.53568 3.31983 2.31434 1.33967 4.1348 1.0174
threshold=0 13627.750000000002 16.750000000000004 15989.500000000002 116.50000000000001 61.750000000000007 1.7500000000000002 1
decision_type=5 2 2 2 2 2 2 5
left_child=1 4 5 -3 7 6 -2 -1
right_child=2 3 -4 -5 -6 -7 -8 -9
leaf_value=-0.0030933119491796147 -0.0045523313319186494 0.0043813393343110005 0.0066859645296118448 0.021238170535192061 0.0099542940019939092 -0.0093474618522229463 0.006086143468596145 0.0020096976099070493
leaf_count=238 2434 101 225 126 89 276 214 297
internal_value=0 0.381693 -0.167345 0.926562 0.151279 -0.250308 -0.196477 -0.00967568
internal_count=4000 851 3149 227 624 2924 2648 535
cat_boundaries=0 6 9
cat_threshold=84031582 409619 1091209480 135331840 2048 262274 34603016 16777296 2162688
shrinkage=0.0164632


Tree=58
num_leaves=9
num_cat=2
split_feature=4 2 18 13 15 8 6 18
split_gain=11.1902 6.76368 4.75863 3.84706 4.14199 1.29406 1.08609 1.01425
threshold=0 1 6.2500000000000009 10.750000000000002 12512.500000000002 33.250000000000007 1.7500000000000002 133228.00000000003
decision_type=5 5 2 2 2 2 2 2
left_child=2 6 -1 5 -5 -3 -2 -4
right_child=1 3 7 4 -6 -7 -8 -9
leaf_value=-0.0018523703788867656 -0.0099787789033559827 0.0074718667483292664 -0.01402162769281874 0.0060826952109182741 0.018865632777582513 -0.00038977125048457055 -0.00082109248657395175 -0.0037584892427159258
leaf_count=1985 214 193 469 288 165 288 246 152
internal_value=0 0.277709 -0.226659 0.442702 0.731734 0.14787 -0.210039 -0.67677
internal_count=4000 1394 2606 934 453 481 460 621
cat_boundaries=0 7 12
cat_threshold=4033364769 83957760 2214593605 67108946 1073741824 4194304 20480 1049428 17302736 2162688 0 134217856
shrinkage=0.0164632


Tree=59
num_leaves=10
num_cat=1
split_feature=2 17 0 19 0 12 0 8 0
split_gain=10.4733 6.52179 8.43644 6.46757 3.85832 3.67081 1.54235 1.29042 0.532751
threshold=0 19690.750000000004 7.7500000000000009 1.7500000000000002 4.7500000000000009 3.2500000000000004 16.750000000000004 234.25000000000003 1.7500000000000002
decision_type=5 2 2 2 2 2 2 2 2
left_child=3 4 7 6 5 -2 8 -3 -1
right_child=1 2 -4 -5 -6 -7 -8 -9 -10
leaf_value=-0.0015883055307899375 -0.0023016987402980854 0.007312086420127299 0.024574544857120968 -0.013519439828154593 -0.0075015413192382596 0.0089789553198561002 0.0047404601492686436 -0 -0.0056211073036284646
leaf_count=1319 370 251 73 567 306 342 154 147 471
internal_value=0 0.253404 0.591336 -0.232973 0 0.204953 -0.109235 0.301015 -0.168283
internal_count=4000 1489 471 2511 1018 712 1944 398 1790
cat_boundaries=0 6
cat_threshold=2283274323 562597064 2162720 4 0 65536
shrinkage=0.0164632


Tree=60
num_leaves=9
num_cat=1
split_feature=4 13 0 19 15 15 19 8
split_gain=10.8307 5.00915 3.95989 2.04876 1.9397 4.01257 3.71813 1.00253
threshold=0 57.250000000000007 16.750000000000004 323.50000000000006 12925.750000000002 1.7500000000000002 3742.7500000000005 42.250000000000007
decision_type=5 2 2 2 2 2 2 2
left_child=1 3 4 -1 5 -2 -6 -3
right_child=2 7 -4 -5 6 -7 -8 -9
leaf_value=-0.0027792375809368801 -0.0024975994847350638 0.02004459549763337 0.0061487582535586973 0.0064038863608593148 0.0093225589734074622 -0.010660098541863216 -0.0062215853480606879 0.0084601130448663294
leaf_count=314 2080 94 228 232 115 651 147 139
internal_value=0 0.385665 -0.156172 0.145242 -0.232555 -0.287972 0.0863331 0.869094
internal_count=4000 779 3221 546 2993 2731 262 233
cat_boundaries=0 6
cat_threshold=84031582 409619 1090683144 135331840 2048 130
shrinkage=0.0164632


Tree=61
num_leaves=8
num_cat=2
split_feature=2 3 0 1 16 0 0
split_gain=11.0096 7.78457 6.63408 4.05244 3.85155 1.2347 0.5407
threshold=0 34.901850000000003 15.250000000000002 1 24052.750000000004 16.750000000000004 1.7500000000000002
decision_type=5 2 2 1 2 2 2
left_child=1 5 3 4 -2 6 -1
right_child=2 -3 -4 -5 -6 -7 -8
leaf_value=-0.0013497566226496262 -0.0015577178670699078 -0.014481715753615816 0.019494540308108505 0.012771581155927716 0.0073421760083339704 0.0040816701734338462 -0.0052549044481592514
leaf_count=1364 877 568 124 172 235 159 501
internal_value=0 -0.232316 0.267044 0.189876 0.0773911 -0.10055 -0.152415
internal_count=4000 2592 1408 1284 1112 2024 1865
cat_boundaries=0 6 7
cat_threshold=2283274579 562597064 2162720 4 2097152 196608 1
shrinkage=0.0164632


Tree=62
num_leaves=10
num_cat=1
split_feature=2 0 18 15 15 16 0 0 18
split_gain=10.6841 6.31478 4.66515 4.40685 3.5825 1.76698 1.56216 0.373806 0.350326
threshold=0 15.250000000000002 1.7500000000000002 12512.500000000002 7.0000000000000009 24052.750000000004 16.750000000000004 1.7500000000000002 76867.750000000015
decision_type=5 2 2 2 2 2 2 2 2
left_child=2 3 6 4 -2 -5 7 -1 -4
right_child=1 -3 8 5 -6 -7 -8 -9 -10
leaf_value=-0.0019736875761385653 0.0061097890451077145 0.018949269803017196 -0.014630061531710347 0.0016974535714936059 -0.0036021116739080525 0.012017618935990591 0.0044754054727973577 -0.0055541748817462423 -0.0056095058465428851
leaf_count=1369 378 124 404 145 572 189 154 475 190
internal_value=0 0.262358 -0.229541 0.186605 -3.99603e-05 0.522807 -0.12521 -0.18351 -0.720047
internal_count=4000 1408 2592 1284 950 334 1998 1844 594
cat_boundaries=0 6
cat_threshold=2283274579 562597064 2162720 4 2097152 196608
shrinkage=0.0164632


Tree=63
num_leaves=9
num_cat=2
split_feature=2 3 0 4 15 0 0 10
split_gain=10.3441 6.76501 5.35403 7.48957 2.67498 1.36677 0.331251 0.310061
threshold=0 34.901850000000003 15.250000000000002 1 12512.500000000002 16.750000000000004 1.7500000000000002 712.00000000000011
decision_type=5 2 2 5 2 2 2 2
left_child=1 5 3 7 -5 6 -1 -2
right_child=2 -3 -4 4 -6 -7 -8 -9
leaf_value=-0.0017337483584465218 -0.0036852057558269774 -0.014230978528541258 0.017422504099899899 0.0034477627437539547 0.011752247041058662 0.0042328136673957378 -0.0050413775656643744 -0.010988727900948606
leaf_count=1369 210 547 130 689 233 156 497 169
internal_value=0 -0.229081 0.254678 0.184796 0.340807 -0.111548 -0.16579 -0.309304
internal_count=4000 2569 1431 1301 922 2022 1866 379
cat_boundaries=0 6 12
cat_threshold=2283536467 562597064 2162720 4 2097152 196608 1359495428 83886083 2214592513 80 0 4194304
shrinkage=0.0164632


Tree=64
num_leaves=10
num_cat=1
split_feature=4 13 0 19 15 19 15 8 15
split_gain=10.0656 4.66411 3.51159 1.91446 1.76197 4.95394 3.94352 0.95915 0.0288787
threshold=0 57.250000000000007 16.750000000000004 323.50000000000006 12925.750000000002 3661.7500000000005 1.7500000000000002 42.250000000000007 4357.7500000000009
decision_type=5 2 2 2 2 2 2 2 2
left_child=1 3 4 -1 6 -6 -2 -3 -5
right_child=2 7 -4 8 5 -7 -8 -9 -10
leaf_value=-0.0027703564354146499 -0.0023657453356399427 0.019164331527095537 0.0055865750978687703 0.0078688977569342476 0.010934899610528116 -0.0070155714113684245 -0.010519402554495511 0.0080296204034887523 0.0026539996439954258
leaf_count=314 2080 94 228 117 106 156 651 139 115
internal_value=0 0.369271 -0.151651 0.135602 -0.22522 0.0764433 -0.27875 0.829533 0.369399
internal_count=4000 779 3221 546 2993 262 2731 233 232
cat_boundaries=0 6
cat_threshold=84031582 409619 1090683144 135331840 2048 130
shrinkage=0.0164632


end of trees

feature importances:
n_1=115
n_table_1.n_20=57
c_table_1.c_2=47
c_table_1.c_3=43
n_table_1.n_2=34
n_table_1.n_19=34
n_table_1.n_26=33
n_table_1.n_16=26
n_table_1.n_18=22
n_table_1.n_15=19
n_table_1.n_7=15
n_table_1.n_9=15
n_table_1.n_12=12
n_table_1.n_17=12
n_table_1.n_11=10
n_table_1.n_5=9
n_table_1.n_8=5
n_table_1.n_6=3
n_table_1.n_27=2
c_table_1.c_1=1

parameters:
[boosting: gbdt]
[objective: binary]
[metric: auc]
[tree_learner: serial]
[device_type: cpu]
[data: ]
[valid: ]
[num_iterations: 100]
[learning_rate: 0.0164632]
[num_leaves: 10]
[num_threads: 4]
[max_depth: 4]
[min_data_in_leaf: 20]
[min_sum_hessian_in_leaf: 6.73486]
[bagging_fraction: 1]
[bagging_freq: 66]
[bagging_seed: 3]
[feature_fraction: 0.8]
[feature_fraction_seed: 2]
[early_stopping_round: 0]
[max_delta_step: 0]
[lambda_l1: 0.355793]
[lambda_l2: 1.10943]
[min_gain_to_split: 0]
[drop_rate: 0.1]
[max_drop: 50]
[skip_drop: 0.5]
[xgboost_dart_mode: 0]
[uniform_drop: 0]
[drop_seed: 4]
[top_rate: 0.2]
[other_rate: 0.1]
[min_data_per_group: 100]
[max_cat_threshold: 32]
[cat_l2: 10]
[cat_smooth: 10]
[max_cat_to_onehot: 4]
[top_k: 20]
[monotone_constraints: ]
[feature_contri: ]
[forcedsplits_filename: ]
[refit_decay_rate: 0.9]
[verbosity: -1]
[max_bin: 255]
[min_data_in_bin: 3]
[bin_construct_sample_cnt: 200000]
[histogram_pool_size: -1]
[data_random_seed: 1]
[output_model: LightGBM_model.txt]
[snapshot_freq: -1]
[input_model: ]
[output_result: LightGBM_predict_result.txt]
[initscore_filename: ]
[valid_data_initscores: ]
[pre_partition: 0]
[enable_bundle: 1]
[max_conflict_rate: 0]
[is_enable_sparse: 1]
[sparse_threshold: 0.8]
[use_missing: 1]
[zero_as_missing: 0]
[two_round: 0]
[save_binary: 0]
[enable_load_from_binary_file: 1]
[header: 0]
[label_column: ]
[weight_column: ]
[group_column: ]
[ignore_column: ]
[categorical_feature: ]
[predict_raw_score: 0]
[predict_leaf_index: 0]
[predict_contrib: 0]
[num_iteration_predict: -1]
[pred_early_stop: 0]
[pred_early_stop_freq: 10]
[pred_early_stop_margin: 10]
[convert_model_language: ]
[convert_model: gbdt_prediction.cpp]
[num_class: 1]
[is_unbalance: 0]
[scale_pos_weight: 1]
[sigmoid: 1]
[boost_from_average: 1]
[reg_sqrt: 0]
[alpha: 0.9]
[fair_c: 1]
[poisson_max_delta_step: 0.7]
[tweedie_variance_power: 1.5]
[max_position: 20]
[label_gain: ]
[metric_freq: 1]
[is_provide_training_metric: 0]
[eval_at: ]
[num_machines: 1]
[local_listen_port: 12400]
[time_out: 120]
[machine_list_filename: ]
[machines: ]
[gpu_platform_id: -1]
[gpu_device_id: -1]
[gpu_use_dp: 0]

end of parameters

pandas_categorical:[[0, 1, 2], [0, 1, 2, 3, 4, 5, 6, 7, 8, 9, 10, 11, 12, 13, 14, 15, 16, 17, 18, 19, 20, 21, 22, 23, 24, 25, 26, 27, 28, 29, 30, 31, 32, 33, 34, 35, 36, 37, 38, 39, 40, 41, 42, 43, 44, 45, 46, 47, 48, 49, 50, 51, 52, 53, 54, 55, 56, 57, 58, 59, 60, 61, 62, 63, 64, 65, 66, 67, 68, 69, 70, 71, 72, 73, 74, 75, 76, 77, 78, 79, 80, 81, 82, 83, 84, 85, 86, 87, 88, 89, 90, 91, 92, 93, 94, 95, 96, 97, 98, 99, 100, 101, 102, 103, 104, 105, 106, 107, 108, 109, 110, 111, 112, 113, 114, 115, 116, 117, 118, 119, 120, 121, 122, 123, 124, 125, 126, 127, 128, 129, 130, 131, 132, 133, 134, 135, 136, 137, 138, 139, 140, 141, 142, 143, 144, 145, 146, 147, 148, 149, 150, 151, 152, 153, 154, 155, 156, 157, 158, 159, 160, 161, 162, 163, 164, 165, 166, 167, 168, 169, 170, 171, 172, 173, 174, 175, 176, 177, 178, 179, 180, 181, 182, 183, 184], [0, 1, 2, 3, 4, 5, 6, 7, 8, 9, 10, 11, 12, 13, 14, 15, 16, 17, 18, 19, 20, 21, 22, 23, 24, 25, 26, 27, 28, 29, 30, 31, 32, 33, 34, 35, 36, 37, 38, 39, 40, 41, 42, 43, 44, 45, 46, 47, 48, 49, 50, 51, 52, 53, 54, 55, 56, 57, 58, 59, 60, 61, 62, 63, 64, 65, 66, 67, 68, 69, 70, 71, 72, 73, 74, 75, 76, 77, 78, 79, 80, 81, 82, 83, 84, 85, 86, 87, 88, 89, 90, 91, 92, 93, 94, 95, 96, 97, 98, 99, 100, 101, 102, 103, 104, 105, 106, 107, 108, 109, 110, 111, 112, 113, 114, 115, 116, 117, 118, 119, 120, 121, 122, 123, 124, 125, 126, 127, 128, 129, 130, 131, 132, 133, 134, 135, 136, 137, 138, 139, 140, 141, 142, 143, 144, 145, 146, 147, 148, 149, 150, 151, 152, 153, 154, 155, 156, 157, 158, 159, 160, 161, 162, 163, 164, 165, 166, 167, 168, 169, 170, 171, 172, 173, 174, 175, 176, 177, 178, 179, 180, 181, 182, 183, 184, 185, 186, 187, 188, 189, 190, 191, 192, 193, 194, 195, 196, 197, 198, 199, 200, 201, 202, 203, 204, 205, 206, 207, 208, 209, 210, 211, 212, 213, 214, 215, 216], [0, 1, 2, 3, 4, 5, 6, 7, 8, 9, 10, 11, 12, 13, 14, 15, 16, 17, 18, 19, 20, 21, 22, 23, 24, 25, 26, 27, 28, 29, 30, 31, 32, 33, 34, 35, 36, 37, 38, 39, 40, 41, 42, 43, 44, 45, 46, 47, 48, 49, 50, 51, 52, 53, 54, 55, 56, 57, 58, 59, 60, 61, 62, 63, 64, 65, 66, 67, 68, 69, 70, 71, 72, 73, 74, 75, 76, 77, 78, 79, 80, 81, 82, 83, 84, 85, 86, 87, 88, 89, 90, 91, 92, 93, 94, 95, 96, 97, 98, 99, 100, 101, 102, 103, 104, 105, 106, 107, 108, 109, 110, 111, 112, 113, 114, 115, 116, 117, 118, 119, 120, 121, 122, 123, 124, 125, 126, 127, 128, 129, 130, 131, 132, 133, 134, 135, 136, 137, 138]]
