tree
version=v2
num_class=1
num_tree_per_iteration=1
label_index=0
max_feature_idx=11
objective=binary sigmoid:1
feature_names=n_1 c_table_1.c_2 c_table_1.c_4 n_table_1.n_12 n_table_1.n_15 n_table_1.n_16 n_table_1.n_18 n_table_1.n_19 n_table_1.n_26 c_table_2.c_1 n_table_2.n_13 n_table_3.n_3
feature_infos=[1:335.5] 24:0:17:16:10:7:34:23:19:60:18:15:44:28:1:5:8:35:45:38:41:68:4:12:25:13:2:75:49:20:39:48:50:46:21:111:22:92:33:56:57:59:87:27:79:120:9:37:43:62:125:26:47:96:40:61:70:73:3:6:67:72:76:31:42:66:77:85:104:108:124:132:53:54:89:91:93:136:55:64:82:84:94:101:115:121:140:36:51:71:80:81:88:97:98:102:103:119:127:135:147:149:30:52:63:118:123:133:139:144:165:167:32:58:69:74:78:90:99:110:112:114:116:131:134:137:146:161:162:166:174 4:0:10:12:2:11:7:5:45:51:35:8:18:23:33:40:77:30:37:38:41:57:29:28:16:74:62:49:13:21:48:104:6:69:22:26:39:54:19:27:72:87:95:3:31:55:56:106:15:17:60:61:96:103:92:25:66:67:78:80:81:93:94:109:113:117:122:1:24:44:46:47:53:59:65:83:84:99:112:121:133:14:20:36:63:70:82:97:102:116:136:32:34:42:52:58:64:71:75:85:90:98:107:111:115:124:129:130:131:132 [1:8524] [1:274774] [1:249100] [1:574087] [1:1285890] [1:121640] 1:0 [1:395101] [1:509664]
tree_sizes=1815 2584 1477 1682 2014 1332 1241 2162 1765

Tree=0
num_leaves=23
num_cat=1
split_feature=5 6 6 6 0 10 5 5 3 0 6 0 9 3 10 3 6 10 10 6 6 3
split_gain=34.853 13.4424 9.81054 13.0556 8.91812 2.88794 3.0646 5.19712 4.2256 7.12359 3.83734 3.21182 3.01755 1.82095 1.60372 1.25924 1.47215 0.572696 4.14663 0.230878 0.326191 0.137789
threshold=18608.500000000004 214070.00000000003 177081.50000000003 102161.00000000001 18.250000000000004 224327.50000000003 39.250000000000007 2565.2500000000005 90.250000000000014 4.7500000000000009 11620.000000000002 7.7500000000000009 0 1297.0000000000002 10.750000000000002 1838.5000000000002 12580.000000000002 36.250000000000007 357.25000000000006 1.7500000000000002 6389.5000000000009 307.75000000000006
decision_type=2 2 2 2 2 2 2 2 2 2 2 2 1 2 2 2 2 2 2 2 2 2
left_child=4 2 3 15 5 6 12 8 10 -10 -8 13 -1 -9 -13 16 -2 -14 -19 -6 -21 -18
right_child=1 -3 -4 -5 19 -7 7 11 9 -11 -12 14 17 -15 -16 -17 21 18 -20 20 -22 -23
leaf_value=-3.0796913340119696 -2.8106757024829077 -1.3071433590017951 -2.9722636712373682 -1.6040958108993468 -2.2969874811911319 -2.4505654175016929 -2.9412509229341546 -3.0860351161730364 -2.048879199295409 -2.8661754613780075 -2.441901555600833 -2.8106757024829077 -2.9210483202999034 -2.8106757024829077 -2.3744743631196119 -2.8236766317677295 -2.4086348212217374 -2.4940609428177432 -2.9433645288727779 -2.8106757024829077 -2.6256659523004284 -2.8106757024829077
leaf_count=1074 22 58 103 84 91 24 276 524 99 37 88 36 655 46 30 50 84 129 369 29 23 69
internal_value=0 1.06893 0.587198 0.977865 -0.150051 -0.20491 -0.226391 -0.0117381 0.278247 0.850839 0 -0.290661 -0.319924 -0.424032 0.296532 0.183055 0.39547 -0.121582 -0 0.773378 0 0.57076
internal_count=4000 470 412 309 3530 3387 3363 1136 500 136 364 636 2227 570 66 225 175 1153 498 143 52 153
cat_boundaries=0 1
cat_threshold=2
shrinkage=1


Tree=1
num_leaves=36
num_cat=3
split_feature=1 11 11 6 1 6 1 3 3 3 3 3 10 11 10 0 3 8 11 10 3 3 10 0 11 3 0 6 6 11 11 0 3 3 3
split_gain=19.2592 5.4923 6.54504 3.55232 3.36203 4.52115 2.42883 2.26133 1.62538 2.23946 4.95885 2.07554 1.12231 1.26106 1.12556 1.68572 1.09433 1.04088 0.84102 0.822124 2.2871 1.03097 0.820509 0.798177 0.695997 0.631917 0.566889 0.538918 0.511796 0.499686 0.644707 0.0727355 0.0474701 0.00596444 0.132139
threshold=0 25.000000000000004 456.25000000000006 33567.250000000007 1 4778.5000000000009 2 43.000000000000007 783.25000000000011 594.25000000000011 90.250000000000014 3157.7500000000005 138.25000000000003 847.00000000000011 16877.500000000004 1.7500000000000002 307.75000000000006 1.7500000000000002 469.00000000000006 1.7500000000000002 1838.5000000000002 1730.5000000000002 202.75000000000003 10.750000000000002 8682.2500000000018 1095.2500000000002 18.250000000000004 22096.000000000004 113580.00000000001 456.25000000000006 90190.750000000015 6.2500000000000009 1408.7500000000002 452.50000000000006 146.50000000000003
decision_type=5 2 2 2 5 2 5 2 2 2 2 2 2 2 2 2 2 2 2 2 2 2 2 2 2 2 2 2 2 2 2 2 2 2 2
left_child=1 22 23 4 5 -2 12 17 9 10 -5 19 13 -4 15 -14 24 29 -7 20 25 -21 -1 -3 27 -10 -25 -9 -23 31 -31 -6 -8 34 -12
right_child=3 2 6 8 7 18 32 16 11 -11 33 -13 14 -15 -16 -17 -18 -19 -20 21 -22 28 -24 26 -26 -27 -28 -29 -30 30 -32 -33 -34 -35 -36
leaf_value=-0.24440689518217423 0.77773970103389112 0.58816198243382889 -0 0.65347300900615257 0.052970739535320284 0.17368043273090772 -0.39125277974178324 0.37004623212467241 -0 1.0263821202966505 -0 0.4069729864322742 -0 0.25830093136272914 0.13511161295509325 -0.33084139708029664 -0 -0.33329308489424342 -0.094274105026252122 -0 -0.33772147921543366 -0 0 -0 -0 0.23190866743751834 0.22491483409191393 0 0.35851563947308879 -0.22319584853453869 0 -0 -0 -0 0.06489596463516481
leaf_count=1637 78 63 77 66 131 88 218 78 30 28 32 30 271 163 33 109 44 122 37 25 50 20 23 45 38 30 22 53 22 102 20 66 20 22 107
internal_value=0 -0.252537 -0 0.327656 0.121958 0.411732 -0.170859 -0.0472846 0.607525 0.873944 0.474689 0.228995 0 0.262149 -0.0908134 -0.227825 0.204147 -0.278947 0 0 -0.152866 0.273784 -0.434447 0.743429 0.388617 0.110716 0 0.516748 0.520162 -0.00891607 -0.251214 0.00884991 -0.398552 0 0.0228038
internal_count=4000 2681 1021 1319 857 203 891 654 462 255 227 207 653 240 413 380 213 441 125 177 110 67 1660 130 169 60 67 131 42 319 122 197 238 161 139
cat_boundaries=0 3 7 8
cat_threshold=398102929 1107434310 32768 4194306 822083624 2560 536903680 16908289
shrinkage=0.544036


Tree=2
num_leaves=19
num_cat=3
split_feature=2 6 0 6 0 2 7 7 7 7 6 5 5 5 3 9 5 7
split_gain=6.63123 4.00897 2.61513 2.48833 1.54413 1.32442 0.649465 1.0391 1.67542 0.920335 0.356548 1.06029 0.683027 0.143663 0.128029 0.0540248 0.0502419 0.031965
threshold=0 40848.250000000007 18.250000000000004 72269.500000000015 1.7500000000000002 1 67023.250000000015 8536.7500000000018 3.2500000000000004 15073.000000000002 113580.00000000001 33751.000000000007 33187.000000000007 18575.500000000004 7.7500000000000009 2 114552.50000000001 631.00000000000011
decision_type=5 2 2 2 2 5 2 2 2 2 2 2 2 2 2 1 2 2
left_child=17 2 5 15 10 -2 7 8 -7 -9 11 -5 13 -12 -8 -3 -14 -1
right_child=1 3 -4 4 -6 6 14 9 -10 -11 12 -13 16 -15 -16 -17 -18 -19
leaf_value=-0 0.09794694970554492 0.61856068331820668 0.2492544903177514 -0.22986262821796372 0.27694507957595121 -0.0095374321911202153 -0 0.20270174319087528 -0.19591285640339848 -0 0 0 -0.028427467395349175 0.27435890415741276 -0.27775687602643484 0 0.030049436220864621 -0.32556965772373214
leaf_count=27 112 42 118 71 66 1665 24 118 481 416 36 72 103 26 89 34 42 458
internal_value=0 0.054581 -0.0115471 0.322842 0.150471 -0.0590284 -0.0928846 -0.0622114 -0.120923 0.0660855 0 -0.0964847 0.109694 0.396488 -0.401529 0.921708 -0 -0.415786
internal_count=4000 3515 3023 492 416 2905 2793 2680 2146 534 350 143 207 62 113 76 145 485
cat_boundaries=0 3 6 7
cat_threshold=741092644 33555368 2147483904 1082134528 131072 8192 2
shrinkage=0.544036


Tree=3
num_leaves=22
num_cat=2
split_feature=1 5 11 11 11 11 7 1 3 3 7 11 11 5 6 11 7 7 3 11 11
split_gain=10.6691 5.31314 1.74391 2.42079 1.66664 0.921852 0.899742 0.525481 0.837405 1.50416 1.20626 0.494078 0.822639 0.418478 0.1731 0.180024 0.144034 0.039568 0.0320748 0.18318 0.232668
threshold=0 19.750000000000004 17563.000000000004 1441.0000000000002 25500.250000000004 80202.250000000015 847.75000000000011 1 208.75000000000003 643.75000000000011 5403.2500000000009 424.75000000000006 456.25000000000006 90445.750000000015 38.500000000000007 14005.750000000002 2819.5000000000005 182719.00000000003 61.750000000000007 10654.750000000002 25.000000000000004
decision_type=5 2 2 2 2 2 2 5 2 2 2 2 2 2 2 2 2 2 2 2 2
left_child=13 2 3 6 -4 -6 11 18 10 17 16 -2 -13 -1 15 -5 -9 -10 -3 20 -20
right_child=1 7 4 14 5 -7 -8 8 9 -11 -12 12 -14 -15 -16 -17 -18 -19 19 -21 -22
leaf_value=-0.2495166035272863 -0 -0.031225997210885589 0.40202941973514644 -0.32816481860327934 -0.088476535192154024 0.14954395096875281 -0.18296918534904341 0.090822943036015902 -0.047455565188808023 0.18897589353296537 0.36409447506012599 0.25125399562119693 -0 -0 -0 -0 -0.031499573888813595 0 0 -0 0.19262495456865747
leaf_count=1011 1087 79 62 147 174 143 166 49 70 148 390 57 122 32 26 21 51 30 79 31 25
internal_value=0 0.125981 -0.00939235 -0.0991228 0.22758 0 -0 0.341164 0.363221 0.160162 0.579829 0.0260102 0.20734 -0.363302 -0.516455 -0.556446 0 -0.0282615 0 0.0321692 0.148949
internal_count=4000 2957 2005 1626 379 317 1432 952 738 248 490 1266 179 1043 194 168 100 100 214 135 104
cat_boundaries=0 3 7
cat_threshold=398045584 1124211522 32832 134218274 262312 528 16777216
shrinkage=0.544036


Tree=4
num_leaves=27
num_cat=1
split_feature=2 11 4 0 11 11 7 4 7 4 4 11 8 11 0 11 11 11 11 11 4 11 0 0 4 11
split_gain=3.12896 2.95571 2.18698 1.43428 1.24166 1.68546 1.11293 1.52457 1.92919 0.993304 1.58975 0.906958 0.901165 0.939666 0.779499 1.38666 0.982875 0.812096 1.58868 1.23647 0.586287 0.555685 0.526462 0.276296 0.220444 0.0179293
threshold=0 25.000000000000004 135130.00000000003 9.2500000000000018 10904.500000000002 47512.750000000007 3.2500000000000004 147.25000000000003 24645.250000000004 1000.7500000000001 2554.0000000000005 10654.750000000002 3556.0000000000005 190.00000000000003 1.7500000000000002 25.000000000000004 2949.2500000000005 17563.000000000004 134020.00000000003 3.2500000000000004 66029.500000000015 106189.00000000001 1.7500000000000002 10.750000000000002 1423.0000000000002 12696.250000000002
decision_type=5 2 2 2 2 2 2 2 2 2 2 2 2 2 2 2 2 2 2 2 2 2 2 2 2 2
left_child=1 3 6 20 24 -6 14 -8 9 11 -11 -9 13 -10 17 -16 23 19 -19 -2 22 -18 -1 -17 -3 -21
right_child=2 4 -4 -5 5 -7 7 8 12 10 -12 -13 -14 -15 15 16 21 18 -20 25 -22 -23 -24 -25 -26 -27
leaf_value=-0.18411527967660496 0.051413363046750059 0 0.17199819568821442 0.30134321126348051 -0.1371220589025689 0.2795310136086529 -0.27783752986385196 0.2924003235689509 -0.040649371964846373 -0.23052347131259041 0.085017048008101795 -0 0 -0.24411618884317776 -0.21711576659944704 0.24597012403453075 -0.22381901256536149 0.26155674446149535 -0 -0.15036721810758011 0 0 0 0 0.61620286207985564 -0
leaf_count=196 755 28 51 30 42 51 339 96 553 174 236 29 35 313 268 48 77 170 59 222 38 23 41 57 48 21
internal_value=0 0.230932 -0.0721514 0 0.663487 0.00365851 -0.111359 -0.184587 -0.0984075 0.0880373 -0 0.368475 -0.210061 -0.250192 -0 -0.160241 0 0.0483445 0.256138 -0 -0.101329 -0.226256 -0.237815 0.263338 1.00668 -0.263606
internal_count=4000 474 3526 305 169 93 3475 1775 1436 535 410 125 901 866 1700 473 205 1227 229 998 275 100 237 105 76 243
cat_boundaries=0 3
cat_threshold=1086328944 4923426 8224
shrinkage=0.544036


Tree=5
num_leaves=17
num_cat=1
split_feature=2 10 10 10 4 10 0 4 3 4 8 4 0 4 10 4
split_gain=2.0403 2.03165 3.58751 2.3671 2.37169 1.06376 0.835752 0.393346 0.572512 0.308302 0.23906 1.70347 0.23503 0.16744 0.131541 0.0601698
threshold=0 224327.50000000003 152.50000000000003 51.250000000000007 13754.500000000002 731.50000000000011 18.250000000000004 3344.5000000000005 170.50000000000003 58801.750000000007 1368.2500000000002 19108.750000000004 12.250000000000002 254.50000000000003 2608.0000000000005 95599.750000000015
decision_type=5 2 2 2 2 2 2 2 2 2 2 2 2 2 2 2
left_child=5 2 3 4 7 -1 9 13 -9 -4 11 -6 -5 -2 -7 -11
right_child=1 -3 6 12 10 14 -8 8 -10 15 -12 -13 -14 -15 -16 -17
leaf_value=-0.20879944549105384 -0.0081413620565119558 0.42166813411791959 -0.16984234636491 0.3205663649546292 0.37254750756388533 0.096505520079935486 0 -0.17643530991943981 0 0.034882182881671664 0.333706229203591 0 0 0.053304441332029225 -0 -0.050063191643849127
leaf_count=521 1589 23 669 118 42 30 28 118 100 21 36 323 20 270 51 41
internal_value=0 0.0325258 0.00858021 0.0983047 0.0401903 -0.217449 -0.230714 -0.021466 -0.168493 -0.276755 0.288734 0.122564 0.5328 0 0 -0
internal_count=4000 3398 3375 2616 2478 602 759 2077 218 731 401 365 138 1859 81 62
cat_boundaries=0 4
cat_threshold=741158292 904 2147483904 256
shrinkage=0.544036


Tree=6
num_leaves=16
num_cat=2
split_feature=2 2 5 3 5 3 5 8 5 5 5 11 3 8 5
split_gain=1.45695 0.842221 0.58718 0.681447 0.503372 1.07862 0.637165 0.949988 0.600957 0.416728 0.276168 0.273768 1.2051 0.150304 0.0423391
threshold=0 1 109311.50000000001 2251.7500000000005 21175.750000000004 55.000000000000007 2122.7500000000005 70.750000000000014 527.50000000000011 44398.750000000007 82784.500000000015 71482.750000000015 12.250000000000002 229.75000000000003 43495.750000000007
decision_type=5 5 2 2 2 2 2 2 2 2 2 2 2 2 2
left_child=10 11 3 4 6 14 8 -8 -3 -7 -1 12 -2 -4 -6
right_child=1 2 13 -5 5 9 7 -9 -10 -11 -12 -13 -14 -15 -16
leaf_value=-0.2083526619734774 -0 -0.006117060767032393 0.21102975358155779 -0.18327367140989975 -0.060089509910159586 0.24725502959123419 -0.18063366456003882 0 0.10563663976657962 -0 -0 -0 0.25538301564567339 0 0
leaf_count=380 173 2187 27 42 25 129 298 227 218 20 61 28 134 27 24
internal_value=0 0.0357161 0 -0.0101153 0 0.171078 -0.0164332 -0.161698 0.00192311 0.360526 -0.204124 0.182474 0.30048 0.234214 -0
internal_count=4000 3559 3224 3170 3128 198 2930 525 2405 149 441 335 307 54 49
cat_boundaries=0 4 7
cat_threshold=741156100 38273416 2147484928 256 1086328912 139264 8224
shrinkage=0.544036


Tree=7
num_leaves=31
num_cat=1
split_feature=11 11 5 2 8 11 0 5 7 11 0 8 8 0 7 6 6 7 8 11 0 7 8 11 6 11 11 0 0 5
split_gain=0.749137 6.29026 2.2872 1.58054 1.45758 1.34278 0.820511 0.607223 2.11766 0.93194 0.616326 0.521035 0.472944 0.427131 0.706237 1.01168 1.01181 0.747657 0.523823 0.318832 0.314501 0.275488 0.243632 0.183302 0.176262 0.174589 0.105597 0.0830766 0.157148 0.0624925
threshold=25.000000000000004 456.25000000000006 28.750000000000004 0 40.000000000000007 17563.000000000004 7.7500000000000009 4.7500000000000009 54106.750000000007 52498.000000000007 4.7500000000000009 1138.0000000000002 644.50000000000011 16.750000000000004 3.2500000000000004 42301.000000000007 84234.250000000015 97927.750000000015 67.750000000000014 26170.750000000004 10.750000000000002 453775.00000000006 296.50000000000006 106189.00000000001 3940.7500000000005 80202.250000000015 38638.750000000007 6.2500000000000009 13.750000000000002 20461.750000000004
decision_type=2 2 2 5 2 2 2 2 2 2 2 2 2 2 2 2 2 2 2 2 2 2 2 2 2 2 2 2 2 2
left_child=3 2 27 20 -4 6 11 10 26 21 19 -3 -11 14 -5 22 17 -17 -18 -7 29 -10 -16 -12 -15 -21 -9 -2 -29 -1
right_child=1 5 4 13 -6 7 -8 8 9 12 23 -13 -14 24 15 16 18 -19 -20 25 -22 -23 -24 -25 -26 -27 -28 28 -30 -31
leaf_value=0.25135185744506483 -0 -0.17843129609241434 0.73993981389491881 -0 0 0.26058028439911102 0 -0 -0.11759830623516798 0.28113173317606849 -0.11621167110770576 0 0 -0 -0.18205572076919266 -0 0 0.21504468795435175 -0.15667815090767745 -0 -0 0 -0 0 0.10334195842654101 0.080177377110182635 -0.30460483563019086 0.14721722224839273 -0 0
leaf_count=160 43 535 47 995 27 73 69 35 80 58 64 21 27 64 785 26 52 76 152 141 20 20 43 23 31 112 112 29 48 32
internal_value=0 0.0639608 0.588817 -0.0579291 1.04116 -0.0468241 -0.213626 0.0358855 -0.0248822 0.0991752 0.167883 -0.282773 0.357087 -0.106649 -0.13867 -0.204314 -0 0.216224 -0.177621 0.256 0.179195 -0 -0.311413 -0 0 0 -0.504079 0.0758173 0.134145 0.400333
internal_count=4000 1564 194 2436 74 1370 625 745 332 185 413 556 85 2224 2129 1134 306 102 204 326 212 100 828 87 95 253 147 120 77 192
cat_boundaries=0 3
cat_threshold=1073748196 576 8192
shrinkage=0.544036


Tree=8
num_leaves=23
num_cat=1
split_feature=2 4 7 5 6 4 10 10 10 7 6 4 10 7 10 10 4 4 7 3 7 7
split_gain=0.876074 0.855458 1.43055 1.0598 1.0309 0.782476 0.661895 0.274987 0.503112 0.270669 0.225261 1.21717 0.846407 0.533064 0.496896 1.14861 0.439311 0.109896 0.092446 0.0865257 0.0284289 0.0126652
threshold=0 250.75000000000003 15073.000000000002 3008.5000000000005 1380.2500000000002 162987.00000000003 2749.7500000000005 224327.50000000003 84.250000000000014 558.25000000000011 72269.500000000015 10924.000000000002 2525.5000000000005 97927.750000000015 22.750000000000004 152.50000000000003 38779.750000000007 132478.00000000003 3.2500000000000004 127.75000000000001 169.75000000000003 40.000000000000007
decision_type=5 2 2 2 2 2 2 2 2 2 2 2 2 2 2 2 2 2 2 2 2 2
left_child=17 4 3 6 7 10 -3 8 9 18 11 13 -13 -4 16 -16 -12 21 -2 -6 -10 -1
right_child=1 2 5 -5 19 -7 -8 -9 20 -11 14 12 -14 -15 15 -17 -18 -19 -20 -21 -22 -23
leaf_value=-0 0.007328161732004494 0.34042394569750833 -0.1026542375276096 -0 -0.24513876382716826 0.18533616979244069 -0 0.1386274579221303 -0.077853359809791176 0.11092873875773497 -0.19685089625045654 0.18106358144961851 -0 0.016670877146867328 0.23763475132612685 -0.054999667909654472 -0 -0 -0.072115729350835628 -0 -0 -0.15315363435809209
leaf_count=20 1273 227 285 33 146 28 24 20 463 121 100 272 31 36 32 91 138 40 108 33 45 434
internal_value=0 0.0322458 0.108492 0.41314 -0.0177592 0.0259708 0.545983 0 -0.00092114 0.0261898 -0 0.0437988 0.246754 -0.0669864 -0.0682614 0 -0.179424 -0.150849 0 -0.397647 -0.133922 -0.270265
internal_count=4000 3506 1297 284 2209 1013 251 2030 2010 1502 985 624 303 321 361 123 238 494 1381 179 508 454
cat_boundaries=0 4
cat_threshold=1009528068 1074267072 2147492096 256
shrinkage=0.544036


end of trees

feature importances:
n_table_3.n_3=37
n_table_1.n_12=25
n_1=21
n_table_1.n_19=21
n_table_1.n_16=20
n_table_1.n_18=20
n_table_2.n_13=19
n_table_1.n_15=17
n_table_1.n_26=10
c_table_1.c_4=8
c_table_1.c_2=5
c_table_2.c_1=2

parameters:
[boosting: gbdt]
[objective: binary]
[metric: auc]
[tree_learner: serial]
[device_type: cpu]
[data: ]
[valid: ]
[num_iterations: 100]
[learning_rate: 0.544036]
[num_leaves: 55]
[num_threads: 4]
[max_depth: 7]
[min_data_in_leaf: 20]
[min_sum_hessian_in_leaf: 1.04542]
[bagging_fraction: 0.5]
[bagging_freq: 0]
[bagging_seed: 3]
[feature_fraction: 0.6]
[feature_fraction_seed: 2]
[early_stopping_round: 0]
[max_delta_step: 0]
[lambda_l1: 1.73556]
[lambda_l2: 1.58941]
[min_gain_to_split: 0]
[drop_rate: 0.1]
[max_drop: 50]
[skip_drop: 0.5]
[xgboost_dart_mode: 0]
[uniform_drop: 0]
[drop_seed: 4]
[top_rate: 0.2]
[other_rate: 0.1]
[min_data_per_group: 100]
[max_cat_threshold: 32]
[cat_l2: 10]
[cat_smooth: 10]
[max_cat_to_onehot: 4]
[top_k: 20]
[monotone_constraints: ]
[feature_contri: ]
[forcedsplits_filename: ]
[refit_decay_rate: 0.9]
[verbosity: -1]
[max_bin: 255]
[min_data_in_bin: 3]
[bin_construct_sample_cnt: 200000]
[histogram_pool_size: -1]
[data_random_seed: 1]
[output_model: LightGBM_model.txt]
[snapshot_freq: -1]
[input_model: ]
[output_result: LightGBM_predict_result.txt]
[initscore_filename: ]
[valid_data_initscores: ]
[pre_partition: 0]
[enable_bundle: 1]
[max_conflict_rate: 0]
[is_enable_sparse: 1]
[sparse_threshold: 0.8]
[use_missing: 1]
[zero_as_missing: 0]
[two_round: 0]
[save_binary: 0]
[enable_load_from_binary_file: 1]
[header: 0]
[label_column: ]
[weight_column: ]
[group_column: ]
[ignore_column: ]
[categorical_feature: ]
[predict_raw_score: 0]
[predict_leaf_index: 0]
[predict_contrib: 0]
[num_iteration_predict: -1]
[pred_early_stop: 0]
[pred_early_stop_freq: 10]
[pred_early_stop_margin: 10]
[convert_model_language: ]
[convert_model: gbdt_prediction.cpp]
[num_class: 1]
[is_unbalance: 0]
[scale_pos_weight: 1]
[sigmoid: 1]
[boost_from_average: 1]
[reg_sqrt: 0]
[alpha: 0.9]
[fair_c: 1]
[poisson_max_delta_step: 0.7]
[tweedie_variance_power: 1.5]
[max_position: 20]
[label_gain: ]
[metric_freq: 1]
[is_provide_training_metric: 0]
[eval_at: ]
[num_machines: 1]
[local_listen_port: 12400]
[time_out: 120]
[machine_list_filename: ]
[machines: ]
[gpu_platform_id: -1]
[gpu_device_id: -1]
[gpu_use_dp: 0]

end of parameters

pandas_categorical:[[0, 1, 2, 3, 4, 5, 6, 7, 8, 9, 10, 11, 12, 13, 14, 15, 16, 17, 18, 19, 20, 21, 22, 23, 24, 25, 26, 27, 28, 29, 30, 31, 32, 33, 34, 35, 36, 37, 38, 39, 40, 41, 42, 43, 44, 45, 46, 47, 48, 49, 50, 51, 52, 53, 54, 55, 56, 57, 58, 59, 60, 61, 62, 63, 64, 65, 66, 67, 68, 69, 70, 71, 72, 73, 74, 75, 76, 77, 78, 79, 80, 81, 82, 83, 84, 85, 86, 87, 88, 89, 90, 91, 92, 93, 94, 95, 96, 97, 98, 99, 100, 101, 102, 103, 104, 105, 106, 107, 108, 109, 110, 111, 112, 113, 114, 115, 116, 117, 118, 119, 120, 121, 122, 123, 124, 125, 126, 127, 128, 129, 130, 131, 132, 133, 134, 135, 136, 137, 138, 139, 140, 141, 142, 143, 144, 145, 146, 147, 148, 149, 150, 151, 152, 153, 154, 155, 156, 157, 158, 159, 160, 161, 162, 163, 164, 165, 166, 167, 168, 169, 170, 171, 172, 173, 174, 175, 176, 177, 178, 179, 180, 181, 182, 183, 184, 185, 186, 187, 188, 189, 190, 191, 192, 193, 194, 195], [0, 1, 2, 3, 4, 5, 6, 7, 8, 9, 10, 11, 12, 13, 14, 15, 16, 17, 18, 19, 20, 21, 22, 23, 24, 25, 26, 27, 28, 29, 30, 31, 32, 33, 34, 35, 36, 37, 38, 39, 40, 41, 42, 43, 44, 45, 46, 47, 48, 49, 50, 51, 52, 53, 54, 55, 56, 57, 58, 59, 60, 61, 62, 63, 64, 65, 66, 67, 68, 69, 70, 71, 72, 73, 74, 75, 76, 77, 78, 79, 80, 81, 82, 83, 84, 85, 86, 87, 88, 89, 90, 91, 92, 93, 94, 95, 96, 97, 98, 99, 100, 101, 102, 103, 104, 105, 106, 107, 108, 109, 110, 111, 112, 113, 114, 115, 116, 117, 118, 119, 120, 121, 122, 123, 124, 125, 126, 127, 128, 129, 130, 131, 132, 133, 134, 135, 136, 137, 138, 139, 140, 141, 142, 143, 144, 145, 146, 147, 148, 149, 150, 151], [0, 1]]
