tree
version=v2
num_class=1
num_tree_per_iteration=1
label_index=0
max_feature_idx=22
objective=binary sigmoid:1
feature_names=n_1 c_table_1.c_1 c_table_1.c_2 n_table_1.n_2 c_table_1.c_3 c_table_1.c_4 n_table_1.n_5 n_table_1.n_6 n_table_1.n_7 n_table_1.n_8 n_table_1.n_9 n_table_1.n_10 n_table_1.n_11 n_table_1.n_12 n_table_1.n_15 n_table_1.n_16 n_table_1.n_17 n_table_1.n_18 n_table_1.n_19 n_table_1.n_20 n_table_1.n_25 n_table_1.n_26 n_table_1.n_27
feature_infos=[1:62.5] 1:0 3:0:5:36:20:4:21:8:11:62:25:56:33:44:1:31:30:153:18:69:2:28:85:135:6:35:40:43:54:61:98:9:38:49:176:55:87:84:26:42:101:155:80:137:149:19:52:39:51:27:47:177:57:58:59:125:34:63:75:94:102:113:13:29:83:103:132:151:14:15:23:66:76:88:90:99:108:114:169:180:93:126:134:171:24:68:78:95:112:117:121:127:138:139:154:158:159:10:16:53:67:97:107:109:111:123:133:166:175:182 [-49.719499999999996:81.200400000000002] 36:0:3:33:28:13:9:1:42:8:178:19:5:66:24:95:72:2:12:17:14:56:58:139:25:31:70:119:90:112:88:81:83:6:21:50:75:100:204:4:43:64:74:79:116:44:48:49:94:123:67:26:97:22:30:32:122:11:29:46:182:102:158:161:167:206:16:39:60:135:143:10:18:34:57:63:120:128:155:68:71:98:147:159:172:175:212:15:35:54:62:82:99:113:134:140:177:196:23:69:76:89:138:162:166:199:205:27:40:51:65:73:115:168:181:188:193:198:41:45:53:59:61:92:96:108:111:121:129:136:157:163:174:180:184:185:189:191:192:194:195:201 34:0:24:2:8:36:10:1:41:52:77:6:13:31:5:28:78:3:12:15:17:20:32:23:30:35:75:58:18:47:100:14:37:27:61:88:4:7:45:48:64:73:82:133:38:56:62:71:106:115:135:9:40:70:83:85:96:108:125:21:29:46:54:113:132:25:39:42:44:72:97:111:119:122:19:68:76:103:110:117:121:123:124:127:131:138 [1:24272.5] [1:46363] [1:3314.5] [1:703902] [1:2481850] [1:70] [1:6121] [1:7070.5] [1:423494] [1:245767] [1:448222] [1:441384] [1:1178200] [1:18856] [1:38.5] [1:121640] [1:151]
tree_sizes=781 1150 1013 995 1049

Tree=0
num_leaves=9
num_cat=0
split_feature=17 0 21 12 12 0 0 8
split_gain=37.8825 9.05042 8.68126 4.30074 4.73733 2.13183 1.24292 1.32972
threshold=14869.000000000002 6.2500000000000009 72.250000000000014 57.250000000000007 4.7500000000000009 16.750000000000004 4.7500000000000009 54.250000000000007
decision_type=2 2 2 2 2 2 2 2
left_child=2 3 5 4 -2 6 7 -1
right_child=1 -3 -4 -5 -6 -7 -8 -9
leaf_value=-3.2310336073576096 -2.9163669976535744 -2.5443822210841192 -2.9101377842477265 -2.7781015800031326 -3.177219033972841 -3.1391952441660886 -3.3105488243404104 -3.1523190081791301
leaf_count=1532 142 119 115 128 200 200 489 275
internal_value=0 1.16324 -0.239447 0.705509 0.260212 -0.314155 -0.36121 -0.261892
internal_count=3200 589 2611 470 342 2496 2296 1807
shrinkage=1


Tree=1
num_leaves=13
num_cat=1
split_feature=4 21 16 10 19 3 3 16 14 0 0 16
split_gain=19.5938 16.5341 7.53835 5.25927 4.85483 3.54523 3.42003 2.82209 2.21008 1.52277 0.577155 0.487613
threshold=0 94.750000000000014 15788.500000000002 152.50000000000003 1.7500000000000002 36.418150000000004 48.774150000000013 2883.2500000000005 243.25000000000003 16.750000000000004 1.7500000000000002 17392.750000000004
decision_type=5 2 2 2 2 2 2 2 2 2 2 2
left_child=4 2 7 -4 9 -3 -7 8 -2 10 -1 -6
right_child=1 5 3 -5 11 6 -8 -9 -10 -11 -12 -13
leaf_value=-0.024881955469406893 -0.073743348008206561 0.057351041591376946 0 0.38253560527000185 -0.21419121728395035 0.64681735049736322 0.18031801319775947 -0.18047782169830623 0.081580380678236517 0.06323975157791889 -0.10836843659287274 -0.0022826358148161255
leaf_count=1061 237 85 120 96 403 85 107 117 310 126 366 87
internal_value=0 0.447602 0.131416 0.864648 -0.292724 1.45422 1.82654 -0.109623 0.000312523 -0.146976 -0.214429 -0.763992
internal_count=3200 1157 880 216 2043 277 192 664 547 1553 1427 490
cat_boundaries=0 7
cat_threshold=2154316577 83957762 3288335428 1048594 0 0 4096
shrinkage=0.24562


Tree=2
num_leaves=12
num_cat=1
split_feature=2 14 16 0 14 9 14 0 0 6 8
split_gain=14.5508 11.2212 4.77721 3.08559 2.76151 2.20237 1.53297 0.927701 1.19561 0.850198 0.120563
threshold=0 7134.2500000000009 19.750000000000004 10.750000000000002 36133.000000000007 4.7500000000000009 84058.000000000015 16.750000000000004 1.7500000000000002 6.2500000000000009 58.750000000000007
decision_type=5 2 2 2 2 2 2 2 2 2 2
left_child=2 5 7 4 -3 9 -6 8 -1 10 -2
right_child=1 3 -4 -5 6 -7 -8 -9 -10 -11 -12
leaf_value=-0.016824130610911529 -0.1089166762272345 0 -0.19957777968410806 0.45426154846506783 0.33624247000681001 0.10339876557421576 0.059910111845932215 0.026251343947857927 -0.11628765626743101 0 -0
leaf_count=1131 221 158 372 58 102 181 114 136 424 198 105
internal_value=0 0.363528 -0.269334 0.926919 0.619218 0 0.910816 -0.145537 -0.197732 -0.175616 -0.34257
internal_count=3200 1137 2063 432 374 705 216 1691 1555 524 326
cat_boundaries=0 5
cat_threshold=2148532307 554179600 2162720 0 128
shrinkage=0.24562


Tree=3
num_leaves=11
num_cat=1
split_feature=2 21 8 14 10 10 18 0 12 0
split_gain=11.2577 5.63465 4.06172 3.72178 1.84107 2.8713 1.64149 0.77011 0.26686 0.196762
threshold=0 196.00000000000003 3.2500000000000004 243.25000000000003 16.750000000000004 367.00000000000006 135.25000000000003 16.750000000000004 216.25000000000003 1.7500000000000002
decision_type=5 2 2 2 2 2 2 2 2 2
left_child=2 3 7 6 -5 -6 -2 9 -4 -1
right_child=1 -3 8 4 5 -7 -8 -9 -10 -11
leaf_value=-0.019937478877882078 0 0.22652405544986989 -0.2038402418246322 -0.0040925448503179307 0.24188471065074929 0.032269726278774558 -0.17367865193796445 0.027515001160139236 -0.0058955095489432261 -0.085214286215542112
leaf_count=1115 128 194 393 127 156 309 156 131 107 384
internal_value=0 0.309125 -0.245911 0.132611 0.322007 0.440039 -0.343354 -0.115591 -0.713069 -0.169027
internal_count=3200 1070 2130 876 592 465 284 1630 500 1499
cat_boundaries=0 6
cat_threshold=2148532307 562568280 2162720 32 128 65536
shrinkage=0.24562


Tree=4
num_leaves=12
num_cat=1
split_feature=2 0 19 10 0 15 11 0 18 10 0
split_gain=7.06821 5.00398 3.28304 2.62751 1.98618 2.19231 1.74429 0.524458 0.318179 0.0577056 0.0277703
threshold=0 15.250000000000002 1.7500000000000002 16.750000000000004 4.7500000000000009 10.750000000000002 3.2500000000000004 16.750000000000004 2850.2500000000005 19930.750000000004 1.7500000000000002
decision_type=5 2 2 2 2 2 2 2 2 2 2
left_child=2 3 7 8 5 -5 9 10 -2 -4 -1
right_child=1 -3 6 4 -6 -7 -8 -9 -10 -11 -12
leaf_value=-0.010717271484526562 -0 0.28439075234243139 -0.21499551706129608 0.27010957552632198 -0.019114616598205469 0.051254024835832079 -0 0.032239150781240511 -0.11415618322483929 -0.01737700567147428 -0.059036936805850357
leaf_count=1060 142 95 374 86 111 473 179 126 120 68 366
internal_value=0 0.235126 -0.203333 0.136992 0.262561 0.37548 -0.562707 -0.0617232 -0.285608 -0.746548 -0.115258
internal_count=3200 1027 2173 932 670 559 621 1552 262 442 1426
cat_boundaries=0 5
cat_threshold=2151154003 562564184 3145760 0 128
shrinkage=0.24562


end of trees

feature importances:
n_1=14
n_table_1.n_9=5
n_table_1.n_15=5
n_table_1.n_17=4
c_table_1.c_2=3
n_table_1.n_7=3
n_table_1.n_11=3
n_table_1.n_26=3
n_table_1.n_2=2
n_table_1.n_19=2
n_table_1.n_20=2
c_table_1.c_3=1
n_table_1.n_5=1
n_table_1.n_8=1
n_table_1.n_10=1
n_table_1.n_16=1
n_table_1.n_18=1

parameters:
[boosting: gbdt]
[objective: binary]
[metric: auc]
[tree_learner: serial]
[device_type: cpu]
[data: ]
[valid: ]
[num_iterations: 100]
[learning_rate: 0.24562]
[num_leaves: 55]
[num_threads: 4]
[max_depth: 5]
[min_data_in_leaf: 20]
[min_sum_hessian_in_leaf: 4.14051]
[bagging_fraction: 0.8]
[bagging_freq: 44]
[bagging_seed: 3]
[feature_fraction: 0.7]
[feature_fraction_seed: 2]
[early_stopping_round: 0]
[max_delta_step: 0]
[lambda_l1: 1.35423]
[lambda_l2: 0.479101]
[min_gain_to_split: 0]
[drop_rate: 0.1]
[max_drop: 50]
[skip_drop: 0.5]
[xgboost_dart_mode: 0]
[uniform_drop: 0]
[drop_seed: 4]
[top_rate: 0.2]
[other_rate: 0.1]
[min_data_per_group: 100]
[max_cat_threshold: 32]
[cat_l2: 10]
[cat_smooth: 10]
[max_cat_to_onehot: 4]
[top_k: 20]
[monotone_constraints: ]
[feature_contri: ]
[forcedsplits_filename: ]
[refit_decay_rate: 0.9]
[verbosity: -1]
[max_bin: 255]
[min_data_in_bin: 3]
[bin_construct_sample_cnt: 200000]
[histogram_pool_size: -1]
[data_random_seed: 1]
[output_model: LightGBM_model.txt]
[snapshot_freq: -1]
[input_model: ]
[output_result: LightGBM_predict_result.txt]
[initscore_filename: ]
[valid_data_initscores: ]
[pre_partition: 0]
[enable_bundle: 1]
[max_conflict_rate: 0]
[is_enable_sparse: 1]
[sparse_threshold: 0.8]
[use_missing: 1]
[zero_as_missing: 0]
[two_round: 0]
[save_binary: 0]
[enable_load_from_binary_file: 1]
[header: 0]
[label_column: ]
[weight_column: ]
[group_column: ]
[ignore_column: ]
[categorical_feature: ]
[predict_raw_score: 0]
[predict_leaf_index: 0]
[predict_contrib: 0]
[num_iteration_predict: -1]
[pred_early_stop: 0]
[pred_early_stop_freq: 10]
[pred_early_stop_margin: 10]
[convert_model_language: ]
[convert_model: gbdt_prediction.cpp]
[num_class: 1]
[is_unbalance: 0]
[scale_pos_weight: 1]
[sigmoid: 1]
[boost_from_average: 1]
[reg_sqrt: 0]
[alpha: 0.9]
[fair_c: 1]
[poisson_max_delta_step: 0.7]
[tweedie_variance_power: 1.5]
[max_position: 20]
[label_gain: ]
[metric_freq: 1]
[is_provide_training_metric: 0]
[eval_at: ]
[num_machines: 1]
[local_listen_port: 12400]
[time_out: 120]
[machine_list_filename: ]
[machines: ]
[gpu_platform_id: -1]
[gpu_device_id: -1]
[gpu_use_dp: 0]

end of parameters

pandas_categorical:[[0, 1, 2], [0, 1, 2, 3, 4, 5, 6, 7, 8, 9, 10, 11, 12, 13, 14, 15, 16, 17, 18, 19, 20, 21, 22, 23, 24, 25, 26, 27, 28, 29, 30, 31, 32, 33, 34, 35, 36, 37, 38, 39, 40, 41, 42, 43, 44, 45, 46, 47, 48, 49, 50, 51, 52, 53, 54, 55, 56, 57, 58, 59, 60, 61, 62, 63, 64, 65, 66, 67, 68, 69, 70, 71, 72, 73, 74, 75, 76, 77, 78, 79, 80, 81, 82, 83, 84, 85, 86, 87, 88, 89, 90, 91, 92, 93, 94, 95, 96, 97, 98, 99, 100, 101, 102, 103, 104, 105, 106, 107, 108, 109, 110, 111, 112, 113, 114, 115, 116, 117, 118, 119, 120, 121, 122, 123, 124, 125, 126, 127, 128, 129, 130, 131, 132, 133, 134, 135, 136, 137, 138, 139, 140, 141, 142, 143, 144, 145, 146, 147, 148, 149, 150, 151, 152, 153, 154, 155, 156, 157, 158, 159, 160, 161, 162, 163, 164, 165, 166, 167, 168, 169, 170, 171, 172, 173, 174, 175, 176, 177, 178, 179, 180, 181, 182, 183, 184], [0, 1, 2, 3, 4, 5, 6, 7, 8, 9, 10, 11, 12, 13, 14, 15, 16, 17, 18, 19, 20, 21, 22, 23, 24, 25, 26, 27, 28, 29, 30, 31, 32, 33, 34, 35, 36, 37, 38, 39, 40, 41, 42, 43, 44, 45, 46, 47, 48, 49, 50, 51, 52, 53, 54, 55, 56, 57, 58, 59, 60, 61, 62, 63, 64, 65, 66, 67, 68, 69, 70, 71, 72, 73, 74, 75, 76, 77, 78, 79, 80, 81, 82, 83, 84, 85, 86, 87, 88, 89, 90, 91, 92, 93, 94, 95, 96, 97, 98, 99, 100, 101, 102, 103, 104, 105, 106, 107, 108, 109, 110, 111, 112, 113, 114, 115, 116, 117, 118, 119, 120, 121, 122, 123, 124, 125, 126, 127, 128, 129, 130, 131, 132, 133, 134, 135, 136, 137, 138, 139, 140, 141, 142, 143, 144, 145, 146, 147, 148, 149, 150, 151, 152, 153, 154, 155, 156, 157, 158, 159, 160, 161, 162, 163, 164, 165, 166, 167, 168, 169, 170, 171, 172, 173, 174, 175, 176, 177, 178, 179, 180, 181, 182, 183, 184, 185, 186, 187, 188, 189, 190, 191, 192, 193, 194, 195, 196, 197, 198, 199, 200, 201, 202, 203, 204, 205, 206, 207, 208, 209, 210, 211, 212, 213, 214, 215, 216], [0, 1, 2, 3, 4, 5, 6, 7, 8, 9, 10, 11, 12, 13, 14, 15, 16, 17, 18, 19, 20, 21, 22, 23, 24, 25, 26, 27, 28, 29, 30, 31, 32, 33, 34, 35, 36, 37, 38, 39, 40, 41, 42, 43, 44, 45, 46, 47, 48, 49, 50, 51, 52, 53, 54, 55, 56, 57, 58, 59, 60, 61, 62, 63, 64, 65, 66, 67, 68, 69, 70, 71, 72, 73, 74, 75, 76, 77, 78, 79, 80, 81, 82, 83, 84, 85, 86, 87, 88, 89, 90, 91, 92, 93, 94, 95, 96, 97, 98, 99, 100, 101, 102, 103, 104, 105, 106, 107, 108, 109, 110, 111, 112, 113, 114, 115, 116, 117, 118, 119, 120, 121, 122, 123, 124, 125, 126, 127, 128, 129, 130, 131, 132, 133, 134, 135, 136, 137, 138]]
