tree
version=v2
num_class=1
num_tree_per_iteration=1
label_index=0
max_feature_idx=21
objective=binary sigmoid:1
feature_names=n_1 c_02 c_table_1.c_4 n_table_1.n_8 n_table_1.n_15 n_table_1.n_18 n_table_1.n_19 c_table_2.c_1 n_table_2.n_13 n_table_2.n_14 n_table_1.n_2 n_table_1.n_3 n_table_1.n_7 n_table_1.n_9 n_table_1.n_10 n_table_1.n_12 n_table_1.n_16 n_table_1.n_17 n_table_1.n_20 n_table_1.n_26 c_table_2.c_4 n_table_3.n_3
feature_infos=[1:335.5] 40:3:68:15:50:10:80:6:35:91:9:5:12:20:165:46:2:48:69:34:83:58:62:87:115:73:77:225:252:45:126:132:149:61:66:111:209:102:196:36:37:39:208:29:124:135:203:121:22:42:71:82:99:108:156:194:14:33:49:70:93:110:118:195:296:308:4:26:28:238:261:55:86:90:150:175:177:199:231:250:18:21:67:125:138:23:131:134:141:161:205:220:228:230:244:285:7:17:38:43:59:122:139:142:166:170:179:198:222:256:345:57:227:248:8:98:100:112:130:144:151:178:188:189:190:269:305:323:11:75:92:116:146:164:186:213:214:268:312:349:377:1:44:63:101:123:154:176:206:212:216:232:251:273:275:354:13:54:65:74:79:84:95:114:120:133:145:153:162:173:181:187:192:211:243:262:277:318:324:334:361:366:368:0:31:104:109:148:169:202:204:239:283:293:295:310:322:380:393:399:19:32:53:94:106:127:140:158:167:172:207:229:234:240:246:264:284:289:291:292:297:306:309:338:350:359:374:386:407:52:72:81:103:107:113:117:180:182:233:236:237:247:255:257:266:267:271:274:282:286:288:301:304:315:336:375:400:418:478:498:24:25:27:30:60:78:105:119:136:137:143:147:163:168:171:174:185:191:217:218:221:224:226:235:249:254:260:263:272:279:280:281:300:302:320:332:337:340:347:351:356:376:378:383:387:392:394:397:414:420:424:430:433:438:442:453:457:462:467:476:479:481 4:0:10:12:2:11:7:5:45:51:35:8:18:23:33:40:77:30:37:38:41:57:29:28:16:74:62:49:13:21:48:104:6:69:22:26:39:54:19:27:72:87:95:3:31:55:56:106:15:17:60:61:96:103:92:25:66:67:78:80:81:93:94:109:113:117:122:1:24:44:46:47:53:59:65:83:84:99:112:121:133:14:20:36:63:70:82:97:102:116:136:32:34:42:52:58:64:71:75:85:90:98:107:111:115:124:129:130:131:132 [1:244588] [1:274774] [1:574087] [1:1285890] 1:0 [1:395101] [1:275.5] [-49.8874:81.708399999999997] [1:175] [1:38456.5] [1:1556770] [1:68.5] [1:8524] [1:249100] [1:448222] [1:19936] [1:121640] 20:0:2:33:16:38:10:8:24:31:6:53:18:21:44:48:26:35:55:12:39:40:14:43:61:42:60:17:22:11:29:9:3:4:37:19:41:67:47:46:49:25:71:98:27:69:57:73:1:30:52:100:59:62:63:77:106:45:56:87:92:103:7:15:32:58:80:82:94:34:65:66:68:74:75:79:84:97:107:112:13:51:54:64:70:76:85:91:95:109 [1:509664]
tree_sizes=735 1005 1004 1017 1018 1004 997 1008 1002 1004 993 1026 755 1002 1005 1008 1006 1018 758 755 988 958 1018 756 992 1019 1031 905 777 978 1027 969 1002 972 1012 996 1022 1028

Tree=0
num_leaves=8
num_cat=1
split_feature=6 20 5 10 18 8 0
split_gain=55.0184 39.7178 12.6601 16.4943 9.38301 8.36731 2.47167
threshold=522365.00000000006 0 33567.250000000007 40.523250000000004 104.50000000000001 14191.000000000002 9.2500000000000018
decision_type=2 5 2 2 2 2 2
left_child=1 4 5 -4 6 -3 -1
right_child=-2 2 3 -5 -6 -7 -8
leaf_value=-2.8089619171974665 -2.7694489562899505 -2.8151009737312931 -2.792093934276477 -2.8110770012040436 -2.7796176740985477 -2.7985803959407263 -2.7952671126921445
leaf_count=84 59 2960 125 518 118 57 79
internal_value=0 -0.0718924 -0.213948 0.312235 1.09371 -0.343138 0.844906
internal_count=4000 3941 3660 643 281 3017 163
cat_boundaries=0 3
cat_threshold=1064960 65802 8
shrinkage=1


Tree=1
num_leaves=10
num_cat=3
split_feature=1 4 4 1 7 4 14 0 0
split_gain=109.386 43.1716 30.2351 15.8412 10.8571 10.2361 9.86563 4.14447 1.06901
threshold=0 132478.00000000003 4271.5000000000009 1 2 2790.2500000000005 12.250000000000002 1.7500000000000002 12.250000000000002
decision_type=5 2 2 5 1 2 2 2 2
left_child=2 3 4 5 8 -2 -5 -6 -1
right_child=1 -3 -4 6 7 -7 -8 -9 -10
leaf_value=0.023586987171410605 -0.00095794442034469922 0.030310040796874944 0.040216497829485331 -0.0071097979871496911 0.0099721028356771196 0.012915386787348547 0.0088801790746865731 -0.0033999286647720672 0.0083834883750483966
leaf_count=164 393 68 158 2708 94 175 79 91 70
internal_value=0 -0.316828 1.45891 -0.413325 1.1702 0.227557 -0.527376 0.282778 1.75307
internal_count=4000 3423 577 3355 419 568 2787 185 234
cat_boundaries=0 10 21 22
cat_threshold=538968128 1073758592 545325568 1107296256 81920 0 65664 67125248 0 1048832 67158688 176302084 67117184 8 12583052 425986 8 128 32 0 33554432 1
shrinkage=0.0116591


Tree=2
num_leaves=10
num_cat=3
split_feature=1 4 4 1 7 4 14 0 0
split_gain=106.007 41.7679 27.7013 15.5907 10.3212 9.9049 9.71089 4.04012 0.910839
threshold=0 132478.00000000003 4271.5000000000009 1 2 2790.2500000000005 12.250000000000002 1.7500000000000002 12.250000000000002
decision_type=5 2 2 5 1 2 2 2 2
left_child=2 3 4 5 8 -2 -5 -6 -1
right_child=1 -3 -4 6 7 -7 -8 -9 -10
leaf_value=0.022913982577694867 -0.00094812616778590635 0.029428313348210635 0.038567655168689832 -0.0070719327473247511 0.0098063896062529562 0.01265095615778436 0.0087442271827035001 -0.0033761534191016481 0.0082610802516734552
leaf_count=164 393 68 158 2708 94 175 79 91 70
internal_value=0 -0.313961 1.42537 -0.410202 1.14668 0.224619 -0.524075 0.278965 1.7089
internal_count=4000 3423 577 3355 419 568 2787 185 234
cat_boundaries=0 10 21 22
cat_threshold=538968128 1073758592 545325568 1107296256 81920 0 65664 67125248 0 1048832 67158688 176302084 67117184 8 12583052 425986 8 128 32 0 33554432 1
shrinkage=0.0116591


Tree=3
num_leaves=10
num_cat=2
split_feature=1 4 4 1 4 14 0 0 4
split_gain=102.757 40.4264 25.4271 15.3436 9.58656 9.55879 2.90374 2.71883 0.239775
threshold=0 132478.00000000003 4271.5000000000009 1 2790.2500000000005 12.250000000000002 12.250000000000002 18.250000000000004 557.50000000000011
decision_type=5 2 2 5 2 2 2 2 2
left_child=2 3 6 4 -2 -5 8 -8 -1
right_child=1 -3 -4 5 -6 -7 7 -9 -10
leaf_value=0.017419663106400581 -0.00093840155886186992 0.028586417886797486 0.037033816924241604 -0.0070340738222261041 0.012394420579786722 0.0086110127057186063 -0.001275662550099267 0.011056547102584455 0.0058443315406576449
leaf_count=233 393 68 158 2708 175 79 68 60 58
internal_value=0 -0.311115 1.39301 -0.407092 0.221721 -0.520779 1.12386 0.398881 1.36603
internal_count=4000 3423 577 3355 568 2787 419 128 291
cat_boundaries=0 10 21
cat_threshold=538968128 1073758592 545325568 1107296256 81920 0 65664 67125248 0 1048832 67158688 176302084 67117184 8 12583052 425986 8 128 32 0 33554432
shrinkage=0.0116591


Tree=4
num_leaves=10
num_cat=2
split_feature=1 4 4 1 14 4 0 0 6
split_gain=99.6109 39.1436 23.3931 15.0998 9.40926 9.28049 2.73563 2.65111 1.93014
threshold=0 132478.00000000003 4271.5000000000009 1 12.250000000000002 2790.2500000000005 12.250000000000002 18.250000000000004 12.250000000000002
decision_type=5 2 2 5 2 2 2 2 2
left_child=2 3 6 5 -5 -2 8 -8 -1
right_child=1 -3 -4 4 -6 -7 7 -9 -10
leaf_value=0.019319733742433516 -0.00092876925196837268 0.027781954118752051 0.035603657394641615 -0.0069962209324360156 0.0084804615492302237 0.012145447606222997 -0.0012654158747597104 0.010882190270369508 0.0072027735272117959
leaf_count=175 393 68 158 2708 79 175 68 60 116
internal_value=0 -0.308288 1.36155 -0.403995 -0.517489 0.218863 1.10136 0.393679 1.33512
internal_count=4000 3423 577 3355 2787 568 419 128 291
cat_boundaries=0 10 21
cat_threshold=538968128 1073758592 545325568 1107296256 81920 0 65664 67125248 0 1048832 67158688 176302084 67117184 8 12583052 425986 8 128 32 0 33554432
shrinkage=0.0116591


Tree=5
num_leaves=10
num_cat=3
split_feature=1 4 4 1 7 4 3 0 0
split_gain=96.6012 37.9159 21.5457 14.8593 9.73265 8.9861 5.03038 3.79305 0.531459
threshold=0 132478.00000000003 4271.5000000000009 1 2 2790.2500000000005 150.25000000000003 1.7500000000000002 12.250000000000002
decision_type=5 2 2 5 1 2 2 2 2
left_child=2 3 4 5 7 -2 -5 -1 -6
right_child=1 -3 -4 6 8 -7 -8 -9 -10
leaf_value=0.009168457430772799 -0.00091922880806231944 0.027012690150216269 0.034267254296130048 -0.0070308775113342489 0.021445913302646506 0.011903725086860576 0.00065740920946586389 -0.0034781137524975592 0.0080452958902016338
leaf_count=94 393 68 158 2573 164 175 214 91 70
internal_value=0 -0.305482 1.33139 -0.400911 1.07987 0.216042 -0.514205 0.24897 1.6144
internal_count=4000 3423 577 3355 419 568 2787 185 234
cat_boundaries=0 10 21 22
cat_threshold=538968128 1073758592 545325568 1107296256 81920 0 65664 67125248 0 1048832 67158688 176302084 67117184 8 12583052 425986 8 128 32 0 33554432 2
shrinkage=0.0116591


Tree=6
num_leaves=10
num_cat=3
split_feature=1 4 4 1 4 14 7 3 0
split_gain=94.7549 36.9378 18.8382 13.4511 10.3421 9.27992 9.12596 6.95627 3.70023
threshold=0 132478.00000000003 4271.5000000000009 1 2156.5000000000005 12.250000000000002 2 3.2500000000000004 1.7500000000000002
decision_type=5 2 2 5 2 2 1 2 2
left_child=2 3 6 4 -2 -5 8 -4 -1
right_child=1 -3 7 5 -6 -7 -8 -9 -10
leaf_value=0.0090205571540501288 -0.0018112630924843605 0.026276556341173998 0.041866272138738475 -0.006923165077156318 0.01193624891444461 0.0084290081452832663 0.018080278493992161 0.014657223943690985 -0.0034539283464376314
leaf_count=94 366 68 86 2708 182 79 251 75 91
internal_value=0 -0.30898 1.29049 -0.40521 0.197824 -0.510955 1.06206 2.774 0.245619
internal_count=4000 3403 597 3335 548 2787 436 161 185
cat_boundaries=0 10 21 22
cat_threshold=538968128 1073758592 545325568 1107296256 82048 0 65664 67125248 0 1048832 67158688 176302084 67117184 8 12582924 425986 8 128 32 0 33554432 2
shrinkage=0.0116591


Tree=7
num_leaves=10
num_cat=3
split_feature=1 5 5 1 3 14 5 7 6
split_gain=91.9946 34.7126 13.7377 12.6981 9.12563 8.98704 5.01966 3.78062 3.48324
threshold=0 214070.00000000003 9682.7500000000018 1 3.2500000000000004 12.250000000000002 1627.0000000000002 2 847.75000000000011
decision_type=5 2 2 5 2 2 2 1 2
left_child=2 3 7 6 -4 -5 -2 -1 -9
right_child=1 -3 4 5 -6 -7 -8 8 -10
leaf_value=0.0053194231514240532 -0.00094568799419893961 0.026233828864602418 0.039262044025965337 -0.006924885075584356 0.01210590695938343 0.0080627269499370102 0.0079378952207899509 0.020067587709082041 0.0043767161292434459
leaf_count=178 397 67 94 2634 78 80 225 175 72
internal_value=0 -0.306183 1.26326 -0.398028 2.55125 -0.509154 0.15927 1.07565 1.40807
internal_count=4000 3403 597 3336 172 2714 622 425 247
cat_boundaries=0 10 21 22
cat_threshold=538968128 1073758592 545325568 1107296256 82048 0 65664 67125248 0 1048832 67158692 167913488 67117188 268435480 6291468 425986 8 128 32 0 33554432 2
shrinkage=0.0116591


Tree=8
num_leaves=10
num_cat=3
split_feature=1 4 4 1 4 14 7 18 0
split_gain=89.3806 35.319 16.9622 13.0775 9.8537 8.99878 8.35235 6.31594 3.58119
threshold=0 132478.00000000003 4271.5000000000009 1 2156.5000000000005 12.250000000000002 2 3679.0000000000005 1.7500000000000002
decision_type=5 2 2 5 2 2 1 2 2
left_child=2 3 6 4 -2 -5 8 -4 -1
right_child=1 -3 7 5 -6 -7 -8 -9 -10
leaf_value=0.0087494356037904064 -0.0017870759943184207 0.025294270590521164 0.036224412163759531 -0.0068516238929057218 0.011570742669662999 0.0081812080546677414 0.01719346517589064 0.0091104035856050189 -0.0034763970640986452
leaf_count=94 366 68 115 2708 182 79 251 46 91
internal_value=0 -0.303411 1.23745 -0.399314 0.193769 -0.504778 1.0163 2.61648 0.234337
internal_count=4000 3403 597 3335 548 2787 436 161 185
cat_boundaries=0 10 21 22
cat_threshold=538968128 1073758592 545325568 1107296256 82048 0 65664 67125248 0 1048832 67158688 176302084 67117184 8 12582924 425986 8 128 32 0 33554432 2
shrinkage=0.0116591


Tree=9
num_leaves=10
num_cat=3
split_feature=1 4 4 1 4 14 7 18 0
split_gain=86.7708 34.2554 15.8805 12.8696 9.55182 8.85787 7.9416 5.6522 3.49477
threshold=0 132478.00000000003 4271.5000000000009 1 2156.5000000000005 12.250000000000002 2 3679.0000000000005 1.7500000000000002
decision_type=5 2 2 5 2 2 1 2 2
left_child=2 3 6 4 -2 -5 8 -4 -1
right_child=1 -3 7 5 -6 -7 -8 -9 -10
leaf_value=0.0086105345499440881 -0.0017700743364200174 0.024630229308634694 0.034898889871864694 -0.0068138211565338816 0.01134446320243849 0.0080591314594878633 0.016770887282722267 0.0089818850792630026 -0.0034522204788391408
leaf_count=94 366 68 115 2708 182 79 251 46 91
internal_value=0 -0.300651 1.21147 -0.396258 0.191302 -0.501516 0.995849 2.53396 0.231178
internal_count=4000 3403 597 3335 548 2787 436 161 185
cat_boundaries=0 10 21 22
cat_threshold=538968128 1073758592 545325568 1107296256 82048 0 65664 67125248 0 1048832 67158688 176302084 67117184 8 12582924 425986 8 128 32 0 33554432 2
shrinkage=0.0116591


Tree=10
num_leaves=10
num_cat=3
split_feature=1 6 4 1 7 4 14 3 0
split_gain=84.2521 38.7144 14.8889 12.9836 8.85423 8.68685 8.45538 5.86045 3.26608
threshold=0 522365.00000000006 6556.7500000000009 1 2 2156.5000000000005 12.250000000000002 3.2500000000000004 1.7500000000000002
decision_type=5 2 2 5 1 2 2 2 2
left_child=2 3 4 5 8 -2 -5 -4 -1
right_child=1 -3 7 6 -6 -7 -8 -9 -10
leaf_value=0.0080268642881275807 -0.0014930039706703053 0.031120877501377441 0.03802782620969631 -0.006685122760628495 0.016882794269872031 0.0110056052857916 0.00772318152534882 0.013451177861736375 -0.0035298899419333413
leaf_count=96 358 47 77 2734 258 184 80 74 92
internal_value=0 -0.29791 1.1863 -0.387485 0.995455 0.202073 -0.4924 2.49992 0.204431
internal_count=4000 3403 597 3356 446 542 2814 151 188
cat_boundaries=0 10 21 22
cat_threshold=538968128 1073758592 545325568 1107296256 82048 0 65664 67125248 0 1048832 49828 176302084 67117056 16 12582924 425986 8 128 32 0 33554432 2
shrinkage=0.0116591


Tree=11
num_leaves=10
num_cat=2
split_feature=1 6 4 18 6 3 1 11 0
split_gain=81.4257 29.1457 20.9463 11.862 8.42039 8.0805 7.23242 6.79422 5.71758
threshold=0 346413.00000000006 1459.0000000000002 9054.2500000000018 1.7500000000000002 115.00000000000001 1 33.250000000000007 4.7500000000000009
decision_type=5 2 2 2 2 2 5 2 2
left_child=2 5 4 -3 8 6 -2 -7 -1
right_child=1 3 -4 -5 -6 7 -8 -9 -10
leaf_value=0.015849905338575863 0.0010974768821211567 0.022936806525943858 0.023434126204858893 -0.0012992296737577556 -0.0011054140727944309 -0.0034406586283034332 -0.0070966379063109241 0.012530391543748224 0.0024192678747567867
leaf_count=226 371 104 289 62 172 145 2393 93 145
internal_value=0 -0.343155 0.998206 1.21406 0.63165 -0.475411 -0.544438 0.258197 0.970917
internal_count=4000 3168 832 166 543 3002 2764 238 371
cat_boundaries=0 10 21
cat_threshold=539001440 1140875648 545325572 1107296272 82048 0 65664 67125248 0 1048832 16512 168036368 67108992 268435464 6291472 425986 0 130 32 0 33554432
shrinkage=0.0116591


Tree=12
num_leaves=8
num_cat=2
split_feature=4 20 2 16 21 4 15
split_gain=49.8845 33.2188 11.071 6.5428 8.65633 4.15983 3.71962
threshold=135130.00000000003 0 1 16913.500000000004 478.75000000000006 2554.0000000000005 157.00000000000003
decision_type=2 5 5 2 2 2 2
left_child=1 3 6 4 -1 -4 -3
right_child=-2 2 5 -5 -6 -7 -8
leaf_value=0.015600156616076215 0.036773429471082773 0.0034542788699421299 -0.0049352976400143921 0.028815305635201079 0 -0.00099436216381211507 0.017968489302330887
leaf_count=199 53 159 2247 48 136 1089 69
internal_value=0 -0.0670963 -0.220613 0.848116 0.86262 -0.295552 0.464707
internal_count=4000 3947 3564 383 335 3336 228
cat_boundaries=0 4 7
cat_threshold=168841216 200970 8 4 1086328896 4333600 9248
shrinkage=0.0116591


Tree=13
num_leaves=10
num_cat=3
split_feature=1 6 4 1 14 4 7 0 18
split_gain=79.9708 32.9489 17.3527 13.3874 8.24072 8.02081 5.07508 4.54825 2.71579
threshold=0 528983.50000000012 4271.5000000000009 1 12.250000000000002 2156.5000000000005 2 1.7500000000000002 3679.0000000000005
decision_type=5 2 2 5 2 2 1 2 2
left_child=2 3 6 5 -5 -2 -1 -8 -4
right_child=1 -3 8 4 -6 -7 7 -9 -10
leaf_value=0.014210049795372871 -0.0010781412289058807 0.028643739476094193 0.033047066911120082 -0.0065600248444878462 0.0076294824264984511 0.010871910593450201 0.0097959491262269629 -0.004816384601663946 0.010795451473717769
leaf_count=268 363 43 112 2748 80 180 77 83 46
internal_value=0 -0.29036 1.15342 -0.373868 -0.482358 0.214973 0.902384 0.202804 2.4604
internal_count=4000 3414 586 3371 2828 543 428 160 158
cat_boundaries=0 10 21 22
cat_threshold=538968128 1073742208 545325572 1107296256 82048 0 65664 67125248 0 1048832 49828 176187396 67117056 16 12582924 425986 0 128 32 0 33554432 1
shrinkage=0.0116591


Tree=14
num_leaves=10
num_cat=3
split_feature=1 4 1 4 14 7 4 3 0
split_gain=76.2388 38.3772 13.2463 12.8743 8.17076 6.69736 6.61524 5.61977 3.19185
threshold=0 135130.00000000003 1 4271.5000000000009 12.250000000000002 2 2790.2500000000005 3.2500000000000004 1.7500000000000002
decision_type=5 2 5 2 2 1 2 2 2
left_child=3 2 6 5 -4 8 -2 -5 -1
right_child=1 -3 4 7 -6 -7 -8 -9 -10
leaf_value=0.0080876042526933298 -0.00065470140684698041 0.031224151103693903 -0.0065775237228232657 0.034333876522838716 0.0075179258066113428 0.015491505982602178 0.010094479965437589 0.012093133250904508 -0.0033824829266738596
leaf_count=94 386 41 2739 84 80 234 177 74 91
internal_value=0 -0.283623 -0.372387 1.12456 -0.48307 0.91768 0.203893 2.28057 0.217243
internal_count=4000 3423 3382 577 2819 419 563 158 185
cat_boundaries=0 10 21 22
cat_threshold=538968128 1073758592 545325568 1107296256 81920 0 65664 67125248 0 1048832 67158688 176302084 67117184 16 12583052 425986 8 128 32 0 33554432 2
shrinkage=0.0116591


Tree=15
num_leaves=10
num_cat=3
split_feature=1 6 5 1 14 7 12 13 6
split_gain=74.3274 27.6181 20.8081 9.33918 8.55921 5.77647 5.6088 6.4261 3.46871
threshold=0 528983.50000000012 10849.000000000002 1 12.250000000000002 2 44.500000000000007 5133.2500000000009 1.7500000000000002
decision_type=5 2 2 5 2 1 2 2 2
left_child=2 3 5 -2 -5 -1 -4 -8 -7
right_child=1 -3 6 4 -6 8 7 -9 -10
leaf_value=0.0020012228391244045 0.0014437816020884181 0.025243441899777959 0.033925266737022217 -0.0068716096740803669 0.0076276330129129155 0.016204573027315757 0.025697432592632442 0.0041959830137834123 0.0039882646134305651
leaf_count=279 535 42 88 2565 79 173 44 81 114
internal_value=0 -0.322688 0.967045 -0.408476 -0.500142 0.66807 2.11664 1.22902 1.04034
internal_count=4000 3221 779 3179 2644 566 213 125 287
cat_boundaries=0 10 21 22
cat_threshold=539000928 1140875648 545325572 1107296256 82048 0 65664 67125248 0 1048832 17028 176293908 67117184 268435480 14680092 425986 8 128 32 0 33554432 2
shrinkage=0.0116591


Tree=16
num_leaves=10
num_cat=3
split_feature=1 4 4 1 14 4 7 18 0
split_gain=73.5166 31.9144 14.5461 11.9709 7.95683 7.71251 5.82249 4.38325 9.13624
threshold=0 135130.00000000003 6556.7500000000009 1 12.250000000000002 2156.5000000000005 2 3679.0000000000005 7.7500000000000009
decision_type=5 2 2 5 2 2 1 2 2
left_child=2 3 6 5 -5 -2 -1 8 -4
right_child=1 -3 7 4 -6 -7 -8 -9 -10
leaf_value=0.013786393229172859 -0.0014966565253819624 0.027838138898152457 0.039524443680440183 -0.0065420867677402844 0.0072991177184345557 0.010138360384174311 0.0021573592505596921 0.0089171231635451955 0.0085256323723998245
leaf_count=275 359 40 68 2717 80 184 188 49 40
internal_value=0 -0.289872 1.0604 -0.374767 -0.479148 0.187515 0.843397 2.22745 2.64622
internal_count=4000 3380 620 3340 2797 543 463 157 108
cat_boundaries=0 10 21 22
cat_threshold=538968128 1073758592 545325572 1107296256 82048 0 65664 67125248 0 1048832 67158688 176302084 67117184 16 12582924 425986 8 128 32 0 33554432 1
shrinkage=0.0116591


Tree=17
num_leaves=10
num_cat=3
split_feature=1 4 4 1 7 14 10 10 6
split_gain=70.5822 27.3607 17.5534 9.31154 8.90045 8.63318 4.60551 6.24654 3.72117
threshold=0 135130.00000000003 1459.0000000000002 1 2 12.250000000000002 40.523250000000004 50.77405000000001 77851.750000000015
decision_type=5 2 2 5 1 2 2 2 2
left_child=2 3 4 8 -1 -5 -4 -8 -2
right_child=1 -3 6 5 -6 -7 7 -9 -10
leaf_value=0.012228687347144634 -4.5619582770581309e-05 0.025164866229385314 0.031213998088809668 -0.0068166918986538932 -3.3379451444595824e-05 0.0078146961745894864 0.0035814338718437081 0.020934949837035595 0.0095794929289859596
leaf_count=252 436 39 82 2573 246 77 83 116 96
internal_value=0 -0.316994 0.933722 -0.402844 0.573675 -0.495039 1.82914 1.26728 0.127363
internal_count=4000 3221 779 3182 498 2650 281 199 532
cat_boundaries=0 10 21 22
cat_threshold=539000928 1140875648 545325572 1107296256 82048 0 65664 67125248 0 1048832 67126912 176293908 67117184 268435480 12582924 425986 8 128 32 0 33554432 1
shrinkage=0.0116591


Tree=18
num_leaves=8
num_cat=2
split_feature=4 20 2 16 21 4 15
split_gain=41.1513 29.3422 10.7382 7.99273 7.15519 3.73386 3.43819
threshold=135130.00000000003 0 1 18608.500000000004 478.75000000000006 2554.0000000000005 157.00000000000003
decision_type=2 5 5 2 2 2 2
left_child=1 3 6 4 -1 -4 -3
right_child=-2 2 5 -5 -6 -7 -8
leaf_value=0.013643939442772084 0.031688856538151733 0.0035130189036177736 -0.0047574323902475858 0.028598832083319699 -0 -0.00099982592147994051 0.017544173795124993
leaf_count=200 53 159 2247 45 138 1089 69
internal_value=0 -0.0609847 -0.209436 0.781799 0.75907 -0.284481 0.462256
internal_count=4000 3947 3564 383 338 3336 228
cat_boundaries=0 4 7
cat_threshold=168841216 200970 8 4 1086328896 4333600 9248
shrinkage=0.0116591


Tree=19
num_leaves=8
num_cat=2
split_feature=4 20 2 17 21 4 15
split_gain=39.5697 28.619 10.5343 5.71706 6.15613 3.67675 3.29578
threshold=135130.00000000003 0 1 22714.750000000004 478.75000000000006 2554.0000000000005 157.00000000000003
decision_type=2 5 5 2 2 2 2
left_child=1 3 6 4 -1 -4 -3
right_child=-2 2 5 -5 -6 -7 -8
leaf_value=0.013223592743166203 0.030756222779145349 0.0034675142384520785 -0.0047224810447691083 0.02503945831182092 0 -0.00098925288589085214 0.017181018387814481
leaf_count=194 53 159 2247 56 133 1089 69
internal_value=0 -0.0599771 -0.207361 0.769034 0.75226 -0.282051 0.456415
internal_count=4000 3947 3564 383 327 3336 228
cat_boundaries=0 4 7
cat_threshold=168841216 200970 8 4 1086328896 4333600 9248
shrinkage=0.0116591


Tree=20
num_leaves=10
num_cat=4
split_feature=1 4 4 20 7 5 4 3 1
split_gain=67.6154 25.2362 18.692 9.53125 8.68095 6.12787 5.9307 5.1301 4.36849
threshold=0 135130.00000000003 1459.0000000000002 1 2 83866.750000000015 12.250000000000002 7.7500000000000009 3
decision_type=5 2 2 5 1 2 2 2 5
left_child=2 3 4 8 -1 -5 -6 -4 -2
right_child=1 -3 7 5 6 -7 -8 -9 -10
leaf_value=-0.0006133624881434033 0 0.023139514962244277 0.025796779925266213 -0.00067713841505110534 0.014019820054065791 0.012554901447416215 -0.0011024712684414169 0.010686598723202613 -0.0073388057824212306
leaf_count=262 419 39 164 606 234 77 58 130 2011
internal_value=0 -0.325299 0.872149 -0.413302 0.509751 0.0804396 0.940889 1.7449 -0.523766
internal_count=4000 3152 848 3113 554 683 292 294 2430
cat_boundaries=0 10 13 14 23
cat_threshold=539001440 1140875648 545333764 1107296256 82048 0 65664 67125248 0 1048832 2215447365 815844544 128 2 1152 393220 0 268435456 14680084 163842 8 268435458 32
shrinkage=0.0116591


Tree=21
num_leaves=10
num_cat=3
split_feature=1 6 5 2 14 3 7 6 5
split_gain=65.8351 26.4693 17.9713 7.85329 6.54698 6.07244 4.7955 4.4266 4.06453
threshold=0 576519.00000000012 10849.000000000002 1 12.250000000000002 3.2500000000000004 2 1.7500000000000002 1627.0000000000002
decision_type=5 2 2 5 2 2 1 2 2
left_child=2 3 6 -2 -5 -4 8 -8 -1
right_child=1 -3 5 4 -6 -7 7 -9 -10
leaf_value=-0.001023900002228296 0.0043456325167237284 0.024275047470574788 0.028137210323826607 -0.0060538440908445585 0.0060810445672442965 0.010192419207765353 0.014440276714671933 0.0023891008586329737 0.011745810952110585
leaf_count=251 121 38 121 2907 86 102 200 124 50
internal_value=0 -0.32278 0.855997 -0.411496 -0.446929 1.85415 0.582134 0.892129 0.141385
internal_count=4000 3152 848 3114 2993 223 625 324 301
cat_boundaries=0 10 13 14
cat_threshold=539001440 1140875648 545333764 1107296256 82048 0 65664 67125248 0 1048832 8392768 524320 1024 2
shrinkage=0.0116591


Tree=22
num_leaves=10
num_cat=3
split_feature=1 6 5 3 1 11 7 6 12
split_gain=64.6144 25.7093 14.2266 8.67532 9.53879 5.56086 4.24937 5.22585 4.18392
threshold=0 576519.00000000012 10849.000000000002 115.00000000000001 1 33.250000000000007 2 1.7500000000000002 44.500000000000007
decision_type=5 2 2 2 5 2 1 2 2
left_child=2 3 6 4 -2 -5 -1 -8 -4
right_child=1 -3 8 5 -6 -7 7 -9 -10
leaf_value=0.0019345024531842625 0.0012648181607528301 0.023719287671273785 0.027839375066336516 -0.0016360031580810899 -0.0067115628608585467 0.012547427779983137 0.014746037294797329 0.0020450982948015421 0.011972114793919315
leaf_count=279 499 38 95 161 2377 93 202 128 128
internal_value=0 -0.317838 0.852459 -0.405645 -0.479343 0.332862 0.611318 0.89389 1.75473
internal_count=4000 3168 832 3130 2876 254 609 330 223
cat_boundaries=0 10 21 22
cat_threshold=539001440 1140875648 545325572 1107296272 82048 0 65664 67125248 0 1048832 17540 176424980 67108992 268435464 6291464 425986 0 268435584 32 0 33554432 2
shrinkage=0.0116591


Tree=23
num_leaves=8
num_cat=2
split_feature=4 20 2 17 21 4 11
split_gain=35.2777 26.4055 9.84162 5.44148 5.41879 3.7222 2.95937
threshold=135130.00000000003 0 1 22714.750000000004 478.75000000000006 2554.0000000000005 30.250000000000004
decision_type=2 5 5 2 2 2 2
left_child=1 3 6 4 -1 -4 -3
right_child=-2 2 5 -5 -6 -7 -8
leaf_value=0.012262556941183039 0.028211608157224521 0.0001758569416061788 -0.004627287488399477 0.023722604627935399 0 -0.00088053486961759656 0.013329958603731826
leaf_count=194 53 82 2251 56 133 1097 134
internal_value=0 -0.0569795 -0.200913 0.729465 0.703556 -0.272582 0.449021
internal_count=4000 3947 3564 383 327 3348 216
cat_boundaries=0 4 7
cat_threshold=168841216 200970 8 4 1086328896 4333600 8224
shrinkage=0.0116591


Tree=24
num_leaves=10
num_cat=4
split_feature=1 4 4 20 7 18 15 4 1
split_gain=62.5717 26.484 16.2357 9.55346 7.31877 5.89626 5.86072 4.884 3.70869
threshold=0 135130.00000000003 1459.0000000000002 1 2 723.25000000000011 670.00000000000011 12.250000000000002 3
decision_type=5 2 2 5 1 2 2 2 5
left_child=2 3 4 8 -1 -4 -5 -6 -2
right_child=1 -3 5 6 7 -7 -8 -9 -10
leaf_value=-0.00012448460381826894 -0 0.022897851741984623 0.029745146026963563 -0.00044267791747815686 0.013146693199860886 0.013172701380469798 0.013105248081187794 -0.0007317027512684475 -0.0071992870866482116
leaf_count=269 409 40 79 616 224 205 67 54 2037
internal_value=0 -0.314425 0.834286 -0.406767 0.496501 1.64345 0.0859874 0.895634 -0.518122
internal_count=4000 3169 831 3129 547 284 683 278 2446
cat_boundaries=0 10 13 14 23
cat_threshold=539001440 1073766784 545333764 1107296256 82052 0 65664 67125248 0 1048832 2215447365 815844544 128 2 1152 393220 0 268435456 14680080 163842 8 268435458 32
shrinkage=0.0116591


Tree=25
num_leaves=10
num_cat=3
split_feature=1 6 10 4 7 1 14 10 4
split_gain=61.8355 24.078 15.2173 13.5014 7.32041 5.86398 7.38852 5.76551 5.45645
threshold=0 346413.00000000006 43.162150000000004 1459.0000000000002 1 2 12.250000000000002 40.523250000000004 12.250000000000002
decision_type=5 2 2 2 1 5 2 2 2
left_child=3 5 -3 4 -1 -2 -7 -5 -6
right_child=1 2 -4 7 8 6 -8 -9 -10
leaf_value=-0.00012315183302537511 0.00068064845402230408 0.029242852068235098 0.0009489882784701237 0.027304224329849667 0.013105288092479199 -0.0071813237667309338 0.006722359419282997 0.011996052408156087 -0.0011987567935158542
leaf_count=269 464 40 125 87 239 2431 72 215 58
internal_value=0 -0.321088 1.02975 0.80845 0.503029 -0.453683 -0.521793 1.53155 0.884998
internal_count=4000 3132 165 868 566 2967 2503 302 297
cat_boundaries=0 10 11 22
cat_threshold=539001440 1140875648 545333764 1107296272 82052 0 65664 67125248 0 1048832 2 16512 168167440 67108992 268435464 6291480 425986 8 268435586 32 0 33554432
shrinkage=0.0116591


Tree=26
num_leaves=10
num_cat=4
split_feature=1 4 5 2 1 18 16 7 15
split_gain=61.699 21.7623 15.694 8.07789 6.22322 5.78921 5.78248 3.87442 5.30029
threshold=0 135130.00000000003 10849.000000000002 1 2 3679.0000000000005 21735.250000000004 3 9.2500000000000018
decision_type=5 2 2 5 5 2 2 1 2
left_child=2 3 7 -2 -5 6 -4 8 -1
right_child=1 -3 5 4 -6 -7 -8 -9 -10
leaf_value=-0.0012855468508516787 0.00451078043791827 0.020258881644713161 0.015595713578463148 0.00080734601525419409 -0.0062813041693350639 0.0058960028133346141 0.038196486686026113 0.0097120135052333467 0.012976470922400236
leaf_count=260 118 39 132 431 2567 63 38 301 51
internal_value=0 -0.317895 0.81433 -0.404854 -0.441779 1.70147 2.04325 0.545805 0.155122
internal_count=4000 3155 845 3116 2998 233 170 612 311
cat_boundaries=0 10 13 24 25
cat_threshold=539000928 1140875648 545333764 1107296272 8470660 262144 65664 67125248 0 1048832 8392768 524320 1024 67109508 167905296 67108992 268435464 6291464 163842 8 268435586 32 0 33554432 2
shrinkage=0.0116591


Tree=27
num_leaves=10
num_cat=2
split_feature=6 20 10 2 10 10 13 6 10
split_gain=27.6179 20.2354 16.8467 9.79043 7.28688 4.86665 4.19528 3.39707 3.05666
threshold=346413.00000000006 0 42.877300000000012 1 52.074300000000001 34.998900000000006 32669.500000000004 56427.250000000007 36.200700000000005
decision_type=2 5 2 5 2 2 2 2 2
left_child=1 4 -2 7 8 -5 -4 -3 -1
right_child=2 3 6 5 -6 -7 -8 -9 -10
leaf_value=0.010098879140457285 0.032265918746505827 0.0033982379371658091 0.01042181972877399 -0.0012850467558326994 0.024990290519395664 -0.0053882608537154887 -0.0035404863677547939 0.017311514539566156 -0
leaf_count=145 47 173 89 1673 50 1632 63 60 68
internal_value=0 -0.0856494 1.32904 -0.20106 0.679954 -0.275666 0.416568 0.432812 0.586307
internal_count=4000 3801 199 3538 263 3305 152 233 213
cat_boundaries=0 3 6
cat_threshold=1064960 196618 8 1086328896 4333600 8397856
shrinkage=0.0116591


Tree=28
num_leaves=8
num_cat=2
split_feature=4 20 2 16 5 10 11
split_gain=30.3077 23.8381 9.55301 9.13588 6.17146 4.17356 3.53231
threshold=135130.00000000003 0 1 22582.750000000004 17282.500000000004 34.998900000000006 31.750000000000004
decision_type=2 5 5 2 2 2 2
left_child=1 3 6 4 -1 -4 -3
right_child=-2 2 5 -5 -6 -7 -8
leaf_value=0.009697147685100934 0.02522902097207479 0.00025302119678332518 -0.0013701226426962975 0.027245005616101291 -0.0055385883723458838 -0.0052225748341307027 0.011332359061201381
leaf_count=296 53 143 1624 42 45 1635 162
internal_value=0 -0.0530326 -0.192625 0.68302 0.61955 -0.27427 0.37468
internal_count=4000 3947 3564 383 341 3259 305
cat_boundaries=0 4 7
cat_threshold=168841216 200970 8 4 1354764352 1078600224 9248
shrinkage=0.0116591


Tree=29
num_leaves=10
num_cat=2
split_feature=1 4 4 2 21 18 6 0 5
split_gain=59.0425 25.622 14.4503 6.98326 6.31482 5.80499 5.80318 4.24304 4.05713
threshold=0 148260.00000000003 1459.0000000000002 1 847.00000000000011 3679.0000000000005 1.7500000000000002 4.7500000000000009 10849.000000000002
decision_type=5 2 2 5 2 2 2 2 2
left_child=2 3 6 -2 -5 8 7 -1 -4
right_child=1 -3 5 4 -6 -7 -8 -9 -10
leaf_value=0.012188821334225709 0.0041422399880061316 0.023781672273490786 0.0090360533977126081 -0.0072125005122029573 -0.0018469585061246612 0.0040034150159748757 -0.0012132372428582433 0.0012739161068384473 0.024806147836918657
leaf_count=234 110 32 87 1992 1005 62 183 145 150
internal_value=0 -0.31553 0.785016 -0.405399 -0.437396 1.51167 0.462641 0.732541 1.76498
internal_count=4000 3139 861 3107 2997 299 562 379 237
cat_boundaries=0 10 12
cat_threshold=539001440 1073766784 545333764 1107296272 8470660 262144 65664 67125248 0 1048832 8392768 524320
shrinkage=0.0116591


Tree=30
num_leaves=10
num_cat=4
split_feature=1 6 5 2 1 18 16 7 15
split_gain=57.9027 21.3521 14.2754 7.76565 7.07438 5.25377 5.29917 3.47553 5.18006
threshold=0 576519.00000000012 10849.000000000002 1 2 3679.0000000000005 21735.250000000004 3 9.2500000000000018
decision_type=5 2 2 5 5 2 2 1 2
left_child=2 3 7 -2 -5 6 -4 8 -1
right_child=1 -3 5 4 -6 -7 -8 -9 -10
leaf_value=-0.0013037454025595311 0.0043816842698064283 0.020068325290497863 0.014779313527678369 0.0010568681089532391 -0.0062740810132329659 0.0055940867248418366 0.03595536397703359 0.0092312200389778106 0.012745396462925117
leaf_count=260 118 38 132 439 2560 63 38 301 51
internal_value=0 -0.310682 0.781339 -0.397593 -0.43448 1.61355 1.93212 0.52336 0.150734
internal_count=4000 3155 845 3117 2999 233 170 612 311
cat_boundaries=0 10 13 24 25
cat_threshold=539000928 1140875648 545333764 1107296272 8470660 262144 65664 67125248 0 1048832 8392768 524320 1024 644 167905304 67108992 268435464 4194312 163842 8 268435586 32 0 33554432 2
shrinkage=0.0116591


Tree=31
num_leaves=10
num_cat=3
split_feature=1 4 4 2 7 21 10 10 4
split_gain=55.6016 24.4233 12.8063 7.39163 6.1841 5.74879 4.98785 4.65756 4.39478
threshold=0 148260.00000000003 1459.0000000000002 1 2 25.000000000000004 40.523250000000004 50.77405000000001 12.250000000000002
decision_type=5 2 2 5 1 2 2 2 2
left_child=2 3 4 -2 -1 -5 -4 -8 -6
right_child=1 -3 6 5 8 -7 7 -9 -10
leaf_value=-0.00015303191632469275 0.0041836458266983952 0.022923958945682409 0.025496273364715858 -0.0072722820742650868 0.01181124549371807 -0.002256395425874838 0.0026634507849055528 0.016370968472024294 -0.0010117362437731894
leaf_count=269 121 32 85 1840 234 1156 89 119 55
internal_value=0 -0.306503 0.760353 -0.395329 0.457396 -0.431505 1.44553 0.975968 0.804765
internal_count=4000 3149 851 3117 558 2996 293 208 289
cat_boundaries=0 10 13 14
cat_threshold=539001440 1073766784 545333764 1107296272 82052 262144 65664 67125248 0 1048832 8392768 524320 1024 2
shrinkage=0.0116591


Tree=32
num_leaves=10
num_cat=4
split_feature=1 6 5 2 1 12 0 7 15
split_gain=55.0932 20.4326 13.304 7.61307 7.0199 4.5341 4.19748 3.21437 4.9266
threshold=0 576519.00000000012 10849.000000000002 1 2 44.500000000000007 6.2500000000000009 3 9.2500000000000018
decision_type=5 2 2 5 5 2 2 1 2
left_child=2 3 7 -2 -5 -4 -7 8 -1
right_child=1 -3 5 4 -6 6 -8 -9 -10
leaf_value=-0.0012955216636839515 0.0043321714655221305 0.019365766459085176 0.025139900132708535 0.0010795425505062074 -0.006210597865898974 0.014491003295434079 -0 0.0088788999843906584 0.012317173062504221
leaf_count=260 118 38 96 439 2560 101 36 301 51
internal_value=0 -0.30522 0.756402 -0.391684 -0.428775 1.5497 0.90886 0.50598 0.146195
internal_count=4000 3155 845 3117 2999 233 137 612 311
cat_boundaries=0 10 13 24 25
cat_threshold=539000928 1140875648 545333764 1107296272 8470660 262144 65664 67125248 0 1048832 8392768 524320 1024 644 167905304 67108992 268435464 4194312 163842 8 268435586 32 0 33554432 2
shrinkage=0.0116591


Tree=33
num_leaves=10
num_cat=3
split_feature=1 4 4 20 7 18 6 4 0
split_gain=53.3737 23.4411 12.2625 7.47358 6.05014 5.20345 4.75493 4.22477 3.40641
threshold=0 148260.00000000003 1459.0000000000002 1 2 3679.0000000000005 228130.00000000003 12.250000000000002 12.250000000000002
decision_type=5 2 2 5 1 2 2 2 2
left_child=2 3 4 -2 -1 8 -5 -6 -4
right_child=1 -3 5 6 7 -7 -8 -9 -10
leaf_value=-0.00030935097649538256 -0.0057611216589751124 0.022106930547552566 0.021606837748663697 -0.00079128282567633257 0.011410556995391398 0.0035313267863072754 0.011015012381411249 -0.0010799063251385004 0.0058822105661327602
leaf_count=273 2418 32 187 617 234 62 72 55 50
internal_value=0 -0.304483 0.734891 -0.393542 0.435039 1.38789 0.0568043 0.776491 1.61968
internal_count=4000 3139 861 3107 562 299 689 289 237
cat_boundaries=0 10 12 13
cat_threshold=539001440 1073766784 545333764 1107296272 8470660 262144 65664 67125248 0 1048832 2215447365 815828160 2
shrinkage=0.0116591


Tree=34
num_leaves=10
num_cat=2
split_feature=1 6 1 14 0 0 4 14 4
split_gain=50.9148 28.1504 11.3388 7.24586 6.59376 6.27176 5.04802 4.32847 7.23234
threshold=0 576519.00000000012 1 12.250000000000002 12.250000000000002 18.250000000000004 2156.5000000000005 1.7500000000000002 6556.7500000000009
decision_type=5 2 5 2 2 2 2 2 2
left_child=4 2 6 -4 7 -6 -2 8 -1
right_child=1 -3 3 -5 5 -7 -8 -9 -10
leaf_value=0.012093168454369765 -0.000778584184664839 0.023229486568279868 -0.00602586131433871 0.0071166638318242801 -0.0033567481112712276 0.012389901532198391 0.0079576269208236575 0.0031492563627305132 0.028567280743505757
leaf_count=248 394 41 2753 81 79 76 205 54 69
internal_value=0 -0.234864 -0.321674 -0.435858 0.894757 0.358754 0.180016 1.36557 1.53404
internal_count=4000 3474 3433 2834 526 155 599 371 317
cat_boundaries=0 10 21
cat_threshold=538968128 1073742208 8454656 1107296256 81920 0 65664 67125248 0 1048832 49828 176318468 67117056 16 12583052 425986 8 128 32 0 33554432
shrinkage=0.0116591


Tree=35
num_leaves=10
num_cat=2
split_feature=1 6 1 14 11 18 3 13 18
split_gain=49.562 27.3529 11.1428 7.12834 5.00608 4.87545 3.64223 4.42641 2.64518
threshold=0 576519.00000000012 1 12.250000000000002 39.250000000000007 104.50000000000001 9.2500000000000018 25749.250000000004 4.7500000000000009
decision_type=5 2 5 2 2 2 2 2 2
left_child=5 2 4 -4 -2 8 -7 -8 -1
right_child=1 -3 3 -5 -6 6 7 -9 -10
leaf_value=0.009424520272058895 0.00072866768850058208 0.022698726001710887 -0.0059886018612692092 0.0070146434313540706 0.013797697418560063 0.020803720315728733 0.014275068919018643 -0.0011189944136058094 -0
leaf_count=217 542 41 2753 81 57 152 54 39 64
internal_value=0 -0.232543 -0.318964 -0.432747 0.177683 0.879103 1.44098 0.65913 0.626577
internal_count=4000 3474 3433 2834 599 526 245 93 281
cat_boundaries=0 10 21
cat_threshold=538968128 1073742208 8454656 1107296256 81920 0 65664 67125248 0 1048832 49828 176318468 67117056 16 12583052 425986 8 128 32 0 33554432
shrinkage=0.0116591


Tree=36
num_leaves=10
num_cat=2
split_feature=1 4 1 14 4 3 4 10 13
split_gain=48.2318 24.1734 9.45514 7.48565 6.73833 6.18458 4.746 4.10043 2.2781
threshold=0 148260.00000000003 1 12.250000000000002 25779.250000000004 9.2500000000000018 2790.2500000000005 50.77405000000001 13349.500000000002
decision_type=5 2 5 2 2 2 2 2 2
left_child=4 2 6 -4 5 7 -2 -1 -6
right_child=1 -3 3 -5 8 -7 -8 -9 -10
leaf_value=0.0076964241974197658 -0.0012090542670044923 0.02242590376024586 -0.0061496205555013356 0.0072902932052586076 0.028492743402331957 -0.0015651135675697645 0.0074126921850374639 0.018981544472694126 0.0084933393765149433
leaf_count=402 400 33 2638 79 36 80 209 84 39
internal_value=0 -0.252285 -0.335099 -0.441054 0.793254 0.740814 0.140149 0.897063 1.84442
internal_count=4000 3359 3326 2717 641 566 609 486 75
cat_boundaries=0 10 21
cat_threshold=538968160 1073758592 8454660 1107296256 82048 0 65664 67125248 0 1048832 67159680 176302100 67117184 268435472 12582924 425986 8 128 32 0 33554432
shrinkage=0.0116591


Tree=37
num_leaves=10
num_cat=4
split_feature=1 6 5 2 1 12 16 7 15
split_gain=48.7849 18.0515 11.644 7.56693 6.81078 4.36801 6.35161 2.91012 4.55363
threshold=0 576519.00000000012 10849.000000000002 1 2 44.500000000000007 18608.500000000004 3 9.2500000000000018
decision_type=5 2 2 5 5 2 2 1 2
left_child=2 3 7 -2 -5 -4 -7 8 -1
right_child=1 -3 5 4 -6 6 -8 -9 -10
leaf_value=-0.0014429299708325057 0.0043927607329040932 0.017503242140537254 0.023187079851492109 0.0010985663091390887 -0.006063477270659489 0.0011775865612195825 0.018647013484385352 0.0081556612353119798 0.011466693406439741
leaf_count=260 118 38 96 439 2560 86 51 301 51
internal_value=0 -0.292544 0.698711 -0.377532 -0.415958 1.41864 0.820924 0.461573 0.122604
internal_count=4000 3155 845 3117 2999 233 137 612 311
cat_boundaries=0 10 13 24 25
cat_threshold=539000928 1140875648 545333764 1107296272 8470660 262144 65664 67125248 0 1048832 8392768 524320 1024 644 167905304 67108992 268435464 4194312 163842 8 268435586 32 0 33554432 2
shrinkage=0.0116591


end of trees

feature importances:
n_table_1.n_15=69
c_02=58
n_1=24
n_table_1.n_19=24
c_table_2.c_1=24
n_table_1.n_10=20
n_table_1.n_18=15
c_table_1.c_4=13
n_table_1.n_2=13
n_table_1.n_20=13
n_table_1.n_8=11
c_table_2.c_4=10
n_table_1.n_12=8
n_table_1.n_16=6
n_table_3.n_3=6
n_table_1.n_3=5
n_table_1.n_7=4
n_table_1.n_9=4
n_table_1.n_17=2
n_table_2.n_13=1

parameters:
[boosting: gbdt]
[objective: binary]
[metric: auc]
[tree_learner: serial]
[device_type: cpu]
[data: ]
[valid: ]
[num_iterations: 100]
[learning_rate: 0.0116591]
[num_leaves: 10]
[num_threads: 4]
[max_depth: 4]
[min_data_in_leaf: 20]
[min_sum_hessian_in_leaf: 3.02919]
[bagging_fraction: 1]
[bagging_freq: 77]
[bagging_seed: 3]
[feature_fraction: 0.9]
[feature_fraction_seed: 2]
[early_stopping_round: 0]
[max_delta_step: 0]
[lambda_l1: 0.402378]
[lambda_l2: 1.15435]
[min_gain_to_split: 0]
[drop_rate: 0.1]
[max_drop: 50]
[skip_drop: 0.5]
[xgboost_dart_mode: 0]
[uniform_drop: 0]
[drop_seed: 4]
[top_rate: 0.2]
[other_rate: 0.1]
[min_data_per_group: 100]
[max_cat_threshold: 32]
[cat_l2: 10]
[cat_smooth: 10]
[max_cat_to_onehot: 4]
[top_k: 20]
[monotone_constraints: ]
[feature_contri: ]
[forcedsplits_filename: ]
[refit_decay_rate: 0.9]
[verbosity: -1]
[max_bin: 255]
[min_data_in_bin: 3]
[bin_construct_sample_cnt: 200000]
[histogram_pool_size: -1]
[data_random_seed: 1]
[output_model: LightGBM_model.txt]
[snapshot_freq: -1]
[input_model: ]
[output_result: LightGBM_predict_result.txt]
[initscore_filename: ]
[valid_data_initscores: ]
[pre_partition: 0]
[enable_bundle: 1]
[max_conflict_rate: 0]
[is_enable_sparse: 1]
[sparse_threshold: 0.8]
[use_missing: 1]
[zero_as_missing: 0]
[two_round: 0]
[save_binary: 0]
[enable_load_from_binary_file: 1]
[header: 0]
[label_column: ]
[weight_column: ]
[group_column: ]
[ignore_column: ]
[categorical_feature: ]
[predict_raw_score: 0]
[predict_leaf_index: 0]
[predict_contrib: 0]
[num_iteration_predict: -1]
[pred_early_stop: 0]
[pred_early_stop_freq: 10]
[pred_early_stop_margin: 10]
[convert_model_language: ]
[convert_model: gbdt_prediction.cpp]
[num_class: 1]
[is_unbalance: 0]
[scale_pos_weight: 1]
[sigmoid: 1]
[boost_from_average: 1]
[reg_sqrt: 0]
[alpha: 0.9]
[fair_c: 1]
[poisson_max_delta_step: 0.7]
[tweedie_variance_power: 1.5]
[max_position: 20]
[label_gain: ]
[metric_freq: 1]
[is_provide_training_metric: 0]
[eval_at: ]
[num_machines: 1]
[local_listen_port: 12400]
[time_out: 120]
[machine_list_filename: ]
[machines: ]
[gpu_platform_id: -1]
[gpu_device_id: -1]
[gpu_use_dp: 0]

end of parameters

pandas_categorical:[[0, 1, 2, 3, 4, 5, 6, 7, 8, 9, 10, 11, 12, 13, 14, 15, 16, 17, 18, 19, 20, 21, 22, 23, 24, 25, 26, 27, 28, 29, 30, 31, 32, 33, 34, 35, 36, 37, 38, 39, 40, 41, 42, 43, 44, 45, 46, 47, 48, 49, 50, 51, 52, 53, 54, 55, 56, 57, 58, 59, 60, 61, 62, 63, 64, 65, 66, 67, 68, 69, 70, 71, 72, 73, 74, 75, 76, 77, 78, 79, 80, 81, 82, 83, 84, 85, 86, 87, 88, 89, 90, 91, 92, 93, 94, 95, 96, 97, 98, 99, 100, 101, 102, 103, 104, 105, 106, 107, 108, 109, 110, 111, 112, 113, 114, 115, 116, 117, 118, 119, 120, 121, 122, 123, 124, 125, 126, 127, 128, 129, 130, 131, 132, 133, 134, 135, 136, 137, 138, 139, 140, 141, 142, 143, 144, 145, 146, 147, 148, 149, 150, 151, 152, 153, 154, 155, 156, 157, 158, 159, 160, 161, 162, 163, 164, 165, 166, 167, 168, 169, 170, 171, 172, 173, 174, 175, 176, 177, 178, 179, 180, 181, 182, 183, 184, 185, 186, 187, 188, 189, 190, 191, 192, 193, 194, 195, 196, 197, 198, 199, 200, 201, 202, 203, 204, 205, 206, 207, 208, 209, 210, 211, 212, 213, 214, 215, 216, 217, 218, 219, 220, 221, 222, 223, 224, 225, 226, 227, 228, 229, 230, 231, 232, 233, 234, 235, 236, 237, 238, 239, 240, 241, 242, 243, 244, 245, 246, 247, 248, 249, 250, 251, 252, 253, 254, 255, 256, 257, 258, 259, 260, 261, 262, 263, 264, 265, 266, 267, 268, 269, 270, 271, 272, 273, 274, 275, 276, 277, 278, 279, 280, 281, 282, 283, 284, 285, 286, 287, 288, 289, 290, 291, 292, 293, 294, 295, 296, 297, 298, 299, 300, 301, 302, 303, 304, 305, 306, 307, 308, 309, 310, 311, 312, 313, 314, 315, 316, 317, 318, 319, 320, 321, 322, 323, 324, 325, 326, 327, 328, 329, 330, 331, 332, 333, 334, 335, 336, 337, 338, 339, 340, 341, 342, 343, 344, 345, 346, 347, 348, 349, 350, 351, 352, 353, 354, 355, 356, 357, 358, 359, 360, 361, 362, 363, 364, 365, 366, 367, 368, 369, 370, 371, 372, 373, 374, 375, 376, 377, 378, 379, 380, 381, 382, 383, 384, 385, 386, 387, 388, 389, 390, 391, 392, 393, 394, 395, 396, 397, 398, 399, 400, 401, 402, 403, 404, 405, 406, 407, 408, 409, 410, 411, 412, 413, 414, 415, 416, 417, 418, 419, 420, 421, 422, 423, 424, 425, 426, 427, 428, 429, 430, 431, 432, 433, 434, 435, 436, 437, 438, 439, 440, 441, 442, 443, 444, 445, 446, 447, 448, 449, 450, 451, 452, 453, 454, 455, 456, 457, 458, 459, 460, 461, 462, 463, 464, 465, 466, 467, 468, 469, 470, 471, 472, 473, 474, 475, 476, 477, 478, 479, 480, 481, 482, 483, 484, 485, 486, 487, 488, 489, 490, 491, 492, 493, 494, 495, 496, 497, 498, 499, 500, 501, 502, 503, 504, 505, 506, 507, 508, 509, 510, 511, 512, 513, 514, 515, 516, 517, 518, 519, 520, 521, 522, 523, 524, 525, 526, 527, 528, 529, 530, 531, 532, 533, 534, 535, 536, 537, 538, 539, 540, 541, 542, 543, 544, 545, 546, 547, 548, 549, 550, 551, 552, 553, 554, 555, 556, 557, 558], [0, 1, 2, 3, 4, 5, 6, 7, 8, 9, 10, 11, 12, 13, 14, 15, 16, 17, 18, 19, 20, 21, 22, 23, 24, 25, 26, 27, 28, 29, 30, 31, 32, 33, 34, 35, 36, 37, 38, 39, 40, 41, 42, 43, 44, 45, 46, 47, 48, 49, 50, 51, 52, 53, 54, 55, 56, 57, 58, 59, 60, 61, 62, 63, 64, 65, 66, 67, 68, 69, 70, 71, 72, 73, 74, 75, 76, 77, 78, 79, 80, 81, 82, 83, 84, 85, 86, 87, 88, 89, 90, 91, 92, 93, 94, 95, 96, 97, 98, 99, 100, 101, 102, 103, 104, 105, 106, 107, 108, 109, 110, 111, 112, 113, 114, 115, 116, 117, 118, 119, 120, 121, 122, 123, 124, 125, 126, 127, 128, 129, 130, 131, 132, 133, 134, 135, 136, 137, 138, 139, 140, 141, 142, 143, 144, 145, 146, 147, 148, 149, 150, 151], [0, 1], [0, 1, 2, 3, 4, 5, 6, 7, 8, 9, 10, 11, 12, 13, 14, 15, 16, 17, 18, 19, 20, 21, 22, 23, 24, 25, 26, 27, 28, 29, 30, 31, 32, 33, 34, 35, 36, 37, 38, 39, 40, 41, 42, 43, 44, 45, 46, 47, 48, 49, 50, 51, 52, 53, 54, 55, 56, 57, 58, 59, 60, 61, 62, 63, 64, 65, 66, 67, 68, 69, 70, 71, 72, 73, 74, 75, 76, 77, 78, 79, 80, 81, 82, 83, 84, 85, 86, 87, 88, 89, 90, 91, 92, 93, 94, 95, 96, 97, 98, 99, 100, 101, 102, 103, 104, 105, 106, 107, 108, 109, 110, 111, 112, 113, 114, 115, 116, 117, 118, 119, 120, 121, 122, 123, 124, 125, 126, 127, 128, 129, 130, 131, 132, 133]]
