tree
version=v2
num_class=1
num_tree_per_iteration=1
label_index=0
max_feature_idx=21
objective=binary sigmoid:1
feature_names=n_1 c_02 c_table_1.c_4 n_table_1.n_8 n_table_1.n_15 n_table_1.n_18 n_table_1.n_19 c_table_2.c_1 n_table_2.n_13 n_table_2.n_14 n_table_1.n_2 n_table_1.n_3 n_table_1.n_7 n_table_1.n_9 n_table_1.n_10 n_table_1.n_12 n_table_1.n_16 n_table_1.n_17 n_table_1.n_20 n_table_1.n_26 c_table_2.c_4 n_table_3.n_3
feature_infos=[1:335.5] 40:3:68:15:50:10:80:6:35:91:9:5:12:20:165:46:2:48:69:34:83:58:62:87:115:73:77:225:252:45:126:132:149:61:66:111:209:102:196:36:37:39:208:29:124:135:203:121:22:42:71:82:99:108:156:194:14:33:49:70:93:110:118:195:296:308:4:26:28:238:261:55:86:90:150:175:177:199:231:250:18:21:67:125:138:23:131:134:141:161:205:220:228:230:244:285:7:17:38:43:59:122:139:142:166:170:179:198:222:256:345:57:227:248:8:98:100:112:130:144:151:178:188:189:190:269:305:323:11:75:92:116:146:164:186:213:214:268:312:349:377:1:44:63:101:123:154:176:206:212:216:232:251:273:275:354:13:54:65:74:79:84:95:114:120:133:145:153:162:173:181:187:192:211:243:262:277:318:324:334:361:366:368:0:31:104:109:148:169:202:204:239:283:293:295:310:322:380:393:399:19:32:53:94:106:127:140:158:167:172:207:229:234:240:246:264:284:289:291:292:297:306:309:338:350:359:374:386:407:52:72:81:103:107:113:117:180:182:233:236:237:247:255:257:266:267:271:274:282:286:288:301:304:315:336:375:400:418:478:498:24:25:27:30:60:78:105:119:136:137:143:147:163:168:171:174:185:191:217:218:221:224:226:235:249:254:260:263:272:279:280:281:300:302:320:332:337:340:347:351:356:376:378:383:387:392:394:397:414:420:424:430:433:438:442:453:457:462:467:476:479:481 4:0:10:12:2:11:7:5:45:51:35:8:18:23:33:40:77:30:37:38:41:57:29:28:16:74:62:49:13:21:48:104:6:69:22:26:39:54:19:27:72:87:95:3:31:55:56:106:15:17:60:61:96:103:92:25:66:67:78:80:81:93:94:109:113:117:122:1:24:44:46:47:53:59:65:83:84:99:112:121:133:14:20:36:63:70:82:97:102:116:136:32:34:42:52:58:64:71:75:85:90:98:107:111:115:124:129:130:131:132 [1:244588] [1:274774] [1:574087] [1:1285890] 1:0 [1:395101] [1:275.5] [-49.8874:81.708399999999997] [1:175] [1:38456.5] [1:1556770] [1:68.5] [1:8524] [1:249100] [1:448222] [1:19936] [1:121640] 20:0:2:33:16:38:10:8:24:31:6:53:18:21:44:48:26:35:55:12:39:40:14:43:61:42:60:17:22:11:29:9:3:4:37:19:41:67:47:46:49:25:71:98:27:69:57:73:1:30:52:100:59:62:63:77:106:45:56:87:92:103:7:15:32:58:80:82:94:34:65:66:68:74:75:79:84:97:107:112:13:51:54:64:70:76:85:91:95:109 [1:509664]
tree_sizes=650 717 667 751 770 898 919 902 882 912 799 700 837 744 887 827 983 891

Tree=0
num_leaves=7
num_cat=1
split_feature=20 5 15 15 21 12
split_gain=15.7803 14.2438 2.32511 4.8426 3.13445 0.508091
threshold=0 129145.50000000001 43.000000000000007 190.75000000000003 10114.750000000002 1.7500000000000002
decision_type=5 2 2 2 2 2
left_child=-1 2 4 -4 -2 -6
right_child=1 -3 3 -5 5 -7
leaf_value=-2.661404306451602 -2.9022287925778336 -2.6119251862328019 -2.7222809123393503 -2.8866811129341059 -2.7892939031992392 -2.8496171780275388
leaf_count=113 1063 118 170 230 181 125
internal_value=0 -0.19356 -0.324288 -0 -0.408758 -0
internal_count=2000 1887 1769 400 1369 306
cat_boundaries=0 2
cat_threshold=17842176 2
shrinkage=1


Tree=1
num_leaves=7
num_cat=1
split_feature=1 16 16 16 16 5
split_gain=23.7144 15.1082 8.24013 1.55272 4.82039 0.812776
threshold=0 19.750000000000004 18608.500000000004 3754.7500000000005 510.25000000000006 880.00000000000011
decision_type=5 2 2 2 2 2
left_child=1 -1 3 4 5 -2
right_child=2 -3 -4 -5 -6 -7
leaf_value=0.038554234208853282 -0.055714759470146841 0.39919139626293021 0.076026637708430392 -0.14595193893845215 0.04727776687605665 -0.1475360557786681
leaf_count=195 900 130 190 243 163 179
internal_value=0 0.766401 -0.271233 -0.428983 -0.317173 -0.43773
internal_count=2000 325 1675 1485 1242 1079
cat_boundaries=0 7
cat_threshold=536870976 67330452 545333760 1073741824 6291456 0 4
shrinkage=0.176478


Tree=2
num_leaves=7
num_cat=2
split_feature=1 16 16 9 19 1
split_gain=16.2431 8.7338 8.66056 1.92982 1.40065 0.977627
threshold=0 19.750000000000004 37876.000000000007 3.2500000000000004 296.50000000000006 1
decision_type=5 2 2 2 2 5
left_child=1 -1 3 4 5 -2
right_child=2 -3 -4 -5 -6 -7
leaf_value=0.028744961691436425 0 0.34784323558151375 0.12376279031383824 0 0 -0.08042910627978607
leaf_count=135 228 82 119 139 106 1191
internal_value=0 0.686426 -0.213732 -0.343874 -0.393826 -0.434687
internal_count=2000 217 1783 1664 1525 1419
cat_boundaries=0 7 12
cat_threshold=536870976 74132 73728 0 4194304 0 4 1049124 409608 528 1073741824 2097152
shrinkage=0.176478


Tree=3
num_leaves=8
num_cat=2
split_feature=1 14 18 16 9 1 17
split_gain=11.2815 7.44369 2.95398 2.93645 1.2355 0.9713 0.253175
threshold=0 7.7500000000000009 104.50000000000001 37876.000000000007 3.2500000000000004 1 7171.7500000000009
decision_type=5 2 2 2 2 5 2
left_child=2 3 -1 4 5 -2 -7
right_child=1 -3 -4 -5 -6 6 -8
leaf_value=0.018896825037710632 0 0.13114592130472102 0.22174280962004073 0.033767894491595618 0 -0.099978350895644955 -0.021763253317983015
leaf_count=120 227 111 100 94 120 1004 224
internal_value=0 -0.18798 0.541077 -0.304871 -0.369961 -0.409142 -0.430746
internal_count=2000 1780 220 1669 1575 1455 1228
cat_boundaries=0 5 8
cat_threshold=536870976 139652 8454144 1073741824 6291456 1081888 344080 528
shrinkage=0.176478


Tree=4
num_leaves=8
num_cat=2
split_feature=20 1 15 10 10 10 4
split_gain=10.0927 5.68704 6.05352 2.84099 1.9062 2.40304 0.282097
threshold=0 1 55.000000000000007 16.114810000000002 45.66040000000001 35.765900000000009 56389.750000000007
decision_type=5 5 2 2 2 2 2
left_child=1 2 3 -1 5 -2 -3
right_child=4 6 -4 -5 -6 -7 -8
leaf_value=0.031211211822948101 0.079448886771985958 -0.092451317066777852 0.17104350281352296 -0.10971017734819948 0.15963936880158114 -0.027883648731186112 -0
leaf_count=164 299 1002 79 101 171 94 90
internal_value=0 -0.226705 0.137642 -0.0778674 0.37643 0.213245 -0.405597
internal_count=2000 1436 344 265 564 393 1092
cat_boundaries=0 2 9
cat_threshold=69730373 813702464 33376 67264652 536879632 1073741824 6291456 0 4
shrinkage=0.176478


Tree=5
num_leaves=10
num_cat=2
split_feature=2 13 15 4 21 13 18 4 1
split_gain=7.68293 4.85497 3.43934 2.09478 2.18088 2.03511 1.98861 1.46028 1.04257
threshold=0 130.00000000000003 129.25000000000003 147.25000000000003 19354.750000000004 940.00000000000011 3645.2500000000005 26239.750000000004 1
decision_type=5 2 2 2 2 2 2 2 5
left_child=1 3 5 4 8 -2 -4 -3 -1
right_child=2 7 6 -5 -6 -7 -8 -9 -10
leaf_value=0.0086607887326614202 0.092814836438290513 -0.14197831180612913 0.1898665529836292 0.071037895199706713 0.045574298477740381 -0.027607866814635749 0.0018556443868415675 -0 -0.052939683266489936
leaf_count=102 113 287 147 146 151 209 77 105 663
internal_value=0 -0.199348 0.327574 -0.0182864 -0.136748 0.00866849 0.773374 -0.620129 -0.266103
internal_count=2000 1454 546 1062 916 322 224 392 765
cat_boundaries=0 3 6
cat_threshold=805569829 40 8192 33344 16640 65536
shrinkage=0.176478


Tree=6
num_leaves=10
num_cat=2
split_feature=1 6 18 6 1 18 13 19 6
split_gain=7.41283 5.79897 4.3524 3.10231 3.31803 3.27275 2.80416 1.89063 0.238041
threshold=0 346413.00000000006 3314.5000000000005 66613.000000000015 1 76.750000000000014 6.2500000000000009 15.250000000000002 1.7500000000000002
decision_type=5 2 2 2 5 2 2 2 2
left_child=-1 2 3 4 6 8 -2 -7 -6
right_child=1 -3 -4 -5 5 7 -8 -9 -10
leaf_value=-0.088607102768053628 0 0.17378781239237684 -0.11908806072278046 0.10931029615231844 -0 -0.11801212070915354 0.17866049897373346 -0 0.034588950433710026
leaf_count=354 128 76 110 150 550 278 82 116 156
internal_value=0 0.107551 0.0229399 0.114322 0.00591557 -0.104832 0.328874 -0.451243 0.0383396
internal_count=2000 1646 1570 1460 1310 1100 210 394 706
cat_boundaries=0 8 12
cat_threshold=5148 1610612770 135004192 557120 268435472 0 133136 268435458 536903744 262416 8454144 1073741824
shrinkage=0.176478


Tree=7
num_leaves=10
num_cat=3
split_feature=1 21 1 5 12 21 12 7 10
split_gain=6.14392 4.46164 2.75552 2.71123 4.23517 1.42277 0.989834 0.35019 1.21703
threshold=0 25.000000000000004 1 83866.750000000015 106.75000000000001 25500.250000000004 192.25000000000003 2 34.218200000000003
decision_type=5 2 5 2 2 2 2 1 2
left_child=-1 2 -2 4 5 -3 7 -4 -9
right_child=1 3 6 -5 -6 -7 -8 8 -10
leaf_value=-0.083720247982861484 0.042804525651089838 0.094435813951205594 -0 0.17694245957690274 -0.080527318076431362 0 0 -0.0010335169700168155 -0.11287764103720062
leaf_count=354 103 329 234 73 101 161 135 272 238
internal_value=0 0.0895307 -0.0747784 0.361082 0.177557 0.38173 -0.192394 -0.315102 -0.400825
internal_count=2000 1646 982 664 591 490 879 744 510
cat_boundaries=0 8 12 13
cat_threshold=5148 1610612770 135004192 557120 268435472 0 133136 268435458 536870976 73860 0 1073741824 1
shrinkage=0.176478


Tree=8
num_leaves=10
num_cat=2
split_feature=2 11 10 10 10 6 12 20 0
split_gain=5.44576 4.55111 3.50166 2.56066 2.99947 1.44144 2.58748 0.280308 0.0688608
threshold=0 1.7500000000000002 54.403800000000011 46.859000000000009 38.596850000000011 60783.250000000007 1.7500000000000002 1 1.7500000000000002
decision_type=5 2 2 2 2 2 2 5 2
left_child=1 5 3 4 -2 6 7 8 -1
right_child=2 -3 -4 -5 -6 -7 -8 -9 -10
leaf_value=-0 0.097501767382013299 -0.14127350004710634 -0.014616232643523836 0.17894448855294226 -0.036961153469404553 0.047807103162228221 -0.093199308338287379 0.011676955733828943 -0.036132777803079434
leaf_count=364 155 216 142 131 106 119 276 334 157
internal_value=0 -0.181051 0.257793 0.535575 0.167524 -0.0637427 -0.146114 -0 -0.0715822
internal_count=2000 1466 534 392 261 1250 1131 855 521
cat_boundaries=0 3 4
cat_threshold=805569829 296 8192 1
shrinkage=0.176478


Tree=9
num_leaves=10
num_cat=1
split_feature=1 18 5 15 18 5 13 21 0
split_gain=5.06197 3.39492 9.29219 1.72799 2.30925 1.30629 1.32373 0.67348 0.736048
threshold=0 4249.0000000000009 83866.750000000015 55.000000000000007 1192.7500000000002 880.00000000000011 99.250000000000014 10114.750000000002 3.2500000000000004
decision_type=5 2 2 2 2 2 2 2 2
left_child=-1 2 3 5 -5 7 -7 8 -2
right_child=1 -3 -4 4 -6 6 -8 -9 -10
leaf_value=-0.07473791507282998 -0.022711978590741977 -0.069098467309105849 0.23326421452390056 0.14249133590025251 0 0 -0.092303979272335676 0.050015712857935317 0.034225023894530505
leaf_count=399 482 140 66 99 143 118 182 179 192
internal_value=0 0.0777325 0.174966 0.0455005 0.341321 -0.0140115 -0.273598 0.0539086 -0
internal_count=2000 1601 1461 1395 242 1153 300 853 674
cat_boundaries=0 8
cat_threshold=5148 1610612770 135004208 557120 268435472 0 133136 268435458
shrinkage=0.176478


Tree=10
num_leaves=9
num_cat=1
split_feature=1 19 0 9 0 6 4 4
split_gain=4.75373 3.38877 1.70021 1.52183 0.881167 0.927635 2.28025 1.77699
threshold=0 873.25000000000011 4.7500000000000009 3.2500000000000004 7.7500000000000009 350007.50000000006 3344.5000000000005 147.25000000000003
decision_type=5 2 2 2 2 2 2 2
left_child=2 3 -1 4 5 6 7 -2
right_child=1 -3 -4 -5 -6 -7 -8 -9
leaf_value=0.12415627359465713 -0.053100439471465768 0.084259526009387506 0 0.0073169995436180224 0 0 -0.12922136729058864 0.02565267177372298
leaf_count=125 796 78 93 145 198 63 323 179
internal_value=0 -0.140432 0.312859 -0.228865 -0.285173 -0.328243 -0.37039 -0.177515
internal_count=2000 1782 218 1704 1559 1361 1298 975
cat_boundaries=0 5
cat_threshold=536870976 139652 73728 1073741824 6291456
shrinkage=0.176478


Tree=11
num_leaves=7
num_cat=1
split_feature=1 3 16 18 16 8
split_gain=19.4074 5.64274 2.27466 1.62496 2.20905 0.459028
threshold=0 1.7500000000000002 18608.500000000004 770.50000000000011 527.50000000000011 1.7500000000000002
decision_type=5 2 2 2 2 2
left_child=1 -1 3 4 -2 -4
right_child=2 -3 5 -5 -6 -7
leaf_value=0.1888325988395364 -0.066296577209730687 -0 -0.024113907512295096 -0.13522382958426551 0.015929714893529973 0.035745401984679827
leaf_count=289 981 65 124 313 153 75
internal_value=0 0.576396 -0.301419 -0.425859 -0.269187 0
internal_count=2000 354 1646 1447 1134 199
cat_boundaries=0 10
cat_threshold=32836 1073742208 545325572 33570816 144 2 0 268451968 0 256
shrinkage=0.176478


Tree=12
num_leaves=10
num_cat=3
split_feature=20 13 4 7 18 12 3 21 7
split_gain=3.18262 2.66453 5.34317 5.06329 2.6411 2.58021 3.82497 1.80042 0.219035
threshold=0 2285.5000000000005 2934.2500000000005 1 208.75000000000003 44.500000000000007 94.750000000000014 424.75000000000006 2
decision_type=5 2 2 1 2 2 2 2 1
left_child=-1 2 4 -4 7 -3 -7 8 -2
right_child=1 5 3 -5 -6 6 -8 -9 -10
leaf_value=-0.069812617923415879 -0.022077702852575896 0.023413198076095411 0.23065225181876547 0 -0.10456361660317236 -0.11769947788269322 0.01587841827764459 0.062122393628814138 0
leaf_count=240 410 154 125 96 126 262 88 333 166
internal_value=0 0.0291998 0.173382 0.72227 0 -0.175676 -0.391436 0.102119 -0.030823
internal_count=2000 1760 1256 221 1035 504 350 909 576
cat_boundaries=0 2 3 4
cat_threshold=2753626372 8460480 2 2
shrinkage=0.176478


Tree=13
num_leaves=8
num_cat=2
split_feature=1 3 10 3 17 6 7
split_gain=12.9444 2.63558 2.13971 2.51814 1.19263 1.12182 1.02492
threshold=0 1.7500000000000002 52.647650000000006 103.75000000000001 43639.750000000007 24532.750000000004 1
decision_type=5 2 2 2 2 2 1
left_child=1 5 3 4 6 -1 -2
right_child=2 -3 -4 -5 -6 -7 -8
leaf_value=0.073379791053813398 -0.014236406501827359 0 -0.1186185431419876 0.059569025299587589 0 0.22872596316219698 -0.086504644377260742
leaf_count=221 611 65 318 103 94 54 534
internal_value=0 0.448148 -0.259182 -0.170039 -0.256111 0.7763 -0.318279
internal_count=2000 340 1660 1342 1239 275 1145
cat_boundaries=0 10 11
cat_threshold=100 1073742208 545325572 33570816 144 2 0 268451968 0 256 2
shrinkage=0.176478


Tree=14
num_leaves=10
num_cat=1
split_feature=16 17 18 4 20 5 18 4 21
split_gain=2.65565 5.46283 3.55148 1.95567 2.07683 1.36526 1.02149 2.4616 0.32861
threshold=18608.500000000004 8947.7500000000018 3729.2500000000005 12719.500000000002 0 1.7500000000000002 208.75000000000003 25.750000000000004 10322.500000000002
decision_type=2 2 2 2 5 2 2 2 2
left_child=1 3 -2 4 6 8 7 -1 -6
right_child=2 -3 -4 -5 5 -7 -8 -9 -10
leaf_value=-0.048790818110847664 0.12920567730646609 -0.12099066397073725 -0 0.090526115368273055 0.00065680314756313366 -0.0084804601593244551 -0.11355293468479964 0.065098138263393224 0.096162472599671062
leaf_count=644 96 247 140 108 185 123 172 136 149
internal_value=0 -0.122884 0.275035 -0 -0.0576979 0.125629 -0.193114 -0.0987162 0.351696
internal_count=2000 1764 236 1517 1409 457 952 780 334
cat_boundaries=0 2
cat_threshold=16843009 2114
shrinkage=0.176478


Tree=15
num_leaves=9
num_cat=1
split_feature=1 13 17 18 4 3 21 21
split_gain=9.48716 2.7091 2.07022 1.88963 2.44385 0.478481 0.157934 0.00508185
threshold=0 2419.0000000000005 99245.500000000015 770.50000000000011 457.75000000000006 154.75000000000003 478.75000000000006 26170.750000000004
decision_type=5 2 2 2 2 2 2 2
left_child=1 -1 3 4 6 -5 -2 -8
right_child=2 -3 -4 5 -6 -7 7 -9
leaf_value=0.13898803271952631 -0.066560277775788088 0 0.027464351145053103 -0.11947331218117622 0.033226286416454143 -0 -0 -0.0073320933908921264
leaf_count=235 605 101 75 343 255 93 141 152
internal_value=0 0.399178 -0.215251 -0.307015 -0.135408 -0.56798 -0.292463 -0.0235956
internal_count=2000 336 1664 1589 1153 436 898 293
cat_boundaries=0 10
cat_threshold=1092 1140851072 545260036 33570816 144 2 0 268451968 0 256
shrinkage=0.176478


Tree=16
num_leaves=11
num_cat=3
split_feature=1 0 1 7 21 17 17 12 5 18
split_gain=7.09267 4.51299 2.1085 1.41119 6.65071 0.820735 1.99269 0.787988 0.0745185 0.00316755
threshold=0 6.2500000000000009 1 2 25.000000000000004 706.75000000000011 28796.500000000004 37.750000000000007 460.75000000000006 3.2500000000000004
decision_type=5 2 5 1 2 2 2 2 2 2
left_child=1 -1 -2 4 7 9 -7 8 -4 -5
right_child=2 -3 3 5 -6 6 -8 -9 -10 -11
leaf_value=0.16016790979516765 -0.081868018691297506 -0 -0.0054689552074420299 -0.0029008786451075949 0.15556437641055504 -0.11914906318294341 0 -0.057566454382646577 0.017923818486211048 0
leaf_count=166 318 82 268 280 137 181 79 234 110 145
internal_value=0 0.381192 -0.173701 -0.039593 0.0667633 -0.209527 -0.385369 -0.133897 0 -0
internal_count=2000 248 1752 1434 749 685 260 612 378 425
cat_boundaries=0 10 18 19
cat_threshold=4 1073742208 545260036 33570816 144 2 0 268451840 0 256 1053184 459788 134742144 561152 0 0 198660 2 2
shrinkage=0.176478


Tree=17
num_leaves=10
num_cat=1
split_feature=1 0 10 16 0 21 15 12 6
split_gain=5.33777 4.48865 2.10847 1.40923 0.498596 0.770662 0.387962 0.115198 0.0809882
threshold=0 6.2500000000000009 34.817550000000004 22374.250000000004 1.7500000000000002 25.000000000000004 1.7500000000000002 9.2500000000000018 346413.00000000006
decision_type=5 2 2 2 2 2 2 2 2
left_child=1 6 4 7 5 -2 -1 -4 -5
right_child=2 -3 3 8 -6 -7 -8 -9 -10
leaf_value=0.030326913684602313 -0 -0.008672505892014324 -0 -0.017822327954669467 -0.033951625395176065 0.051047848846733204 0.15841776972257166 -0.095671276533236219 0
leaf_count=128 319 116 141 117 214 212 100 589 64
internal_value=0 0.271312 -0.180383 -0.350503 0 0.0864622 0.671854 -0.478428 -0
internal_count=2000 344 1656 911 745 531 228 730 181
cat_boundaries=0 10
cat_threshold=32804 1073742208 536945156 33570816 144 2 0 268451968 0 256
shrinkage=0.176478


end of trees

feature importances:
c_02=19
n_table_1.n_20=12
n_table_1.n_16=11
n_table_3.n_3=11
n_table_1.n_15=9
n_table_1.n_2=9
n_1=7
n_table_1.n_18=7
n_table_1.n_19=7
n_table_1.n_7=7
n_table_1.n_9=6
n_table_1.n_12=6
n_table_1.n_17=6
n_table_1.n_8=5
c_table_2.c_1=5
c_table_2.c_4=5
n_table_2.n_14=3
n_table_1.n_26=3
c_table_1.c_4=2
n_table_2.n_13=1
n_table_1.n_3=1
n_table_1.n_10=1

parameters:
[boosting: gbdt]
[objective: binary]
[metric: auc]
[tree_learner: serial]
[device_type: cpu]
[data: ]
[valid: ]
[num_iterations: 100]
[learning_rate: 0.176478]
[num_leaves: 77]
[num_threads: 4]
[max_depth: 7]
[min_data_in_leaf: 20]
[min_sum_hessian_in_leaf: 5.6864]
[bagging_fraction: 0.5]
[bagging_freq: 11]
[bagging_seed: 3]
[feature_fraction: 0.7]
[feature_fraction_seed: 2]
[early_stopping_round: 0]
[max_delta_step: 0]
[lambda_l1: 1.47776]
[lambda_l2: 0.632291]
[min_gain_to_split: 0]
[drop_rate: 0.1]
[max_drop: 50]
[skip_drop: 0.5]
[xgboost_dart_mode: 0]
[uniform_drop: 0]
[drop_seed: 4]
[top_rate: 0.2]
[other_rate: 0.1]
[min_data_per_group: 100]
[max_cat_threshold: 32]
[cat_l2: 10]
[cat_smooth: 10]
[max_cat_to_onehot: 4]
[top_k: 20]
[monotone_constraints: ]
[feature_contri: ]
[forcedsplits_filename: ]
[refit_decay_rate: 0.9]
[verbosity: -1]
[max_bin: 255]
[min_data_in_bin: 3]
[bin_construct_sample_cnt: 200000]
[histogram_pool_size: -1]
[data_random_seed: 1]
[output_model: LightGBM_model.txt]
[snapshot_freq: -1]
[input_model: ]
[output_result: LightGBM_predict_result.txt]
[initscore_filename: ]
[valid_data_initscores: ]
[pre_partition: 0]
[enable_bundle: 1]
[max_conflict_rate: 0]
[is_enable_sparse: 1]
[sparse_threshold: 0.8]
[use_missing: 1]
[zero_as_missing: 0]
[two_round: 0]
[save_binary: 0]
[enable_load_from_binary_file: 1]
[header: 0]
[label_column: ]
[weight_column: ]
[group_column: ]
[ignore_column: ]
[categorical_feature: ]
[predict_raw_score: 0]
[predict_leaf_index: 0]
[predict_contrib: 0]
[num_iteration_predict: -1]
[pred_early_stop: 0]
[pred_early_stop_freq: 10]
[pred_early_stop_margin: 10]
[convert_model_language: ]
[convert_model: gbdt_prediction.cpp]
[num_class: 1]
[is_unbalance: 0]
[scale_pos_weight: 1]
[sigmoid: 1]
[boost_from_average: 1]
[reg_sqrt: 0]
[alpha: 0.9]
[fair_c: 1]
[poisson_max_delta_step: 0.7]
[tweedie_variance_power: 1.5]
[max_position: 20]
[label_gain: ]
[metric_freq: 1]
[is_provide_training_metric: 0]
[eval_at: ]
[num_machines: 1]
[local_listen_port: 12400]
[time_out: 120]
[machine_list_filename: ]
[machines: ]
[gpu_platform_id: -1]
[gpu_device_id: -1]
[gpu_use_dp: 0]

end of parameters

pandas_categorical:[[0, 1, 2, 3, 4, 5, 6, 7, 8, 9, 10, 11, 12, 13, 14, 15, 16, 17, 18, 19, 20, 21, 22, 23, 24, 25, 26, 27, 28, 29, 30, 31, 32, 33, 34, 35, 36, 37, 38, 39, 40, 41, 42, 43, 44, 45, 46, 47, 48, 49, 50, 51, 52, 53, 54, 55, 56, 57, 58, 59, 60, 61, 62, 63, 64, 65, 66, 67, 68, 69, 70, 71, 72, 73, 74, 75, 76, 77, 78, 79, 80, 81, 82, 83, 84, 85, 86, 87, 88, 89, 90, 91, 92, 93, 94, 95, 96, 97, 98, 99, 100, 101, 102, 103, 104, 105, 106, 107, 108, 109, 110, 111, 112, 113, 114, 115, 116, 117, 118, 119, 120, 121, 122, 123, 124, 125, 126, 127, 128, 129, 130, 131, 132, 133, 134, 135, 136, 137, 138, 139, 140, 141, 142, 143, 144, 145, 146, 147, 148, 149, 150, 151, 152, 153, 154, 155, 156, 157, 158, 159, 160, 161, 162, 163, 164, 165, 166, 167, 168, 169, 170, 171, 172, 173, 174, 175, 176, 177, 178, 179, 180, 181, 182, 183, 184, 185, 186, 187, 188, 189, 190, 191, 192, 193, 194, 195, 196, 197, 198, 199, 200, 201, 202, 203, 204, 205, 206, 207, 208, 209, 210, 211, 212, 213, 214, 215, 216, 217, 218, 219, 220, 221, 222, 223, 224, 225, 226, 227, 228, 229, 230, 231, 232, 233, 234, 235, 236, 237, 238, 239, 240, 241, 242, 243, 244, 245, 246, 247, 248, 249, 250, 251, 252, 253, 254, 255, 256, 257, 258, 259, 260, 261, 262, 263, 264, 265, 266, 267, 268, 269, 270, 271, 272, 273, 274, 275, 276, 277, 278, 279, 280, 281, 282, 283, 284, 285, 286, 287, 288, 289, 290, 291, 292, 293, 294, 295, 296, 297, 298, 299, 300, 301, 302, 303, 304, 305, 306, 307, 308, 309, 310, 311, 312, 313, 314, 315, 316, 317, 318, 319, 320, 321, 322, 323, 324, 325, 326, 327, 328, 329, 330, 331, 332, 333, 334, 335, 336, 337, 338, 339, 340, 341, 342, 343, 344, 345, 346, 347, 348, 349, 350, 351, 352, 353, 354, 355, 356, 357, 358, 359, 360, 361, 362, 363, 364, 365, 366, 367, 368, 369, 370, 371, 372, 373, 374, 375, 376, 377, 378, 379, 380, 381, 382, 383, 384, 385, 386, 387, 388, 389, 390, 391, 392, 393, 394, 395, 396, 397, 398, 399, 400, 401, 402, 403, 404, 405, 406, 407, 408, 409, 410, 411, 412, 413, 414, 415, 416, 417, 418, 419, 420, 421, 422, 423, 424, 425, 426, 427, 428, 429, 430, 431, 432, 433, 434, 435, 436, 437, 438, 439, 440, 441, 442, 443, 444, 445, 446, 447, 448, 449, 450, 451, 452, 453, 454, 455, 456, 457, 458, 459, 460, 461, 462, 463, 464, 465, 466, 467, 468, 469, 470, 471, 472, 473, 474, 475, 476, 477, 478, 479, 480, 481, 482, 483, 484, 485, 486, 487, 488, 489, 490, 491, 492, 493, 494, 495, 496, 497, 498, 499, 500, 501, 502, 503, 504, 505, 506, 507, 508, 509, 510, 511, 512, 513, 514, 515, 516, 517, 518, 519, 520, 521, 522, 523, 524, 525, 526, 527, 528, 529, 530, 531, 532, 533, 534, 535, 536, 537, 538, 539, 540, 541, 542, 543, 544, 545, 546, 547, 548, 549, 550, 551, 552, 553, 554, 555, 556, 557, 558], [0, 1, 2, 3, 4, 5, 6, 7, 8, 9, 10, 11, 12, 13, 14, 15, 16, 17, 18, 19, 20, 21, 22, 23, 24, 25, 26, 27, 28, 29, 30, 31, 32, 33, 34, 35, 36, 37, 38, 39, 40, 41, 42, 43, 44, 45, 46, 47, 48, 49, 50, 51, 52, 53, 54, 55, 56, 57, 58, 59, 60, 61, 62, 63, 64, 65, 66, 67, 68, 69, 70, 71, 72, 73, 74, 75, 76, 77, 78, 79, 80, 81, 82, 83, 84, 85, 86, 87, 88, 89, 90, 91, 92, 93, 94, 95, 96, 97, 98, 99, 100, 101, 102, 103, 104, 105, 106, 107, 108, 109, 110, 111, 112, 113, 114, 115, 116, 117, 118, 119, 120, 121, 122, 123, 124, 125, 126, 127, 128, 129, 130, 131, 132, 133, 134, 135, 136, 137, 138, 139, 140, 141, 142, 143, 144, 145, 146, 147, 148, 149, 150, 151], [0, 1], [0, 1, 2, 3, 4, 5, 6, 7, 8, 9, 10, 11, 12, 13, 14, 15, 16, 17, 18, 19, 20, 21, 22, 23, 24, 25, 26, 27, 28, 29, 30, 31, 32, 33, 34, 35, 36, 37, 38, 39, 40, 41, 42, 43, 44, 45, 46, 47, 48, 49, 50, 51, 52, 53, 54, 55, 56, 57, 58, 59, 60, 61, 62, 63, 64, 65, 66, 67, 68, 69, 70, 71, 72, 73, 74, 75, 76, 77, 78, 79, 80, 81, 82, 83, 84, 85, 86, 87, 88, 89, 90, 91, 92, 93, 94, 95, 96, 97, 98, 99, 100, 101, 102, 103, 104, 105, 106, 107, 108, 109, 110, 111, 112, 113, 114, 115, 116, 117, 118, 119, 120, 121, 122, 123, 124, 125, 126, 127, 128, 129, 130, 131, 132, 133]]
