tree
version=v2
num_class=1
num_tree_per_iteration=1
label_index=0
max_feature_idx=22
objective=binary sigmoid:1
feature_names=n_1 c_table_1.c_1 c_table_1.c_2 n_table_1.n_2 c_table_1.c_3 c_table_1.c_4 n_table_1.n_5 n_table_1.n_6 n_table_1.n_7 n_table_1.n_8 n_table_1.n_9 n_table_1.n_10 n_table_1.n_11 n_table_1.n_12 n_table_1.n_15 n_table_1.n_16 n_table_1.n_17 n_table_1.n_18 n_table_1.n_19 n_table_1.n_20 n_table_1.n_25 n_table_1.n_26 n_table_1.n_27
feature_infos=[1:62.5] 1:0 3:0:5:36:20:4:21:8:11:62:25:56:33:44:1:31:30:153:18:69:2:28:85:135:6:35:40:43:54:61:98:9:38:49:176:55:87:84:26:42:101:155:80:137:149:19:52:39:51:27:47:177:57:58:59:125:34:63:75:94:102:113:13:29:83:103:132:151:14:15:23:66:76:88:90:99:108:114:169:180:93:126:134:171:24:68:78:95:112:117:121:127:138:139:154:158:159:10:16:53:67:97:107:109:111:123:133:166:175:182 [-49.719499999999996:81.200400000000002] 36:0:3:33:28:13:9:1:42:8:178:19:5:66:24:95:72:2:12:17:14:56:58:139:25:31:70:119:90:112:88:81:83:6:21:50:75:100:204:4:43:64:74:79:116:44:48:49:94:123:67:26:97:22:30:32:122:11:29:46:182:102:158:161:167:206:16:39:60:135:143:10:18:34:57:63:120:128:155:68:71:98:147:159:172:175:212:15:35:54:62:82:99:113:134:140:177:196:23:69:76:89:138:162:166:199:205:27:40:51:65:73:115:168:181:188:193:198:41:45:53:59:61:92:96:108:111:121:129:136:157:163:174:180:184:185:189:191:192:194:195:201 34:0:24:2:8:36:10:1:41:52:77:6:13:31:5:28:78:3:12:15:17:20:32:23:30:35:75:58:18:47:100:14:37:27:61:88:4:7:45:48:64:73:82:133:38:56:62:71:106:115:135:9:40:70:83:85:96:108:125:21:29:46:54:113:132:25:39:42:44:72:97:111:119:122:19:68:76:103:110:117:121:123:124:127:131:138 [1:24272.5] [1:46363] [1:3314.5] [1:703902] [1:2481850] [1:70] [1:6121] [1:7070.5] [1:423494] [1:245767] [1:448222] [1:441384] [1:1178200] [1:18856] [1:38.5] [1:121640] [1:151]
tree_sizes=708 848 852 776 756 774 923 807 713 941 927 907 806 885 913 815

Tree=0
num_leaves=8
num_cat=0
split_feature=17 0 21 0 12 13 0
split_gain=38.0476 20.9717 4.29957 4.18996 3.47438 7.48456 0.590528
threshold=14869.000000000002 6.2500000000000009 81.250000000000014 16.750000000000004 57.250000000000007 451.75000000000006 1.7500000000000002
decision_type=2 2 2 2 2 2 2
left_child=2 4 3 6 5 -2 -1
right_child=1 -3 -4 -5 -6 -7 -8
leaf_value=-3.2424249265194298 -2.9447717017287975 -2.3405760644160312 -2.9878769279888022 -3.0668950080537565 -2.8177909213228909 -3.3548123881914358 -3.3112587858604186
leaf_count=1447 193 100 92 172 116 100 580
internal_value=0 1.18798 -0.313032 -0.363051 0.578851 0.202468 -0.430247
internal_count=2800 509 2291 2199 409 293 2027
shrinkage=1


Tree=1
num_leaves=9
num_cat=1
split_feature=15 12 4 15 12 3 0 15
split_gain=21.5686 7.05022 6.42972 5.96522 4.34838 2.89225 3.04647 0.810554
threshold=8437.0000000000018 57.250000000000007 0 3.2500000000000004 4.7500000000000009 44.676800000000007 16.750000000000004 453.25000000000006
decision_type=2 2 5 2 2 2 2 2
left_child=2 4 3 -1 -2 6 -4 -7
right_child=1 -3 5 -5 -6 7 -8 -9
leaf_value=-0.020999794519209407 0.25995002754329805 0.45809253455055537 -0.078882176208817351 0.34607606887774267 -0.035729238420670446 -0.082060391491357354 0.10647987928531769 -0.22945293247902979
leaf_count=126 105 114 1529 110 150 243 128 295
internal_value=0 0.944933 -0.234188 0.335564 0.369805 -0.314478 -0.223381 -0.675399
internal_count=2800 369 2431 236 255 2195 1657 538
cat_boundaries=0 5
cat_threshold=268570652 16 131328 65536 2048
shrinkage=0.261934


Tree=2
num_leaves=9
num_cat=1
split_feature=2 14 0 19 19 0 7 0
split_gain=12.8619 12.0436 9.37472 4.19346 4.09124 2.24961 0.637215 0.0233044
threshold=0 243.25000000000003 15.250000000000002 1.7500000000000002 1207.7500000000002 16.750000000000004 15.250000000000002 1.7500000000000002
decision_type=5 2 2 2 2 2 2 2
left_child=3 6 4 5 -3 7 -2 -1
right_child=1 2 -4 -5 -6 -7 -8 -9
leaf_value=-0.047347620844726088 -0.017675294285407827 0.23381221600024635 0.5411557372506417 -0.19259930508431763 0.032272118781590579 0.10526900049131917 -0.21425591341431585 -0.098130691875322903
leaf_count=926 103 284 58 518 333 106 146 326
internal_value=0 0.335905 0.67328 -0.298549 0.449008 -0.161369 -0.584176 -0.24651
internal_count=2800 924 675 1876 617 1358 249 1252
cat_boundaries=0 6
cat_threshold=2148794707 25696272 3145760 0 128 65536
shrinkage=0.261934


Tree=3
num_leaves=9
num_cat=0
split_feature=15 21 11 17 10 15 13 9
split_gain=8.11203 4.02586 3.58079 3.75948 2.83795 2.55762 1.92974 1.91847
threshold=8437.0000000000018 208.00000000000003 3.2500000000000004 57469.000000000007 152.50000000000003 42079.750000000007 58.750000000000007 4.7500000000000009
decision_type=2 2 2 2 2 2 2 2
left_child=1 6 3 4 -2 -5 7 -1
right_child=2 -3 -4 5 -6 -7 -8 -9
leaf_value=-0.063900579091628981 -0 0.13775966828116742 0.31217707659888005 -0.20733828206528152 0.28095845475007586 0.046975683569264279 -0.19927080311895312 0.067713109926626977
leaf_count=1986 65 115 59 73 78 94 160 170
internal_value=0 -0.181373 0.476585 0.212843 0.64964 -0.207335 -0.247599 -0.186876
internal_count=2800 2431 369 310 143 167 2316 2156
shrinkage=0.261934


Tree=4
num_leaves=8
num_cat=1
split_feature=2 9 0 9 18 12 0
split_gain=4.65491 2.57302 2.54769 2.12698 2.68614 1.07098 0.532103
threshold=0 4.7500000000000009 16.750000000000004 88.000000000000014 94995.250000000015 9.2500000000000018 22.750000000000004
decision_type=5 2 2 2 2 2 2
left_child=1 5 3 4 -2 -1 -4
right_child=2 -3 6 -5 -6 -7 -8
leaf_value=-0.014206554904524911 -0.060048791943495279 0.24377873789019691 0.12298713751764223 -0.17175398710649376 0.073754939038631812 0.12814370944525941 0
leaf_count=163 1886 104 102 207 179 78 81
internal_value=0 0.3174 -0.131523 -0.211943 -0.137879 0.124642 0.287071
internal_count=2800 345 2455 2272 2065 241 183
cat_boundaries=0 5
cat_threshold=1375734304 1073873154 8388608 0 33554432
shrinkage=0.261934


Tree=5
num_leaves=8
num_cat=2
split_feature=4 2 15 6 0 19 7
split_gain=4.63156 3.7428 3.37638 2.74652 2.17024 1.59632 1.55435
threshold=0 1 1801.7500000000002 9.2500000000000018 18.250000000000004 900.25000000000011 66.250000000000014
decision_type=5 5 2 2 2 2 2
left_child=2 -2 3 -1 5 -3 -4
right_child=1 4 6 -5 -6 -7 -8
leaf_value=-0.14468404464213461 -0.1218536428460182 0.00521754651973082 0.10028394281639348 0.14664978369983758 0.12380781775235922 -0.08152048778841392 0.37218646019117246
leaf_count=91 376 1640 101 101 126 326 39
internal_value=0 -0.121829 0.337108 0 -0.000962309 -0.0666694 0.88519
internal_count=2800 2468 332 192 2092 1966 140
cat_boundaries=0 5 8
cat_threshold=268439644 131088 17434632 134283264 2048 3222274170 16777216 32
shrinkage=0.261934


Tree=6
num_leaves=10
num_cat=1
split_feature=4 16 8 16 16 6 17 0 0
split_gain=3.43718 4.15285 4.11866 3.92389 3.14608 1.50512 0.731434 0.407475 0.246209
threshold=0 1159.7500000000002 6.2500000000000009 2883.2500000000005 14216.500000000002 24.250000000000004 2.5000000000000004 16.750000000000004 1.7500000000000002
decision_type=5 2 2 2 2 2 2 2 2
left_child=2 5 7 -3 -5 6 -2 8 -1
right_child=1 3 -4 4 -6 -7 -8 -9 -10
leaf_value=-0.011029940908375203 -0 0.31863632725347318 -0.1996261760636811 -0.073706028855057504 0.10275837377750255 0.035687260307836727 -0.1625013117322536 0.033229196717689008 -0.070044848008821117
leaf_count=963 122 85 352 123 342 125 237 109 342
internal_value=0 0.139267 -0.18768 0.356295 0.206035 -0.225771 -0.435372 -0.0659586 -0.114016
internal_count=2800 1034 1766 550 465 484 359 1414 1305
cat_boundaries=0 7
cat_threshold=2188001825 83887104 3288335428 9437202 0 0 4096
shrinkage=0.261934


Tree=7
num_leaves=9
num_cat=1
split_feature=2 21 0 6 3 16 3 13
split_gain=3.27659 2.95152 3.26284 2.60095 1.62793 2.93917 1.18376 0.869599
threshold=0 196.00000000000003 7.7500000000000009 61.750000000000007 56.939050000000009 1180.0000000000002 44.224950000000007 22.000000000000004
decision_type=5 2 2 2 2 2 2 2
left_child=3 4 6 -1 7 -6 -3 -2
right_child=1 2 -4 -5 5 -7 -8 -9
leaf_value=-0.23662936593727357 -0 0.12673859962541131 0.31085782104144827 -0 -0.039901478222926404 0.22445209819873924 -0.046208358333443562 -0.071565780420379727
leaf_count=346 1711 48 28 112 157 67 76 255
internal_value=0 0.0541548 0.494612 -0.348046 -0.00713611 0.367897 0.0679104 -0.0660769
internal_count=2800 2342 152 458 2190 224 124 1966
cat_boundaries=0 3
cat_threshold=2148794714 25692168 2097184
shrinkage=0.261934


Tree=8
num_leaves=7
num_cat=2
split_feature=4 15 2 6 19 12
split_gain=2.73322 2.15464 1.99217 1.02811 2.37876 1.67073
threshold=0 1990.7500000000002 1 1.7500000000000002 2592.2500000000005 109.75000000000001
decision_type=5 2 5 2 2 2
left_child=1 -1 -2 5 -5 -4
right_child=2 -3 3 4 -6 -7
leaf_value=0.0038226940118188512 -0.096950229648586433 0.2517568368683622 -0.006831881058132522 0.11148867036519051 -0.054693623340075007 -0.16863783173921404
leaf_count=158 349 52 1730 272 133 106
internal_value=0 0.296055 -0.0904836 -0.0111691 0.162947 -0.0843126
internal_count=2800 210 2590 2241 405 1836
cat_boundaries=0 6 8
cat_threshold=4180 131088 16908288 134217728 2048 262144 1048698 16779280
shrinkage=0.261934


Tree=9
num_leaves=10
num_cat=2
split_feature=4 2 18 19 15 8 15 6 18
split_gain=1.92043 1.54267 1.51546 6.13303 2.63221 0.92924 0.580185 0.471334 0.111392
threshold=0 1 41454.250000000007 900.25000000000011 1.7500000000000002 27.250000000000004 12512.500000000002 4.7500000000000009 106291.50000000001
decision_type=5 5 2 2 2 2 2 2 2
left_child=5 6 4 -4 -3 -1 -2 -7 -9
right_child=1 2 3 -5 -6 7 -8 8 -10
leaf_value=0.16784429165218176 -0.20081962407473494 -0 0.31875544009542456 -0.022463033858857052 -0.15531556520697196 -0.012890076254971012 -0.040218478008387244 0.0027464326328142156 0.099054489416786184
leaf_count=74 329 1564 50 219 246 92 62 128 36
internal_value=0 -0.0982946 -0.0130378 0.233955 -0.101806 0.185912 -0.328282 0.100865 0.247879
internal_count=2800 2470 2079 269 1810 330 391 256 164
cat_boundaries=0 6 11
cat_threshold=143444 393232 16908552 134283264 2048 262144 3222274170 16779264 0 0 134217728
shrinkage=0.261934


Tree=10
num_leaves=10
num_cat=1
split_feature=2 8 14 8 7 22 22 0 0
split_gain=1.71134 2.12988 2.12824 1.35755 1.8327 1.81633 0.594992 0.296095 0.254371
threshold=0 3.2500000000000004 243.25000000000003 54.250000000000007 19.750000000000004 1.7500000000000002 144.25000000000003 16.750000000000004 1.7500000000000002
decision_type=5 2 2 2 2 2 2 2 2
left_child=1 7 -2 4 -4 -5 -3 8 -1
right_child=2 6 3 5 -6 -7 -8 -9 -10
leaf_value=-0.0032111898847999205 -0.090409590194832815 -0.16893336863478642 0.11108865901920927 0.01721638088955954 -0.060897847449871596 0.17428925252435248 -0.0041529950769121395 0.034353376275741435 -0.060317194650739349
leaf_count=990 283 325 119 271 166 136 50 108 352
internal_value=0 -0.133798 0.0990435 0.213816 -0 0.36407 -0.504543 -0.0352059 -0.0782816
internal_count=2800 1825 975 692 285 407 375 1450 1342
cat_boundaries=0 5
cat_threshold=3289645151 562563072 32 0 134217728
shrinkage=0.261934


Tree=11
num_leaves=10
num_cat=1
split_feature=2 15 19 14 19 21 19 22 7
split_gain=2.00146 1.8135 2.03664 1.58586 0.878259 1.72437 0.973038 0.70104 0.228649
threshold=0 12586.750000000002 2592.2500000000005 25966.000000000004 1330.7500000000002 94.750000000000014 3102.2500000000005 19.750000000000004 718.75000000000011
decision_type=5 2 2 2 2 2 2 2 2
left_child=7 4 3 -3 5 -2 -6 -1 -4
right_child=1 2 8 -5 6 -7 -8 -9 -10
leaf_value=-0.1957467048506954 -0.011589003514783709 0.023251231792010454 -0.03752637029877625 0.26390988113699515 -0.16148562823656235 0.12351658629738108 0 -0.016051978344628345 0.037788208139555413
leaf_count=329 1858 77 93 51 126 76 65 99 26
internal_value=0 0.0344894 0.305067 0.607293 -0.0286672 0.0046155 -0.320198 -0.297594 -0
internal_count=2800 2372 247 128 2125 1934 191 428 119
cat_boundaries=0 5
cat_threshold=2215903574 562563080 2097184 0 134217728
shrinkage=0.261934


Tree=12
num_leaves=9
num_cat=1
split_feature=5 10 0 19 14 9 21 10
split_gain=0.842739 1.43052 1.40997 1.80298 1.47498 1.40801 1.15457 2.30834
threshold=0 9452.5000000000018 10.750000000000002 663.25000000000011 91683.250000000015 50.500000000000007 208.00000000000003 367.00000000000006
decision_type=5 2 2 2 2 2 2 2
left_child=1 6 3 5 -5 -2 7 -1
right_child=2 -3 -4 4 -6 -7 -8 -9
leaf_value=-0.002403564916107246 0.20596939423158073 -0.13588972264187818 0.14473572274412216 -0.10923078072397632 0.042159070221892948 -0 0.099370278766354236 -0.17918787619531046
leaf_count=1921 108 133 73 184 72 71 84 154
internal_value=0 -0.0758442 0.10032 0 -0.177473 0.400216 -0.0329372 -0.0783266
internal_count=2800 2292 508 435 256 179 2159 2075
cat_boundaries=0 3
cat_threshold=16790885 1 8192
shrinkage=0.261934


Tree=13
num_leaves=9
num_cat=2
split_feature=4 2 8 0 15 17 18 0
split_gain=1.46871 1.03107 1.33128 1.29452 3.124 2.26116 0.702964 0.136063
threshold=0 1 3.2500000000000004 4.7500000000000009 10.750000000000002 16073.500000000002 63177.250000000007 16.750000000000004
decision_type=5 5 2 2 2 2 2 2
left_child=6 2 7 4 -3 -5 -1 -2
right_child=1 3 -4 5 -6 -7 -8 -9
leaf_value=-0.21056548248264298 -0.0064850707296887486 0.24273840802298996 -0.11706768916182288 -0.12131170318535375 0.02381796925559003 0.070104716997055019 -0.015091586328757936 0.033680719177277912
leaf_count=301 1297 156 216 145 400 61 119 105
internal_value=0 0.0294948 -0.0598866 0.128757 0.279509 -0.0531843 -0.268693 -0
internal_count=2800 2380 1618 762 556 206 420 1402
cat_boundaries=0 7 12
cat_threshold=2181055264 83887106 3288335428 9437202 0 0 4096 2216427613 17303616 2097152 4 134217728
shrinkage=0.261934


Tree=14
num_leaves=10
num_cat=1
split_feature=4 12 22 9 10 0 0 21 7
split_gain=1.14015 1.29553 1.55776 1.73826 1.48276 1.32706 1.17064 0.705251 0.254618
threshold=0 9.2500000000000018 1.7500000000000002 16.750000000000004 152.50000000000003 12.250000000000002 1.7500000000000002 39.250000000000007 44.500000000000007
decision_type=5 2 2 2 2 2 2 2 2
left_child=6 2 4 -4 -2 8 7 -1 -3
right_child=1 5 3 -5 -6 -7 -8 -9 -10
leaf_value=0.1781483967589165 -0.0060160946685681171 -0.021561646445362844 0.19311105843416423 -0 -0.16254525943547482 0.022407642708615672 -0.0083520601085651704 0.016677809215733683 -0.15009240488549158
leaf_count=124 1706 146 84 142 109 54 127 57 251
internal_value=0 -0.0700473 -0.00440422 0.301553 -0.0853404 -0.311371 0.156571 0.429286 -0.460567
internal_count=2800 2492 2041 226 1815 451 308 181 397
cat_boundaries=0 5
cat_threshold=16912478 131088 8 134217728 2048
shrinkage=0.261934


Tree=15
num_leaves=9
num_cat=1
split_feature=2 11 19 7 15 19 10 16
split_gain=0.999277 1.03378 2.40775 1.02878 0.599241 0.762886 0.186745 0.175775
threshold=0 1.7500000000000002 2290.0000000000005 684.25000000000011 42079.750000000007 436.00000000000006 64944.250000000007 43464.250000000007
decision_type=5 2 2 2 2 2 2 2
left_child=3 4 -3 -1 5 -2 -4 -6
right_child=1 2 6 -5 7 -7 -8 -9
leaf_value=-0.12745585370773696 0 0.18853873531060727 -0.056725664841698227 0.00049180466174135213 0.095710302085335222 -0.066700303599692173 0.0027228588203762429 0
leaf_count=475 1678 123 42 53 48 285 38 58
internal_value=0 0.0291423 0.282452 -0.194323 -0.00808922 -0.0469291 -0.0493778 0.227735
internal_count=2800 2272 203 528 2069 1963 80 106
cat_boundaries=0 3
cat_threshold=68419678 566755416 2097184
shrinkage=0.261934


end of trees

feature importances:
n_1=20
n_table_1.n_16=12
n_table_1.n_20=11
c_table_1.c_2=10
c_table_1.c_3=7
n_table_1.n_6=6
n_table_1.n_11=6
n_table_1.n_26=6
n_table_1.n_5=5
n_table_1.n_7=5
n_table_1.n_8=5
n_table_1.n_9=5
n_table_1.n_17=5
n_table_1.n_15=4
n_table_1.n_18=4
n_table_1.n_19=4
n_table_1.n_27=4
n_table_1.n_2=3
n_table_1.n_12=3
n_table_1.n_10=2
c_table_1.c_4=1

parameters:
[boosting: gbdt]
[objective: binary]
[metric: auc]
[tree_learner: serial]
[device_type: cpu]
[data: ]
[valid: ]
[num_iterations: 100]
[learning_rate: 0.261934]
[num_leaves: 100]
[num_threads: 4]
[max_depth: 4]
[min_data_in_leaf: 20]
[min_sum_hessian_in_leaf: 3.5984]
[bagging_fraction: 0.7]
[bagging_freq: 77]
[bagging_seed: 3]
[feature_fraction: 0.9]
[feature_fraction_seed: 2]
[early_stopping_round: 0]
[max_delta_step: 0]
[lambda_l1: 0.510456]
[lambda_l2: 0.711339]
[min_gain_to_split: 0]
[drop_rate: 0.1]
[max_drop: 50]
[skip_drop: 0.5]
[xgboost_dart_mode: 0]
[uniform_drop: 0]
[drop_seed: 4]
[top_rate: 0.2]
[other_rate: 0.1]
[min_data_per_group: 100]
[max_cat_threshold: 32]
[cat_l2: 10]
[cat_smooth: 10]
[max_cat_to_onehot: 4]
[top_k: 20]
[monotone_constraints: ]
[feature_contri: ]
[forcedsplits_filename: ]
[refit_decay_rate: 0.9]
[verbosity: -1]
[max_bin: 255]
[min_data_in_bin: 3]
[bin_construct_sample_cnt: 200000]
[histogram_pool_size: -1]
[data_random_seed: 1]
[output_model: LightGBM_model.txt]
[snapshot_freq: -1]
[input_model: ]
[output_result: LightGBM_predict_result.txt]
[initscore_filename: ]
[valid_data_initscores: ]
[pre_partition: 0]
[enable_bundle: 1]
[max_conflict_rate: 0]
[is_enable_sparse: 1]
[sparse_threshold: 0.8]
[use_missing: 1]
[zero_as_missing: 0]
[two_round: 0]
[save_binary: 0]
[enable_load_from_binary_file: 1]
[header: 0]
[label_column: ]
[weight_column: ]
[group_column: ]
[ignore_column: ]
[categorical_feature: ]
[predict_raw_score: 0]
[predict_leaf_index: 0]
[predict_contrib: 0]
[num_iteration_predict: -1]
[pred_early_stop: 0]
[pred_early_stop_freq: 10]
[pred_early_stop_margin: 10]
[convert_model_language: ]
[convert_model: gbdt_prediction.cpp]
[num_class: 1]
[is_unbalance: 0]
[scale_pos_weight: 1]
[sigmoid: 1]
[boost_from_average: 1]
[reg_sqrt: 0]
[alpha: 0.9]
[fair_c: 1]
[poisson_max_delta_step: 0.7]
[tweedie_variance_power: 1.5]
[max_position: 20]
[label_gain: ]
[metric_freq: 1]
[is_provide_training_metric: 0]
[eval_at: ]
[num_machines: 1]
[local_listen_port: 12400]
[time_out: 120]
[machine_list_filename: ]
[machines: ]
[gpu_platform_id: -1]
[gpu_device_id: -1]
[gpu_use_dp: 0]

end of parameters

pandas_categorical:[[0, 1, 2], [0, 1, 2, 3, 4, 5, 6, 7, 8, 9, 10, 11, 12, 13, 14, 15, 16, 17, 18, 19, 20, 21, 22, 23, 24, 25, 26, 27, 28, 29, 30, 31, 32, 33, 34, 35, 36, 37, 38, 39, 40, 41, 42, 43, 44, 45, 46, 47, 48, 49, 50, 51, 52, 53, 54, 55, 56, 57, 58, 59, 60, 61, 62, 63, 64, 65, 66, 67, 68, 69, 70, 71, 72, 73, 74, 75, 76, 77, 78, 79, 80, 81, 82, 83, 84, 85, 86, 87, 88, 89, 90, 91, 92, 93, 94, 95, 96, 97, 98, 99, 100, 101, 102, 103, 104, 105, 106, 107, 108, 109, 110, 111, 112, 113, 114, 115, 116, 117, 118, 119, 120, 121, 122, 123, 124, 125, 126, 127, 128, 129, 130, 131, 132, 133, 134, 135, 136, 137, 138, 139, 140, 141, 142, 143, 144, 145, 146, 147, 148, 149, 150, 151, 152, 153, 154, 155, 156, 157, 158, 159, 160, 161, 162, 163, 164, 165, 166, 167, 168, 169, 170, 171, 172, 173, 174, 175, 176, 177, 178, 179, 180, 181, 182, 183, 184], [0, 1, 2, 3, 4, 5, 6, 7, 8, 9, 10, 11, 12, 13, 14, 15, 16, 17, 18, 19, 20, 21, 22, 23, 24, 25, 26, 27, 28, 29, 30, 31, 32, 33, 34, 35, 36, 37, 38, 39, 40, 41, 42, 43, 44, 45, 46, 47, 48, 49, 50, 51, 52, 53, 54, 55, 56, 57, 58, 59, 60, 61, 62, 63, 64, 65, 66, 67, 68, 69, 70, 71, 72, 73, 74, 75, 76, 77, 78, 79, 80, 81, 82, 83, 84, 85, 86, 87, 88, 89, 90, 91, 92, 93, 94, 95, 96, 97, 98, 99, 100, 101, 102, 103, 104, 105, 106, 107, 108, 109, 110, 111, 112, 113, 114, 115, 116, 117, 118, 119, 120, 121, 122, 123, 124, 125, 126, 127, 128, 129, 130, 131, 132, 133, 134, 135, 136, 137, 138, 139, 140, 141, 142, 143, 144, 145, 146, 147, 148, 149, 150, 151, 152, 153, 154, 155, 156, 157, 158, 159, 160, 161, 162, 163, 164, 165, 166, 167, 168, 169, 170, 171, 172, 173, 174, 175, 176, 177, 178, 179, 180, 181, 182, 183, 184, 185, 186, 187, 188, 189, 190, 191, 192, 193, 194, 195, 196, 197, 198, 199, 200, 201, 202, 203, 204, 205, 206, 207, 208, 209, 210, 211, 212, 213, 214, 215, 216], [0, 1, 2, 3, 4, 5, 6, 7, 8, 9, 10, 11, 12, 13, 14, 15, 16, 17, 18, 19, 20, 21, 22, 23, 24, 25, 26, 27, 28, 29, 30, 31, 32, 33, 34, 35, 36, 37, 38, 39, 40, 41, 42, 43, 44, 45, 46, 47, 48, 49, 50, 51, 52, 53, 54, 55, 56, 57, 58, 59, 60, 61, 62, 63, 64, 65, 66, 67, 68, 69, 70, 71, 72, 73, 74, 75, 76, 77, 78, 79, 80, 81, 82, 83, 84, 85, 86, 87, 88, 89, 90, 91, 92, 93, 94, 95, 96, 97, 98, 99, 100, 101, 102, 103, 104, 105, 106, 107, 108, 109, 110, 111, 112, 113, 114, 115, 116, 117, 118, 119, 120, 121, 122, 123, 124, 125, 126, 127, 128, 129, 130, 131, 132, 133, 134, 135, 136, 137, 138]]
