tree
version=v2
num_class=1
num_tree_per_iteration=1
label_index=0
max_feature_idx=21
objective=binary sigmoid:1
feature_names=n_1 c_02 c_table_1.c_4 n_table_1.n_8 n_table_1.n_15 n_table_1.n_18 n_table_1.n_19 c_table_2.c_1 n_table_2.n_13 n_table_2.n_14 n_table_1.n_2 n_table_1.n_3 n_table_1.n_7 n_table_1.n_9 n_table_1.n_10 n_table_1.n_12 n_table_1.n_16 n_table_1.n_17 n_table_1.n_20 n_table_1.n_26 c_table_2.c_4 n_table_3.n_3
feature_infos=[1:335.5] 40:3:68:15:50:10:80:6:35:91:9:5:12:20:165:46:2:48:69:34:83:58:62:87:115:73:77:225:252:45:126:132:149:61:66:111:209:102:196:36:37:39:208:29:124:135:203:121:22:42:71:82:99:108:156:194:14:33:49:70:93:110:118:195:296:308:4:26:28:238:261:55:86:90:150:175:177:199:231:250:18:21:67:125:138:23:131:134:141:161:205:220:228:230:244:285:7:17:38:43:59:122:139:142:166:170:179:198:222:256:345:57:227:248:8:98:100:112:130:144:151:178:188:189:190:269:305:323:11:75:92:116:146:164:186:213:214:268:312:349:377:1:44:63:101:123:154:176:206:212:216:232:251:273:275:354:13:54:65:74:79:84:95:114:120:133:145:153:162:173:181:187:192:211:243:262:277:318:324:334:361:366:368:0:31:104:109:148:169:202:204:239:283:293:295:310:322:380:393:399:19:32:53:94:106:127:140:158:167:172:207:229:234:240:246:264:284:289:291:292:297:306:309:338:350:359:374:386:407:52:72:81:103:107:113:117:180:182:233:236:237:247:255:257:266:267:271:274:282:286:288:301:304:315:336:375:400:418:478:498:24:25:27:30:60:78:105:119:136:137:143:147:163:168:171:174:185:191:217:218:221:224:226:235:249:254:260:263:272:279:280:281:300:302:320:332:337:340:347:351:356:376:378:383:387:392:394:397:414:420:424:430:433:438:442:453:457:462:467:476:479:481 4:0:10:12:2:11:7:5:45:51:35:8:18:23:33:40:77:30:37:38:41:57:29:28:16:74:62:49:13:21:48:104:6:69:22:26:39:54:19:27:72:87:95:3:31:55:56:106:15:17:60:61:96:103:92:25:66:67:78:80:81:93:94:109:113:117:122:1:24:44:46:47:53:59:65:83:84:99:112:121:133:14:20:36:63:70:82:97:102:116:136:32:34:42:52:58:64:71:75:85:90:98:107:111:115:124:129:130:131:132 [1:244588] [1:274774] [1:574087] [1:1285890] 1:0 [1:395101] [1:275.5] [-49.8874:81.708399999999997] [1:175] [1:38456.5] [1:1556770] [1:68.5] [1:8524] [1:249100] [1:448222] [1:19936] [1:121640] 20:0:2:33:16:38:10:8:24:31:6:53:18:21:44:48:26:35:55:12:39:40:14:43:61:42:60:17:22:11:29:9:3:4:37:19:41:67:47:46:49:25:71:98:27:69:57:73:1:30:52:100:59:62:63:77:106:45:56:87:92:103:7:15:32:58:80:82:94:34:65:66:68:74:75:79:84:97:107:112:13:51:54:64:70:76:85:91:95:109 [1:509664]
tree_sizes=885 922 848 989 980 964 977 927 874 906 939 907 873 948 868 950 897 919 859 853 975 876 856 859 935 845 920 830 849 833 830 905 927 974 835 861 928 985 931 938 927 923 854 874 910

Tree=0
num_leaves=10
num_cat=1
split_feature=6 20 10 3 6 6 21 15 10
split_gain=34.2264 33.1553 6.55597 4.38459 2.88148 3.61374 3.2423 3.68911 2.14322
threshold=346413.00000000006 0 35.06645000000001 115.00000000000001 66613.000000000015 145401.00000000003 19354.750000000004 79.750000000000014 34.998900000000006
decision_type=2 5 2 2 2 2 2 2 2
left_child=1 2 -1 4 6 -6 7 8 -3
right_child=-2 3 -4 -5 5 -7 -8 -9 -10
leaf_value=-2.4683873697088377 -1.8238679009065621 -3.0019104975280211 -1.521449263122594 -2.7032523758458313 -2.5364123490696375 -3.0027720747291866 -2.8106757024829077 -2.8106757024829077 -3.2125873120710122
leaf_count=110 132 950 109 183 120 155 311 159 571
internal_value=0 -0.140246 1.01225 -0.308745 -0.38878 0 -0.446048 -0.521206 -0.587498
internal_count=2800 2668 219 2449 2266 275 1991 1680 1521
cat_boundaries=0 3
cat_threshold=17842200 131082 8
shrinkage=1


Tree=1
num_leaves=10
num_cat=3
split_feature=1 4 4 0 7 0 2 12 12
split_gain=39.3546 7.76075 4.55059 3.83986 3.71411 2.77317 1.638 0.572234 0.985277
threshold=0 132478.00000000003 1622.5000000000002 9.2500000000000018 1 10.750000000000002 2 6.2500000000000009 364.00000000000006
decision_type=5 2 2 2 1 2 5 2 2
left_child=2 3 5 6 -4 -1 -2 -8 -9
right_child=1 -3 4 -5 -6 -7 7 8 -10
leaf_value=0.36157180364414288 0.035575817623641828 0.29950639981370886 1.018033553887556 0.0025259258509309351 0.33542333183649703 -0 -0.19013587039409213 -0.36519461718338792 -0.048179663974228702
leaf_count=242 109 49 107 220 95 86 1006 751 135
internal_value=0 -0.35494 0.732278 -0.449052 1.41323 0.494481 -0.509542 -0.513945 -0.695962
internal_count=2800 2270 530 2221 202 328 2001 1892 886
cat_boundaries=0 10 11 13
cat_threshold=536871136 1073750420 74372 1375731712 14680192 0 65548 128 32 1048832 2 8388624 8224
shrinkage=0.475035


Tree=2
num_leaves=9
num_cat=2
split_feature=1 6 10 10 10 12 3 20
split_gain=13.5933 5.64056 4.09177 3.13786 10.1094 2.80068 2.52128 1.12276
threshold=0 509778.00000000006 34.817550000000004 51.296500000000002 37.810550000000006 4.7500000000000009 115.00000000000001 1
decision_type=5 2 2 2 2 2 2 5
left_child=3 2 5 4 -1 7 -4 -2
right_child=1 -3 6 -5 -6 -7 -8 -9
leaf_value=0.33830728698178464 -0.13484489356966373 0.27582671179269402 -0.290962543133229 0.44311787287399979 -0.20117672089201968 0.22863839363635238 -0 0.0054447482533583622
leaf_count=285 575 44 1014 133 132 112 153 352
internal_value=0 -0.256379 -0.34199 0.355752 0.209713 -0.0799344 -0.521472 -0.202677
internal_count=2800 2250 2206 550 417 1039 1167 927
cat_boundaries=0 9 10
cat_threshold=536871108 1141334400 536936580 302514176 152 0 65536 268435456 32 1
shrinkage=0.475035


Tree=3
num_leaves=10
num_cat=2
split_feature=1 14 1 11 15 5 18 5 15
split_gain=7.12002 5.39948 4.03809 2.43182 3.0018 3.89152 1.58239 6.74424 3.15296
threshold=0 9.2500000000000018 1 36.250000000000007 297.25000000000006 20100.250000000004 940.00000000000011 1551.2500000000002 181.75000000000003
decision_type=5 2 5 2 2 2 2 2 2
left_child=-1 2 6 4 5 -4 7 -2 -8
right_child=1 -3 3 -5 -6 -7 8 -9 -10
leaf_value=-0.24304478378892774 0.017403150910059041 0.39638108309501724 -0.12061292088825448 0.076032540660539424 -0.36430199822626397 0.20452959197233514 -0.24706517053883578 0.60798338564684506 0.21176379885301583
leaf_count=470 267 109 1183 280 177 138 59 63 54
internal_value=0 0.0297573 -0.00923617 -0.14021 -0.245386 -0.126123 0.212452 0.407584 -0
internal_count=2800 2330 2221 1778 1498 1321 443 330 113
cat_boundaries=0 10 20
cat_threshold=5144 536872034 135004256 536920136 0 0 133136 2 0 1048576 1049184 1073873300 8462852 1073741824 4194432 0 65536 0 0 256
shrinkage=0.475035


Tree=4
num_leaves=10
num_cat=2
split_feature=1 6 18 1 10 4 18 6 10
split_gain=5.14525 5.17319 4.51376 2.649 3.09707 4.76405 2.71873 1.98783 1.50456
threshold=0 553938.00000000012 3645.2500000000005 1 54.953900000000004 147.25000000000003 379.00000000000006 77851.750000000015 48.842800000000004
decision_type=5 2 2 5 2 2 2 2 2
left_child=-1 2 3 8 5 -5 -7 -8 -2
right_child=1 -3 -4 4 -6 6 7 -9 -10
leaf_value=-0.21199212832739001 -0.17604523737216804 0.42092044686088093 -0.25980927240762847 0.0076560716699245216 -0.09234615257809925 0.56221773549944165 -0 0.30490362421899425 0.0076671816187417752
leaf_count=525 282 35 207 937 288 168 162 111 85
internal_value=0 0.0209001 -0.0139275 0.0457773 0.144103 0.270386 0.624149 0.269541 -0.164493
internal_count=2800 2275 2240 2033 1666 1378 441 273 367
cat_boundaries=0 8 17
cat_threshold=8655896 536872034 143392864 536924232 268435456 0 133136 2 536887328 67322132 536871044 524288 8396800 132096 4 268451840 1
shrinkage=0.475035


Tree=5
num_leaves=10
num_cat=2
split_feature=20 12 1 4 0 16 13 12 21
split_gain=4.44862 5.59158 3.86979 5.47122 2.48542 2.40461 1.9491 2.03193 1.37323
threshold=0 13.750000000000002 1 51271.000000000007 4.7500000000000009 18608.500000000004 2.5000000000000004 72.250000000000014 19354.750000000004
decision_type=5 2 5 2 2 2 2 2 2
left_child=2 8 3 4 6 -3 -1 -8 -2
right_child=1 5 -4 -5 -6 -7 7 -9 -10
leaf_value=0.2107353415173602 0.12681735308571393 -0.16892663750057044 -0.16709491038567187 0.44110362968327155 -0.21581101123364715 0.13082446454205909 -0.24841950591662096 0.069574499822067606 0.47419477378548053
leaf_count=174 285 232 1406 53 212 86 111 87 154
internal_value=0 0.159122 -0.180812 0.0285449 -0.0787176 -0.111525 0.0641256 -0.0977533 0.526164
internal_count=2800 757 2043 637 584 318 372 198 439
cat_boundaries=0 2 12
cat_threshold=2221475849 813735360 34532 1141334148 536879108 1376256000 12583040 0 65540 268435456 32 256
shrinkage=0.475035


Tree=6
num_leaves=10
num_cat=2
split_feature=1 18 16 1 18 15 12 12 8
split_gain=2.94332 1.65574 5.8821 2.76862 2.4892 3.08799 1.67769 1.44622 1.46303
threshold=0 3314.5000000000005 21175.750000000004 1 723.25000000000011 4.7500000000000009 31.750000000000004 1.7500000000000002 849.25000000000011
decision_type=5 2 2 5 2 2 2 2 2
left_child=-1 2 3 -2 5 7 -6 8 -5
right_child=1 -3 -4 4 6 -7 -8 -9 -10
leaf_value=-0.16293135236196105 -0.15993589144419587 -0.12214888486887693 0.41047927990772831 0.12980802691093121 0.029970986424502025 0.2934549113434074 -0.1971792402232449 -0.081695601626772724 -0.076309575827945203
leaf_count=522 204 237 98 720 150 226 202 326 115
internal_value=0 0.0129471 0.0710242 0 0.0704626 0.18357 -0.192118 0.0461409 0.169988
internal_count=2800 2278 2041 1943 1739 1387 352 1161 835
cat_boundaries=0 10 18
cat_threshold=9704472 1072 671875104 536920128 1040 0 133136 18 1 1048576 0 1677852678 68 524288 272637952 132096 4 16384
shrinkage=0.475035


Tree=7
num_leaves=10
num_cat=3
split_feature=2 1 10 0 12 12 12 20 0
split_gain=2.52708 3.40693 2.7564 2.62144 1.92039 2.66219 1.47506 1.43241 2.95214
threshold=0 1 58.507200000000005 18.250000000000004 192.25000000000003 49.750000000000007 142.75000000000003 2 3.2500000000000004
decision_type=5 5 2 2 2 2 2 5 2
left_child=6 3 4 -2 5 7 -1 -3 -9
right_child=1 2 -4 -5 -6 -7 -8 8 -10
leaf_value=0.24407974512623934 -0.31364456237482702 -0.025149291419467267 -0.27308139245210994 0 0.19941725677323077 -0.21624858527515295 -0 0.0097944057840085585 0.42095453834670615
leaf_count=175 473 909 174 75 193 237 142 332 90
internal_value=0 -0.122505 -0 -0.376201 0.0388347 -0.00359186 0.191669 0.0610949 0.205364
internal_count=2800 2483 1935 548 1761 1568 317 1331 422
cat_boundaries=0 2 12 14
cat_threshold=1082134704 729666 545543264 328992 671612960 536903744 16 0 2052 268435458 1 1048576 2217213953 545329152
shrinkage=0.475035


Tree=8
num_leaves=10
num_cat=3
split_feature=2 20 4 15 16 18 6 20 0
split_gain=2.38051 2.17951 1.46109 2.57042 1.38968 1.71559 1.66136 0.684619 1.93419
threshold=0 1 438.25000000000006 31.750000000000004 18433.000000000004 5588.5000000000009 94900.750000000015 2 1.7500000000000002
decision_type=5 5 2 2 2 2 2 5 2
left_child=-1 -2 7 -4 6 -6 -5 -3 -9
right_child=1 2 3 4 5 -7 -8 8 -10
leaf_value=-0.16173828415945377 -0.1297385565795493 -0.052818528447895405 0.25707603058105555 0 0.26029644340819785 -0 -0.27294871274652477 -0.028581074642643985 0.20602490650019767
leaf_count=250 311 996 265 241 91 111 102 302 131
internal_value=0 0.00209532 0.0634642 0.195005 0.0113019 0.23839 -0.137655 -0.0167418 0.0657902
internal_count=2800 2550 2239 810 545 202 343 1429 433
cat_boundaries=0 3 6 7
cat_threshold=537144708 33554688 8192 2221541380 278925760 8 1
shrinkage=0.475035


Tree=9
num_leaves=10
num_cat=1
split_feature=1 0 21 13 21 18 6 11 18
split_gain=2.40209 2.50812 2.30897 1.50777 1.44888 2.66759 1.73976 1.42619 1.21707
threshold=0 10.750000000000002 25.000000000000004 5133.2500000000009 26478.250000000004 770.50000000000011 122803.00000000001 42.250000000000007 33.250000000000007
decision_type=5 2 2 2 2 2 2 2 2
left_child=1 3 7 -1 5 -4 -6 8 -2
right_child=2 -3 4 -5 6 -7 -8 -9 -10
leaf_value=0.22372594078182287 -0.043703704686954718 -0.075954070722401332 0.21444870659835305 -0 -0.18712496912148333 -0.07278752767615046 0.04687219133884938 0 -0.25173603004366335
leaf_count=237 677 116 396 72 311 173 74 102 642
internal_value=0 0.11854 -0.142321 0.334264 0 0.171439 -0.179654 -0.301622 -0.36595
internal_count=2800 425 2375 309 954 569 385 1421 1319
cat_boundaries=0 9
cat_threshold=536888416 1073873284 66052 1073741824 128 0 65536 268435456 32
shrinkage=0.475035


Tree=10
num_leaves=10
num_cat=4
split_feature=1 2 1 5 3 6 7 17 17
split_gain=1.77827 1.13087 1.81033 1.55258 1.80492 1.53991 1.78469 2.74764 1.43384
threshold=0 1 2 36334.750000000007 10.750000000000002 3.2500000000000004 3 1722.2500000000002 12955.000000000002
decision_type=5 5 5 2 2 2 1 2 2
left_child=-1 8 -3 5 -5 -4 7 -7 -2
right_child=1 2 3 4 -6 6 -8 -9 -10
leaf_value=-0.13580446839372937 0.25596564150545864 -0.1018191177090278 0.047802889634364146 0.30159060638368757 -0 -0.20589267438574321 -0.26019610312793529 0.2233334785344834 -0
leaf_count=560 154 434 717 141 130 181 240 135 108
internal_value=0 0 -0.0390542 0.0382704 0.31258 -0.0171899 -0.232195 0 0.180649
internal_count=2800 2240 1978 1544 271 1273 556 316 262
cat_boundaries=0 9 11 21 22
cat_threshold=8393232 536872010 143392816 53320 268436480 655392 133144 0 1 1082134704 1074274914 536888416 327972 536936512 0 16 1024 4 269484034 0 1048576 2
shrinkage=0.475035


Tree=11
num_leaves=10
num_cat=1
split_feature=1 16 16 16 8 16 4 18 18
split_gain=1.59014 2.03862 8.04038 3.23358 1.28869 0.976606 2.28332 0.791176 0.664082
threshold=0 2019.2500000000002 527.50000000000011 37876.000000000007 1.7500000000000002 2019.2500000000002 33.250000000000007 1465.7500000000002 70.000000000000014
decision_type=5 2 2 2 2 2 2 2 2
left_child=5 2 8 -3 -5 6 -1 -7 -2
right_child=1 3 -4 4 -6 7 -8 -9 -10
leaf_value=0.08524291454959311 -0.02468559469076129 -0.27824977178787491 0.47791296559879831 -0.14430677820940527 0.1317405185282805 0.28144013896065623 -0.20175956577805448 0 -0.19369796285260366
leaf_count=305 1135 495 143 91 71 60 102 90 308
internal_value=0 -0.121166 -0 -0.323818 0 0.0861412 0 0.324876 -0.154878
internal_count=2800 2243 1586 657 162 557 407 150 1443
cat_boundaries=0 10
cat_threshold=536904772 459140 73732 0 6291600 0 65540 268435456 0 256
shrinkage=0.475035


Tree=12
num_leaves=10
num_cat=1
split_feature=20 4 21 15 5 13 18 4 4
split_gain=1.16407 1.13421 0.969047 1.18452 3.42646 1.09592 0.982452 2.3948 1.18791
threshold=0 939.25000000000011 25.000000000000004 783.25000000000011 42301.000000000007 2259.2500000000005 723.25000000000011 1423.0000000000002 58801.750000000007
decision_type=5 2 2 2 2 2 2 2 2
left_child=1 -1 3 4 5 -2 7 -4 -8
right_child=2 -3 6 -5 -6 -7 8 -9 -10
leaf_value=-0.33070642094682362 -0 -0 0.020935263905792392 -0.2164143724954673 0.30079241324826583 -0.18671537889012044 -0.13627718551447915 0.3811418621191161 0.092876160410692826
leaf_count=207 1075 163 530 124 106 264 187 66 78
internal_value=0 -0.234055 0 -0.0731768 -9.00097e-05 -0.113525 0.107627 0.210898 -0.0232271
internal_count=2800 370 2430 1569 1445 1339 861 596 265
cat_boundaries=0 2
cat_threshold=2238188552 815894976
shrinkage=0.475035


Tree=13
num_leaves=10
num_cat=1
split_feature=1 10 10 15 14 15 18 4 10
split_gain=0.971193 1.69842 2.44176 2.02422 1.51033 1.02483 0.992289 1.23914 1.36007
threshold=0 51.137950000000011 39.261900000000004 63.250000000000007 12.250000000000002 627.25000000000011 921.25000000000011 147.25000000000003 5.0603900000000008
decision_type=5 2 2 2 2 2 2 2 2
left_child=1 2 -1 -3 5 6 7 8 -2
right_child=4 3 -4 -5 -6 -7 -8 -9 -10
leaf_value=0.050860864868244905 -0.035097304843881162 0.37400714484150061 -0.25920054253373376 0 0.14041575837997267 0.034476823057783192 -0.20856417665023877 0.035383181836298447 -0.32095119687684548
leaf_count=348 872 80 125 75 72 168 445 382 233
internal_value=0 0.0696857 -0.00159279 0.391385 -0.0922115 -0.152286 -0.199706 -0.0979589 -0.210959
internal_count=2800 628 473 155 2172 2100 1932 1487 1105
cat_boundaries=0 10
cat_threshold=536921188 467340 132 1375731712 10485912 0 65536 268435456 0 256
shrinkage=0.475035


Tree=14
num_leaves=10
num_cat=1
split_feature=16 18 20 21 8 21 12 6 10
split_gain=0.810165 1.32571 1.11474 1.64967 2.55103 2.95243 1.46039 0.669271 0.839319
threshold=100650.25000000001 4143.2500000000009 0 25.000000000000004 84.250000000000014 478.75000000000006 192.25000000000003 865.75000000000011 55.175950000000007
decision_type=2 2 5 2 2 2 2 2 2
left_child=1 2 -1 6 5 -5 7 -4 -9
right_child=-2 -3 3 4 -6 -7 -8 8 -10
leaf_value=-0.11463209204865869 0.1295407696806733 -0.20917377918286215 -0.00087329021197542808 0 -0 0.42274972972142116 0.1216919679857211 -0.20294472535941954 0
leaf_count=287 60 191 774 143 473 182 174 373 143
internal_value=0 -0.0442212 -0.00343979 0.0232823 0.17233 0.446088 -0.0742359 -0.159293 -0.301526
internal_count=2800 2740 2549 2262 798 325 1464 1290 516
cat_boundaries=0 3
cat_threshold=73472064 276895168 136
shrinkage=0.475035


Tree=15
num_leaves=10
num_cat=3
split_feature=1 2 13 17 8 18 15 18 1
split_gain=1.04687 0.835097 1.25977 2.38858 1.44068 1.46679 1.97555 0.665946 0.391362
threshold=0 1 16.750000000000004 1.7500000000000002 229.00000000000003 1429.0000000000002 783.25000000000011 701.50000000000011 2
decision_type=5 5 2 2 2 2 2 2 5
left_child=-1 -2 8 -4 5 7 -7 -5 -3
right_child=1 2 3 4 -6 6 -8 -9 -10
leaf_value=-0.1176519597809855 -0.082591825558598023 0.029235886762532474 0.36350217468031798 0.056194413878934105 -0.10896875719032308 0.30114692575919 -0 -0.12196834825712775 -0.039701224646101416
leaf_count=414 240 150 124 222 176 200 87 142 1045
internal_value=0 0.00234563 0.043248 0.16377 0.0539343 0.167771 0.382275 -0 -0.0380475
internal_count=2800 2386 2146 951 827 651 287 364 1195
cat_boundaries=0 10 13 16
cat_threshold=8655376 1026 135004192 16448 268436480 656384 133136 16402 1 1048576 537134356 352 8192 1048620 16644 8388608
shrinkage=0.475035


Tree=16
num_leaves=10
num_cat=1
split_feature=0 0 1 16 5 18 0 21 18
split_gain=0.996693 1.4087 2.06969 0.744397 0.656001 1.65501 0.723124 1.42968 0.592982
threshold=18.250000000000004 10.750000000000002 0 4121.5000000000009 40848.250000000007 3116.5000000000005 6.2500000000000009 19354.750000000004 8287.0000000000018
decision_type=2 2 5 2 2 2 2 2 2
left_child=1 2 3 -1 6 -6 7 -4 -7
right_child=-2 -3 4 -5 5 8 -8 -9 -10
leaf_value=0.15733222107214181 0.12354248536997865 -0.2028076271148494 -0.14421966781414924 -0 0.15772078520956156 -0.20622620167218672 0 0.0033473196850643543 -0
leaf_count=257 116 177 1400 84 122 133 181 237 93
internal_value=0 -0.0685536 -0.0214363 0.168971 -0.107441 0 -0.175912 -0.218807 -0.207059
internal_count=2800 2684 2507 341 2166 348 1818 1637 226
cat_boundaries=0 10
cat_threshold=32872 156036 65536 268435456 2097280 0 65544 268435456 0 256
shrinkage=0.475035


Tree=17
num_leaves=10
num_cat=2
split_feature=10 1 2 3 6 18 19 18 18
split_gain=0.803225 1.13816 0.658455 0.901244 1.35204 1.71679 1.25013 0.867847 0.378045
threshold=59.277450000000009 0 1 203.50000000000003 558.25000000000011 84.250000000000014 32.500000000000007 921.25000000000011 1490.5000000000002
decision_type=2 5 5 2 2 2 2 2 2
left_child=1 -1 -3 4 -4 -6 7 -7 -8
right_child=-2 2 3 -5 5 6 8 -9 -10
leaf_value=-0.089456035870417144 -0.13451260578895599 -0.050326234515379785 0 -0.093868801834848581 0.37574178450489459 0.03928913982219244 0 -0.16738874227088227 0.19749743355491875
leaf_count=430 261 171 1045 88 107 199 142 175 182
internal_value=0 0.000100539 0.0521676 0.0873808 0.132466 0.257378 0.12929 -0 0.306625
internal_count=2800 2539 2109 1938 1850 805 698 374 324
cat_boundaries=0 9 12
cat_threshold=545526352 1073742930 135004196 16448 0 655360 133136 2 1 268436500 524544 8192
shrinkage=0.475035


Tree=18
num_leaves=10
num_cat=1
split_feature=2 10 16 11 3 18 19 21 8
split_gain=0.513888 1.00696 2.02663 0.793072 0.909926 0.608303 0.306275 0.190287 0.738756
threshold=0 34.218200000000003 40.750000000000007 1.7500000000000002 43.000000000000007 1174.7500000000002 6.2500000000000009 10654.750000000002 3.2500000000000004
decision_type=5 2 2 2 2 2 2 2 2
left_child=-1 6 -3 5 -5 -4 7 8 -2
right_child=1 2 3 4 -6 -7 -8 -9 -10
leaf_value=0.046507574489778901 0 -0.24000355895507725 0.13610132334954927 -0.18526747389492118 0 -0 0.10238263203968982 0.042852785688124298 -0.16864882294538106
leaf_count=226 835 430 164 328 121 252 65 246 133
internal_value=0 -0.0542048 -0.160307 -0.0137057 -0.194272 0.0708999 0.0126473 -0 -0.047932
internal_count=2800 2574 1295 865 449 416 1279 1214 968
cat_boundaries=0 2
cat_threshold=1350572032 205386
shrinkage=0.475035


Tree=19
num_leaves=10
num_cat=1
split_feature=2 8 21 21 9 12 3 21 13
split_gain=0.560096 0.455243 1.55135 0.622925 0.396932 0.232052 0.339603 0.440581 0.766707
threshold=0 849.25000000000011 19354.750000000004 1342.7500000000002 6.2500000000000009 232.75000000000003 1.7500000000000002 25.000000000000004 6.2500000000000009
decision_type=5 2 2 2 2 2 2 2 2
left_child=-1 2 3 5 -3 6 7 -2 -9
right_child=1 4 -4 -5 -6 -7 -8 8 -10
leaf_value=-0.070928309433239703 -0 -0.11625476120504652 0.20506241704814007 -0.11833150652596397 0 0.090761123202155 -0.06940712044995008 0 0.22133190383711332
leaf_count=331 1159 227 181 209 112 189 198 133 61
internal_value=0 0.0160171 0.0551687 0 -0.112638 0.0387789 0 0.046717 0.187694
internal_count=2800 2469 2130 1949 339 1740 1551 1353 194
cat_boundaries=0 3
cat_threshold=537142676 34079008 8192
shrinkage=0.475035


Tree=20
num_leaves=10
num_cat=4
split_feature=1 15 15 7 1 15 4 20 18
split_gain=0.68462 0.53977 1.1804 1.85864 0.662311 0.84369 0.398506 0.655295 0.705665
threshold=0 783.25000000000011 129.25000000000003 1 2 27.250000000000004 438.25000000000006 3 3.2500000000000004
decision_type=5 2 2 1 5 2 2 5 2
left_child=-1 2 4 -4 -2 6 7 -6 -9
right_child=1 -3 3 -5 5 -7 -8 8 -10
leaf_value=-0.084957199277536172 -0.058123459500507957 -0.081431814108336886 0.24491719551052119 -0 -0.058021829531812792 -0.10612973057874399 0.13572014448908767 0.10613465146352101 -0.0059043535549849835
leaf_count=563 323 184 189 143 106 138 250 665 239
internal_value=0 0.0117914 0.0473435 0.264897 -0 0.0506317 0.119464 0.0241104 0.101523
internal_count=2800 2237 2053 332 1721 1398 1260 1010 904
cat_boundaries=0 10 11 19 21
cat_threshold=299032 603980898 671875168 537448512 1024 132096 2048 18 1 1048576 2 17472 1073873156 8708 8 268435584 0 196636 1048576 2164327424 2162690
shrinkage=0.475035


Tree=21
num_leaves=10
num_cat=2
split_feature=0 0 20 19 18 0 0 18 7
split_gain=0.499588 0.515599 1.36922 2.05398 0.63411 0.576974 0.988076 0.430153 0.528308
threshold=18.250000000000004 4.7500000000000009 0 296.50000000000006 1342.0000000000002 7.7500000000000009 10.750000000000002 26.500000000000004 1
decision_type=2 2 5 2 2 2 2 2 1
left_child=1 2 3 7 -4 -3 -7 -1 -9
right_child=-2 5 4 -5 -6 6 -8 8 -10
leaf_value=0.038447479554215513 0.069149910329924541 -0.21524230307397346 -0.02718661492136085 0.2485031728866838 -0.26553821903524794 0.089960523314419588 -0.13621290469310071 -0.10016880228130504 0
leaf_count=767 116 217 408 144 164 137 177 420 250
internal_value=0 -0.064962 -0.0151457 0.0466629 -0.189362 -0.206696 -0 -0 -0.0861934
internal_count=2800 2684 2153 1581 572 531 314 1437 670
cat_boundaries=0 2 3
cat_threshold=554975325 536937032 2
shrinkage=0.475035


Tree=22
num_leaves=10
num_cat=3
split_feature=2 10 20 16 19 21 13 7 4
split_gain=0.51425 1.00599 0.837807 1.93874 1.7557 0.726802 1.65936 0.678287 2.19998
threshold=0 54.403800000000011 1 727.75000000000011 238.75000000000003 642.25000000000011 148.00000000000003 2 17799.250000000004
decision_type=5 2 5 2 2 2 2 1 2
left_child=2 7 4 -4 5 6 -1 8 -2
right_child=1 -3 3 -5 -6 -7 -8 -9 -10
leaf_value=-0 0.31711253549240997 -0.082839978708797363 0.11982381594790269 -0.15946807938913604 0.10852501379889656 -0.23789417983986194 -0.27186702040824789 0 -0
leaf_count=880 184 187 405 148 137 315 215 245 84
internal_value=0 0.0523139 -0.0682666 0.041715 -0.135101 -0.232919 -0.121843 0.178221 0.333209
internal_count=2800 700 2100 553 1547 1410 1095 513 268
cat_boundaries=0 3 5 6
cat_threshold=805643653 34079008 9216 2234601537 10555392 2
shrinkage=0.475035


Tree=23
num_leaves=10
num_cat=2
split_feature=20 4 18 18 6 2 21 5 13
split_gain=0.440459 0.615718 0.844649 0.674503 1.01546 0.439557 0.829344 0.235074 0.228706
threshold=0 254.50000000000003 12.250000000000002 379.00000000000006 36515.500000000007 1 162.25000000000003 313.00000000000006 21253.750000000004
decision_type=5 2 2 2 2 5 2 2 2
left_child=7 2 -2 -3 -5 8 -7 -1 -6
right_child=1 3 -4 4 5 6 -8 -9 -10
leaf_value=0.091563307264468902 -0.022762348063916825 0.11083440410620631 -0.2208528079230038 -0.18720270156218216 0.11825101715693744 -0.15960550665837903 0 -0 0
leaf_count=110 1146 242 326 182 202 235 132 102 123
internal_value=0 -0.058561 -0.14399 0 -0.0452906 0 -0.0716041 0.0664934 0.104629
internal_count=2800 2588 1472 1116 874 692 367 212 325
cat_boundaries=0 2 6
cat_threshold=1327104 2228770 268441601 1073742336 0 256
shrinkage=0.475035


Tree=24
num_leaves=10
num_cat=1
split_feature=1 10 10 16 4 18 10 4 16
split_gain=0.485928 1.46195 0.823253 1.37792 0.863417 0.6312 0.620748 0.445181 0.361586
threshold=0 51.137950000000011 35.032850000000003 18433.000000000004 52907.500000000007 1.7500000000000002 39.261900000000004 5444.5000000000009 1922.5000000000002
decision_type=5 2 2 2 2 2 2 2 2
left_child=1 6 5 8 -5 -2 -1 -3 -4
right_child=2 7 3 4 -6 -7 -8 -9 -10
leaf_value=0.0041494977772206293 -0.027133762341095914 0.26654123493467669 -0.05322150878470152 0.16431686078520324 -0.066598870224212139 0.097283425126288639 -0.14667780201843922 0 -0.27801595004115504
leaf_count=329 882 80 559 123 112 181 117 65 352
internal_value=0 0.0501836 -0.0654824 -0.186044 0 0 -0.0144579 0.359475 -0.333242
internal_count=2800 591 2209 1146 235 1063 446 145 911
cat_boundaries=0 10
cat_threshold=537921024 67445124 536944772 1375731712 10485912 32 65536 0 32 256
shrinkage=0.475035


Tree=25
num_leaves=10
num_cat=1
split_feature=2 11 3 0 18 6 19 0 4
split_gain=0.276664 0.485318 0.484996 0.602099 0.391811 0.751915 0.194946 0.299246 0.295276
threshold=0 1.7500000000000002 115.00000000000001 7.7500000000000009 231.25000000000003 350007.50000000006 3.2500000000000004 10.750000000000002 11353.750000000002
decision_type=5 2 2 2 2 2 2 2 2
left_child=1 6 3 4 -2 -6 7 -1 -8
right_child=2 -3 -4 -5 5 -7 8 -9 -10
leaf_value=-0 0 -0.13952957338021985 0.12417442543766605 0.12329844620833172 -0.16846024988106501 0 0.115142745879753 -0.10648184925798421 -0
leaf_count=1338 154 305 110 92 317 77 119 159 129
internal_value=0 -0.0481019 0.0395844 -0 -0.0773086 -0.172212 -0.00693862 -0.0482036 0.0695414
internal_count=2800 2050 750 640 548 394 1745 1497 248
cat_boundaries=0 3
cat_threshold=805577989 33554784 9216
shrinkage=0.475035


Tree=26
num_leaves=10
num_cat=2
split_feature=1 4 1 18 10 18 0 10 5
split_gain=0.405845 0.486544 0.857369 1.17334 0.56175 0.305058 0.21443 0.132484 0.118798
threshold=0 2554.0000000000005 1 12.250000000000002 52.647650000000006 5464.0000000000009 9.2500000000000018 35.266050000000007 1.7500000000000002
decision_type=5 2 5 2 2 2 2 2 2
left_child=8 2 -2 6 5 7 -4 -3 -1
right_child=1 4 3 -5 -6 -7 -8 -9 -10
leaf_value=-0 0.054227408562994732 0 -0.028059536885062238 -0.18135807658036546 -0 -0 0.064129937726643813 0.14507622805418594 -0.16830387040903763
leaf_count=332 217 110 711 416 256 138 93 275 252
internal_value=0 0.0141213 -0.0252225 -0.100186 0.104393 0.180871 -0 0.233191 -0.129709
internal_count=2800 2216 1437 1220 779 523 804 385 584
cat_boundaries=0 10 17
cat_threshold=4120 536871986 143392816 537432128 272637952 132096 133120 268435474 1 1048576 1049156 12 66048 0 2097296 32 65536
shrinkage=0.475035


Tree=27
num_leaves=10
num_cat=1
split_feature=20 0 0 0 13 21 10 18 12
split_gain=0.278838 0.974208 0.802778 0.650199 0.87376 0.533642 0.499025 0.319496 0.766734
threshold=0 1.7500000000000002 4.7500000000000009 19.750000000000004 16.750000000000004 17563.000000000004 3.0594150000000009 4143.2500000000009 219.25000000000003
decision_type=5 2 2 2 2 2 2 2 2
left_child=2 5 7 4 -4 6 -2 8 -1
right_child=1 -3 3 -5 -6 -7 -8 -9 -10
leaf_value=0.019579687791397744 -0.28252848587753654 0.036378515046020035 -0.2527509053595991 0 -0 -0 -0 -0 0.20390784112041868
leaf_count=1182 169 224 196 84 187 230 230 156 142
internal_value=0 -0.0685757 0.0254201 -0.118274 -0.268294 -0.216285 -0.362439 0.0992912 0.132623
internal_count=2800 853 1947 467 383 629 399 1480 1324
cat_boundaries=0 2
cat_threshold=2685681689 197152
shrinkage=0.475035


Tree=28
num_leaves=10
num_cat=0
split_feature=8 12 10 17 4 11 11 5 16
split_gain=0.283057 0.801342 0.428669 0.688417 0.746911 0.322574 0.286718 0.240045 0.164955
threshold=84.250000000000014 90.250000000000014 39.261900000000004 4641.2500000000009 457.75000000000006 28.750000000000004 1.7500000000000002 1380.2500000000002 822.25000000000011
decision_type=2 2 2 2 2 2 2 2 2
left_child=2 8 5 4 -4 7 -5 -1 -2
right_child=1 -3 3 6 -6 -7 -8 -9 -10
leaf_value=0.037883867231746894 0.022046415433579703 -0.17403575625479425 0 0.081508036463294312 -0.21448992650688165 0.14409395530219835 -0 -0.035892056030860771 -0.060832464666228034
leaf_count=884 413 175 229 172 228 134 255 158 152
internal_value=0 -0.0841381 0.0219449 -0.0396019 -0.225483 0.0930182 0.0277321 0.0180321 -0
internal_count=2800 740 2060 884 457 1176 427 1042 565
shrinkage=0.475035


Tree=29
num_leaves=10
num_cat=0
split_feature=16 21 21 5 5 0 0 6 4
split_gain=0.229958 0.46389 0.842026 0.504067 1.23598 0.922235 0.467231 0.420906 0.359313
threshold=100650.25000000001 26478.250000000004 7720.7500000000009 20924.500000000004 3377.5000000000005 6.2500000000000009 13.750000000000002 3.2500000000000004 54421.000000000007
decision_type=2 2 2 2 2 2 2 2 2
left_child=1 2 3 4 5 7 -7 -1 -5
right_child=-2 -3 -4 8 -6 6 -8 -9 -10
leaf_value=-0.014311497467054672 0.070661647633002977 -0.083121683294134843 0.12892637147149297 -0.12433594888226636 0.14078151505348274 0.13199225665214875 -0 -0.17739990353146895 0
leaf_count=770 60 382 231 315 302 202 99 309 130
internal_value=0 -0.023634 0 -0.0295636 0 -0.0542608 0.107863 -0.160492 -0.168124
internal_count=2800 2740 2358 2127 1682 1380 301 1079 445
shrinkage=0.475035


Tree=30
num_leaves=10
num_cat=1
split_feature=12 12 7 21 18 13 18 13 19
split_gain=0.169212 0.336626 0.815652 0.114402 0.429065 1.31507 0.406054 0.82813 0.0583387
threshold=364.00000000000006 106.75000000000001 0 25.000000000000004 954.25000000000011 16.750000000000004 790.00000000000011 43.000000000000007 130.75000000000003
decision_type=2 2 1 2 2 2 2 2 2
left_child=1 3 -3 6 5 -5 7 -1 -8
right_child=-2 2 -4 4 -6 -7 8 -9 -10
leaf_value=-0 0.055028339567221904 -0.20361351927464547 0 -0 -0.047672579008588539 0.19497950389559685 -0 -0.19763687352269735 0.058218114949543182
leaf_count=782 195 185 217 515 182 158 193 257 116
internal_value=0 -0.0221891 -0.154605 0 0.0374032 0.105129 -0.0334609 -0.111549 0.0600183
internal_count=2800 2605 402 2203 855 673 1348 1039 309
cat_boundaries=0 1
cat_threshold=1
shrinkage=0.475035


Tree=31
num_leaves=10
num_cat=1
split_feature=1 19 12 10 10 4 10 0 4
split_gain=0.268697 0.776392 0.739944 0.60738 0.581641 0.686282 0.552907 0.489075 0.343334
threshold=0 70.750000000000014 34.750000000000007 53.458350000000003 38.352650000000004 15484.750000000002 34.218200000000003 4.7500000000000009 2479.0000000000005
decision_type=5 2 2 2 2 2 2 2 2
left_child=1 2 7 4 6 8 -2 -1 -6
right_child=3 -3 -4 -5 5 -7 -8 -9 -10
leaf_value=0.089228848428225135 -0 0.15447617096726982 -0.13497499878500549 -0.13741955962432795 0 -0 -0.14615433139177014 -0.0051562947173813536 0.22278090245525056
leaf_count=234 961 112 147 395 219 181 229 163 159
internal_value=0 0.0437493 -0 -0.0452026 -0 0.128597 -0.0776896 0.0648077 0.287319
internal_count=2800 656 544 2144 1749 559 1190 397 378
cat_boundaries=0 10
cat_threshold=537969356 1141186948 536870916 1342177280 8388760 0 65536 128 32 256
shrinkage=0.475035


Tree=32
num_leaves=10
num_cat=1
split_feature=1 10 10 10 19 8 21 11 10
split_gain=0.262396 1.47601 0.55779 0.905497 0.758485 0.269432 0.727952 0.127101 0.116325
threshold=0 38.596850000000011 39.261900000000004 51.137950000000011 6.2500000000000009 469.00000000000006 25.000000000000004 16.000000000000004 52.728050000000003
decision_type=5 2 2 2 2 2 2 2 2
left_child=1 -1 4 7 5 6 -2 -4 -5
right_child=2 -3 3 8 -6 -7 -8 -9 -10
leaf_value=-0.21119904834043099 -0.0057010460035776672 0.011042310694379076 -0 0.065432176320178795 0.1428042054405205 -0.065766453734877772 0.1059664443739788 -0.18762850150847343 -0
leaf_count=297 662 245 149 86 146 193 284 307 431
internal_value=0 -0.0983745 0.00455714 -0.0759998 0.0757328 0 0.0514894 -0.277799 0
internal_count=2800 542 2258 973 1285 1139 946 456 517
cat_boundaries=0 10
cat_threshold=4144 537003042 143466528 536887360 272637952 132128 133128 18 1 1048576
shrinkage=0.475035


Tree=33
num_leaves=10
num_cat=4
split_feature=20 0 1 0 1 16 1 4 21
split_gain=0.201971 0.530886 0.240235 0.311839 0.589387 0.6598 0.451702 0.346656 0.213859
threshold=0 1.7500000000000002 1 4.7500000000000009 2 2142.2500000000005 3 147.25000000000003 19354.750000000004
decision_type=5 2 5 2 5 2 5 2 2
left_child=2 8 -1 4 -4 7 -5 -6 -2
right_child=1 -3 3 6 5 -7 -8 -9 -10
leaf_value=-0.038109369366432701 -0.1537062426773364 0 -0.03224096950952729 0.034486436978873582 0.039971913117104921 0 -0.0581625307717561 0.2190179423932368 -0
leaf_count=492 375 173 140 100 545 334 291 170 180
internal_value=0 -0.0765414 0.00336958 0.0362496 0.0868022 0.124979 -0.0201515 0.237243 -0.209893
internal_count=2800 728 2072 1580 1189 1049 391 715 555
cat_boundaries=0 2 10 20 28
cat_threshold=2149007641 197162 299056 537003042 786544 536891392 272637952 132096 2064 18 536870912 1074003976 545259520 524288 0 0 0 1048576 0 1048576 0 327704 65536 0 0 0 0 268435456
shrinkage=0.475035


Tree=34
num_leaves=10
num_cat=0
split_feature=16 5 13 15 10 8 13 6 0
split_gain=0.15713 0.263941 0.3701 0.500615 0.120423 0.297912 0.103614 0.0632007 0.0370842
threshold=82784.500000000015 13700.500000000002 23408.500000000004 18.250000000000004 51.296500000000002 2018.5000000000002 247.75000000000003 3.2500000000000004 10.750000000000002
decision_type=2 2 2 2 2 2 2 2 2
left_child=1 4 3 -3 5 6 7 8 -1
right_child=-2 2 -4 -5 -6 -7 -8 -9 -10
leaf_value=0.0047276557747671574 0.038288942821953637 0 0 -0.14145145461702971 0.041702660966475999 -0.10748048084276121 0.043975694056582165 -0.051909134197457345 -0.034522734391727802
leaf_count=917 88 98 206 373 336 165 267 236 114
internal_value=0 -0.0338624 -0.114279 -0.192118 -0 -0.0199949 0 -0.0171464 -0
internal_count=2800 2712 677 471 2035 1699 1534 1267 1031
shrinkage=0.475035


Tree=35
num_leaves=9
num_cat=3
split_feature=2 1 17 17 15 21 20 12
split_gain=0.160277 1.20607 0.623132 1.34599 0.467818 0.190298 0.109717 0.00748228
threshold=0 1 1.7500000000000002 7171.7500000000009 783.25000000000011 26478.250000000004 2 93.250000000000014
decision_type=5 5 2 2 2 2 5 2
left_child=6 -2 5 -4 -5 -3 7 -1
right_child=1 2 3 4 -6 -7 -8 -9
leaf_value=0 -0.083407999612254161 0.085585129627896883 -0.17255983130836614 0.10047560662984399 -0.001188020763776638 0 0.055367092101781437 -0.0163764737402711
leaf_count=92 696 791 388 246 138 189 127 133
internal_value=0 -0.0275612 0.0355768 -0.0357042 0.0649227 0.138914 0.0524555 -0
internal_count=2800 2448 1752 772 384 980 352 225
cat_boundaries=0 4 14 15
cat_threshold=1082202160 1074471488 0 256 536876128 537207078 135069744 536907840 16 132128 133120 268435456 1 1048576 1
shrinkage=0.475035


Tree=36
num_leaves=10
num_cat=1
split_feature=0 1 5 19 11 11 17 13 0
split_gain=0.220825 0.34194 0.833958 0.567968 0.174481 0.653647 0.394446 0.478104 0.0884028
threshold=18.250000000000004 0 536.50000000000011 9.2500000000000018 33.250000000000007 40.750000000000007 10816.750000000002 2522.5000000000005 4.7500000000000009
decision_type=2 5 2 2 2 2 2 2 2
left_child=1 3 -3 8 6 -6 -4 -8 -1
right_child=-2 2 4 -5 5 -7 7 -9 -10
leaf_value=0.085228394810305613 0.064899958035253336 -0.090554764513107691 -0.10224014045602167 -0.04787549363484872 0.15524394113116527 -0 0.12836041861373165 -0.019961202239430965 0
leaf_count=302 116 1144 330 128 194 188 100 187 111
internal_value=0 -0.0237559 -0.0661963 0.0335336 0 0.104234 -0.0196641 0.00795614 0.145594
internal_count=2800 2684 2143 541 999 382 617 287 413
cat_boundaries=0 10
cat_threshold=537921260 1073815684 8454288 1342177280 8388624 0 65536 0 32 256
shrinkage=0.475035


Tree=37
num_leaves=10
num_cat=2
split_feature=1 8 16 21 10 8 8 15 1
split_gain=0.19944 0.120736 0.65487 0.334936 0.487931 1.01653 0.174376 0.0845938 0.425534
threshold=0 250.75000000000003 822.25000000000011 25.000000000000004 37.273100000000007 6.2500000000000009 25.750000000000004 297.25000000000006 1
decision_type=5 2 2 2 2 2 2 2 5
left_child=-1 3 -3 7 5 -5 -6 8 -2
right_child=1 2 -4 4 6 -7 -8 -9 -10
leaf_value=-0.048149448924333024 -0.042757318729843466 0.0045234629415475689 -0.14665743099069065 0.18435448392518336 -0.074063680529829368 -0 0.030749880894627244 -0.044694262094949026 0.0362508440313003
leaf_count=538 206 294 159 184 113 81 77 196 952
internal_value=0 0.00616997 -0.0419733 0.0331768 0.117369 0.217767 -0 -0 0.00135367
internal_count=2800 2262 453 1809 455 265 190 1354 1158
cat_boundaries=0 9 18
cat_threshold=1052696 537003106 135004768 536891456 272638976 132096 133136 16400 1 16448 1073741828 536879108 1073774592 0 0 0 269484034 32
shrinkage=0.475035


Tree=38
num_leaves=10
num_cat=4
split_feature=2 1 0 1 18 19 10 7 21
split_gain=0.144875 0.916522 0.280188 0.24903 0.240426 0.445536 1.3494 0.270676 0.706706
threshold=0 1 18.250000000000004 2 26.500000000000004 313.75000000000006 45.66040000000001 3 14005.750000000002
decision_type=5 5 2 5 2 2 2 1 2
left_child=-1 2 -2 -3 7 6 -6 -5 -9
right_child=1 3 -4 4 5 -7 -8 8 -10
leaf_value=0.016400631227892842 -0.12363965078731072 0.052106195046838485 -0 0.074629952362001525 -0.23485012216035459 0 0 -0.1446848413857007 0.072335508740504609
leaf_count=365 620 245 78 424 238 147 353 213 117
internal_value=0 -0.0341139 -0.15934 0.0212429 -0 -0.0885772 -0.192173 0.0443398 -0
internal_count=2800 2435 698 1737 1492 738 591 754 330
cat_boundaries=0 4 14 21 22
cat_threshold=1082202160 1074471490 0 256 545265256 537207078 135069712 536875072 16 1024 2048 268435456 1 1048576 32900 1140850840 545267716 0 2097280 0 8 2
shrinkage=0.475035


Tree=39
num_leaves=10
num_cat=3
split_feature=20 16 2 1 13 17 8 0 8
split_gain=0.20094 0.394587 0.251378 0.424726 0.532802 0.827953 0.35398 0.485376 0.159992
threshold=0 28.750000000000004 1 2 1417.7500000000002 23452.000000000004 384.25000000000006 1.7500000000000002 1.7500000000000002
decision_type=5 2 5 5 2 2 2 2 2
left_child=1 -1 -2 -4 6 -6 7 8 -5
right_child=2 -3 3 4 5 -7 -8 -9 -10
leaf_value=-0 -0.054891178717731706 0.12945680641337901 -0.060921873448308551 0.0012401482879968893 0.16002463466576303 -0 -0.089781042120298318 -0.05312233715190371 0.13796954186973476
leaf_count=166 223 115 523 622 278 215 240 304 114
internal_value=0 0.0735235 -0.0183164 0 0.0383517 0.167731 -0 0.022953 0.117359
internal_count=2800 281 2519 2296 1773 493 1280 1040 736
cat_boundaries=0 2 5 15
cat_threshold=1392664 2293794 8392848 524362 8192 267264 537265172 671875168 536903744 272629776 655360 133140 1048594 1 1048576
shrinkage=0.475035


Tree=40
num_leaves=10
num_cat=2
split_feature=1 13 13 13 13 2 13 21 0
split_gain=0.148488 1.1081 0.754374 1.00495 0.385182 0.332102 0.329676 0.251648 0.197559
threshold=0 6.2500000000000009 120.25000000000001 1417.7500000000002 5263.0000000000009 1 53371.000000000007 1342.7500000000002 9.2500000000000018
decision_type=5 2 2 2 2 5 2 2 2
left_child=1 8 7 -4 -3 -5 -7 -2 -1
right_child=2 4 3 5 -6 6 -8 -9 -10
leaf_value=-0.086720749880824191 0.051422004543826796 0.14748238978349026 -0.2525110440432804 0.019246948720098564 0 -0.14128863298933406 0 -0.0049886789276433379 0
leaf_count=173 879 197 289 290 117 306 99 365 85
internal_value=0 0.0312887 -0.035023 -0.157333 0.214158 -0.0191277 -0.10972 0.0287804 -0.0998406
internal_count=2800 572 2228 984 314 695 405 1244 258
cat_boundaries=0 10 14
cat_threshold=537936992 67436804 8454148 268959744 8388624 0 65540 268435584 32 1048832 2065 1073741824 0 256
shrinkage=0.475035


Tree=41
num_leaves=10
num_cat=2
split_feature=16 1 20 18 6 15 8 21 12
split_gain=0.130337 0.433044 0.279738 0.507254 0.92622 0.709395 1.4015 0.231662 0.0934961
threshold=82784.500000000015 0 1 208.75000000000003 558.25000000000011 135.25000000000003 3.2500000000000004 14005.750000000002 1.7500000000000002
decision_type=2 5 5 2 2 2 2 2 2
left_child=1 8 -3 4 7 6 -5 -4 -1
right_child=-2 2 3 5 -6 -7 -8 -9 -10
leaf_value=-0 0.047524399690642344 -0.045006522928991835 -0.0055361836191925896 -0.24217724455565823 0.17971934706787943 0.032188038364150157 0 0.07171431057677205 -0.1262976613420006
leaf_count=276 88 248 695 273 273 344 116 170 317
internal_value=0 -0.0209071 0.005174 0.0403424 0.119892 -0.0236159 -0.216803 0 -0.120649
internal_count=2800 2712 2119 1871 1138 733 389 865 593
cat_boundaries=0 8 10
cat_threshold=37920 67126562 671088692 34078720 270540928 0 2076 16384 2235571200 276894080
shrinkage=0.475035


Tree=42
num_leaves=10
num_cat=2
split_feature=4 20 21 0 1 15 21 17 5
split_gain=0.123658 0.773374 0.515197 0.406138 0.336873 0.244172 0.239908 0.229084 0.192805
threshold=250.75000000000003 0 26170.750000000004 12.250000000000002 1 190.75000000000003 10654.750000000002 99245.500000000015 3847.0000000000005
decision_type=2 5 2 2 5 2 2 2 2
left_child=1 3 -3 4 -1 6 8 -7 -2
right_child=5 2 -4 -5 -6 7 -8 -9 -10
leaf_value=0 -0 0.10639883048314179 -0 0 -0.10656880692261561 -0.060736150243339171 -0 0.0038880933560892662 0.090156966878117334
leaf_count=131 204 342 157 111 849 379 142 85 400
internal_value=0 -0.0424275 0.0660465 -0.126161 -0.210937 0.0194492 0.0894428 -0.0221096 0.139183
internal_count=2800 1590 499 1091 980 1210 746 464 604
cat_boundaries=0 1 9
cat_threshold=2165376001 516 16388 16 1073741824 0 0 65536 268435456
shrinkage=0.475035


Tree=43
num_leaves=10
num_cat=3
split_feature=20 12 15 1 12 19 1 12 21
split_gain=0.151436 0.473512 0.176502 0.496712 0.197942 0.185331 0.109497 0.0881761 0.0613635
threshold=0 3.2500000000000004 290.50000000000006 1 120.25000000000001 4.7500000000000009 2 12.250000000000002 4908.2500000000009
decision_type=5 2 2 5 2 2 5 2 2
left_child=2 -2 3 -1 -4 6 -5 -8 -3
right_child=1 8 4 5 -6 -7 7 -9 -10
leaf_value=-0.060453617586806188 0 -0 0.10749745425050991 -0.021969148088833063 -0 0.075706422653120678 0 0.065977778338652995 -0.14598436431968131
leaf_count=330 417 235 135 247 139 230 567 264 236
internal_value=0 -0.0590782 0.0102384 -0 0.114846 0.0400204 0 0.0410406 -0.220153
internal_count=2800 888 1912 1638 274 1308 1078 831 471
cat_boundaries=0 2 9 12
cat_threshold=17842185 131106 80 1140999172 537206820 540672 268435456 0 2052 33792 262408 528
shrinkage=0.475035


Tree=44
num_leaves=10
num_cat=1
split_feature=20 11 15 6 18 16 0 6 18
split_gain=5.74451 2.03415 3.13982 1.784 0.682603 1.02957 1.29662 0.839229 0.614789
threshold=0 39.250000000000007 1095.2500000000002 12.250000000000002 1192.7500000000002 601.75000000000011 1.7500000000000002 196829.00000000003 514.00000000000011
decision_type=5 2 2 2 2 2 2 2 2
left_child=3 2 4 -1 5 6 -2 -6 -5
right_child=1 -3 -4 8 7 -7 -8 -9 -10
leaf_value=-0.0078396313923526691 0.11659229372520691 -0.042654020927080566 0.46654689039118069 -0.43897975331444455 -0.12020413591856274 0.29184060639607318 -0.036639097205656786 0.11057025047792904 -0.053682177155088405
leaf_count=202 941 277 124 124 292 180 411 128 121
internal_value=0 0.168437 0.264029 -0.292569 0.170894 0.224573 0.121874 -0 -0.659644
internal_count=2800 2353 2076 447 1952 1532 1352 420 245
cat_boundaries=0 2
cat_threshold=2736196432 276840586
shrinkage=0.475035


end of trees

feature importances:
c_02=41
n_table_1.n_20=37
n_1=33
n_table_1.n_2=32
n_table_3.n_3=28
n_table_1.n_15=23
n_table_1.n_7=22
n_table_1.n_16=21
c_table_2.c_4=20
n_table_1.n_9=19
n_table_1.n_12=19
n_table_1.n_19=18
c_table_1.c_4=15
n_table_2.n_13=15
n_table_1.n_18=13
n_table_1.n_26=11
n_table_1.n_3=10
n_table_1.n_17=9
n_table_1.n_8=7
c_table_2.c_1=7
n_table_1.n_10=2
n_table_2.n_14=1

parameters:
[boosting: gbdt]
[objective: binary]
[metric: auc]
[tree_learner: serial]
[device_type: cpu]
[data: ]
[valid: ]
[num_iterations: 100]
[learning_rate: 0.475035]
[num_leaves: 10]
[num_threads: 4]
[max_depth: 8]
[min_data_in_leaf: 20]
[min_sum_hessian_in_leaf: 5.80733]
[bagging_fraction: 0.7]
[bagging_freq: 44]
[bagging_seed: 3]
[feature_fraction: 0.7]
[feature_fraction_seed: 2]
[early_stopping_round: 0]
[max_delta_step: 0]
[lambda_l1: 1.34685]
[lambda_l2: 0.232956]
[min_gain_to_split: 0]
[drop_rate: 0.1]
[max_drop: 50]
[skip_drop: 0.5]
[xgboost_dart_mode: 0]
[uniform_drop: 0]
[drop_seed: 4]
[top_rate: 0.2]
[other_rate: 0.1]
[min_data_per_group: 100]
[max_cat_threshold: 32]
[cat_l2: 10]
[cat_smooth: 10]
[max_cat_to_onehot: 4]
[top_k: 20]
[monotone_constraints: ]
[feature_contri: ]
[forcedsplits_filename: ]
[refit_decay_rate: 0.9]
[verbosity: -1]
[max_bin: 255]
[min_data_in_bin: 3]
[bin_construct_sample_cnt: 200000]
[histogram_pool_size: -1]
[data_random_seed: 1]
[output_model: LightGBM_model.txt]
[snapshot_freq: -1]
[input_model: ]
[output_result: LightGBM_predict_result.txt]
[initscore_filename: ]
[valid_data_initscores: ]
[pre_partition: 0]
[enable_bundle: 1]
[max_conflict_rate: 0]
[is_enable_sparse: 1]
[sparse_threshold: 0.8]
[use_missing: 1]
[zero_as_missing: 0]
[two_round: 0]
[save_binary: 0]
[enable_load_from_binary_file: 1]
[header: 0]
[label_column: ]
[weight_column: ]
[group_column: ]
[ignore_column: ]
[categorical_feature: ]
[predict_raw_score: 0]
[predict_leaf_index: 0]
[predict_contrib: 0]
[num_iteration_predict: -1]
[pred_early_stop: 0]
[pred_early_stop_freq: 10]
[pred_early_stop_margin: 10]
[convert_model_language: ]
[convert_model: gbdt_prediction.cpp]
[num_class: 1]
[is_unbalance: 0]
[scale_pos_weight: 1]
[sigmoid: 1]
[boost_from_average: 1]
[reg_sqrt: 0]
[alpha: 0.9]
[fair_c: 1]
[poisson_max_delta_step: 0.7]
[tweedie_variance_power: 1.5]
[max_position: 20]
[label_gain: ]
[metric_freq: 1]
[is_provide_training_metric: 0]
[eval_at: ]
[num_machines: 1]
[local_listen_port: 12400]
[time_out: 120]
[machine_list_filename: ]
[machines: ]
[gpu_platform_id: -1]
[gpu_device_id: -1]
[gpu_use_dp: 0]

end of parameters

pandas_categorical:[[0, 1, 2, 3, 4, 5, 6, 7, 8, 9, 10, 11, 12, 13, 14, 15, 16, 17, 18, 19, 20, 21, 22, 23, 24, 25, 26, 27, 28, 29, 30, 31, 32, 33, 34, 35, 36, 37, 38, 39, 40, 41, 42, 43, 44, 45, 46, 47, 48, 49, 50, 51, 52, 53, 54, 55, 56, 57, 58, 59, 60, 61, 62, 63, 64, 65, 66, 67, 68, 69, 70, 71, 72, 73, 74, 75, 76, 77, 78, 79, 80, 81, 82, 83, 84, 85, 86, 87, 88, 89, 90, 91, 92, 93, 94, 95, 96, 97, 98, 99, 100, 101, 102, 103, 104, 105, 106, 107, 108, 109, 110, 111, 112, 113, 114, 115, 116, 117, 118, 119, 120, 121, 122, 123, 124, 125, 126, 127, 128, 129, 130, 131, 132, 133, 134, 135, 136, 137, 138, 139, 140, 141, 142, 143, 144, 145, 146, 147, 148, 149, 150, 151, 152, 153, 154, 155, 156, 157, 158, 159, 160, 161, 162, 163, 164, 165, 166, 167, 168, 169, 170, 171, 172, 173, 174, 175, 176, 177, 178, 179, 180, 181, 182, 183, 184, 185, 186, 187, 188, 189, 190, 191, 192, 193, 194, 195, 196, 197, 198, 199, 200, 201, 202, 203, 204, 205, 206, 207, 208, 209, 210, 211, 212, 213, 214, 215, 216, 217, 218, 219, 220, 221, 222, 223, 224, 225, 226, 227, 228, 229, 230, 231, 232, 233, 234, 235, 236, 237, 238, 239, 240, 241, 242, 243, 244, 245, 246, 247, 248, 249, 250, 251, 252, 253, 254, 255, 256, 257, 258, 259, 260, 261, 262, 263, 264, 265, 266, 267, 268, 269, 270, 271, 272, 273, 274, 275, 276, 277, 278, 279, 280, 281, 282, 283, 284, 285, 286, 287, 288, 289, 290, 291, 292, 293, 294, 295, 296, 297, 298, 299, 300, 301, 302, 303, 304, 305, 306, 307, 308, 309, 310, 311, 312, 313, 314, 315, 316, 317, 318, 319, 320, 321, 322, 323, 324, 325, 326, 327, 328, 329, 330, 331, 332, 333, 334, 335, 336, 337, 338, 339, 340, 341, 342, 343, 344, 345, 346, 347, 348, 349, 350, 351, 352, 353, 354, 355, 356, 357, 358, 359, 360, 361, 362, 363, 364, 365, 366, 367, 368, 369, 370, 371, 372, 373, 374, 375, 376, 377, 378, 379, 380, 381, 382, 383, 384, 385, 386, 387, 388, 389, 390, 391, 392, 393, 394, 395, 396, 397, 398, 399, 400, 401, 402, 403, 404, 405, 406, 407, 408, 409, 410, 411, 412, 413, 414, 415, 416, 417, 418, 419, 420, 421, 422, 423, 424, 425, 426, 427, 428, 429, 430, 431, 432, 433, 434, 435, 436, 437, 438, 439, 440, 441, 442, 443, 444, 445, 446, 447, 448, 449, 450, 451, 452, 453, 454, 455, 456, 457, 458, 459, 460, 461, 462, 463, 464, 465, 466, 467, 468, 469, 470, 471, 472, 473, 474, 475, 476, 477, 478, 479, 480, 481, 482, 483, 484, 485, 486, 487, 488, 489, 490, 491, 492, 493, 494, 495, 496, 497, 498, 499, 500, 501, 502, 503, 504, 505, 506, 507, 508, 509, 510, 511, 512, 513, 514, 515, 516, 517, 518, 519, 520, 521, 522, 523, 524, 525, 526, 527, 528, 529, 530, 531, 532, 533, 534, 535, 536, 537, 538, 539, 540, 541, 542, 543, 544, 545, 546, 547, 548, 549, 550, 551, 552, 553, 554, 555, 556, 557, 558], [0, 1, 2, 3, 4, 5, 6, 7, 8, 9, 10, 11, 12, 13, 14, 15, 16, 17, 18, 19, 20, 21, 22, 23, 24, 25, 26, 27, 28, 29, 30, 31, 32, 33, 34, 35, 36, 37, 38, 39, 40, 41, 42, 43, 44, 45, 46, 47, 48, 49, 50, 51, 52, 53, 54, 55, 56, 57, 58, 59, 60, 61, 62, 63, 64, 65, 66, 67, 68, 69, 70, 71, 72, 73, 74, 75, 76, 77, 78, 79, 80, 81, 82, 83, 84, 85, 86, 87, 88, 89, 90, 91, 92, 93, 94, 95, 96, 97, 98, 99, 100, 101, 102, 103, 104, 105, 106, 107, 108, 109, 110, 111, 112, 113, 114, 115, 116, 117, 118, 119, 120, 121, 122, 123, 124, 125, 126, 127, 128, 129, 130, 131, 132, 133, 134, 135, 136, 137, 138, 139, 140, 141, 142, 143, 144, 145, 146, 147, 148, 149, 150, 151], [0, 1], [0, 1, 2, 3, 4, 5, 6, 7, 8, 9, 10, 11, 12, 13, 14, 15, 16, 17, 18, 19, 20, 21, 22, 23, 24, 25, 26, 27, 28, 29, 30, 31, 32, 33, 34, 35, 36, 37, 38, 39, 40, 41, 42, 43, 44, 45, 46, 47, 48, 49, 50, 51, 52, 53, 54, 55, 56, 57, 58, 59, 60, 61, 62, 63, 64, 65, 66, 67, 68, 69, 70, 71, 72, 73, 74, 75, 76, 77, 78, 79, 80, 81, 82, 83, 84, 85, 86, 87, 88, 89, 90, 91, 92, 93, 94, 95, 96, 97, 98, 99, 100, 101, 102, 103, 104, 105, 106, 107, 108, 109, 110, 111, 112, 113, 114, 115, 116, 117, 118, 119, 120, 121, 122, 123, 124, 125, 126, 127, 128, 129, 130, 131, 132, 133]]
