tree
version=v2
num_class=1
num_tree_per_iteration=1
label_index=0
max_feature_idx=22
objective=binary sigmoid:1
feature_names=n_1 c_table_1.c_1 c_table_1.c_2 n_table_1.n_2 c_table_1.c_3 c_table_1.c_4 n_table_1.n_5 n_table_1.n_6 n_table_1.n_7 n_table_1.n_8 n_table_1.n_9 n_table_1.n_10 n_table_1.n_11 n_table_1.n_12 n_table_1.n_15 n_table_1.n_16 n_table_1.n_17 n_table_1.n_18 n_table_1.n_19 n_table_1.n_20 n_table_1.n_25 n_table_1.n_26 n_table_1.n_27
feature_infos=[1:62.5] 1:0 3:0:5:36:20:4:21:8:11:62:25:56:33:44:1:31:30:153:18:69:2:28:85:135:6:35:40:43:54:61:98:9:38:49:176:55:87:84:26:42:101:155:80:137:149:19:52:39:51:27:47:177:57:58:59:125:34:63:75:94:102:113:13:29:83:103:132:151:14:15:23:66:76:88:90:99:108:114:169:180:93:126:134:171:24:68:78:95:112:117:121:127:138:139:154:158:159:10:16:53:67:97:107:109:111:123:133:166:175:182 [-49.719499999999996:81.200400000000002] 36:0:3:33:28:13:9:1:42:8:178:19:5:66:24:95:72:2:12:17:14:56:58:139:25:31:70:119:90:112:88:81:83:6:21:50:75:100:204:4:43:64:74:79:116:44:48:49:94:123:67:26:97:22:30:32:122:11:29:46:182:102:158:161:167:206:16:39:60:135:143:10:18:34:57:63:120:128:155:68:71:98:147:159:172:175:212:15:35:54:62:82:99:113:134:140:177:196:23:69:76:89:138:162:166:199:205:27:40:51:65:73:115:168:181:188:193:198:41:45:53:59:61:92:96:108:111:121:129:136:157:163:174:180:184:185:189:191:192:194:195:201 34:0:24:2:8:36:10:1:41:52:77:6:13:31:5:28:78:3:12:15:17:20:32:23:30:35:75:58:18:47:100:14:37:27:61:88:4:7:45:48:64:73:82:133:38:56:62:71:106:115:135:9:40:70:83:85:96:108:125:21:29:46:54:113:132:25:39:42:44:72:97:111:119:122:19:68:76:103:110:117:121:123:124:127:131:138 [1:24272.5] [1:46363] [1:3314.5] [1:703902] [1:2481850] [1:70] [1:6121] [1:7070.5] [1:423494] [1:245767] [1:448222] [1:441384] [1:1178200] [1:18856] [1:38.5] [1:121640] [1:151]
tree_sizes=908 910 921 864 912 939 921 947 962 937 939 936 945 950 940 945 949 969 951 963 951 942 956 851 878 903 932 972 883 970 929 944 943 954 953 952 865 928 927 888 876 953 925 950 977 864 868 931 868 831 867 872 924 948 925

Tree=0
num_leaves=10
num_cat=1
split_feature=17 0 21 8 14 4 19 21 12
split_gain=49.6344 13.3019 8.40489 3.74985 3.63337 3.03079 4.54778 0.701681 0.468981
threshold=15400.750000000002 6.2500000000000009 4.7500000000000009 220.00000000000003 25966.000000000004 0 3.2500000000000004 92.500000000000014 6.2500000000000009
decision_type=2 2 2 2 2 5 2 2 2
left_child=2 3 5 4 -2 8 -7 -4 -1
right_child=1 -3 7 -5 -6 6 -8 -9 -10
leaf_value=-3.1523190081791301 -3.1450619151912007 -3.055110714101045 -3.1485490743722915 -3.1496426512774298 -3.0967911390311378 -3.1635897659981964 -3.1828224280690871 -3.1229621188301362 -3.1348246725095317
leaf_count=118 130 119 122 195 162 1827 697 115 115
internal_value=0 1.23289 -0.295889 0.695604 1.01713 -0.377788 -0.405932 0.526356 0.147171
internal_count=3600 606 2994 487 292 2757 2524 237 233
cat_boundaries=0 6
cat_threshold=16908292 1040 8 65536 2048 262144
shrinkage=1


Tree=1
num_leaves=10
num_cat=1
split_feature=17 0 21 8 14 4 19 21 7
split_gain=45.6295 11.0606 7.95714 3.34675 3.11609 2.8512 4.83048 0.939189 0.704065
threshold=15400.750000000002 6.2500000000000009 4.7500000000000009 220.00000000000003 25966.000000000004 0 3.2500000000000004 94.750000000000014 34.750000000000007
decision_type=2 2 2 2 2 5 2 2 2
left_child=2 3 5 4 -2 8 -7 -4 -1
right_child=1 -3 7 -5 -6 6 -8 -9 -10
leaf_value=0.016642313651567944 0.0070208888748635847 0.088665091620983044 0.0026376451119105191 0.002589166626947699 0.051791108976445031 -0.010959749589977693 -0.031187652359113433 0.029734075670103732 -0
leaf_count=135 130 119 126 195 162 1827 667 111 128
internal_value=0 1.16126 -0.287298 0.663596 0.961244 -0.368501 -0.399016 0.50657 0.126877
internal_count=3600 606 2994 487 292 2757 2494 237 263
cat_boundaries=0 6
cat_threshold=16908292 1042 8 65536 2048 262144
shrinkage=0.038568


Tree=2
num_leaves=10
num_cat=2
split_feature=17 0 21 2 10 4 19 6 7
split_gain=41.9785 12.6772 7.53615 3.85162 4.80885 2.71213 4.74242 1.03006 0.658449
threshold=15400.750000000002 7.7500000000000009 4.7500000000000009 0 779.50000000000011 1 3.2500000000000004 7.7500000000000009 34.750000000000007
decision_type=2 2 2 5 2 5 2 2 2
left_child=2 3 5 -2 -5 8 -7 -4 -1
right_child=1 -3 7 4 -6 6 -8 -9 -10
leaf_value=0.015992445823741788 -0.0085006320547240319 0.090700606100609593 0.0019911347147742848 0.0045115320453044602 0.052423229367173127 -0.010654490468621837 -0.030899728562169829 0.029360642758724485 -0
leaf_count=135 117 101 126 138 250 1827 667 111 128
internal_value=0 1.09504 -0.279003 0.615271 0.645814 -0.359471 -0.389808 0.487824 0.122457
internal_count=3600 606 2994 505 388 2757 2494 237 263
cat_boundaries=0 3 9
cat_threshold=2148532288 553649408 32 16908292 1042 8 65536 2048 262144
shrinkage=0.038568


Tree=3
num_leaves=9
num_cat=2
split_feature=17 0 21 4 21 0 4 13
split_gain=38.2834 10.9213 7.1372 4.58286 3.34219 2.61498 2.27959 1.19653
threshold=15400.750000000002 7.7500000000000009 4.7500000000000009 0 109.75000000000001 16.750000000000004 1 57.250000000000007
decision_type=2 2 2 5 2 2 5 2
left_child=2 3 5 -2 -5 6 -1 -4
right_child=1 -3 7 4 -6 -7 -8 -9
leaf_value=0.0043426626727991581 -0.0084216109610696834 0.083171278436758436 0.0011547946418316271 0.01395450248313016 0.056450093016211525 0.005522858811753518 -0.016174042290249938 0.02941340890211545
leaf_count=222 146 101 127 187 172 210 2325 110
internal_value=0 1.02572 -0.270877 0.578864 0.650057 -0.350577 -0.396634 0.469973
internal_count=3600 606 2994 505 359 2757 2547 237
cat_boundaries=0 4 10
cat_threshold=822084096 1024 1024 67108864 16908292 1040 8 65536 2048 262144
shrinkage=0.038568


Tree=4
num_leaves=10
num_cat=1
split_feature=17 19 21 12 12 4 19 6 7
split_gain=35.0537 9.77162 6.76398 6.10701 3.98654 2.5054 4.74887 1.1897 0.626326
threshold=15400.750000000002 1207.7500000000002 4.7500000000000009 105.25000000000001 6.2500000000000009 0 3.2500000000000004 9.2500000000000018 34.750000000000007
decision_type=2 2 2 2 2 5 2 2 2
left_child=2 -2 5 4 -3 8 -7 -4 -1
right_child=1 3 7 -5 -6 6 -8 -9 -10
leaf_value=0.015368513634085678 0.074252885438034058 0.026162034576684277 0.00082670847628357573 0.04500141505020315 -0.011166605482011639 -0.0099446243825124358 -0.030472499841278158 0.028627250448016846 -0
leaf_count=135 135 109 129 149 213 1827 667 108 128
internal_value=0 0.964294 -0.263172 0.516122 0.066785 -0.342067 -0.372367 0.453006 0.117041
internal_count=3600 606 2994 471 322 2757 2494 237 263
cat_boundaries=0 6
cat_threshold=16908292 1042 8 65536 2048 262144
shrinkage=0.038568


Tree=5
num_leaves=10
num_cat=1
split_feature=2 18 10 3 19 21 0 14 0
split_gain=33.7456 25.7525 9.35191 5.13519 4.1768 3.3738 2.44106 2.03886 0.681181
threshold=0 30745.750000000004 152.50000000000003 35.615200000000009 1.7500000000000002 18.250000000000004 16.750000000000004 243.25000000000003 1.7500000000000002
decision_type=5 2 2 2 2 2 2 2 2
left_child=4 5 -3 -4 6 7 8 -2 -1
right_child=1 2 3 -5 -6 -7 -8 -9 -10
leaf_value=-0.0084928103421464882 -0.019838441284703755 0.0041391678429596136 0.019631786767850001 0.076879981264894287 -0.029202447651699832 0.020876837622172888 0.011234565555256043 0.0025296182310601384 -0.019644320812508456
leaf_count=1204 282 141 118 284 620 128 140 261 422
internal_value=0 0.570917 1.36282 1.66881 -0.365043 -0.0309224 -0.253441 -0.238381 -0.314366
internal_count=3600 1214 543 402 2386 671 1766 543 1626
cat_boundaries=0 6
cat_threshold=2149056595 562564312 3211296 36 0 65536
shrinkage=0.038568


Tree=6
num_leaves=10
num_cat=1
split_feature=4 19 10 0 3 19 14 8 10
split_gain=29.8878 24.1474 8.76944 4.68698 4.59765 4.5111 2.48786 1.66745 0.15133
threshold=0 323.50000000000006 152.50000000000003 16.750000000000004 35.615200000000009 20.500000000000004 243.25000000000003 102.25000000000001 28.000000000000004
decision_type=5 2 2 2 2 2 2 2 2
left_child=3 6 8 5 -4 -1 -2 -8 -3
right_child=1 2 4 -5 -6 -7 7 -9 -10
leaf_value=-0.011779685761067853 -0.023268607073030467 0 0.015655586022297795 0.012070932393719641 0.064529698219862028 -0.033960278056923983 0.01544822082186823 -0.009634674064892457 0.011095440935552958
leaf_count=1662 230 118 128 171 371 510 141 158 111
internal_value=0 0.51899 1.11586 -0.355339 1.41885 -0.464296 -0.237125 0.0462249 0.187241
internal_count=3600 1257 728 2343 499 2172 529 299 229
cat_boundaries=0 7
cat_threshold=2691187489 83958784 3288335429 68157522 0 0 4096
shrinkage=0.038568


Tree=7
num_leaves=10
num_cat=1
split_feature=4 19 10 0 19 3 14 8 0
split_gain=27.6967 21.6047 7.3909 4.46487 4.45303 3.63215 2.39068 1.56564 0.432949
threshold=0 323.50000000000006 152.50000000000003 16.750000000000004 20.500000000000004 35.615200000000009 243.25000000000003 102.25000000000001 1.7500000000000002
decision_type=5 2 2 2 2 2 2 2 2
left_child=3 6 -3 4 8 -4 -2 -8 -1
right_child=1 2 5 -5 -6 -7 7 -9 -10
leaf_value=-0.0082477720941725591 -0.022948679826567758 0.0070158818308723647 0.015036495373194056 0.01161035849062779 -0.033733531570315035 0.059070323530209572 0.014852647568536695 -0.0094181166273563863 -0.017790178129609927
leaf_count=1219 230 229 128 171 510 371 141 158 443
internal_value=0 0.493073 1.04262 -0.346576 -0.454731 1.31154 -0.231304 0.0441946 -0.297194
internal_count=3600 1257 728 2343 2172 499 529 299 1662
cat_boundaries=0 7
cat_threshold=2691187489 83958784 3288335429 68157522 0 0 4096
shrinkage=0.038568


Tree=8
num_leaves=10
num_cat=2
split_feature=4 21 16 19 2 21 0 9 0
split_gain=25.6758 18.9171 10.9125 4.50886 3.39963 3.14726 2.06551 1.05731 0.670074
threshold=0 94.750000000000014 15788.500000000002 1.7500000000000002 1 33.250000000000007 16.750000000000004 139.75000000000003 1.7500000000000002
decision_type=5 2 2 2 5 2 2 2 2
left_child=3 2 4 6 -2 -4 8 -3 -1
right_child=1 7 5 -5 -6 -7 -8 -9 -10
leaf_value=-0.0076688909117539209 0.010736664651084981 0.062762701046924538 0.050852390719814969 -0.030447377154353913 -0.01135341787973976 0.0061265595084001537 0.0099996730854699113 0.020213350543203348 -0.01873638104205351
leaf_count=1205 117 204 123 549 630 118 140 92 422
internal_value=0 0.462915 0.143718 -0.342034 -0.181288 0.904936 -0.232704 1.40553 -0.291204
internal_count=3600 1284 988 2316 747 241 1767 296 1627
cat_boundaries=0 7 12
cat_threshold=2691318561 83957760 3288335429 68157522 0 0 4096 268435712 0 8388608 0 33555072
shrinkage=0.038568


Tree=9
num_leaves=10
num_cat=1
split_feature=2 18 10 19 21 8 14 0 0
split_gain=24.4 18.1789 5.43206 3.66939 3.10019 2.51493 2.2023 1.95404 0.653223
threshold=0 30745.750000000004 152.50000000000003 1.7500000000000002 18.250000000000004 234.25000000000003 243.25000000000003 16.750000000000004 1.7500000000000002
decision_type=5 2 2 2 2 2 2 2 2
left_child=3 4 -3 7 6 -4 -2 8 -1
right_child=1 2 5 -5 -6 -7 -8 -9 -10
leaf_value=-0.0074115946153945284 -0.020526709916240452 0.0034115879110589351 0.058105631171458914 -0.027764960336251962 0.018452156156367094 0.018542671640222157 0.0025491686343679996 0.0096495318346821422 -0.018383052146317639
leaf_count=1204 319 141 274 575 128 134 263 140 422
internal_value=0 0.459076 1.06491 -0.328152 -0.0586457 1.27027 -0.254468 -0.225602 -0.283312
internal_count=3600 1259 549 2341 710 408 582 1766 1626
cat_boundaries=0 6
cat_threshold=2148532307 562564184 3211296 0 0 65536
shrinkage=0.038568


Tree=10
num_leaves=10
num_cat=1
split_feature=2 18 10 19 21 3 14 0 0
split_gain=23.3777 16.4871 4.87292 3.71499 2.8599 2.53891 2.09786 1.85136 0.631163
threshold=0 30745.750000000004 152.50000000000003 1.7500000000000002 18.250000000000004 35.615200000000009 243.25000000000003 16.750000000000004 1.7500000000000002
decision_type=5 2 2 2 2 2 2 2 2
left_child=3 4 -3 7 6 -4 -2 8 -1
right_child=1 2 5 -5 -6 -7 -8 -9 -10
leaf_value=-0.0071861409700343364 -0.020037074846604032 0.0033059943391555275 0.014971329604524568 -0.027654012320547476 0.017698504834979711 0.054339977553477491 0.002589688774368729 0.0093131455512746788 -0.018032189208005249
leaf_count=1204 316 141 118 585 128 284 262 140 422
internal_value=0 0.446947 1.0153 -0.323027 -0.0511427 1.20555 -0.243146 -0.219102 -0.276015
internal_count=3600 1249 543 2351 706 402 578 1766 1626
cat_boundaries=0 6
cat_threshold=2148532307 562564312 3211296 0 0 65536
shrinkage=0.038568


Tree=11
num_leaves=10
num_cat=1
split_feature=2 21 14 3 3 18 0 16 0
split_gain=22.1239 14.4506 7.12467 4.44363 4.32805 2.28173 1.54907 1.18786 0.618896
threshold=0 190.00000000000003 243.25000000000003 57.339400000000005 34.901850000000003 135.25000000000003 16.750000000000004 70309.000000000015 1.7500000000000002
decision_type=5 2 2 2 2 2 2 2 2
left_child=4 2 5 -4 6 -2 8 -3 -1
right_child=1 7 3 -5 -6 -7 -8 -9 -10
leaf_value=-0.0064769688636965167 0.00098258272575272665 0.059733073795443681 0.0079150732760558656 0.046082520715121963 -0.028691295761533099 -0.028925519009266994 0.0081747769478130502 0.017251657792771744 -0.016818782476279527
leaf_count=1250 148 164 529 93 550 198 144 74 450
internal_value=0 0.441537 0.175033 0.447395 -0.30979 -0.4218 -0.202886 1.32077 -0.253906
internal_count=3600 1206 968 622 2394 346 1844 238 1700
cat_boundaries=0 6
cat_threshold=2148532563 562564184 3211296 0 0 65536
shrinkage=0.038568


Tree=12
num_leaves=10
num_cat=1
split_feature=4 19 0 19 19 7 0 0 3
split_gain=21.1283 12.3044 4.86105 4.52774 2.76162 1.70022 1.67246 0.583149 0.448965
threshold=0 323.50000000000006 12.250000000000002 1.7500000000000002 568.00000000000011 40.750000000000007 16.750000000000004 1.7500000000000002 59.67560000000001
decision_type=5 2 2 2 2 2 2 2 2
left_child=3 5 4 6 -3 -2 7 -1 -7
right_child=1 2 -4 -5 -6 8 -8 -9 -10
leaf_value=-0.0067925077763483117 -0.016097512582243192 0.04608165356246912 0.063004036373452532 -0.029897525965132801 0.014855701345232415 0.011622866972577684 0.0087161855730934715 -0.017355419357319896 -0.0018727762940651844
leaf_count=1205 289 102 81 547 568 120 140 422 126
internal_value=0 0.409837 0.788824 -0.318346 0.573158 -0.159196 -0.207331 -0.26272 0.1192
internal_count=3600 1286 751 2314 670 535 1767 1627 246
cat_boundaries=0 7
cat_threshold=2691187489 83957760 3288335429 76546130 0 0 4096
shrinkage=0.038568


Tree=13
num_leaves=10
num_cat=1
split_feature=4 19 10 19 0 14 0 8 0
split_gain=19.843 12.9231 4.53573 4.32383 2.95924 2.08486 1.43243 1.27202 0.326058
threshold=0 323.50000000000006 49.750000000000007 20.500000000000004 12.250000000000002 243.25000000000003 16.750000000000004 102.25000000000001 1.7500000000000002
decision_type=5 2 2 2 2 2 2 2 2
left_child=3 5 -3 6 -4 -2 8 -7 -1
right_child=1 2 4 -5 -6 7 -8 -9 -10
leaf_value=-0.0068989778702819252 -0.021384272289710137 -0.00075012167123711816 0.026452878518861873 -0.029470616343667832 0.063968642943889195 0.013722156756817405 0.007406245057837324 -0.0081587289002458315 -0.015593730512428992
leaf_count=1219 230 129 533 536 66 141 145 158 443
internal_value=0 0.398865 0.781895 -0.307419 0.90969 -0.193582 -0.201943 0.056496 -0.253255
internal_count=3600 1257 728 2343 599 529 1807 299 1662
cat_boundaries=0 7
cat_threshold=2691187489 83958784 3288335429 68157522 0 0 4096
shrinkage=0.038568


Tree=14
num_leaves=10
num_cat=1
split_feature=2 21 15 3 14 10 0 10 0
split_gain=20.1949 11.0311 6.01989 4.60594 1.92708 1.58637 1.31708 0.949378 0.564137
threshold=0 190.00000000000003 8437.0000000000018 34.901850000000003 243.25000000000003 152.50000000000003 16.750000000000004 74526.250000000015 1.7500000000000002
decision_type=5 2 2 2 2 2 2 2 2
left_child=3 2 4 6 -2 -4 8 -3 -1
right_child=1 7 5 -5 -6 -7 -8 -9 -10
leaf_value=-0.0058618154475750112 -0.014616642622967893 0.053177238233542187 0.0056253598939108584 -0.028633770303548207 0.0046481471240250793 0.038641400934726691 0.0073783830453541021 0.016614365033646824 -0.015860612814626775
leaf_count=1250 331 156 127 573 383 104 144 82 450
internal_value=0 0.418387 0.179076 -0.298695 -0.0771316 0.71779 -0.185448 1.16326 -0.23415
internal_count=3600 1183 945 2417 714 231 1844 238 1700
cat_boundaries=0 6
cat_threshold=2148532563 562564312 3211296 4 0 65536
shrinkage=0.038568


Tree=15
num_leaves=10
num_cat=2
split_feature=2 21 15 3 2 10 0 3 0
split_gain=18.8737 9.80571 5.55979 4.47635 2.69074 1.39002 1.24673 0.900397 0.541251
threshold=0 190.00000000000003 8437.0000000000018 34.901850000000003 1 152.50000000000003 16.750000000000004 49.172750000000008 1.7500000000000002
decision_type=5 2 2 2 5 2 2 2 2
left_child=3 2 4 6 -2 -4 8 -3 -1
right_child=1 7 5 -5 -6 -7 -8 -9 -10
leaf_value=-0.0056755795097795849 -0.01314083767717242 0.050617302508628656 0.0054462218734938712 -0.028316537262272557 0.0051520576887002754 0.036530122730023554 0.0071285667246862592 0.016592182787473556 -0.015526486631412222
leaf_count=1250 229 158 127 573 485 104 144 80 450
internal_value=0 0.401333 0.173265 -0.29111 -0.0746236 0.684752 -0.179884 1.09212 -0.227796
internal_count=3600 1183 945 2417 714 231 1844 238 1700
cat_boundaries=0 6 10
cat_threshold=2148532563 562564312 3211296 4 0 65536 1074266152 4098 0 32
shrinkage=0.038568


Tree=16
num_leaves=10
num_cat=1
split_feature=4 19 0 8 14 0 7 0 19
split_gain=17.222 8.26316 4.25659 3.33989 2.25082 1.72958 1.59911 0.612838 0.296354
threshold=0 323.50000000000006 12.250000000000002 21.250000000000004 45786.250000000007 15.250000000000002 40.750000000000007 1.7500000000000002 57.250000000000007
decision_type=5 2 2 2 2 2 2 2 2
left_child=3 6 4 5 -3 7 8 -1 -2
right_child=1 2 -4 -5 -6 -7 -8 -9 -10
leaf_value=-0.0070485064568505118 -0.020080709056952629 0.0092332164697783541 0.056860920752384893 -0.028991993860720679 0.031767637895578904 0.0071249368724953426 0.0064270045855954871 -0.017644028246192482 -0.0018701408173416869
leaf_count=1348 153 418 70 409 203 188 240 448 123
internal_value=0 0.378329 0.692382 -0.28187 0.492782 -0.206727 -0.1017 -0.265108 -0.369324
internal_count=3600 1207 691 2393 621 1984 516 1796 276
cat_boundaries=0 7
cat_threshold=2691318561 83957762 3288335429 76546130 0 0 4096
shrinkage=0.038568


Tree=17
num_leaves=10
num_cat=2
split_feature=4 2 16 19 3 15 0 3 16
split_gain=16.1403 8.94699 5.4001 4.35195 3.72357 2.20883 1.28992 1.20659 0.74382
threshold=0 1 1159.7500000000002 1.7500000000000002 35.268150000000013 1.7500000000000002 16.750000000000004 43.734500000000004 149.50000000000003
decision_type=5 5 2 2 2 2 2 2 2
left_child=3 7 5 6 -4 -3 -1 -2 -9
right_child=1 2 4 -5 -6 -7 -8 8 -10
leaf_value=-0.0088686254041957374 0.0005729146864349796 0.018837280539528153 0.0041923527100604851 -0.028975294823234059 0.041057889148818145 -0.0090040366809241712 0.0074406590676536957 -0.0017165802332974676 -0.025656165110269465
leaf_count=1627 130 161 108 549 416 172 140 132 165
internal_value=0 0.346982 0.563587 -0.2879 0.899615 0.0879614 -0.17844 -0.211728 -0.488962
internal_count=3600 1284 857 2316 524 333 1767 427 297
cat_boundaries=0 7 12
cat_threshold=2691318561 83957760 3288335429 68157522 0 0 4096 2215641940 16778448 2162688 0 128
shrinkage=0.038568


Tree=18
num_leaves=10
num_cat=2
split_feature=4 2 19 19 3 15 0 3 0
split_gain=14.9963 8.3051 5.06958 4.25964 2.96878 2.07988 1.21781 0.949451 0.512721
threshold=0 1 323.50000000000006 1.7500000000000002 35.258400000000002 1.7500000000000002 16.750000000000004 43.734500000000004 1.7500000000000002
decision_type=5 5 2 2 2 2 2 2 2
left_child=3 7 5 6 -4 -3 8 -2 -1
right_child=1 2 4 -5 -6 -7 -8 -9 -10
leaf_value=-0.0055017576900091613 0 0.017267885145550443 0.0043456439514955435 -0.028711697967813091 0.037711558103684456 -0.01080376103658515 0.0071886821859880705 -0.018133931135589157 -0.015548424165475049
leaf_count=1205 136 145 107 547 436 171 140 291 422
internal_value=0 0.330918 0.536268 -0.280563 0.839567 0.0394494 -0.172559 -0.207833 -0.223197
internal_count=3600 1286 859 2314 543 316 1767 427 1627
cat_boundaries=0 7 12
cat_threshold=2691187489 83957760 3288335429 76546130 0 0 4096 2215641940 17302736 2162688 0 128
shrinkage=0.038568


Tree=19
num_leaves=10
num_cat=2
split_feature=2 21 3 4 14 0 0 3 0
split_gain=14.4055 8.23124 5.76937 4.36264 2.81481 2.39546 0.976942 0.81252 0.531078
threshold=0 190.00000000000003 34.901850000000003 1 243.25000000000003 3.2500000000000004 16.750000000000004 46.911200000000008 1.7500000000000002
decision_type=5 2 2 5 2 2 2 2 2
left_child=2 3 6 -2 -5 7 8 -3 -1
right_child=1 5 -4 4 -6 -7 -8 -9 -10
leaf_value=-0.0046770903299429584 -0.011885505736675071 0.027276534285610474 -0.032200620213886193 -0.0071147959934401263 0.017720305979983079 0.057462560412217444 0.0062083427389054754 0.0034266126457082159 -0.014387051162647733
leaf_count=1246 251 107 479 207 585 58 144 73 450
internal_value=0 0.326142 -0.273614 0.123031 0.257005 0.927057 -0.155108 0.505991 -0.199638
internal_count=3600 1281 2319 1043 792 238 1840 180 1696
cat_boundaries=0 6 10
cat_threshold=2148532563 562564296 3211296 4 0 65536 543179008 83886082 2214625344 1048656
shrinkage=0.038568


Tree=20
num_leaves=10
num_cat=2
split_feature=4 2 19 10 0 0 3 16 0
split_gain=13.3298 7.72008 4.6024 4.54303 2.54536 1.09781 1.00177 0.618506 0.470955
threshold=0 1 1.7500000000000002 16.750000000000004 12.250000000000002 16.750000000000004 43.734500000000004 149.50000000000003 1.7500000000000002
decision_type=5 5 2 2 2 2 2 2 2
left_child=2 6 5 -3 -5 8 -2 -8 -1
right_child=1 3 -4 4 -6 -7 7 -9 -10
leaf_value=-0.0051754978696979433 0 -0.0023303395625910604 -0.029887768833016224 0.020827538694249519 0.050771605044780378 0.0067454201013903764 -0.0022190155487327658 -0.024914181186395642 -0.01491931583235122
leaf_count=1205 136 206 529 573 87 140 137 165 422
internal_value=0 0.303156 -0.272296 0.495226 0.727799 -0.162705 -0.209548 -0.47486 -0.211759
internal_count=3600 1304 2296 866 660 1767 438 302 1627
cat_boundaries=0 7 12
cat_threshold=2691187489 83957760 3288335429 68157522 0 0 4096 2215641940 17302736 2162688 0 128
shrinkage=0.038568


Tree=21
num_leaves=10
num_cat=1
split_feature=4 16 0 7 15 19 15 3 0
split_gain=12.8942 7.17971 4.26156 2.86882 2.78783 3.61678 2.04947 1.0006 0.0469321
threshold=0 13627.750000000002 16.750000000000004 16.750000000000004 22844.500000000004 3480.2500000000005 1.7500000000000002 52.301700000000004 21.250000000000004
decision_type=5 2 2 2 2 2 2 2 2
left_child=1 3 4 -1 6 -6 -2 -5 -4
right_child=2 -3 8 7 5 -7 -8 -9 -10
leaf_value=-0.0087955099983805136 -0.0070405551028682456 0.054106191186152688 0.019673418831641323 0.029845447004070238 0.023062294528532461 -0.013019865284790521 -0.020424556727118889 0.0050357940297049344 0.0043377470708520962
leaf_count=157 1917 99 108 113 119 126 695 161 105
internal_value=0 0.501537 -0.161518 0.26711 -0.239399 0.167429 -0.302091 0.512309 0.397569
internal_count=3600 530 3070 431 2857 245 2612 274 213
cat_boundaries=0 6
cat_threshold=83892318 409616 17465600 134283264 0 262146
shrinkage=0.038568


Tree=22
num_leaves=10
num_cat=2
split_feature=4 2 16 3 19 15 18 6 0
split_gain=12.0308 7.01846 4.9924 4.01318 2.19675 1.90911 1.7276 1.40398 0.963615
threshold=0 1 1159.7500000000002 35.806650000000012 1.7500000000000002 1.7500000000000002 127068.00000000001 1.7500000000000002 16.750000000000004
decision_type=5 5 2 2 2 2 2 2 2
left_child=4 7 5 -4 8 -3 -6 -2 -1
right_child=1 2 3 -5 6 -7 -8 -9 -10
leaf_value=-0.0077314769694451103 -0.021904154635744192 0.016556717550771548 0.0039142656826191558 0.040192172365499185 -0.028699693171552933 -0.0090780975981631391 -0.0031683998985861995 -0 0.0061244023765962049
leaf_count=1627 207 162 116 303 478 169 178 220 140
internal_value=0 0.309707 0.50596 0.840983 -0.24122 0.0634637 -0.54257 -0.190951 -0.153547
internal_count=3600 1177 750 419 2423 331 656 427 1767
cat_boundaries=0 7 12
cat_threshold=2959762209 83957760 3288335429 68157522 0 0 4096 2148533076 16778448 2162688 0 134217856
shrinkage=0.038568


Tree=23
num_leaves=9
num_cat=2
split_feature=4 19 0 1 3 16 7 16
split_gain=11.6395 6.65607 3.36062 2.90476 2.12004 1.24304 1.21802 0.511468
threshold=0 323.50000000000006 15.250000000000002 1 46.44145000000001 17195.500000000004 40.750000000000007 4019.5000000000005
decision_type=5 2 2 1 2 2 2 2
left_child=1 6 3 -2 -5 7 -1 -3
right_child=2 5 -4 4 -6 -7 -8 -9
leaf_value=-0.014675155877322741 0.01200394235235583 0.025701814068920834 0.011301156393118617 -0.0069271328963238163 -0.020895203455720802 0.048008813265475007 0.0079917145486712703 0.0045033235142943355
leaf_count=142 165 131 254 1924 664 97 143 80
internal_value=0 0.44696 -0.16307 -0.241177 -0.291769 0.882426 -0.0644438 0.508028
internal_count=3600 593 3007 2753 2588 308 285 211
cat_boundaries=0 6 7
cat_threshold=83892318 409617 17467656 134283264 2048 262146 2
shrinkage=0.038568


Tree=24
num_leaves=9
num_cat=2
split_feature=4 2 19 10 0 6 0 0
split_gain=10.9001 6.41311 4.38265 3.72496 2.49522 1.30923 0.841584 0.500071
threshold=0 1 1.7500000000000002 16.750000000000004 12.250000000000002 1.7500000000000002 16.750000000000004 1.7500000000000002
decision_type=5 5 2 2 2 2 2 2
left_child=2 5 6 -3 -5 -2 7 -1
right_child=1 3 -4 4 -6 -7 -8 -9
leaf_value=-0.0043008355472736294 -0.022014136402001547 -0.0025114729700042868 -0.029175778654201377 0.01798080299573851 0.045989117199684897 -0 0.0055464568033899439 -0.01415721121946441
leaf_count=1205 212 208 529 574 84 226 140 422
internal_value=0 0.26956 -0.251093 0.438693 0.639359 -0.199093 -0.144361 -0.189116
internal_count=3600 1304 2296 866 658 438 1767 1627
cat_boundaries=0 7 12
cat_threshold=2691187489 83957760 3288335429 68157522 0 0 4096 2148533076 17302736 2162688 0 134217856
shrinkage=0.038568


Tree=25
num_leaves=10
num_cat=1
split_feature=4 16 15 19 3 13 15 14 17
split_gain=10.5274 5.76611 3.51388 5.6309 2.85974 2.58611 2.10556 1.74959 0.598385
threshold=0 214.75000000000003 12925.750000000002 3480.2500000000005 44.224950000000007 22.000000000000004 22.000000000000004 6790.0000000000009 14869.000000000002
decision_type=5 2 2 2 2 2 2 2 2
left_child=1 -1 4 5 7 -4 -6 -2 -3
right_child=2 8 3 -5 6 -7 -8 -9 -10
leaf_value=4.3629383991089704e-05 -0.0069233700702130939 0.015592365483142454 0 -0.015682189254618933 -0 0.038194599279107552 -0.02702523137449803 0.010502550628593869 0.0460717542500831
leaf_count=268 1999 105 88 141 191 89 468 136 115
internal_value=0 0.463272 -0.142378 0.236015 -0.231563 0.649748 -0.534959 -0.122235 0.985503
internal_count=3600 488 3112 318 2794 177 659 2135 220
cat_boundaries=0 6
cat_threshold=83892318 409616 17432584 134217728 0 262146
shrinkage=0.038568


Tree=26
num_leaves=10
num_cat=2
split_feature=4 19 0 1 15 16 7 16 0
split_gain=9.86844 5.12213 3.67616 2.4801 1.85001 1.2744 1.19433 0.819154 0.0626613
threshold=0 323.50000000000006 16.750000000000004 1 12925.750000000002 17195.500000000004 40.750000000000007 4019.5000000000005 21.250000000000004
decision_type=5 2 2 1 2 2 2 2 2
left_child=1 6 3 -2 -5 7 -1 -3 -4
right_child=2 5 8 4 -6 -7 -8 -9 -10
leaf_value=-0.014051943066275911 0.010637234212038308 0.023411925565291467 0.017995365967060476 -0.012924302250165375 0.0013013916555181324 0.043455447140494569 0.0086903486257553057 0.0009179101495008598 0.0035839399002116469
leaf_count=140 169 131 108 2354 282 95 136 80 105
internal_value=0 0.411169 -0.149837 -0.226564 -0.273747 0.790684 -0.0425013 0.435746 0.359709
internal_count=3600 582 3018 2805 2636 306 276 211 213
cat_boundaries=0 6 7
cat_threshold=83892318 409616 17465608 142671872 2048 262146 2
shrinkage=0.038568


Tree=27
num_leaves=10
num_cat=2
split_feature=2 0 4 19 14 10 0 0 12
split_gain=10.0752 5.95919 6.92915 3.62078 2.18073 0.78538 0.706492 0.522884 0.14064
threshold=0 15.250000000000002 1 1.7500000000000002 7134.2500000000009 1523.5000000000002 16.750000000000004 1.7500000000000002 36.250000000000007
decision_type=5 2 5 2 2 2 2 2 2
left_child=3 2 5 6 -4 -2 7 -1 -5
right_child=1 -3 4 8 -6 -7 -8 -9 -10
leaf_value=-0.0034700529502539722 -0.0061240727365002067 0.04363280016084195 0.0055622240021008865 -0.029602020832208396 0.024280707524801357 -0.029050091258235173 0.005239028191795188 -0.013410761314321881 -0.010148963370620734
leaf_count=1204 210 107 459 411 298 152 140 422 197
internal_value=0 0.268839 0.182288 -0.23336 0.342097 -0.307988 -0.124813 -0.167386 -0.64664
internal_count=3600 1226 1119 2374 757 362 1766 1626 608
cat_boundaries=0 6 10
cat_threshold=2148532307 562564312 3211296 4 2097152 65536 828392196 83951619 2214592512 1048656
shrinkage=0.038568


Tree=28
num_leaves=10
num_cat=1
split_feature=4 15 15 19 3 13 15 17 14
split_gain=9.05273 4.1016 3.5594 5.46491 3.29858 2.40313 2.35037 1.74939 1.42553
threshold=0 3.2500000000000004 12925.750000000002 3480.2500000000005 44.224950000000007 22.000000000000004 22.000000000000004 14869.000000000002 6790.0000000000009
decision_type=5 2 2 2 2 2 2 2 2
left_child=1 -1 4 5 8 -4 -6 -3 -2
right_child=2 7 3 -5 6 -7 -8 -9 -10
leaf_value=0 -0.0062519055817228672 0.010839676125696484 0 -0.015514606953143132 -0 0.036178367338674251 -0.028481261138056373 0.04206198756444865 0.0093132584891252677
leaf_count=241 1998 137 88 141 192 92 464 111 136
internal_value=0 0.424689 -0.132777 0.240767 -0.224509 0.630076 -0.556146 0.827921 -0.108628
internal_count=3600 489 3111 321 2790 180 656 248 2134
cat_boundaries=0 6
cat_threshold=83892318 409616 16908296 134283264 0 262146
shrinkage=0.038568


Tree=29
num_leaves=10
num_cat=2
split_feature=4 2 19 3 9 15 0 12 0
split_gain=8.44846 5.29238 3.77586 3.2125 1.8337 1.50477 1.27298 0.521076 0.294225
threshold=0 1 323.50000000000006 46.226000000000006 139.75000000000003 1.7500000000000002 16.750000000000004 36.250000000000007 1.7500000000000002
decision_type=5 5 2 2 2 2 2 2 2
left_child=3 7 5 6 -4 -3 8 -2 -1
right_child=1 2 4 -5 -6 -7 -8 -9 -10
leaf_value=-0.0052533207739373479 -0.020763026659866127 0.011654666398060187 0.027925786784629703 -0.030305769778144826 0.0037914792654438348 -0.011594304070485277 0.0077881453385975092 -0.0016268803262239559 -0.013080728685883801
leaf_count=1391 216 157 436 343 95 180 150 144 488
internal_value=0 0.247282 0.387734 -0.212996 0.613811 -0 -0.150135 -0.222496 -0.199962
internal_count=3600 1228 868 2372 531 337 2029 360 1879
cat_boundaries=0 7 12
cat_threshold=2691195681 83957760 3288335685 68157522 0 0 4096 2148532308 17302736 2162688 0 134217728
shrinkage=0.038568


Tree=30
num_leaves=10
num_cat=2
split_feature=4 10 0 1 8 6 8 8 0
split_gain=8.09021 4.76548 3.17487 2.24361 2.25197 2.09907 0.717027 0.215289 0.0669381
threshold=0 4066.0000000000005 16.750000000000004 1 21.250000000000004 6.2500000000000009 70.750000000000014 334.75000000000006 21.250000000000004
decision_type=5 2 2 1 2 2 2 2 2
left_child=1 5 3 -2 -5 -1 -7 -3 -4
right_child=2 7 8 4 -6 6 -8 -9 -10
leaf_value=-0.0095550154091607938 0.01013932276470764 0.04154415449904518 0.016567043799708029 -0.0050439482862416393 -0.018725082927605871 0.022988322508018119 0.0021025652050861475 0.013229033654009842 0.0030123668607720568
leaf_count=201 169 92 108 1905 718 72 172 58 105
internal_value=0 0.365684 -0.138018 -0.211236 -0.257439 0.111489 0.359734 0.905745 0.328835
internal_count=3600 595 3005 2792 2623 445 244 150 213
cat_boundaries=0 6 7
cat_threshold=352327774 409616 17465352 134283264 2048 262146 2
shrinkage=0.038568


Tree=31
num_leaves=10
num_cat=3
split_feature=4 2 19 0 1 6 0 0 16
split_gain=7.67161 5.1164 4.81297 4.71968 3.79602 1.37055 0.571859 0.502522 0.024947
threshold=0 1 1.7500000000000002 15.250000000000002 2 1.7500000000000002 16.750000000000004 1.7500000000000002 762.25000000000011
decision_type=5 5 2 2 1 2 2 2 2
left_child=2 5 6 4 -3 -2 7 -1 -7
right_child=1 3 -4 -5 -6 8 -8 -9 -10
leaf_value=-0.0028202563466614441 -0.023921576402088529 0.005818689557326135 -0.03025400780624992 0.046382685230786432 0.036267154270113733 0 0.0047053694497395564 -0.012561940813070001 -0.0024479218293263147
leaf_count=1205 199 735 490 80 93 124 140 422 112
internal_value=0 0.218496 -0.219302 0.358214 0.286331 -0.202402 -0.108441 -0.148132 -0.0102394
internal_count=3600 1343 2257 908 828 435 1767 1627 236
cat_boundaries=0 7 12 13
cat_threshold=2691187233 83957760 3288335429 68157522 0 0 4096 2148532564 17302736 2162688 0 134217856 1
shrinkage=0.038568


Tree=32
num_leaves=10
num_cat=1
split_feature=4 9 15 19 3 15 9 13 14
split_gain=7.45567 3.13426 2.88217 4.8004 4.11482 1.97226 1.49365 1.39541 1.26593
threshold=0 4.7500000000000009 12925.750000000002 2592.2500000000005 44.224950000000007 64.750000000000014 147.25000000000003 265.00000000000006 6790.0000000000009
decision_type=5 2 2 2 2 2 2 2 2
left_child=1 5 4 7 8 -1 -3 -4 -2
right_child=2 6 3 -5 -6 -7 -8 -9 -10
leaf_value=-0.0072193189403896392 -0.0055973152503403754 0.04056047322478297 0.0036061665384543285 -0.011859200816368614 -0.023947904148558019 0.016138553792735016 0.0078534362289863022 0.036637345631332453 0.0090535697669672267
leaf_count=226 1993 108 84 167 592 161 77 56 136
internal_value=0 0.359331 -0.128885 0.207254 -0.215557 0.131264 0.80053 0.642537 -0.0932855
internal_count=3600 572 3028 307 2721 387 185 140 2129
cat_boundaries=0 6
cat_threshold=83892318 410640 16941064 134283264 2048 262146
shrinkage=0.038568


Tree=33
num_leaves=10
num_cat=3
split_feature=4 16 0 1 10 2 8 15 0
split_gain=6.92205 3.26055 2.80694 1.99433 1.96395 1.84965 1.7657 0.108599 0.0493059
threshold=0 25687.750000000004 16.750000000000004 1 639.25000000000011 2 21.250000000000004 2575.0000000000005 21.250000000000004
decision_type=5 2 2 1 2 5 2 2 2
left_child=1 4 3 -2 5 -1 -5 -6 -4
right_child=2 -3 8 6 7 -7 -8 -9 -10
leaf_value=0.0082301006147979354 0.0094360305540039015 0.038527925364922951 0.015359215230583461 -0.0049030715669540923 0.024732803611693489 -0.008987236228858414 -0.017230663946429789 0.0082174059327583693 0.0027475487674425295
leaf_count=124 169 60 109 1900 79 229 719 106 105
internal_value=0 0.335751 -0.127743 -0.197958 0.223481 -0.0308561 -0.242686 0.471162 0.30664
internal_count=3600 598 3002 2788 538 353 2619 185 214
cat_boundaries=0 6 7 12
cat_threshold=352327774 409616 16941064 142671872 2048 262146 2 268435472 1073741824 0 0 33554944
shrinkage=0.038568


Tree=34
num_leaves=10
num_cat=1
split_feature=4 19 19 0 19 7 18 0 0
split_gain=6.73834 4.66403 4.66312 3.79694 3.79922 1.45658 1.62321 0.496758 0.498246
threshold=0 323.50000000000006 1.7500000000000002 13.750000000000002 568.00000000000011 76.000000000000014 2202.2500000000005 16.750000000000004 1.7500000000000002
decision_type=5 2 2 2 2 2 2 2 2
left_child=2 5 7 4 -3 6 -2 8 -1
right_child=1 3 -4 -5 -6 -7 -8 -9 -10
leaf_value=-0.0023628044933816919 -0.024533878977175506 0.033030609584610043 -0.02982790087211426 0.040200796324678753 0.0037712985163378312 0.0054052509040026508 0.00030423518162599786 0.0044442737978804365 -0.012033725368425355
leaf_count=1205 242 106 490 64 601 207 123 140 422
internal_value=0 0.204749 -0.206261 0.390644 0.251306 -0.164579 -0.364839 -0.0972389 -0.13517
internal_count=3600 1343 2257 771 707 572 365 1767 1627
cat_boundaries=0 7
cat_threshold=2691187233 83957760 3288335429 68157522 0 0 4096
shrinkage=0.038568


Tree=35
num_leaves=10
num_cat=2
split_feature=4 16 0 9 2 7 22 6 0
split_gain=6.41621 3.42015 2.46781 1.95538 1.8548 2.25545 1.60803 0.63695 0.0408992
threshold=0 17195.500000000004 16.750000000000004 4.7500000000000009 1 118.00000000000001 1.7500000000000002 6.2500000000000009 21.250000000000004
decision_type=5 2 2 2 5 2 2 2 2
left_child=1 3 4 7 6 -6 -2 -1 -4
right_child=2 -3 8 -5 5 -7 -8 -9 -10
leaf_value=-0.0091925329004853267 -0.0037906778912951012 0.038396264216428826 0.01446311951404537 0.020845555580723121 -0.0061932266418024719 -0.023895402414575342 0.020480945776628602 0.0051445562581355075 0.0025100625627387341
leaf_count=160 149 66 109 119 2296 316 100 180 105
internal_value=0 0.340624 -0.115949 0.204318 -0.180236 -0.219568 0.13099 -0.00770011 0.289377
internal_count=3600 525 3075 459 2861 2612 249 340 214
cat_boundaries=0 6 9
cat_threshold=83892318 409616 16941064 134283264 2048 262146 69208328 256 8388608
shrinkage=0.038568


Tree=36
num_leaves=9
num_cat=3
split_feature=4 19 2 0 1 3 0 0
split_gain=6.10471 4.51872 4.50252 3.80112 3.34524 1.02456 0.428359 0.48491
threshold=0 1.7500000000000002 1 15.250000000000002 2 43.734500000000004 16.750000000000004 1.7500000000000002
decision_type=5 2 5 2 1 2 2 2
left_child=1 6 5 4 -4 -2 7 -1
right_child=2 -3 3 -5 -6 -7 -8 -9
leaf_value=-0.0020662742105492806 -0 -0.029479877065736512 0.033007576379698866 0.040840695929518354 0.0049723625745528872 -0.019757466730465686 0.0040253390759259185 -0.011610737242220641
leaf_count=1205 162 490 93 81 734 273 140 422
internal_value=0 -0.197187 0.194447 0.322968 0.255972 -0.197852 -0.090218 -0.126104
internal_count=3600 2257 1343 908 827 435 1767 1627
cat_boundaries=0 7 12 13
cat_threshold=2691187233 83957760 3288335429 68157522 0 0 4096 2148533076 17302736 2162688 0 134217728 2
shrinkage=0.038568


Tree=37
num_leaves=10
num_cat=1
split_feature=4 15 15 19 3 15 13 7 14
split_gain=5.80094 2.94772 2.84614 4.58639 3.36331 2.96624 1.72198 1.20068 1.16657
threshold=0 220.00000000000003 12925.750000000002 3480.2500000000005 44.224950000000007 22.000000000000004 22.000000000000004 76.000000000000014 6790.0000000000009
decision_type=5 2 2 2 2 2 2 2 2
left_child=1 7 4 6 8 -6 -4 -1 -2
right_child=2 -3 3 -5 5 -7 -8 -9 -10
leaf_value=-0.0080858731813892703 -0.0050487359773294218 0.026334204385239753 0 -0.014726003600920932 0.0013945908399588917 -0.029565059608266071 0.031436649656770926 0.012618289529422677 0.009041427605033972
leaf_count=181 1998 205 88 141 179 456 92 124 136
internal_value=0 0.326576 -0.108924 0.22144 -0.194413 -0.549119 0.566394 0.0228017 -0.0799854
internal_count=3600 510 3090 321 2769 635 180 305 2134
cat_boundaries=0 6
cat_threshold=83892318 409616 16908296 134283264 2048 262146
shrinkage=0.038568


Tree=38
num_leaves=10
num_cat=1
split_feature=4 7 18 0 8 21 10 8 0
split_gain=5.54479 2.93252 2.33579 6.28514 3.99302 2.82166 2.3378 1.43522 0.190528
threshold=0 16.750000000000004 45856.000000000007 13.750000000000002 6.2500000000000009 18.250000000000004 1686.2500000000002 251.50000000000003 16.750000000000004
decision_type=5 2 2 2 2 2 2 2 2
left_child=1 -1 4 6 8 -6 -4 -3 -2
right_child=2 7 3 -5 5 -7 -8 -9 -10
leaf_value=-0.0028682241910859868 -0.0033057162732075145 0.031990709112999186 0.0080079533909537017 0.038576631829241766 -0.031145769345080565 0 -0.013155642758958537 0.0068034640373178107 0.0022364598287287207
leaf_count=170 1758 151 235 45 535 133 283 139 151
internal_value=0 0.331895 -0.102143 0.1075 -0.205165 -0.584292 -0.088141 0.622554 -0.0619205
internal_count=3600 460 3140 563 2577 668 518 290 1909
cat_boundaries=0 6
cat_threshold=83892316 409616 16941064 134217728 2048 262146
shrinkage=0.038568


Tree=39
num_leaves=9
num_cat=2
split_feature=2 3 0 4 15 15 0 0
split_gain=6.23647 4.28736 3.47873 4.7324 3.17229 2.50102 0.377363 0.465674
threshold=0 39.940050000000006 15.250000000000002 1 41215.000000000007 12512.500000000002 16.750000000000004 1.7500000000000002
decision_type=5 2 2 5 2 2 2 2
left_child=1 6 3 4 -2 -5 7 -1
right_child=2 -3 -4 5 -6 -7 -8 -9
leaf_value=-0.0024972476045481053 -0.028412827802455031 -0.031104878593512644 0.031428148610264814 0.0051598842688797561 0.0045085214072173273 0.025006930060928086 0.002872471907512184 -0.01156272401627279
leaf_count=1290 279 406 117 629 112 151 146 470
internal_value=0 -0.193558 0.202586 0.132723 -0.257457 0.265606 -0.104293 -0.135387
internal_count=3600 2312 1288 1171 391 780 1906 1760
cat_boundaries=0 6 10
cat_threshold=2148532311 562564296 3211296 36 2097152 65536 828400384 83951619 2214592513 80
shrinkage=0.038568


Tree=40
num_leaves=9
num_cat=3
split_feature=2 3 0 4 15 1 0 0
split_gain=5.8396 4.16811 3.17985 4.41256 3.07236 2.3707 0.357556 0.441657
threshold=0 39.940050000000006 15.250000000000002 1 41215.000000000007 2 16.750000000000004 1.7500000000000002
decision_type=5 2 2 5 2 1 2 2
left_child=1 6 3 4 -2 -5 7 -1
right_child=2 -3 -4 5 -6 -7 -8 -9
leaf_value=-0.0024109761377388303 -0.028111367455458777 -0.030874750660183126 0.029883920674494292 0.030520653287515194 0.0043675213241653119 0.0069423061702158489 0.0027813423003143598 -0.011286518421574198
leaf_count=1290 279 406 117 117 112 663 146 470
internal_value=0 -0.188478 0.194946 0.127457 -0.250889 0.254714 -0.100999 -0.131489
internal_count=3600 2312 1288 1171 391 780 1906 1760
cat_boundaries=0 6 10 11
cat_threshold=2148532311 562564296 3211296 36 2097152 65536 828400384 83951619 2214592513 80 2
shrinkage=0.038568


Tree=41
num_leaves=10
num_cat=2
split_feature=2 10 0 19 5 0 0 12 17
split_gain=5.3714 3.50701 3.90076 3.20085 2.28045 0.346217 0.435671 0.201509 0.0246314
threshold=0 16.750000000000004 15.250000000000002 1.7500000000000002 1 16.750000000000004 1.7500000000000002 36.250000000000007 52.750000000000007
decision_type=5 2 2 2 5 2 2 2 2
left_child=3 8 4 5 -3 6 -1 -5 -2
right_child=1 2 -4 7 -6 -7 -8 -9 -10
leaf_value=-0.0015001061932923894 -0.0019067689055037795 -0.007461319964593178 0.038213443597768751 -0.027715027838080053 0.0098554792143841202 0.0038151510503186799 -0.010597738835453518 -0.0081985282238864494 -0.013047896442084598
leaf_count=1204 141 141 70 411 689 140 422 197 185
internal_value=0 0.190269 0.318019 -0.17756 0.198323 -0.0735516 -0.107171 -0.588734 -0.267622
internal_count=3600 1226 900 2374 830 1766 1626 608 326
cat_boundaries=0 6 9
cat_threshold=2148532307 562564312 3211296 4 2097152 65536 168256 4 8192
shrinkage=0.038568


Tree=42
num_leaves=10
num_cat=1
split_feature=4 10 18 8 19 21 9 17 7
split_gain=4.67245 2.48164 2.25095 4.67165 4.63654 2.13022 1.84077 0.979859 0.220966
threshold=0 82.750000000000014 45856.000000000007 6.2500000000000009 900.25000000000011 18.250000000000004 122.50000000000001 14869.000000000002 28.750000000000004
decision_type=5 2 2 2 2 2 2 2 2
left_child=1 8 3 -2 -4 -5 -6 -3 -1
right_child=2 7 4 5 6 -7 -8 -9 -10
leaf_value=-0.0049230754583293535 -0.0017317876344941916 0.0064766722954454018 0.031978546452497966 -0.03106901858156217 0.0024035782403301026 -0 -0.019220677027058417 0.030719784684700838 0.0049061222081819254
leaf_count=146 1900 107 66 539 397 119 103 98 125
internal_value=0 0.304078 -0.0943765 -0.198455 0.104884 -0.616981 -0.0649702 0.615443 -0
internal_count=3600 476 3124 2558 566 658 500 205 271
cat_boundaries=0 6
cat_threshold=83892316 147474 16908288 134217728 2048 262146
shrinkage=0.038568


Tree=43
num_leaves=10
num_cat=1
split_feature=4 19 0 19 3 7 18 0 16
split_gain=4.51126 3.49534 2.76184 2.30918 2.17715 1.3926 1.52541 0.283353 0.257506
threshold=0 323.50000000000006 12.250000000000002 568.00000000000011 35.443750000000009 76.000000000000014 2202.2500000000005 16.750000000000004 43464.250000000007
decision_type=5 2 2 2 2 2 2 2 2
left_child=4 5 3 -3 7 6 -2 -1 -6
right_child=1 2 -4 -5 8 -7 -8 -9 -10
leaf_value=-0.004328375962230545 -0.02377485771474859 0.026470725349941628 0.033170804633031341 0.0028038737301229332 -0.025784788303801164 0.0059877427658754923 0.00052511004757925311 0.0025909255843416736 -0.0060646127600857223
leaf_count=1715 242 94 69 509 382 198 118 145 128
internal_value=0 0.177576 0.348242 0.208033 -0.159784 -0.141552 -0.343836 -0.083929 -0.532919
internal_count=3600 1230 672 603 2370 558 360 1860 510
cat_boundaries=0 7
cat_threshold=2691326497 83957760 3288337733 68157522 0 0 4096
shrinkage=0.038568


Tree=44
num_leaves=10
num_cat=2
split_feature=2 0 19 4 14 6 0 0 12
split_gain=4.89077 3.05933 2.92012 2.68153 1.80937 0.355017 0.309018 0.423053 0.0719693
threshold=0 15.250000000000002 1.7500000000000002 1 7134.2500000000009 40.750000000000007 16.750000000000004 1.7500000000000002 36.250000000000007
decision_type=5 2 2 5 2 2 2 2 2
left_child=2 3 6 5 -5 -2 7 -1 -4
right_child=1 -3 8 4 -6 -7 -8 -9 -10
leaf_value=-0.0012327102365318776 -0.022089937157543371 0.028792010942128011 -0.025311190674848518 0.00063136734479363166 0.015910043336438359 -0.0024773147894024796 0.0036698264399079627 -0.010196165033719173 -0.0079784965382424331
leaf_count=1204 157 107 436 534 299 104 140 422 197
internal_value=0 0.182424 -0.168849 0.112904 0.197462 -0.223719 -0.0664733 -0.0988737 -0.551335
internal_count=3600 1201 2399 1094 833 261 1766 1626 633
cat_boundaries=0 6 10
cat_threshold=2148532311 562564312 3211296 4 2097152 65536 822083840 67174403 2214592512 16
shrinkage=0.038568


Tree=45
num_leaves=9
num_cat=1
split_feature=4 16 3 11 0 6 12 15
split_gain=4.17949 2.8086 1.52733 2.26073 1.07906 1.36657 0.86168 0.739903
threshold=0 25687.750000000004 48.462550000000007 3.2500000000000004 6.2500000000000009 1.7500000000000002 7.7500000000000009 12512.500000000002
decision_type=5 2 2 2 2 2 2 2
left_child=1 4 3 6 5 -1 -2 -4
right_child=2 -3 7 -5 -6 -7 -8 -9
leaf_value=-0.014671732785111717 -0.0017147277186351784 0.03096417049637579 -0.019200302124372355 0.019534245428416294 0.016809552523167216 0.0058782912646687521 -0.014071031825815266 -0.0016760780472748356
leaf_count=135 2120 63 450 97 126 295 187 127
internal_value=0 0.255922 -0.101175 -0.0423375 0.133467 0 -0.0930543 -0.351377
internal_count=3600 619 2981 2404 556 430 2307 577
cat_boundaries=0 6
cat_threshold=352328028 409618 16908288 142671872 2048 262146
shrinkage=0.038568


Tree=46
num_leaves=9
num_cat=2
split_feature=2 19 10 0 5 0 0 8
split_gain=4.07457 3.77744 2.85275 2.69934 2.0397 0.291497 0.403102 0.0136231
threshold=0 1.7500000000000002 16.750000000000004 15.250000000000002 1 16.750000000000004 1.7500000000000002 49.750000000000007
decision_type=5 2 2 2 5 2 2 2
left_child=1 5 7 4 -4 6 -1 -2
right_child=2 -3 3 -5 -6 -7 -8 -9
leaf_value=-0.0011280015571524173 -0.012716057891692931 -0.026349452661337782 -0.0078661962022688204 0.03084357401956388 0.0083537842076486131 0.0036100582633436674 -0.0099064446804067452 -0.0019194292371764986
leaf_count=1204 202 500 112 80 806 140 422 134
internal_value=0 -0.164519 0.156463 0.262794 0.165096 -0.0627728 -0.0945839 -0.262267
internal_count=3600 2266 1334 998 918 1766 1626 336
cat_boundaries=0 6 9
cat_threshold=2148532307 562564296 3211296 4 0 65536 168256 1 8192
shrinkage=0.038568


Tree=47
num_leaves=10
num_cat=1
split_feature=4 15 16 3 16 10 15 14 18
split_gain=3.98452 2.57237 4.25662 3.51725 2.83244 1.55404 0.821061 0.790106 0.0782382
threshold=0 12512.500000000002 64668.250000000007 44.224950000000007 24052.750000000004 82.750000000000014 22.000000000000004 6790.0000000000009 2202.2500000000005
decision_type=5 2 2 2 2 2 2 2 2
left_child=5 3 4 7 -3 8 -5 -2 -1
right_child=1 2 -4 6 -6 -7 -8 -9 -10
leaf_value=-0.0020381400694602322 -0.0041173562633470117 0 -0.011576168948153092 -0.0025546430678193449 0.034338334130633821 0.020332082327519648 -0.026223524728252536 0.0073035736221728374 0.0036276423127500753
leaf_count=135 2003 117 137 191 92 214 444 136 131
internal_value=0 -0.0889749 0.191115 -0.177114 0.523689 0.277377 -0.557166 -0.0625971 0
internal_count=3600 3120 346 2774 209 480 635 2139 266
cat_boundaries=0 6
cat_threshold=83892316 148496 16908288 134283264 2048 262146
shrinkage=0.038568


Tree=48
num_leaves=9
num_cat=2
split_feature=2 0 3 13 4 12 13 0
split_gain=4.02097 3.78702 2.14661 1.9337 2.56386 1.65891 0.284717 0.356184
threshold=0 15.250000000000002 44.704800000000006 2206.7500000000005 1 216.25000000000003 49.000000000000007 16.750000000000004
decision_type=5 2 2 2 5 2 2 2
left_child=2 3 6 4 -2 -4 7 -1
right_child=1 -3 5 -5 -6 -7 -8 -9
leaf_value=-0.004999933744676225 -0.0087765619293034662 0.031005153078526585 -0.029734059567115497 -0.014587411912767519 0.0089610027003458811 -0 0.00413433110044574 0.0028771427625638221
leaf_count=1759 229 99 360 59 734 122 92 146
internal_value=0 0.173607 -0.14587 0.0904956 0.161793 -0.521472 -0.0743974 -0.0978735
internal_count=3600 1121 2479 1022 963 482 1997 1905
cat_boundaries=0 6 10
cat_threshold=2148532343 562564312 2162720 4 0 65536 807420672 83886081 3221225472 1048592
shrinkage=0.038568


Tree=49
num_leaves=9
num_cat=1
split_feature=2 0 3 13 14 12 13 0
split_gain=3.85071 3.52521 2.08519 1.83994 2.5206 1.6281 0.273528 0.327278
threshold=0 15.250000000000002 44.704800000000006 2206.7500000000005 36133.000000000007 216.25000000000003 49.000000000000007 16.750000000000004
decision_type=5 2 2 2 2 2 2 2
left_child=2 3 6 4 -2 -4 7 -1
right_child=1 -3 5 -5 -6 -7 -8 -9
leaf_value=-0.0048924314159874485 0 0.029829034497191226 -0.029551730319262538 -0.014295117111354493 0.018300447505705482 -0 0.0040139316203340802 0.0025938291541176529
leaf_count=1764 767 97 363 59 188 122 92 148
internal_value=0 0.169198 -0.143424 0.088459 0.157711 -0.515798 -0.0731465 -0.0962612
internal_count=3600 1111 2489 1014 955 485 2004 1912
cat_boundaries=0 6
cat_threshold=2148532343 562564312 2162720 4 2097152 65536
shrinkage=0.038568


Tree=50
num_leaves=9
num_cat=1
split_feature=4 10 11 10 0 10 8 3
split_gain=3.63337 1.84541 1.58646 1.48324 2.21298 1.71915 1.01341 0.247618
threshold=0 16.750000000000004 3.2500000000000004 1523.5000000000002 10.750000000000002 779.50000000000011 251.50000000000003 66.75230000000002
decision_type=5 2 2 2 2 2 2 2
left_child=1 -1 3 5 -5 -2 7 -3
right_child=2 6 -4 4 -6 -7 -8 -9
leaf_value=-0.0047486291341670064 -0.0041589535926870357 0.02644118818752484 0.01067040001781411 -0.021508357388668551 0.0044847437536486203 0.016310358702860912 0.0025774723400667238 0.0064095155796387859
leaf_count=152 2425 172 183 346 69 80 128 45
internal_value=0 0.259559 -0.0870332 -0.134172 -0.371887 -0.063283 0.457076 0.587601
internal_count=3600 497 3103 2920 415 2505 345 217
cat_boundaries=0 6
cat_threshold=83892316 148496 16941056 142606336 2048 262146
shrinkage=0.038568


Tree=51
num_leaves=9
num_cat=2
split_feature=2 0 13 4 8 3 0 0
split_gain=3.59253 3.02856 1.80489 2.51209 1.76004 1.07853 0.230126 0.424809
threshold=0 15.250000000000002 2206.7500000000005 1 9.2500000000000018 66.75230000000002 16.750000000000004 1.7500000000000002
decision_type=5 2 2 5 2 2 2 2
left_child=4 2 3 -2 6 -6 7 -1
right_child=1 -3 -4 -5 5 -7 -8 -9
leaf_value=-0.0009018537987390637 -0.0086955422196403013 0.027820492309038485 -0.014104854543696492 0.0089195222879893572 -0.022138346292615067 -0 0.0029683087894686023 -0.0094488918868370613
leaf_count=1337 229 99 59 717 430 131 145 453
internal_value=0 0.166796 0.0893766 0.159789 -0.135735 -0.430168 -0.0593559 -0.0856784
internal_count=3600 1104 1005 946 2496 561 1935 1790
cat_boundaries=0 6 10
cat_threshold=2148532343 566758616 2162720 4 0 65536 807420672 67108865 3221225473 1048592
shrinkage=0.038568


Tree=52
num_leaves=10
num_cat=1
split_feature=4 18 0 8 21 21 15 7 8
split_gain=3.31387 1.99745 4.57815 4.49553 2.68164 1.70976 1.53534 0.929559 0.313314
threshold=0 45856.000000000007 13.750000000000002 6.2500000000000009 18.250000000000004 9.2500000000000018 64.750000000000014 76.000000000000014 49.750000000000007
decision_type=5 2 2 2 2 2 2 2 2
left_child=6 3 5 -2 -5 -3 7 -1 -8
right_child=1 2 -4 4 -6 -7 8 -9 -10
leaf_value=-0.0090276736502076134 -0.00090535226333574926 0.01057198130892526 0.031330671233109529 -0.030963174548636768 0 -0.0081963476384446475 0.027719313492533374 0.010875187370671122 0.0086362604596141659
leaf_count=134 1912 162 46 563 135 382 81 104 81
internal_value=0 -0.0775969 0.1028 -0.177465 -0.579614 -0.0586679 0.264775 0.0099796 0.54593
internal_count=3600 3200 590 2610 698 544 400 238 162
cat_boundaries=0 6
cat_threshold=83892316 147472 131072 134217728 2048 262146
shrinkage=0.038568


Tree=53
num_leaves=10
num_cat=1
split_feature=4 16 3 9 14 19 7 9 3
split_gain=3.20901 2.30267 1.82578 1.6652 1.61169 3.45741 2.11886 1.38203 0.615365
threshold=0 17195.500000000004 48.462550000000007 147.25000000000003 6790.0000000000009 2132.5000000000005 10.750000000000002 4.7500000000000009 66.895250000000019
decision_type=5 2 2 2 2 2 2 2 2
left_child=1 7 4 -3 6 -6 -2 8 -1
right_child=2 3 -4 -5 5 -7 -8 -9 -10
leaf_value=-0.0091169139617933853 -0.0013226346244132312 0.03211496645843194 -0.015157111762532422 0.00069935404413459139 0.026291446605067079 -0.0071580866207105291 -0.023364879129942312 0.012291158109075389 0.0043371624453482516
leaf_count=292 1962 93 532 48 134 117 156 162 104
internal_value=0 0.207774 -0.0963742 0.588463 -0.034212 0.243588 -0.106314 0.067883 -0.102201
internal_count=3600 699 2901 141 2369 251 2118 558 396
cat_boundaries=0 6
cat_threshold=352328030 410640 17465352 142671872 2048 262146
shrinkage=0.038568


Tree=54
num_leaves=10
num_cat=1
split_feature=4 16 9 15 15 16 7 3 3
split_gain=3.10448 2.11636 1.29248 2.33244 3.11771 2.86127 1.13173 0.84195 0.707774
threshold=0 17195.500000000004 122.50000000000001 4598.5000000000009 10.750000000000002 64668.250000000007 33.250000000000007 45.258900000000004 52.301700000000004
decision_type=5 2 2 2 2 2 2 2 2
left_child=1 6 3 4 -2 -5 7 -1 -8
right_child=2 -3 -4 5 -6 -7 8 -9 -10
leaf_value=-0.014455142245522329 -0.0011762785778958464 0.027024598853388 -0.016791655404123258 0.015675791676940807 -0.021268669629632916 -0.011483884291327994 0.016897810399695359 0.0045020168525635616 -0
leaf_count=147 2034 66 216 313 432 103 99 78 112
internal_value=0 0.235501 -0.0817247 -0.0485587 -0.140505 0.207093 0.106907 -0.125211 0.287282
internal_count=3600 502 3098 2882 2466 416 436 225 211
cat_boundaries=0 6
cat_threshold=83892572 409616 16941056 134283264 2048 262146
shrinkage=0.038568


end of trees

feature importances:
n_1=98
c_table_1.c_3=47
n_table_1.n_20=47
n_table_1.n_2=39
c_table_1.c_2=29
n_table_1.n_16=29
n_table_1.n_9=24
n_table_1.n_17=22
n_table_1.n_15=21
n_table_1.n_26=21
n_table_1.n_7=19
n_table_1.n_6=17
n_table_1.n_19=11
n_table_1.n_11=10
n_table_1.n_12=10
n_table_1.n_5=9
n_table_1.n_8=9
n_table_1.n_18=9
c_table_1.c_1=7
c_table_1.c_4=2
n_table_1.n_10=2
n_table_1.n_27=1

parameters:
[boosting: gbdt]
[objective: binary]
[metric: auc]
[tree_learner: serial]
[device_type: cpu]
[data: ]
[valid: ]
[num_iterations: 100]
[learning_rate: 0.038568]
[num_leaves: 10]
[num_threads: 4]
[max_depth: 4]
[min_data_in_leaf: 20]
[min_sum_hessian_in_leaf: 4.44887]
[bagging_fraction: 0.9]
[bagging_freq: 100]
[bagging_seed: 3]
[feature_fraction: 1]
[feature_fraction_seed: 2]
[early_stopping_round: 0]
[max_delta_step: 0]
[lambda_l1: 0.335494]
[lambda_l2: 1.98079]
[min_gain_to_split: 0]
[drop_rate: 0.1]
[max_drop: 50]
[skip_drop: 0.5]
[xgboost_dart_mode: 0]
[uniform_drop: 0]
[drop_seed: 4]
[top_rate: 0.2]
[other_rate: 0.1]
[min_data_per_group: 100]
[max_cat_threshold: 32]
[cat_l2: 10]
[cat_smooth: 10]
[max_cat_to_onehot: 4]
[top_k: 20]
[monotone_constraints: ]
[feature_contri: ]
[forcedsplits_filename: ]
[refit_decay_rate: 0.9]
[verbosity: -1]
[max_bin: 255]
[min_data_in_bin: 3]
[bin_construct_sample_cnt: 200000]
[histogram_pool_size: -1]
[data_random_seed: 1]
[output_model: LightGBM_model.txt]
[snapshot_freq: -1]
[input_model: ]
[output_result: LightGBM_predict_result.txt]
[initscore_filename: ]
[valid_data_initscores: ]
[pre_partition: 0]
[enable_bundle: 1]
[max_conflict_rate: 0]
[is_enable_sparse: 1]
[sparse_threshold: 0.8]
[use_missing: 1]
[zero_as_missing: 0]
[two_round: 0]
[save_binary: 0]
[enable_load_from_binary_file: 1]
[header: 0]
[label_column: ]
[weight_column: ]
[group_column: ]
[ignore_column: ]
[categorical_feature: ]
[predict_raw_score: 0]
[predict_leaf_index: 0]
[predict_contrib: 0]
[num_iteration_predict: -1]
[pred_early_stop: 0]
[pred_early_stop_freq: 10]
[pred_early_stop_margin: 10]
[convert_model_language: ]
[convert_model: gbdt_prediction.cpp]
[num_class: 1]
[is_unbalance: 0]
[scale_pos_weight: 1]
[sigmoid: 1]
[boost_from_average: 1]
[reg_sqrt: 0]
[alpha: 0.9]
[fair_c: 1]
[poisson_max_delta_step: 0.7]
[tweedie_variance_power: 1.5]
[max_position: 20]
[label_gain: ]
[metric_freq: 1]
[is_provide_training_metric: 0]
[eval_at: ]
[num_machines: 1]
[local_listen_port: 12400]
[time_out: 120]
[machine_list_filename: ]
[machines: ]
[gpu_platform_id: -1]
[gpu_device_id: -1]
[gpu_use_dp: 0]

end of parameters

pandas_categorical:[[0, 1, 2], [0, 1, 2, 3, 4, 5, 6, 7, 8, 9, 10, 11, 12, 13, 14, 15, 16, 17, 18, 19, 20, 21, 22, 23, 24, 25, 26, 27, 28, 29, 30, 31, 32, 33, 34, 35, 36, 37, 38, 39, 40, 41, 42, 43, 44, 45, 46, 47, 48, 49, 50, 51, 52, 53, 54, 55, 56, 57, 58, 59, 60, 61, 62, 63, 64, 65, 66, 67, 68, 69, 70, 71, 72, 73, 74, 75, 76, 77, 78, 79, 80, 81, 82, 83, 84, 85, 86, 87, 88, 89, 90, 91, 92, 93, 94, 95, 96, 97, 98, 99, 100, 101, 102, 103, 104, 105, 106, 107, 108, 109, 110, 111, 112, 113, 114, 115, 116, 117, 118, 119, 120, 121, 122, 123, 124, 125, 126, 127, 128, 129, 130, 131, 132, 133, 134, 135, 136, 137, 138, 139, 140, 141, 142, 143, 144, 145, 146, 147, 148, 149, 150, 151, 152, 153, 154, 155, 156, 157, 158, 159, 160, 161, 162, 163, 164, 165, 166, 167, 168, 169, 170, 171, 172, 173, 174, 175, 176, 177, 178, 179, 180, 181, 182, 183, 184], [0, 1, 2, 3, 4, 5, 6, 7, 8, 9, 10, 11, 12, 13, 14, 15, 16, 17, 18, 19, 20, 21, 22, 23, 24, 25, 26, 27, 28, 29, 30, 31, 32, 33, 34, 35, 36, 37, 38, 39, 40, 41, 42, 43, 44, 45, 46, 47, 48, 49, 50, 51, 52, 53, 54, 55, 56, 57, 58, 59, 60, 61, 62, 63, 64, 65, 66, 67, 68, 69, 70, 71, 72, 73, 74, 75, 76, 77, 78, 79, 80, 81, 82, 83, 84, 85, 86, 87, 88, 89, 90, 91, 92, 93, 94, 95, 96, 97, 98, 99, 100, 101, 102, 103, 104, 105, 106, 107, 108, 109, 110, 111, 112, 113, 114, 115, 116, 117, 118, 119, 120, 121, 122, 123, 124, 125, 126, 127, 128, 129, 130, 131, 132, 133, 134, 135, 136, 137, 138, 139, 140, 141, 142, 143, 144, 145, 146, 147, 148, 149, 150, 151, 152, 153, 154, 155, 156, 157, 158, 159, 160, 161, 162, 163, 164, 165, 166, 167, 168, 169, 170, 171, 172, 173, 174, 175, 176, 177, 178, 179, 180, 181, 182, 183, 184, 185, 186, 187, 188, 189, 190, 191, 192, 193, 194, 195, 196, 197, 198, 199, 200, 201, 202, 203, 204, 205, 206, 207, 208, 209, 210, 211, 212, 213, 214, 215, 216], [0, 1, 2, 3, 4, 5, 6, 7, 8, 9, 10, 11, 12, 13, 14, 15, 16, 17, 18, 19, 20, 21, 22, 23, 24, 25, 26, 27, 28, 29, 30, 31, 32, 33, 34, 35, 36, 37, 38, 39, 40, 41, 42, 43, 44, 45, 46, 47, 48, 49, 50, 51, 52, 53, 54, 55, 56, 57, 58, 59, 60, 61, 62, 63, 64, 65, 66, 67, 68, 69, 70, 71, 72, 73, 74, 75, 76, 77, 78, 79, 80, 81, 82, 83, 84, 85, 86, 87, 88, 89, 90, 91, 92, 93, 94, 95, 96, 97, 98, 99, 100, 101, 102, 103, 104, 105, 106, 107, 108, 109, 110, 111, 112, 113, 114, 115, 116, 117, 118, 119, 120, 121, 122, 123, 124, 125, 126, 127, 128, 129, 130, 131, 132, 133, 134, 135, 136, 137, 138]]
