tree
version=v2
num_class=1
num_tree_per_iteration=1
label_index=0
max_feature_idx=11
objective=binary sigmoid:1
feature_names=n_1 c_table_1.c_2 c_table_1.c_4 n_table_1.n_12 n_table_1.n_15 n_table_1.n_16 n_table_1.n_18 n_table_1.n_19 n_table_1.n_26 c_table_2.c_1 n_table_2.n_13 n_table_3.n_3
feature_infos=[1:335.5] 24:0:17:16:10:7:34:23:19:60:18:15:44:28:1:5:8:35:45:38:41:68:4:12:25:13:2:75:49:20:39:48:50:46:21:111:22:92:33:56:57:59:87:27:79:120:9:37:43:62:125:26:47:96:40:61:70:73:3:6:67:72:76:31:42:66:77:85:104:108:124:132:53:54:89:91:93:136:55:64:82:84:94:101:115:121:140:36:51:71:80:81:88:97:98:102:103:119:127:135:147:149:30:52:63:118:123:133:139:144:165:167:32:58:69:74:78:90:99:110:112:114:116:131:134:137:146:161:162:166:174 4:0:10:12:2:11:7:5:45:51:35:8:18:23:33:40:77:30:37:38:41:57:29:28:16:74:62:49:13:21:48:104:6:69:22:26:39:54:19:27:72:87:95:3:31:55:56:106:15:17:60:61:96:103:92:25:66:67:78:80:81:93:94:109:113:117:122:1:24:44:46:47:53:59:65:83:84:99:112:121:133:14:20:36:63:70:82:97:102:116:136:32:34:42:52:58:64:71:75:85:90:98:107:111:115:124:129:130:131:132 [1:8524] [1:274774] [1:249100] [1:574087] [1:1285890] [1:121640] 1:0 [1:395101] [1:509664]
tree_sizes=1102 998 1039 947 973 813 1100 812 983 1220 988 791 842 1017 888 833 784 904 745 718 754 827 729 758 782 1114 535 970 953 751 761 983 704 904 699 851 881 705 737 667 910 913 875 685 988 879 895 764 840 643 808 627 685 624 839 785 482 485 705 705 815 694 615 703

Tree=0
num_leaves=13
num_cat=1
split_feature=6 0 3 9 6 10 10 10 10 6 0 6
split_gain=22.6037 7.60431 2.48124 2.37918 1.93358 0.695403 3.94739 0.447313 0.284167 0.131915 0.0854118 0.00880262
threshold=83866.750000000015 18.250000000000004 43.000000000000007 0 14377.000000000002 152.50000000000003 1.7500000000000002 1864.7500000000002 1.7500000000000002 42301.000000000007 3.2500000000000004 2916.2500000000005
decision_type=2 2 2 1 2 2 2 2 2 2 2 2
left_child=1 2 3 11 -4 6 10 -7 -2 -6 -5 -1
right_child=8 -3 4 5 9 7 -8 -9 -10 -11 -12 -13
leaf_value=-3.2070193891193721 -2.395105453364538 -2.0433457010426173 -2.4199900933453011 -2.9671393084970847 -2.9331348614862045 -3.1075278069237258 -2.2165060571296196 -2.8106757024829077 -1.3250178829507342 -2.8106757024829077 -2.8106757024829077 -2.8106757024829077
leaf_count=691 139 97 142 282 166 167 110 146 96 100 129 135
internal_value=0 -0.11901 -0.191849 -0.270424 0.038006 -0.0516136 0 -0.216322 1.25691 -0.0740787 -0.146974 -0.442871
internal_count=2400 2165 2068 1660 408 834 521 313 235 266 411 826
cat_boundaries=0 1
cat_threshold=2
shrinkage=1


Tree=1
num_leaves=12
num_cat=1
split_feature=1 11 11 11 6 11 6 11 0 6 6
split_gain=7.12528 5.79225 4.28254 3.58288 2.27846 0.56066 2.51308 0.469532 0.534137 0.294459 0.220366
threshold=0 456.25000000000006 25.000000000000004 962.50000000000011 40848.250000000007 17563.000000000004 18366.250000000004 30176.500000000004 1.7500000000000002 1.7500000000000002 103357.00000000001
decision_type=5 2 2 2 2 2 2 2 2 2 2
left_child=1 -1 4 9 -2 6 -5 -7 -9 -4 -6
right_child=2 -3 3 5 10 7 -8 8 -10 -11 -12
leaf_value=0.88956257278338557 -0.34993154831284562 -0 0.53711600603074849 -0.45860596561529821 0.14517537524579241 0.18272034302994 0.017156063574570887 0 -0.27389831327609138 0 -0.049864183377680907
leaf_count=150 1168 83 120 207 85 86 62 197 83 76 83
internal_value=0 0.38892 -0.16665 0.000200639 -0.343578 -0.108439 -0.246112 -0 -0.0894416 0.486435 0
internal_count=2400 233 2167 831 1336 635 269 366 280 196 168
cat_boundaries=0 4
cat_threshold=4268034 402718728 16 536903680
shrinkage=0.819359


Tree=2
num_leaves=13
num_cat=3
split_feature=2 2 6 6 5 9 6 6 5 3 0 6
split_gain=3.47801 2.64313 2.133 2.47309 3.40994 3.15804 0.43282 3.16906 1.67179 1.30073 0.258136 0.0849549
threshold=0 1 129145.50000000001 33567.250000000007 241.75000000000003 2 36334.750000000007 90298.750000000015 128.50000000000003 40.750000000000007 12.250000000000002 1.7500000000000002
decision_type=5 5 2 2 2 1 2 2 2 2 2 2
left_child=1 6 3 4 11 -6 8 -8 10 -10 -1 -2
right_child=2 -3 -4 -5 5 -7 7 -9 9 -11 -12 -13
leaf_value=0.02278403768271 0 -0.39856498627830733 0.51598118492095679 -0.22147692961492441 0 0.88921310382750396 0.57818284657312446 -0.15226439589420876 -0.52768933417724095 -0 -0.12880116598224287 -0.098237505107011638
leaf_count=1071 106 176 65 160 103 135 69 59 147 92 111 106
internal_value=0 -0.160983 0.147547 0.00818952 0.255896 0.635336 -0.033542 0.0602486 -0.0871943 -0.394749 -0 -0
internal_count=2400 1725 675 610 450 238 1549 128 1421 239 1182 212
cat_boundaries=0 3 4 5
cat_threshold=263461 1073742088 8192 1 1
shrinkage=0.819359


Tree=3
num_leaves=11
num_cat=1
split_feature=1 11 11 8 8 11 5 11 5 6
split_gain=8.08993 1.60992 1.56707 0.951844 1.36727 0.697411 0.766177 1.31185 1.00572 0.549931
threshold=0 25.000000000000004 456.25000000000006 130.75000000000003 9.2500000000000018 847.00000000000011 822.25000000000011 25500.250000000004 37876.000000000007 2916.2500000000005
decision_type=5 2 2 2 2 2 2 2 2 2
left_child=-1 3 -3 4 9 -4 7 -7 -8 -2
right_child=1 2 5 -5 -6 6 8 -9 -10 -11
leaf_value=-0.36925593582897359 -0.081729623068568985 0.45682856909581415 -0.13037394674965558 0.14654229618705594 -0.38176973364444944 0.4251231659715255 -0.21764902839188005 -0 0.20404704234194945 0.13591084311550697
leaf_count=457 794 108 74 125 120 231 110 206 40 135
internal_value=0 0.0519925 0.197315 -0.0305815 -0.120826 0.0393213 0.135149 0.265868 -0 -0
internal_count=2400 1943 769 1174 1049 661 587 437 150 929
cat_boundaries=0 2
cat_threshold=45978034 4736
shrinkage=0.819359


Tree=4
num_leaves=11
num_cat=1
split_feature=7 2 7 11 11 11 7 7 11 11
split_gain=4.50202 2.35904 2.38203 0.932344 0.666921 0.944627 1.68029 0.811986 0.166403 0.0502302
threshold=576519.00000000012 0 145401.00000000003 17563.000000000004 3065.5000000000005 25.000000000000004 806.50000000000011 3.2500000000000004 28688.500000000004 90190.750000000015
decision_type=2 5 2 2 2 2 2 2 2 2
left_child=1 -1 3 4 5 7 -7 -3 -5 -10
right_child=-2 2 -4 8 -6 6 -8 -9 9 -11
leaf_value=0.13785131487848068 0.60910869705731174 -0 -0.4032945323798876 0.16543061840008719 -0.38808671759544117 -0.031360639134675884 0.39679028204716177 -0.220032867810975 -0.052226181721691967 0.050794078554088531
leaf_count=211 31 615 245 67 159 164 94 564 146 104
internal_value=0 -0.114691 -0.164475 -0.0801539 -0.138051 -0.0690861 0.0411611 -0.161106 0.0649548 -0
internal_count=2400 2369 2158 1913 1596 1437 258 1179 317 250
cat_boundaries=0 3
cat_threshold=1082132496 532994 1024
shrinkage=0.819359


Tree=5
num_leaves=10
num_cat=1
split_feature=10 4 3 10 3 10 0 0 9
split_gain=1.54723 1.22306 0.875226 0.659348 0.564037 0.542325 0.242701 0.0025248 0.247508
threshold=152.50000000000003 254.50000000000003 139.75000000000003 448.75000000000006 783.25000000000011 3102.2500000000005 10.750000000000002 3.2500000000000004 0
decision_type=2 2 2 2 2 2 2 2 1
left_child=1 6 3 -2 -3 -5 7 8 -1
right_child=2 4 -4 5 -6 -7 -8 -9 -10
leaf_value=0 -0.26235030627795947 0.17326637876740089 -0.36337840826703721 0.20670095121091092 -0 -0 -0.14958997875089428 0 -0.1052829694836295
leaf_count=466 138 675 114 163 128 119 130 196 271
internal_value=0 0.0353291 -0.213658 -0 0.158564 0.0319461 -0.0508559 -0 -0.00949471
internal_count=2400 1866 534 420 803 282 1063 933 737
cat_boundaries=0 1
cat_threshold=2
shrinkage=0.819359


Tree=6
num_leaves=14
num_cat=1
split_feature=2 8 5 5 5 5 11 11 10 10 5 3 11
split_gain=1.83445 1.48815 0.170524 0.843689 0.573269 1.13489 1.53696 0.437072 1.18763 0.748574 0.128247 0.108793 0.0803955
threshold=0 1138.0000000000002 37876.000000000007 8083.0000000000009 19.750000000000004 1027.7500000000002 25.000000000000004 19354.750000000004 3.2500000000000004 1578.2500000000002 18433.000000000004 355.00000000000006 162.25000000000003
decision_type=5 2 2 2 2 2 2 2 2 2 2 2 2
left_child=-1 2 3 4 7 6 -6 8 -2 -9 -5 -4 -7
right_child=1 -3 11 10 5 12 -8 9 -10 -11 -12 -13 -14
leaf_value=-0.2440168715589823 -0 0.40998638103969426 0.15406003788970787 -0.32089812959452341 0 0 0.56159111876896717 0.2902970520999153 -0.30142116183798545 -0 -0 -0 -0.096358166621069982
leaf_count=213 894 53 41 105 168 189 83 113 192 97 112 45 95
internal_value=0 0.0128164 -0 -0.0248313 0 0.123743 0.339163 -0.0446305 -0.107034 0.0384659 -0.248458 0.0982381 -0
internal_count=2400 2187 2134 2048 1831 535 251 1296 1086 210 217 86 284
cat_boundaries=0 4
cat_threshold=805569828 1073742088 8192 256
shrinkage=0.819359


Tree=7
num_leaves=9
num_cat=1
split_feature=2 7 0 0 6 7 6 5
split_gain=0.991537 1.25757 0.656121 0.679291 0.823048 0.629139 1.02483 0.879979
threshold=0 553938.00000000012 18.250000000000004 10.750000000000002 150181.50000000003 51646.000000000007 5658.2500000000009 24007.750000000004
decision_type=5 2 2 2 2 2 2 2
left_child=-1 2 3 4 5 6 -2 -7
right_child=1 -3 -4 -5 -6 7 -8 -9
leaf_value=-0.18538824444052832 0.0075326804735328439 0.3775819691320213 0.16463803203591043 -0.27673667217542575 -0.26289687055454286 0.29616754981673776 -0.21702428095591297 -0
leaf_count=219 1309 26 91 137 92 203 230 93
internal_value=0 0 -0.0162777 -0.0554383 -0.00778124 0 -0.0217386 0.178682
internal_count=2400 2181 2155 2064 1927 1835 1539 296
cat_boundaries=0 4
cat_threshold=536937764 524552 9216 256
shrinkage=0.819359


Tree=8
num_leaves=12
num_cat=1
split_feature=10 2 4 6 7 5 5 6 7 5 10
split_gain=0.982374 0.641257 1.6888 1.04762 0.756353 0.637448 0.631422 0.230057 0.119308 0.361169 0.0205001
threshold=152.50000000000003 0 16066.750000000002 9832.7500000000018 9667.0000000000018 37876.000000000007 822.25000000000011 124838.00000000001 865.75000000000011 68.500000000000014 1689.2500000000002
decision_type=2 5 2 2 2 2 2 2 2 2 2
left_child=1 2 8 4 -3 6 10 -5 -1 -10 -2
right_child=5 3 -4 7 -6 -7 -8 -9 9 -11 -12
leaf_value=0.026034174637326463 -0.04943946685552366 -0.050176514097407393 0.31166369505306357 -0.3008829183135901 0.27364086215070388 0 -0.47183536238828416 -0 -0.22577798341550115 0 0
leaf_count=883 178 131 155 226 90 46 140 62 109 210 170
internal_value=0 0.00703053 0.073003 -0.078038 0 -0.185733 -0.262449 -0.283529 -0 -0.069003 -0.0235687
internal_count=2400 1866 1357 509 221 534 488 288 1202 319 348
cat_boundaries=0 3
cat_threshold=1082134545 532544 1024
shrinkage=0.819359


Tree=9
num_leaves=16
num_cat=2
split_feature=2 0 3 0 0 0 11 5 9 5 3 5 3 11 11
split_gain=0.621232 0.854278 0.612763 0.315946 0.213708 0.168894 0.362672 0.321567 0.631184 0.141893 0.689336 0.642116 0.0095098 0.00466733 0.00221513
threshold=0 7.7500000000000009 157.00000000000003 10.750000000000002 21.250000000000004 6.2500000000000009 14005.750000000002 40.750000000000007 1 2122.7500000000005 187.75000000000003 156.25000000000003 594.25000000000011 143.50000000000003 42622.000000000007
decision_type=5 2 2 2 2 2 2 2 1 2 2 2 2 2 2
left_child=2 9 3 5 -5 6 7 8 -1 11 -11 -2 -4 -12 -8
right_child=1 -3 12 4 -6 -7 14 -9 -10 10 13 -13 -14 -15 -16
leaf_value=0 -0 0.29031291435000084 -0.25731238647734478 -0.24462644620727605 -0 0.13530529233882854 0.10012588081142321 0 -0.23479663410380494 -0.26912700960280633 -0 0.25512794353643703 -0 0.020714415354932524 0
leaf_count=447 170 89 173 121 56 140 115 168 335 106 100 91 111 61 117
internal_value=0 0.042789 -0.0817821 -0.00965822 -0.169878 0 -0 -0.0832147 -0.145563 -0 -0.068078 0.0582555 -0.258523 0 0.0907327
internal_count=2400 617 1783 1499 177 1322 1182 950 782 528 267 261 284 161 232
cat_boundaries=0 3 4
cat_threshold=805635365 524552 9216 2
shrinkage=0.819359


Tree=10
num_leaves=13
num_cat=1
split_feature=10 8 11 2 10 11 11 3 8 3 3 11
split_gain=0.355738 0.660447 0.671949 0.555098 0.630338 0.258468 0.534084 0.234529 0.243532 0.162888 0.328801 0.131914
threshold=152.50000000000003 32.500000000000007 99332.500000000015 0 1.7500000000000002 941.50000000000011 25.000000000000004 10.750000000000002 188.50000000000003 12.250000000000002 294.25000000000006 20694.250000000004
decision_type=2 2 2 5 2 2 2 2 2 2 2 2
left_child=3 2 11 5 7 6 9 -5 -9 -1 -11 -2
right_child=1 -3 -4 4 -6 -7 -8 8 -10 10 -12 -13
leaf_value=-0 -0 0 0 -0 0 -0 0.25222074474953637 -0.30337502398127181 -0 0.17456754636191418 -0 -0.37516858921302371
leaf_count=801 151 123 99 153 65 152 143 198 131 159 64 161
internal_value=0 -0.11234 -0.226637 0.00702037 -0.0670095 0.071552 0.113334 -0.189524 -0.247801 0.00404129 0.0980046 -0.346256
internal_count=2400 534 411 1866 547 1319 1167 482 329 1024 223 312
cat_boundaries=0 2
cat_threshold=1082136577 532544
shrinkage=0.819359


Tree=11
num_leaves=9
num_cat=2
split_feature=1 5 5 5 5 0 0 1
split_gain=5.82955 0.963997 1.84804 0.9158 2.35985 0.358798 1.48393 0.304639
threshold=0 18608.500000000004 62008.750000000007 2409.2500000000005 527.50000000000011 18.250000000000004 1.7500000000000002 1
decision_type=5 2 2 2 2 2 2 5
left_child=-1 3 -3 4 5 6 7 -2
right_child=1 2 -4 -5 -6 -7 -8 -9
leaf_value=-0.31875140639835781 0.070225907333533066 0.46810184712254188 -0 -0.23673395324611016 0.50793235782316781 0.13579837804512776 -0.27016699650515752 -0.04193083556002522
leaf_count=699 663 90 43 216 91 51 350 197
internal_value=0 0.0327441 0.267362 -0 0.0333382 -0 -0.0634571 0.00292803
internal_count=2400 1701 133 1568 1352 1261 1210 860
cat_boundaries=0 3 4
cat_threshold=323977392 1074008268 16 1
shrinkage=0.819359


Tree=12
num_leaves=10
num_cat=2
split_feature=1 2 7 4 4 6 6 0 7
split_gain=3.01931 1.44614 1.7803 3.41078 1.10732 0.574978 0.935767 0.104701 0.00426116
threshold=0 1 169.75000000000003 59480.500000000007 11596.000000000002 18366.250000000004 271.75000000000006 1.7500000000000002 389942.00000000006
decision_type=5 5 2 2 2 2 2 2 2
left_child=4 2 7 -4 -1 6 -3 -2 -7
right_child=1 5 3 -5 -6 8 -8 -9 -10
leaf_value=-0.53600824879114817 0.022432434523848674 -0 0.5126441937941395 -0 -0 0 -0.44777753651947549 -0.065991155869171952 -0.022030974085534661
leaf_count=321 683 115 361 124 178 147 141 294 36
internal_value=0 0.0142379 0.109198 0.334871 -0.31976 -0.127102 -0.318892 -0 -0
internal_count=2400 1901 1462 485 499 439 256 977 183
cat_boundaries=0 3 6
cat_threshold=445621264 1074004032 8388608 8388645 1107820554 8192
shrinkage=0.819359


Tree=13
num_leaves=13
num_cat=2
split_feature=7 9 3 7 7 3 10 10 9 7 7 3
split_gain=0.609187 1.33496 0.246951 0.782133 0.344904 0.52771 0.172243 1.18896 0.844994 0.153169 0.645491 0.152792
threshold=865.75000000000011 0 79.750000000000014 25374.250000000004 389942.00000000006 594.25000000000011 6.2500000000000009 229.00000000000003 1 60783.250000000007 290527.00000000006 208.75000000000003
decision_type=2 1 2 2 2 2 2 2 1 2 2 2
left_child=6 2 3 -2 5 11 8 -8 -1 -3 -11 -4
right_child=1 9 4 -5 -6 -7 7 -9 -10 10 -12 -13
leaf_value=-0.0021163377278595875 -0.28672597009047135 -0.3537449458953062 0.10509892612939949 0 -0 0.32384214915436299 -0.35572791757989641 0 0.20237098586813421 0 -0.22664361665168867 -0.067814316413589648
leaf_count=516 207 350 96 90 48 90 101 266 308 139 89 100
internal_value=0 -0.134068 -0 -0.108124 0.0612896 0.156066 0 -0.0592153 0.0595854 -0.287873 -0.0368829 0
internal_count=2400 1209 631 297 334 286 1191 367 824 578 228 196
cat_boundaries=0 1 2
cat_threshold=2 2
shrinkage=0.819359


Tree=14
num_leaves=10
num_cat=2
split_feature=1 1 0 8 5 5 6 10 10
split_gain=1.18755 0.232768 0.374979 1.07645 1.34796 1.2868 0.88069 0.369939 0.294608
threshold=0 1 6.2500000000000009 285.25000000000006 2409.2500000000005 1.7500000000000002 1.7500000000000002 3.2500000000000004 229.00000000000003
decision_type=5 5 2 2 2 2 2 2 2
left_child=-1 7 3 4 5 8 -4 -2 -3
right_child=1 2 6 -5 -6 -7 -8 -9 -10
leaf_value=-0.17874507525026484 0.2101540460513211 -0.073392092330946068 0 0.35216257238624926 -0.25849580516319914 0.3641319631170431 -0.32637409599921097 -0 0.078337715415226938
leaf_count=533 149 689 211 56 237 120 119 82 204
internal_value=0 0.000907455 -0.00489334 0.00389275 -0.00541831 0.043094 -0.14279 0.0922145 -0
internal_count=2400 1867 1636 1306 1250 1013 330 231 893
cat_boundaries=0 3 6
cat_threshold=306942128 1074139712 8390656 1049606 402677764 16
shrinkage=0.819359


Tree=15
num_leaves=10
num_cat=0
split_feature=8 7 5 5 5 5 7 10 7
split_gain=0.822562 1.19106 0.799878 0.24892 0.284389 0.275913 0.0775314 0.0849851 0.00536268
threshold=229.75000000000003 389942.00000000006 25318.750000000004 5438.5000000000009 751.00000000000011 49.750000000000007 558.25000000000011 2140.7500000000005 222467.00000000003
decision_type=2 2 2 2 2 2 2 2 2
left_child=2 8 3 4 5 6 7 -1 -2
right_child=1 -3 -4 -5 -6 -7 -8 -9 -10
leaf_value=-0.039000401813905426 -0.021219435883520758 -0.47167733105496362 0.21721606985420397 -0.16393838316617845 0.13588265371400693 -0.15323372620608749 0.072240816009018605 0 0
leaf_count=1028 128 54 103 208 203 166 273 114 123
internal_value=0 -0.20137 0.00225434 -0.0105198 0 -0.0180328 0 -0.00828423 -0
internal_count=2400 305 2095 1992 1784 1581 1415 1142 251
shrinkage=0.819359


Tree=16
num_leaves=9
num_cat=1
split_feature=11 11 2 7 3 3 3 4
split_gain=1.13902 2.15033 0.697118 0.319805 0.511592 1.14066 0.135847 0.161048
threshold=134020.00000000003 42214.750000000007 0 1.7500000000000002 1.7500000000000002 36.250000000000007 90.250000000000014 42843.250000000007
decision_type=2 2 5 2 2 2 2 2
left_child=1 2 3 -1 -5 -6 -4 -8
right_child=-2 -3 6 4 5 -7 7 -9
leaf_value=-0 -0.36274964157445477 0.42444882544477452 0 -0.29292777299238332 0.201102370374934 -0.14110732793852634 0.25236808846299663 0
leaf_count=908 94 155 229 305 110 339 139 121
internal_value=0 0.000813666 -0.0212255 -0.0787785 -0.150177 -0.00315164 0.0841617 0.186152
internal_count=2400 2306 2151 1662 754 449 489 260
cat_boundaries=0 3
cat_threshold=8396177 533024 1024
shrinkage=0.819359


Tree=17
num_leaves=11
num_cat=2
split_feature=1 2 5 7 7 7 7 7 0 0
split_gain=0.817774 0.360985 0.823767 0.750178 0.450024 0.443288 0.226099 0.141054 0.0355895 0.0341228
threshold=0 1 5351.5000000000009 375523.00000000006 10770.250000000002 558.25000000000011 33877.000000000007 2325.2500000000005 1.7500000000000002 9.2500000000000018
decision_type=5 5 2 2 2 2 2 2 2 2
left_child=7 -2 4 -4 5 8 -6 -1 -3 -10
right_child=1 2 3 -5 6 -7 -8 -9 9 -11
leaf_value=-0 -0.046642582880814805 0.029291524368435067 0.34419398200271811 -0 -0.20767675842682889 0.26304036571407918 0 -0.21132464866084918 -0.06231025308505389 0
leaf_count=134 185 703 236 55 117 154 80 408 185 143
internal_value=0 0.0329884 0.0694205 0.266365 0 0.0640477 -0.139906 -0.147866 0 -0
internal_count=2400 1858 1673 291 1382 1185 197 542 1031 328
cat_boundaries=0 3 5
cat_threshold=466097202 1074135620 8388624 15504 544
shrinkage=0.819359


Tree=18
num_leaves=9
num_cat=0
split_feature=8 4 7 4 4 7 0 0
split_gain=0.300517 0.766292 0.643881 0.527446 0.52004 0.45576 0.414386 0.00720225
threshold=229.75000000000003 8639.5000000000018 14968.750000000002 25.750000000000004 18961.750000000004 3.2500000000000004 1.7500000000000002 1.7500000000000002
decision_type=2 2 2 2 2 2 2 2
left_child=1 2 3 5 -3 7 -2 -1
right_child=6 4 -4 -5 -6 -7 -8 -9
leaf_value=0.011335986952520923 -0.18455021894834295 0.35754321104087211 -0.22301654362266379 0.17464461448663407 0 -0.20662889312219984 0 -0.0090833191039719867
leaf_count=738 216 116 242 274 194 223 89 308
internal_value=0 0 -0.034054 0 0.186958 -0.0368659 -0.124023 0
internal_count=2400 2095 1785 1543 310 1269 305 1046
shrinkage=0.819359


Tree=19
num_leaves=8
num_cat=3
split_feature=11 1 1 11 6 9 6
split_gain=0.449176 1.23228 0.957213 2.16072 0.509943 0.486269 0.0385146
threshold=456.25000000000006 0 1 34136.500000000007 536.50000000000011 2 4.7500000000000009
decision_type=2 5 5 2 2 1 2
left_child=1 -1 -2 -4 5 -3 -5
right_child=2 4 3 6 -6 -7 -8
leaf_value=-0.14279836394310347 0.07170633528825357 -0.094709829471218726 -0.35419879198602489 0.055415971917922406 0.16999745387000742 0.11985958470529015 -0
leaf_count=319 115 484 417 159 510 267 129
internal_value=0 0.0328869 -0.0976196 -0.165899 0.105164 0 0
internal_count=2400 1580 820 705 1261 751 288
cat_boundaries=0 2 4 5
cat_threshold=319689010 393280 25559072 268435456 2
shrinkage=0.819359


Tree=20
num_leaves=9
num_cat=1
split_feature=1 5 11 11 0 5 0 5
split_gain=0.80076 0.336037 0.219202 0.570264 0.189621 0.201258 0.0251127 0.140361
threshold=0 40927.750000000007 42622.000000000007 847.00000000000011 1.7500000000000002 49.750000000000007 7.7500000000000009 116.50000000000001
decision_type=5 2 2 2 2 2 2 2
left_child=2 4 3 6 5 -2 7 -1
right_child=1 -3 -4 -5 -6 -7 -8 -9
leaf_value=-0.064685151890690296 -0 0 -0 0.24169479102095076 -0 -0.22677904570263727 0.041667638577778388 0.033781711196224765
leaf_count=652 183 110 148 301 280 404 163 159
internal_value=0 -0.100365 0.0574724 0.0989495 -0.168079 -0.224587 0 -0
internal_count=2400 977 1423 1275 867 587 974 811
cat_boundaries=0 2
cat_threshold=26616967 268443648
shrinkage=0.819359


Tree=21
num_leaves=10
num_cat=0
split_feature=10 10 10 3 3 4 3 4 7
split_gain=0.353298 0.834874 0.303749 0.269702 0.483693 0.252735 0.21015 0.106831 0.0454912
threshold=357.25000000000006 2018.5000000000002 128.50000000000003 208.75000000000003 129.25000000000003 17360.500000000004 22.750000000000004 48773.500000000007 2001.2500000000002
decision_type=2 2 2 2 2 2 2 2 2
left_child=2 -2 3 4 6 -5 8 -7 -1
right_child=1 -3 -4 5 -6 7 -8 -9 -10
leaf_value=0.04461875984845684 -0.28945024088702415 0 0.18856502741132172 -0.20940456011829417 0.23876482543352329 0.075049502458585993 -0.11814925055313422 -0.064789520309697216 -0
leaf_count=944 237 259 120 107 114 80 166 121 252
internal_value=0 -0.116228 0.0244853 0 0.0418436 -0.0923285 0 -0 0.0341495
internal_count=2400 496 1904 1784 1476 308 1362 201 1196
shrinkage=0.819359


Tree=22
num_leaves=9
num_cat=1
split_feature=9 11 7 7 5 5 4 4
split_gain=2.87716 2.21574 1.76969 3.69998 1.04016 0.503646 0.138889 0.0135773
threshold=0 941.50000000000011 73870.000000000015 290527.00000000006 26002.000000000004 4.7500000000000009 3084.2500000000005 33350.500000000007
decision_type=1 2 2 2 2 2 2 2
left_child=2 4 6 7 -2 -3 -1 -4
right_child=1 5 3 -5 -6 -7 -8 -9
leaf_value=0.41769267100886709 -0.25386397433050872 0.22544408843783273 -0 0.47542244272976547 0 -0 0 -0.34830191934373284
leaf_count=803 560 334 76 77 63 242 167 78
internal_value=0 -0.0299297 0.277444 0 -0.223506 0.159286 0.426142 -0.308891
internal_count=2400 1199 1201 231 623 576 970 154
cat_boundaries=0 1
cat_threshold=2
shrinkage=0.819359


Tree=23
num_leaves=9
num_cat=1
split_feature=1 0 8 5 11 8 5 11
split_gain=5.97412 2.02881 0.606685 1.6882 1.5815 1.4088 0.939452 0.324587
threshold=0 24.250000000000004 1.7500000000000002 5420.5000000000009 1384.7500000000002 379.75000000000006 275.50000000000006 80202.250000000015
decision_type=5 2 2 2 2 2 2 2
left_child=-1 2 4 -4 6 -5 -2 -6
right_child=1 -3 3 5 7 -7 -8 -9
leaf_value=-0.31037576318440396 0.24702064349292702 -0.20270241063360797 0 0.66187481207931553 -0.13839810414438522 0 -0 0
leaf_count=334 886 55 263 189 304 127 140 102
internal_value=0 0.130566 0.201287 0.355731 0.0883615 0.532619 0.225669 -0.0684405
internal_count=2400 2066 2011 579 1432 316 1026 406
cat_boundaries=0 3
cat_threshold=280502274 268439620 16
shrinkage=0.819359


Tree=24
num_leaves=9
num_cat=1
split_feature=1 5 5 4 3 5 4 5
split_gain=1.90727 1.264 1.57999 1.98683 0.626465 0.452391 0.433035 1.67646
threshold=0 109311.50000000001 7144.7500000000009 59480.500000000007 79.750000000000014 1555.0000000000002 2156.5000000000005 1.7500000000000002
decision_type=5 2 2 2 2 2 2 2
left_child=4 2 5 -4 -1 6 7 -2
right_child=1 -3 3 -5 -6 -7 -8 -9
leaf_value=0 -0.024246870345361233 0.19486671496857139 -0.54801703710595551 -0 0.47429296703285811 0.07279083843283099 0 -0.51213950138127695
leaf_count=168 1205 35 175 107 174 213 150 173
internal_value=0 -0.0899892 -0.138562 -0.396325 0.215926 -0.0437564 -0.0862643 -0.123978
internal_count=2400 2058 2023 282 342 1741 1528 1378
cat_boundaries=0 3
cat_threshold=21405748 262144 2048
shrinkage=0.819359


Tree=25
num_leaves=14
num_cat=1
split_feature=1 7 7 11 3 11 7 4 0 7 11 11 11
split_gain=1.66755 0.927091 1.87865 1.66846 0.646883 0.81308 0.424353 0.905557 0.316803 0.321384 0.546076 0.314579 0.00667838
threshold=0 7137.2500000000009 24586.750000000004 5311.7500000000009 670.00000000000011 469.00000000000006 182320.00000000003 14744.500000000002 10.750000000000002 1.7500000000000002 18401.500000000004 742.00000000000011 60446.500000000007
decision_type=5 2 2 2 2 2 2 2 2 2 2 2 2
left_child=4 8 -3 6 5 -1 7 -4 9 10 11 -2 -12
right_child=1 2 3 -5 -6 -7 -8 -9 -10 -11 12 -13 -14
leaf_value=-0.40638711920905685 0.012950424590163602 0.5272421528856891 0 0.36818699254474535 0 -0 0 -0.38195814718470805 -0.14256108098488104 -0.087395383558046172 -0.026611070319524859 0.35530727880791679 0
leaf_count=317 584 150 123 133 78 150 98 81 153 235 89 131 78
internal_value=0 0.0485314 0.185662 0 -0.202842 -0.371571 -0.0826305 -0.208767 -0 0.00691458 0.0754951 0.159397 -0
internal_count=2400 1855 585 435 545 467 302 204 1270 1117 882 715 167
cat_boundaries=0 3
cat_threshold=297336866 268440140 16
shrinkage=0.819359


Tree=26
num_leaves=6
num_cat=1
split_feature=1 4 6 8 4
split_gain=0.535558 0.481678 0.185611 0.251834 0.374286
threshold=0 19213.750000000004 1.7500000000000002 751.00000000000011 25779.250000000004
decision_type=5 2 2 2 2
left_child=1 -1 -2 4 -4
right_child=2 -3 3 -5 -6
leaf_value=0.24508614414852858 -0 -0 -0.16890944368071942 0 -0
leaf_count=335 1108 102 561 130 164
internal_value=0 0.100437 -0.0493718 -0.101815 -0.135769
internal_count=2400 437 1963 855 725
cat_boundaries=0 2
cat_threshold=17237124 270344
shrinkage=0.819359


Tree=27
num_leaves=12
num_cat=2
split_feature=1 10 10 5 7 10 1 0 7 7 7
split_gain=0.539522 1.62786 0.911083 0.727605 0.812267 0.64957 0.252262 0.410443 0.120035 0.136302 0.0220726
threshold=0 37.750000000000007 1689.2500000000002 68.500000000000014 24586.750000000004 2696.5000000000005 1 13.750000000000002 182320.00000000003 61973.500000000007 413985.50000000006
decision_type=5 2 2 2 2 2 5 2 2 2 2
left_child=1 6 3 -2 -5 -3 7 -1 9 -6 -10
right_child=2 5 -4 4 8 -7 -8 -9 10 -11 -12
leaf_value=0.11125806762852802 -0.18232181227621314 -0.36513373618172484 0.33883930719482486 0.29410180567184407 0 -0 -0.057867516098396465 -0 0.082563668000316615 -0.12651401190894682 0
leaf_count=761 257 267 113 150 136 130 244 69 103 120 50
internal_value=0 -0.0642241 0.061437 0 0.0854229 -0.308736 0 0.0577559 -0 -0.066073 0.0658252
internal_count=2400 1471 929 816 559 397 1074 830 409 256 153
cat_boundaries=0 3 4
cat_threshold=297341217 70148 2064 16842785
shrinkage=0.819359


Tree=28
num_leaves=12
num_cat=3
split_feature=1 0 0 0 1 7 7 3 3 0 9
split_gain=0.293626 0.587812 0.305224 0.217763 0.174571 0.33308 0.5456 0.263587 0.227645 0.06662 0.045704
threshold=0 7.7500000000000009 1.7500000000000002 6.2500000000000009 1 139898.00000000003 413985.50000000006 187.75000000000003 6.2500000000000009 15.250000000000002 2
decision_type=5 2 2 2 5 2 2 2 2 2 1
left_child=2 4 10 -4 7 8 -7 -2 -6 -5 -1
right_child=1 -3 3 9 5 6 -8 -9 -10 -11 -12
leaf_value=0 -0 0.20710309910668098 -0.3002396579532825 0 -0 0.1893575149531278 -0.12302493026718876 0.20165936173071644 -0.22468844279519121 -0.079817252691873189 -0.034877490132886727
leaf_count=484 155 151 152 200 161 95 53 77 257 90 525
internal_value=0 0.0199481 -0.0613068 -0.180348 -0 -0.0567806 0 0.0465246 -0.172794 -0 -0
internal_count=2400 949 1451 442 798 566 148 232 418 290 1009
cat_boundaries=0 3 5 6
cat_threshold=297309217 268439556 2064 4595842 73736 2
shrinkage=0.819359


Tree=29
num_leaves=9
num_cat=0
split_feature=5 6 6 6 6 0 0 6
split_gain=0.140511 0.63627 1.10955 0.488217 0.294506 0.0872775 0.260457 0.000771367
threshold=109311.50000000001 67707.250000000015 35350.000000000007 3299.5000000000005 8798.5000000000018 13.750000000000002 1.7500000000000002 17067.250000000004
decision_type=2 2 2 2 2 2 2 2
left_child=1 2 3 5 -5 6 -1 -6
right_child=-2 -3 -4 4 7 -7 -8 -9
leaf_value=-0 0.076798568951721422 -0.15394959890092422 0.33040119057219591 -0.25399968285302954 0 -0.040491312308749736 0.13585550573154806 -0.0088461610629626403
leaf_count=992 35 265 133 150 129 121 376 199
internal_value=0 -0.0282255 0 -0.0225047 -0.15867 0 0.0344791 -0
internal_count=2400 2365 2100 1967 478 1489 1368 328
shrinkage=0.819359


Tree=30
num_leaves=9
num_cat=3
split_feature=1 4 4 8 8 0 1 9
split_gain=0.152839 0.221602 0.106368 0.441619 0.21275 0.206176 0.188441 0.259832
threshold=0 58801.750000000007 12719.500000000002 49.750000000000007 182.50000000000003 4.7500000000000009 1 2
decision_type=5 2 2 2 2 2 5 1
left_child=-1 2 3 5 -4 6 -2 -8
right_child=1 -3 4 -5 -6 -7 7 -9
leaf_value=-0.064617650266365387 0.04824488822094973 0.10497631383584693 0 0.2096223577808137 -0.16321254226831414 -0.084662187523204743 -0.1568866366594005 0
leaf_count=412 771 145 110 93 119 397 200 153
internal_value=0 0.00321792 -0 0 -0.0894482 -0 0.00147142 -0.0313078
internal_count=2400 1988 1843 1614 229 1521 1124 353
cat_boundaries=0 3 4 5
cat_threshold=297545728 69636 16 131089 2
shrinkage=0.819359


Tree=31
num_leaves=12
num_cat=2
split_feature=2 11 11 2 8 8 4 11 4 3 11
split_gain=0.860522 0.625359 0.840161 0.392902 1.19916 0.933966 0.397729 0.345901 0.173216 0.201185 0.0325217
threshold=0 39151.000000000007 71482.750000000015 1 36.250000000000007 285.25000000000006 13135.000000000002 14005.750000000002 862.75000000000011 36.250000000000007 162.25000000000003
decision_type=5 2 2 5 2 2 2 2 2 2 2
left_child=-1 3 -3 5 -5 7 -6 8 10 -10 -2
right_child=1 2 -4 4 6 -7 -8 -9 9 -11 -12
leaf_value=0.16782030109422172 0.015290364992726452 -0.43647936931035908 -0 0 -0 0.31223920170067876 -0.37887489140827257 0.15243510670581839 -0 -0.18435473732030522 -0.03256442622810702
leaf_count=144 773 110 159 237 109 69 170 130 144 128 227
internal_value=0 -0.0400713 -0.23399 -0 -0.100735 0.0261983 -0.336802 -0 -0.0338988 -0.122248 -0
internal_count=2400 2256 269 1987 516 1471 279 1402 1272 272 1000
cat_boundaries=0 3 5
cat_threshold=8392740 1073872928 8192 145 8192
shrinkage=0.819359


Tree=32
num_leaves=8
num_cat=2
split_feature=2 11 9 11 6 4 6
split_gain=0.631645 1.37845 0.78631 0.407402 0.059403 0.44167 0.132572
threshold=0 23246.500000000004 1 39151.000000000007 9682.7500000000018 862.75000000000011 64899.250000000007
decision_type=5 2 1 2 2 2 2
left_child=3 2 -2 4 5 -1 -6
right_child=1 -3 -4 -5 6 -7 -8
leaf_value=0 0.15027728794758327 0.47200099383051086 -0.15819871327173615 -0.18658907158335516 0.090880398485046809 -0.22111291082511669 -0
leaf_count=1073 273 106 207 214 223 184 120
internal_value=0 0.11557 0 -0.0373877 -0 -0.0297672 0.0222295
internal_count=2400 586 480 1814 1600 1257 343
cat_boundaries=0 3 4
cat_threshold=1342254353 33554952 1024 2
shrinkage=0.819359


Tree=33
num_leaves=11
num_cat=2
split_feature=2 2 11 3 11 5 11 6 3 11
split_gain=2.85709 3.5263 4.05037 1.97588 0.681349 1.70727 1.02456 0.841957 0.395659 0.352511
threshold=0 1 1342.7500000000002 448.00000000000006 40.000000000000007 95.500000000000014 24661.750000000004 6389.5000000000009 90.250000000000014 962.50000000000011
decision_type=5 5 2 2 2 2 2 2 2 2
left_child=-1 4 3 -3 7 6 9 -2 -9 -6
right_child=1 2 -4 -5 5 -7 -8 8 -10 -11
leaf_value=-0.23642125999687982 -0 0.92893610249856606 -0 0.04754359368414874 0 -0.37714336354100841 0.26370088847736983 0.38765477102537743 0 -0.17847819339466062
leaf_count=232 752 275 149 98 114 174 178 111 124 193
internal_value=0 0.121814 0.391924 0.804983 0 -0.0975783 0 0.0864271 0.28079 -0.0894944
internal_count=2400 2168 522 373 1646 659 485 987 235 307
cat_boundaries=0 4 7
cat_threshold=3348 576 1024 256 545521665 1073742112 8192
shrinkage=0.819359


Tree=34
num_leaves=8
num_cat=3
split_feature=1 11 11 9 11 11 9
split_gain=3.60886 2.29292 2.24789 1.57501 0.841182 0.146836 0.101936
threshold=0 80202.250000000015 10423.750000000002 1 469.00000000000006 3.2500000000000004 2
decision_type=5 2 2 1 2 2 1
left_child=2 3 6 -2 5 -5 -1
right_child=1 -3 -4 4 -6 -7 -8
leaf_value=0.74684960323122029 -0.24643391756548333 0.24517293411512167 -0 0.12143909708660598 -0.15769128788250311 -0 0.14606298385319602
leaf_count=182 882 123 118 381 406 83 225
internal_value=0 -0.108363 0.266744 -0.180034 -0 0.0873391 0.562248
internal_count=2400 1875 525 1752 870 464 407
cat_boundaries=0 3 4 5
cat_threshold=299435008 268439780 268435456 2 1
shrinkage=0.819359


Tree=35
num_leaves=10
num_cat=1
split_feature=2 10 10 3 3 0 6 0 3
split_gain=1.48725 1.81137 1.16791 0.760782 2.64938 0.350811 0.317884 0.180836 0.0471681
threshold=0 128.50000000000003 384.25000000000006 66.250000000000014 12.250000000000002 10.750000000000002 129145.50000000001 4.7500000000000009 594.25000000000011
decision_type=5 2 2 2 2 2 2 2 2
left_child=2 6 3 4 5 7 -2 -1 -5
right_child=1 -3 -4 8 -6 -7 -8 -9 -10
leaf_value=0.022279563238599556 -0.33066771522147115 0.014578679218198923 -0.092608758092810647 -0.058626155342420279 0.71249464249767669 -0 -0 0.29348760382337152 0
leaf_count=799 464 175 311 153 102 129 57 148 62
internal_value=0 -0.151037 0.0686936 0.146168 0.203502 0.0759388 -0.34539 0.12136 -0
internal_count=2400 696 1704 1393 1178 1076 521 947 215
cat_boundaries=0 2
cat_threshold=1082134561 33562634
shrinkage=0.819359


Tree=36
num_leaves=11
num_cat=0
split_feature=8 4 4 6 10 6 10 0 6 10
split_gain=0.24975 0.867323 0.826202 0.844004 0.571501 0.407442 0.384463 0.351498 0.0629054 0.0235846
threshold=7.7500000000000009 26239.750000000004 250.75000000000003 1.7500000000000002 51.250000000000007 9682.7500000000018 1.7500000000000002 1.7500000000000002 102161.00000000001 384.25000000000006
decision_type=2 2 2 2 2 2 2 2 2 2
left_child=2 4 3 7 5 -2 8 9 -3 -1
right_child=1 6 -4 -5 -6 -7 -8 -9 -10 -11
leaf_value=0.083683532857968146 -0 0 0.17008292890684734 -0.30079032702997754 0 -0.35471110313619086 -0.012558559178822683 -0.052058176808525702 0.20953603760675091 0
leaf_count=661 105 106 418 175 112 174 90 321 86 152
internal_value=0 -0.0657652 0.0307296 -0 -0.219789 -0.31304 0.00382782 0.00669398 0.17491 0.0883642
internal_count=2400 673 1727 1309 391 279 282 1134 192 813
shrinkage=0.819359


Tree=37
num_leaves=8
num_cat=1
split_feature=1 6 3 4 6 0 0
split_gain=1.90973 0.84642 1.449 1.67606 0.749059 0.0208151 0.107257
threshold=0 3377.5000000000005 1838.5000000000002 4204.7500000000009 1.7500000000000002 6.2500000000000009 12.250000000000002
decision_type=5 2 2 2 2 2 2
left_child=-1 4 3 -3 5 -2 -7
right_child=1 2 -4 -5 -6 6 -8
leaf_value=-0.18064144754394013 0 -0 -0.067135440960645013 0.33699847879114958 -0.22934203717249937 0.133104630631599 -0
leaf_count=472 867 181 68 383 216 112 101
internal_value=0 0.0492291 0.175139 0.284118 -0 0.025592 0.0689914
internal_count=2400 1928 632 564 1296 1080 213
cat_boundaries=0 4
cat_threshold=434594 268513286 268435456 32768
shrinkage=0.819359


Tree=38
num_leaves=9
num_cat=3
split_feature=1 0 4 8 8 1 9 0
split_gain=0.700142 0.816423 0.529861 0.424128 0.49255 0.169986 0.110862 0.0749297
threshold=0 9.2500000000000018 132478.00000000003 1.7500000000000002 967.75000000000011 1 2 1.7500000000000002
decision_type=5 2 2 2 2 5 1 2
left_child=1 5 3 -2 6 -1 -5 -7
right_child=2 -3 -4 4 -6 7 -8 -9
leaf_value=-0.073881998427742387 -0 0.23818763913178423 0 -0.37725800117696573 -0 0.034066481410201806 -0 -0
leaf_count=164 468 168 35 222 92 865 202 184
internal_value=0 0.0140277 -0.115305 -0.181352 -0.270645 -0 -0.340306 0.00220907
internal_count=2400 1381 1019 984 516 1213 424 1049
cat_boundaries=0 3 6 7
cat_threshold=295239701 268435680 2048 16842756 0 2048 2
shrinkage=0.819359


Tree=39
num_leaves=7
num_cat=3
split_feature=2 4 0 1 11 1
split_gain=0.583609 1.08327 0.534342 0.486988 0.630131 0.379863
threshold=0 9656.5000000000018 1.7500000000000002 1 34136.500000000007 2
decision_type=5 2 2 5 2 5
left_child=3 2 -2 -1 -5 -3
right_child=1 5 -4 4 -6 -7
leaf_value=0.028298487887498273 0.37576304038416303 0.031748453409383405 0 -0.13161112234447184 0 -0.10665559177694092
leaf_count=148 169 103 133 1424 221 202
internal_value=0 0.0517835 0.295815 -0.0752319 -0.108547 -0
internal_count=2400 607 302 1793 1645 305
cat_boundaries=0 4 7 10
cat_threshold=545327381 1107296320 1024 256 285343744 64 2048 42009600 4096 268435456
shrinkage=0.819359


Tree=40
num_leaves=11
num_cat=2
split_feature=1 10 10 10 1 0 0 6 6 6
split_gain=0.583946 0.337544 1.46772 0.476694 0.155651 0.0926965 0.0822275 0.0802563 0.0434497 0.0236176
threshold=0 384.25000000000006 51.250000000000007 2749.7500000000005 1 7.7500000000000009 1.7500000000000002 9511.7500000000018 58223.500000000007 36334.750000000007
decision_type=5 2 2 2 5 2 2 2 2 2
left_child=7 2 4 -3 6 9 -2 -1 -9 -6
right_child=1 3 -4 -5 5 -7 -8 8 -10 -11
leaf_value=-0.20599626699837695 0.081706210768561702 -0.21006647622159308 0.36348259604777022 0 -0.073945370172654443 0 -0 0 -0.061300757397870644 -0
leaf_count=243 579 169 168 160 292 79 262 178 136 134
internal_value=0 0.0434645 0.0843627 -0.00453237 0.00023839 -0.0147726 0.0558224 -0.108579 -0 -0.0630057
internal_count=2400 1843 1514 329 1346 505 841 557 314 426
cat_boundaries=0 3 5
cat_threshold=27559346 221702 268435456 655361 72
shrinkage=0.819359


Tree=41
num_leaves=11
num_cat=1
split_feature=1 0 0 5 11 11 4 4 4 8
split_gain=0.181725 0.686413 0.583895 0.165941 0.147324 0.345858 0.337058 0.232788 0.136053 0.073142
threshold=0 3.2500000000000004 1.7500000000000002 2409.2500000000005 80202.250000000015 3.2500000000000004 5054.5000000000009 3298.7500000000005 23104.000000000004 3.2500000000000004
decision_type=5 2 2 2 2 2 2 2 2 2
left_child=1 9 4 -4 5 6 -2 -7 -8 -1
right_child=2 -3 3 -5 -6 7 8 -9 -10 -11
leaf_value=0.02165116381119879 0.10053828556744041 0.26311779477679492 -0.16961185149206304 -0 0.11458365258506177 -0.14726480560701957 -0.12581342817857735 0 0 -0.066393395680267947
leaf_count=187 614 127 480 86 93 307 102 131 100 173
internal_value=0 0.0572352 -0.025316 -0.16404 0 -0 0.0308836 -0.112729 -0 -0
internal_count=2400 487 1913 566 1347 1254 816 438 202 360
cat_boundaries=0 3
cat_threshold=294191110 268439784 2048
shrinkage=0.819359


Tree=42
num_leaves=11
num_cat=3
split_feature=2 10 9 10 9 10 4 10 4 4
split_gain=0.223679 0.672495 1.38173 0.354442 0.663578 0.510212 0.180594 0.0711636 0.00163985 0.141612
threshold=0 128.50000000000003 1 10.750000000000002 2 202.75000000000003 250.75000000000003 3064.7500000000005 25.750000000000004 27571.000000000004
decision_type=5 2 1 2 1 2 2 2 2 2
left_child=3 2 -2 4 8 -5 -6 -7 -1 -10
right_child=1 -3 -4 5 6 7 -8 -9 9 -11
leaf_value=-0.0073530781252506353 -0.46748677432451213 0 -0 -0.19328093004748495 0.0050476565207655203 0.073601777336143842 0.31651609506710515 -0 0.092741751655589885 -0
leaf_count=513 159 161 298 148 353 247 147 129 182 63
internal_value=0 -0.0597496 -0.201793 0.028394 0.0834476 -0.0195986 0.20251 0 -0 0
internal_count=2400 618 457 1782 1258 524 500 376 758 245
cat_boundaries=0 2 3 4
cat_threshold=8654897 532490 1 2
shrinkage=0.819359


Tree=43
num_leaves=8
num_cat=2
split_feature=1 8 1 8 7 7 8
split_gain=0.370075 0.1418 0.538877 0.465568 0.139397 0.0905095 0.104938
threshold=0 1.7500000000000002 1 88.750000000000014 124090.00000000001 182719.00000000003 542.50000000000011
decision_type=5 2 5 2 2 2 2
left_child=-1 2 -2 4 -3 -5 -7
right_child=1 3 -4 5 -6 6 -8
leaf_value=-0.082012828560790188 -0 -0.20395018890368727 0.13860139766463705 -0 -0 0.17989948931085881 0
leaf_count=430 1112 201 362 137 46 49 63
internal_value=0 0.0270461 0.0581484 -0 -0.162767 0.0735711 0.127654
internal_count=2400 1970 1474 496 247 249 112
cat_boundaries=0 4 5
cat_threshold=19177888 221698 268437520 32768 8586243
shrinkage=0.819359


Tree=44
num_leaves=12
num_cat=1
split_feature=1 3 0 4 3 10 10 3 8 0 0
split_gain=2.61517 0.998706 1.06388 1.42834 0.32898 0.241877 0.97344 0.139429 0.305363 0.0106283 0.0042637
threshold=0 1.7500000000000002 1.7500000000000002 3975.2500000000005 1502.5000000000002 2018.5000000000002 22.750000000000004 135.25000000000003 88.750000000000014 10.750000000000002 7.7500000000000009
decision_type=5 2 2 2 2 2 2 2 2 2 2
left_child=-1 5 3 -3 7 6 10 -5 -9 -4 -2
right_child=1 2 9 4 -6 -7 -8 8 -10 -11 -12
leaf_value=0.28077809752949207 -0.0090492152400478438 -0.53072423499843102 0.030691933072870312 -0.073781211911974245 -0.20855897789027925 -0.10547788531349464 0.27260797744364068 -0 0.17924114318977019 -0 0
leaf_count=242 800 146 113 157 70 151 256 123 120 68 154
internal_value=0 -0.0680369 -0.179121 -0.267741 -0.0640206 0 0.041244 -0 0.0670818 0 -0
internal_count=2400 2158 797 616 470 1361 1210 400 243 181 954
cat_boundaries=0 3
cat_threshold=268992544 262788 16
shrinkage=0.819359


Tree=45
num_leaves=11
num_cat=0
split_feature=0 5 7 6 7 7 10 0 10 10
split_gain=0.852985 1.81255 0.386412 0.295982 1.0449 0.950183 0.159391 0.0706891 0.0463898 0.00429014
threshold=1.7500000000000002 6313.7500000000009 2353.0000000000005 37411.000000000007 3.2500000000000004 273311.50000000006 143.50000000000003 9.2500000000000018 881.50000000000011 10.750000000000002
decision_type=2 2 2 2 2 2 2 2 2 2
left_child=3 2 7 4 8 -5 -6 -2 9 -1
right_child=1 -3 -4 5 6 -7 -8 -9 -10 -11
leaf_value=0 0 0.5052403908573504 -0.12598977149225529 0.2460079586107668 -0.25652127396037333 -0.089523703527328857 -0 0.12628676893605428 -0.057638414121980591 0.040016800474490986
leaf_count=526 231 100 185 154 482 161 152 176 121 112
internal_value=0 0.130716 0 -0.0623234 -0.0994748 0 -0.263732 0.100228 0 0.01693
internal_count=2400 692 592 1708 1393 315 634 407 759 638
shrinkage=0.819359


Tree=46
num_leaves=11
num_cat=1
split_feature=1 4 11 4 4 7 11 11 5 11
split_gain=1.95406 1.96395 1.02211 0.724352 1.32527 0.655142 0.164203 0.111059 0.04329 0.00610948
threshold=0 30447.250000000004 1289.5000000000002 7665.2500000000009 655.75000000000011 3.2500000000000004 143.50000000000003 19354.750000000004 26840.500000000004 85698.250000000015
decision_type=5 2 2 2 2 2 2 2 2 2
left_child=5 2 3 4 -2 7 -3 -1 -7 -9
right_child=1 6 -4 -5 -6 8 -8 9 -10 -11
leaf_value=-0.046410002921080253 -0 -0.10573667780920971 0.53509525587715312 -0 0.4141021683086536 -0.28765534904029921 0 0.026382867478381655 -0 -0
leaf_count=797 231 141 228 156 229 320 76 107 48 67
internal_value=0 0.133031 0.317345 0.0794503 0.235445 -0.110506 -0.0279011 -0.0160995 -0.298117 0
internal_count=2400 1061 844 616 460 1339 217 971 368 174
cat_boundaries=0 3
cat_threshold=8463489 268466188 2048
shrinkage=0.819359


Tree=47
num_leaves=9
num_cat=2
split_feature=1 5 3 3 9 0 4 4
split_gain=1.28816 0.611622 0.153273 0.649042 0.0785173 0.0492137 0.015306 0.103007
threshold=0 25.000000000000004 129.25000000000003 265.00000000000006 1 9.2500000000000018 1793.5000000000002 13754.500000000002
decision_type=5 2 2 2 1 2 2 2
left_child=-1 4 6 -4 -2 -6 -3 -8
right_child=1 2 3 -5 5 -7 7 -9
leaf_value=0.15626600662813811 0.0255435444821124 -0 0.12394220778482883 -0.12967911454253045 -0.048588662750630542 0 -0.34374658874336256 -0
leaf_count=278 613 160 127 304 582 105 136 95
internal_value=0 -0.0703404 -0.16579 -0.008755 -0 -0.0386335 -0.265057 -0.315476
internal_count=2400 2122 822 431 1300 687 391 231
cat_boundaries=0 3 4
cat_threshold=268993568 262880 16 2
shrinkage=0.819359


Tree=48
num_leaves=10
num_cat=1
split_feature=10 10 10 1 0 6 6 7 5
split_gain=0.6041 1.46311 0.609076 0.388254 0.317305 0.265637 0.759332 0.881548 0.0504797
threshold=2140.7500000000005 9862.7500000000018 436.00000000000006 0 10.750000000000002 115803.00000000001 14377.000000000002 2353.0000000000005 19579.750000000004
decision_type=2 2 2 5 2 2 2 2 2
left_child=2 -2 3 -1 5 6 7 -5 -8
right_child=1 -3 -4 4 -6 -7 8 -9 -10
leaf_value=-0.092582725683135775 -0.38746182474796664 0 0.25333804455575093 0.084584002789199114 -0.039643563193145874 -0 0.3523990013821709 -0.175011981643373 0
leaf_count=435 165 74 162 858 174 92 166 194 80
internal_value=0 -0.199056 0.0195601 -0 0.0291416 0.0736426 0.101706 0 0.31084
internal_count=2400 239 2161 1999 1564 1390 1298 1052 246
cat_boundaries=0 2
cat_threshold=58917266 151556
shrinkage=0.819359


Tree=49
num_leaves=7
num_cat=2
split_feature=2 0 11 11 1 11
split_gain=3.00863 0.385448 0.802574 0.742152 0.310135 0.132028
threshold=0 18.250000000000004 43208.500000000007 14005.750000000002 1 149339.50000000003
decision_type=5 2 2 2 5 2
left_child=-1 2 3 4 -2 -4
right_child=1 -3 5 -5 -6 -7
leaf_value=0.26931833334057859 0 0 -0.40089245635772947 0.10801422226837082 -0.094873513539257368 -0
leaf_count=236 132 81 125 202 1533 91
internal_value=0 -0.0821851 -0.111904 -0.0469753 -0.0990897 -0.368005
internal_count=2400 2164 2083 1867 1665 216
cat_boundaries=0 3 6
cat_threshold=8460336 131072 9216 268468240 8200 2064
shrinkage=0.819359


Tree=50
num_leaves=10
num_cat=0
split_feature=0 0 0 7 10 3 6 7 0
split_gain=0.121259 1.22656 0.298476 0.340691 0.223238 0.223267 0.68473 0.247486 0.168803
threshold=1.7500000000000002 4.7500000000000009 9.2500000000000018 22486.000000000004 493.75000000000006 1.7500000000000002 37411.000000000007 329911.00000000006 15.250000000000002
decision_type=2 2 2 2 2 2 2 2 2
left_child=4 -2 -3 8 5 -1 -7 -8 -4
right_child=1 2 3 -5 -6 6 7 -9 -10
leaf_value=0.063615975604056227 0.37910792315986303 -0.14460623056628985 0.23899713452807525 -0 -0.10236638747654664 -0.175823441569639 0.13635795777757825 -0 0
leaf_count=807 147 249 113 76 282 364 163 92 107
internal_value=0 0.0627928 -0 0.0350427 -0 0.000865277 -0.0199433 0.0282125 0.175845
internal_count=2400 692 545 296 1708 1426 619 255 220
shrinkage=0.819359


Tree=51
num_leaves=7
num_cat=2
split_feature=2 7 7 4 7 9
split_gain=1.11383 0.480294 0.613811 0.277706 0.104215 0.0010245
threshold=0 26054.500000000004 346413.00000000006 254.50000000000003 3.2500000000000004 1
decision_type=5 2 2 2 2 1
left_child=-1 3 -3 4 5 -2
right_child=1 2 -4 -5 -6 -7
leaf_value=0.17306967071381307 0 -0.19801941823398336 0 0.10905085789844901 -0.1100355974776097 -0.0049683863146667067
leaf_count=222 480 509 88 322 225 554
internal_value=0 -0.0414861 -0.143576 0 -0.0279129 -0
internal_count=2400 2178 597 1581 1259 1034
cat_boundaries=0 3 4
cat_threshold=268769296 131072 9216 2
shrinkage=0.819359


Tree=52
num_leaves=8
num_cat=2
split_feature=1 0 0 6 6 0 9
split_gain=0.501211 0.438387 0.325976 0.34661 0.443023 0.0175651 0.0748394
threshold=0 9.2500000000000018 9.2500000000000018 294.25000000000006 150181.50000000003 1.7500000000000002 1
decision_type=5 2 2 2 2 2 1
left_child=1 5 3 -2 -5 6 -1
right_child=2 -3 -4 4 -6 -7 -8
leaf_value=0 -0 0.034699281463187993 -0 0.19947261300249786 -0 -0.20874143266997952 -0.058539405943224251
leaf_count=541 203 168 128 502 102 219 537
internal_value=0 -0.0423072 0.0800159 0.138063 0.181587 -0.102546 -0.0312002
internal_count=2400 1465 935 807 604 1297 1078
cat_boundaries=0 3 4
cat_threshold=25503127 153600 8388608 2
shrinkage=0.819359


Tree=53
num_leaves=7
num_cat=2
split_feature=2 7 6 7 1 0
split_gain=0.394165 0.595758 0.432032 0.344487 0.14325 0.00101984
threshold=0 2353.0000000000005 133643.50000000003 757.75000000000011 1 9.2500000000000018
decision_type=5 2 2 2 5 2
left_child=-1 3 4 5 -3 -2
right_child=1 2 -4 -5 -6 -7
leaf_value=0.10235769976269296 -0.0039452724226119061 0 0 0.19904825852282887 -0.14760488169813427 0
leaf_count=121 1000 288 124 140 588 139
internal_value=0 -0.0322301 -0.121915 0.00414437 -0.171015 -0
internal_count=2400 2279 1000 1279 876 1139
cat_boundaries=0 3 5
cat_threshold=4112 0 8192 25232656 139332
shrinkage=0.819359


Tree=54
num_leaves=10
num_cat=2
split_feature=2 9 11 6 11 11 6 6 11
split_gain=0.13775 0.344954 0.747504 0.244517 0.531379 0.264364 0.0960364 0.411331 0.0645308
threshold=0 1 847.00000000000011 83866.750000000015 10322.500000000002 3.2500000000000004 84234.250000000015 14377.000000000002 42622.000000000007
decision_type=5 1 2 2 2 2 2 2 2
left_child=-1 2 6 4 5 -3 7 -2 -6
right_child=1 3 -4 -5 8 -7 -8 -9 -10
leaf_value=-0.060361147995229708 -0 -0 0.26635430620654338 0.06065474522522097 0.064896900356397294 -0.20242330269332251 -0.054102272288180826 0.19443223349881805 -0
leaf_count=169 701 387 162 99 207 284 79 172 140
internal_value=0 0.0196403 0.0867449 -0.00532335 -0.0663779 -0.159002 0 0.0425356 0
internal_count=2400 2231 1114 1117 1018 671 952 873 347
cat_boundaries=0 2 3
cat_threshold=1082131460 8232 2
shrinkage=0.819359


Tree=55
num_leaves=9
num_cat=1
split_feature=10 7 5 7 7 5 9 10
split_gain=3.30649 1.64891 2.81119 0.908314 0.580665 0.532877 0.185855 0.147656
threshold=1689.2500000000002 350007.50000000006 39.250000000000007 36515.500000000007 228130.00000000003 14051.500000000002 0 4311.2500000000009
decision_type=2 2 2 2 2 2 1 2
left_child=1 2 6 -4 5 -5 -1 -2
right_child=7 -3 3 4 -6 -7 -8 -9
leaf_value=-0.35586091251693747 0.24990874377861372 -0.54090375421835668 0.21339351472449219 -0 0.0072424285410629587 -0.33412684384039359 -0.084656089272343485 0
leaf_count=659 174 97 314 242 107 112 583 112
internal_value=0 -0.252275 -0.167044 0.0034569 -0.0511319 -0.199284 -0.317568 0.211235
internal_count=2400 2114 2017 775 461 354 1242 286
cat_boundaries=0 1
cat_threshold=2
shrinkage=0.819359


Tree=56
num_leaves=5
num_cat=1
split_feature=1 7 6 10
split_gain=4.85986 2.79081 3.09352 0.870691
threshold=0 5006.5000000000009 49068.250000000007 2140.7500000000005
decision_type=5 2 2 2
left_child=1 -1 -3 -2
right_child=3 2 -4 -5
leaf_value=-0 -0.32538447617791333 0.89040516554692128 0 0
leaf_count=1084 837 236 146 97
internal_value=0 0.110745 0.493994 -0.283465
internal_count=2400 1466 382 934
cat_boundaries=0 3
cat_threshold=42381473 268636748 8388608
shrinkage=0.819359


Tree=57
num_leaves=5
num_cat=1
split_feature=1 6 6 3
split_gain=1.99665 0.593697 0.950196 0.213984
threshold=0 271.75000000000006 67255.000000000015 670.00000000000011
decision_type=5 2 2 2
left_child=3 -2 -3 -1
right_child=1 2 -4 -5
leaf_value=-0.32591982415693521 -0 0.24579607077110807 -0 -0
leaf_count=422 1160 524 217 77
internal_value=0 0.047812 0.156387 -0.235219
internal_count=2400 1901 741 499
cat_boundaries=0 3
cat_threshold=420807684 401484 276826128
shrinkage=0.819359


Tree=58
num_leaves=8
num_cat=1
split_feature=11 11 1 11 3 3 3
split_gain=1.57408 2.37397 1.53418 1.29336 0.449105 0.341083 0.0498179
threshold=20038.750000000004 424.75000000000006 0 52498.000000000007 594.25000000000011 6.2500000000000009 13.750000000000002
decision_type=2 2 5 2 2 2 2
left_child=1 2 -1 -2 5 -4 -3
right_child=3 6 4 -5 -6 -7 -8
leaf_value=0.13277179589125898 -0.43704813998380648 0.36327659223383885 -0.03763167192981582 -0 0 -0.32005794491524009 0
leaf_count=291 200 325 789 197 124 316 158
internal_value=0 0.0284593 -0.0436116 -0.262061 -0.138122 -0.207105 0.34916
internal_count=2400 2003 1520 397 1229 1105 483
cat_boundaries=0 2
cat_threshold=754832 268501516
shrinkage=0.819359


Tree=59
num_leaves=8
num_cat=1
split_feature=2 6 3 6 3 4 7
split_gain=0.96562 1.59757 0.507154 0.449552 1.10736 0.262546 0.167303
threshold=0 39101.500000000007 670.00000000000011 83866.750000000015 10.750000000000002 2554.0000000000005 1.7500000000000002
decision_type=5 2 2 2 2 2 2
left_child=1 -1 3 4 5 6 -2
right_child=2 -3 -4 -5 -6 -7 -8
leaf_value=0.53654383568608 -0 -0 0.042724422453881764 0 -0.30133137391739717 0.050169559649423802 -0.1947862596723676
leaf_count=149 1003 83 152 99 495 100 319
internal_value=0 0.172545 -0.0575879 -0.104489 -0.134872 -0.0202199 -0.0737814
internal_count=2400 232 2168 2016 1917 1422 1322
cat_boundaries=0 3
cat_threshold=1082134548 74 8192
shrinkage=0.819359


Tree=60
num_leaves=10
num_cat=2
split_feature=1 10 11 9 3 3 11 6 6
split_gain=0.605051 0.995577 1.35652 0.732966 0.498452 0.458408 0.126576 0.151116 0.115806
threshold=0 2140.7500000000005 8374.7500000000018 1 90.250000000000014 772.00000000000011 469.00000000000006 11768.500000000002 1.7500000000000002
decision_type=5 2 2 1 2 2 2 2 2
left_child=3 2 4 -1 6 -6 7 -2 -3
right_child=1 8 -4 -5 5 -7 -8 -9 -10
leaf_value=0 -0.11241659954592721 0.21261386056440632 -0.34438077775706633 0.38748855612517691 0.22245859630358716 -0 0 0 0
leaf_count=210 933 108 284 196 225 111 170 57 106
internal_value=0 -0.0417626 -0.111279 0.131838 -0.00758605 0.108845 -0.0877874 -0.110882 0.164966
internal_count=2400 1994 1780 406 1496 336 1160 990 214
cat_boundaries=0 3 4
cat_threshold=8560816 69708 8388608 2
shrinkage=0.819359


Tree=61
num_leaves=8
num_cat=2
split_feature=1 10 4 3 8 1 10
split_gain=0.336728 0.309557 0.232275 0.994049 0.760089 0.188842 0.330177
threshold=0 1.7500000000000002 59307.250000000007 90.250000000000014 144.25000000000003 1 1.7500000000000002
decision_type=5 2 2 2 2 5 2
left_child=1 -1 3 5 -5 6 -2
right_child=2 -3 -4 4 -6 -7 -8
leaf_value=-0 -0 -0.26553785244172795 -0 0.42592752985876059 0 -0.054937088727426482 0.13670822986580694
leaf_count=286 767 155 93 190 147 409 353
internal_value=0 -0.0903725 0.0371944 0.0717521 0.285797 0 0.0389168
internal_count=2400 441 1959 1866 337 1529 1120
cat_boundaries=0 3 5
cat_threshold=421040132 268837384 268437520 139267 69700
shrinkage=0.819359


Tree=62
num_leaves=7
num_cat=1
split_feature=2 4 4 7 4 4
split_gain=0.26196 0.749949 0.230715 0.392078 0.131565 0.117418
threshold=0 8936.5000000000018 59307.250000000007 1937.5000000000002 3028.0000000000005 24821.500000000004
decision_type=5 2 2 2 2 2
left_child=2 -2 3 -1 -5 -6
right_child=1 -3 -4 4 5 -7
leaf_value=-0 -0.22848555711326615 0 -0.095312704347255653 0.26630530670722613 -0 0.1010018778506606
leaf_count=1123 378 293 102 206 236 62
internal_value=0 -0.085039 0.00611155 0.0487245 0.14674 0
internal_count=2400 671 1729 1627 504 298
cat_boundaries=0 3
cat_threshold=4117 74 8192
shrinkage=0.819359


Tree=63
num_leaves=8
num_cat=1
split_feature=0 1 8 7 8 4 4
split_gain=0.0831797 0.417475 0.0864698 1.10195 0.233411 0.129738 0.0114495
threshold=10.750000000000002 0 3.2500000000000004 148886.50000000003 338.50000000000006 370.75000000000006 852.25000000000011
decision_type=2 5 2 2 2 2 2
left_child=1 -1 5 -4 -5 -3 -2
right_child=6 2 3 4 -6 -7 -8
leaf_value=-0.11026014096165607 0 0 0.29236109589406634 -0.1547466510516754 0 -0.10203079145961325 0.061075189339674825
leaf_count=486 167 1024 226 90 128 185 94
internal_value=0 -0.026618 0 0.0607668 -0 -0.00187015 0.0432145
internal_count=2400 2139 1653 444 218 1209 261
cat_boundaries=0 3
cat_threshold=287179782 268836996 8390656
shrinkage=0.819359


end of trees

feature importances:
n_table_3.n_3=71
n_1=61
n_table_1.n_19=60
n_table_1.n_18=58
n_table_2.n_13=51
n_table_1.n_15=48
n_table_1.n_16=48
c_table_1.c_2=46
n_table_1.n_12=46
n_table_1.n_26=26
c_table_1.c_4=25
c_table_2.c_1=22

parameters:
[boosting: gbdt]
[objective: binary]
[metric: auc]
[tree_learner: serial]
[device_type: cpu]
[data: ]
[valid: ]
[num_iterations: 100]
[learning_rate: 0.819359]
[num_leaves: 77]
[num_threads: 4]
[max_depth: 7]
[min_data_in_leaf: 20]
[min_sum_hessian_in_leaf: 5.07978]
[bagging_fraction: 0.6]
[bagging_freq: 11]
[bagging_seed: 3]
[feature_fraction: 0.5]
[feature_fraction_seed: 2]
[early_stopping_round: 0]
[max_delta_step: 0]
[lambda_l1: 1.98986]
[lambda_l2: 0.686325]
[min_gain_to_split: 0]
[drop_rate: 0.1]
[max_drop: 50]
[skip_drop: 0.5]
[xgboost_dart_mode: 0]
[uniform_drop: 0]
[drop_seed: 4]
[top_rate: 0.2]
[other_rate: 0.1]
[min_data_per_group: 100]
[max_cat_threshold: 32]
[cat_l2: 10]
[cat_smooth: 10]
[max_cat_to_onehot: 4]
[top_k: 20]
[monotone_constraints: ]
[feature_contri: ]
[forcedsplits_filename: ]
[refit_decay_rate: 0.9]
[verbosity: -1]
[max_bin: 255]
[min_data_in_bin: 3]
[bin_construct_sample_cnt: 200000]
[histogram_pool_size: -1]
[data_random_seed: 1]
[output_model: LightGBM_model.txt]
[snapshot_freq: -1]
[input_model: ]
[output_result: LightGBM_predict_result.txt]
[initscore_filename: ]
[valid_data_initscores: ]
[pre_partition: 0]
[enable_bundle: 1]
[max_conflict_rate: 0]
[is_enable_sparse: 1]
[sparse_threshold: 0.8]
[use_missing: 1]
[zero_as_missing: 0]
[two_round: 0]
[save_binary: 0]
[enable_load_from_binary_file: 1]
[header: 0]
[label_column: ]
[weight_column: ]
[group_column: ]
[ignore_column: ]
[categorical_feature: ]
[predict_raw_score: 0]
[predict_leaf_index: 0]
[predict_contrib: 0]
[num_iteration_predict: -1]
[pred_early_stop: 0]
[pred_early_stop_freq: 10]
[pred_early_stop_margin: 10]
[convert_model_language: ]
[convert_model: gbdt_prediction.cpp]
[num_class: 1]
[is_unbalance: 0]
[scale_pos_weight: 1]
[sigmoid: 1]
[boost_from_average: 1]
[reg_sqrt: 0]
[alpha: 0.9]
[fair_c: 1]
[poisson_max_delta_step: 0.7]
[tweedie_variance_power: 1.5]
[max_position: 20]
[label_gain: ]
[metric_freq: 1]
[is_provide_training_metric: 0]
[eval_at: ]
[num_machines: 1]
[local_listen_port: 12400]
[time_out: 120]
[machine_list_filename: ]
[machines: ]
[gpu_platform_id: -1]
[gpu_device_id: -1]
[gpu_use_dp: 0]

end of parameters

pandas_categorical:[[0, 1, 2, 3, 4, 5, 6, 7, 8, 9, 10, 11, 12, 13, 14, 15, 16, 17, 18, 19, 20, 21, 22, 23, 24, 25, 26, 27, 28, 29, 30, 31, 32, 33, 34, 35, 36, 37, 38, 39, 40, 41, 42, 43, 44, 45, 46, 47, 48, 49, 50, 51, 52, 53, 54, 55, 56, 57, 58, 59, 60, 61, 62, 63, 64, 65, 66, 67, 68, 69, 70, 71, 72, 73, 74, 75, 76, 77, 78, 79, 80, 81, 82, 83, 84, 85, 86, 87, 88, 89, 90, 91, 92, 93, 94, 95, 96, 97, 98, 99, 100, 101, 102, 103, 104, 105, 106, 107, 108, 109, 110, 111, 112, 113, 114, 115, 116, 117, 118, 119, 120, 121, 122, 123, 124, 125, 126, 127, 128, 129, 130, 131, 132, 133, 134, 135, 136, 137, 138, 139, 140, 141, 142, 143, 144, 145, 146, 147, 148, 149, 150, 151, 152, 153, 154, 155, 156, 157, 158, 159, 160, 161, 162, 163, 164, 165, 166, 167, 168, 169, 170, 171, 172, 173, 174, 175, 176, 177, 178, 179, 180, 181, 182, 183, 184, 185, 186, 187, 188, 189, 190, 191, 192, 193, 194, 195], [0, 1, 2, 3, 4, 5, 6, 7, 8, 9, 10, 11, 12, 13, 14, 15, 16, 17, 18, 19, 20, 21, 22, 23, 24, 25, 26, 27, 28, 29, 30, 31, 32, 33, 34, 35, 36, 37, 38, 39, 40, 41, 42, 43, 44, 45, 46, 47, 48, 49, 50, 51, 52, 53, 54, 55, 56, 57, 58, 59, 60, 61, 62, 63, 64, 65, 66, 67, 68, 69, 70, 71, 72, 73, 74, 75, 76, 77, 78, 79, 80, 81, 82, 83, 84, 85, 86, 87, 88, 89, 90, 91, 92, 93, 94, 95, 96, 97, 98, 99, 100, 101, 102, 103, 104, 105, 106, 107, 108, 109, 110, 111, 112, 113, 114, 115, 116, 117, 118, 119, 120, 121, 122, 123, 124, 125, 126, 127, 128, 129, 130, 131, 132, 133, 134, 135, 136, 137, 138, 139, 140, 141, 142, 143, 144, 145, 146, 147, 148, 149, 150, 151], [0, 1]]
