tree
version=v2
num_class=1
num_tree_per_iteration=1
label_index=0
max_feature_idx=21
objective=binary sigmoid:1
feature_names=n_1 c_02 c_table_1.c_4 n_table_1.n_8 n_table_1.n_15 n_table_1.n_18 n_table_1.n_19 c_table_2.c_1 n_table_2.n_13 n_table_2.n_14 n_table_1.n_2 n_table_1.n_3 n_table_1.n_7 n_table_1.n_9 n_table_1.n_10 n_table_1.n_12 n_table_1.n_16 n_table_1.n_17 n_table_1.n_20 n_table_1.n_26 c_table_2.c_4 n_table_3.n_3
feature_infos=[1:335.5] 40:3:68:15:50:10:80:6:35:91:9:5:12:20:165:46:2:48:69:34:83:58:62:87:115:73:77:225:252:45:126:132:149:61:66:111:209:102:196:36:37:39:208:29:124:135:203:121:22:42:71:82:99:108:156:194:14:33:49:70:93:110:118:195:296:308:4:26:28:238:261:55:86:90:150:175:177:199:231:250:18:21:67:125:138:23:131:134:141:161:205:220:228:230:244:285:7:17:38:43:59:122:139:142:166:170:179:198:222:256:345:57:227:248:8:98:100:112:130:144:151:178:188:189:190:269:305:323:11:75:92:116:146:164:186:213:214:268:312:349:377:1:44:63:101:123:154:176:206:212:216:232:251:273:275:354:13:54:65:74:79:84:95:114:120:133:145:153:162:173:181:187:192:211:243:262:277:318:324:334:361:366:368:0:31:104:109:148:169:202:204:239:283:293:295:310:322:380:393:399:19:32:53:94:106:127:140:158:167:172:207:229:234:240:246:264:284:289:291:292:297:306:309:338:350:359:374:386:407:52:72:81:103:107:113:117:180:182:233:236:237:247:255:257:266:267:271:274:282:286:288:301:304:315:336:375:400:418:478:498:24:25:27:30:60:78:105:119:136:137:143:147:163:168:171:174:185:191:217:218:221:224:226:235:249:254:260:263:272:279:280:281:300:302:320:332:337:340:347:351:356:376:378:383:387:392:394:397:414:420:424:430:433:438:442:453:457:462:467:476:479:481 4:0:10:12:2:11:7:5:45:51:35:8:18:23:33:40:77:30:37:38:41:57:29:28:16:74:62:49:13:21:48:104:6:69:22:26:39:54:19:27:72:87:95:3:31:55:56:106:15:17:60:61:96:103:92:25:66:67:78:80:81:93:94:109:113:117:122:1:24:44:46:47:53:59:65:83:84:99:112:121:133:14:20:36:63:70:82:97:102:116:136:32:34:42:52:58:64:71:75:85:90:98:107:111:115:124:129:130:131:132 [1:244588] [1:274774] [1:574087] [1:1285890] 1:0 [1:395101] [1:275.5] [-49.8874:81.708399999999997] [1:175] [1:38456.5] [1:1556770] [1:68.5] [1:8524] [1:249100] [1:448222] [1:19936] [1:121640] 20:0:2:33:16:38:10:8:24:31:6:53:18:21:44:48:26:35:55:12:39:40:14:43:61:42:60:17:22:11:29:9:3:4:37:19:41:67:47:46:49:25:71:98:27:69:57:73:1:30:52:100:59:62:63:77:106:45:56:87:92:103:7:15:32:58:80:82:94:34:65:66:68:74:75:79:84:97:107:112:13:51:54:64:70:76:85:91:95:109 [1:509664]
tree_sizes=831 992 882 950 778 948 660 835 757 973 838 968 909 939 816 834 881 647 708 818 891 756 943 777

Tree=0
num_leaves=8
num_cat=3
split_feature=1 6 4 1 7 4 3
split_gain=108.077 35.9324 21.9991 14.7643 10.1909 5.73029 4.46274
threshold=0 346413.00000000006 4066.0000000000005 1 2 655.75000000000011 150.25000000000003
decision_type=5 2 2 5 1 2 2
left_child=2 3 4 5 -1 -2 -5
right_child=1 -3 -4 6 -6 -7 -8
leaf_value=-1.2293948278625488 -2.8106757024829077 -1.5066654604270944 0.10448768622999083 -3.3727480313581277 -2.6046953310339287 -2.0167510636658399 -2.8106757024829077
leaf_count=230 318 172 165 2557 182 171 205
internal_value=0 -0.314346 1.45485 -0.441549 1.18547 0.216802 -0.544673
internal_count=4000 3423 577 3251 412 489 2762
cat_boundaries=0 10 21 22
cat_threshold=538968128 1073758592 545325568 1107296256 81920 0 65664 67125248 0 1048832 49824 167913472 67117184 8 4194444 425986 8 128 32 0 33554432 1
shrinkage=1


Tree=1
num_leaves=10
num_cat=2
split_feature=10 1 17 4 1 16 13 13 13
split_gain=17.4979 20.9807 14.3616 7.33606 4.52874 4.44747 2.30395 0.756475 0.626264
threshold=40.026150000000008 0 4359.2500000000009 3446.5000000000005 1 510.25000000000006 360.25000000000006 8920.0000000000018 2344.0000000000005
decision_type=2 5 2 2 5 2 2 2 2
left_child=1 -1 4 5 -3 6 -2 8 -5
right_child=3 2 -4 7 -6 -7 -8 -9 -10
leaf_value=-0.50650593302269475 -0.64519099239002053 0.34876128277431073 0.96641385783336586 -0.61212487653103997 -0.10292399958401965 0.15996438967488844 -0.022362335635008765 -0.87302087851322174 -0.15001249107078576
leaf_count=528 303 294 186 314 1289 258 230 479 119
internal_value=0 -0.0873991 0.20792 -0.632805 0.0107806 -0.232613 -0.468958 -0.813587 -0.575068
internal_count=4000 2297 1769 1703 1583 791 533 912 433
cat_boundaries=0 10 15
cat_threshold=268587008 1610678528 147653220 4227072 272629776 32 198664 268451840 0 1048832 1050188 67371164 0 0 2097280
shrinkage=0.892007


Tree=2
num_leaves=8
num_cat=3
split_feature=1 13 2 1 16 11 18
split_gain=8.22741 11.1285 8.4116 7.08661 5.46779 3.42931 0.332023
threshold=0 184.75000000000003 1 2 37876.000000000007 37.750000000000007 10.750000000000002
decision_type=5 2 5 5 2 2 2
left_child=1 6 -2 -4 -5 -3 -1
right_child=2 5 3 4 -6 -7 -8
leaf_value=-0.10605648893436333 -0.44178142725138347 -0.98323908094589552 -0.33254527025516922 0.10243168989806672 0.7570712545054461 -0.22666192141160021 0.042911531035979236
leaf_count=346 357 240 436 2296 99 102 124
internal_value=0 -0.426636 -0.0114503 0.0874391 0.19201 -0.867929 -0.0339276
internal_count=4000 812 3188 2831 2395 342 470
cat_boundaries=0 10 13 22
cat_threshold=538972232 536888738 680002080 33591360 16384 0 131088 64 0 1048832 1680082180 1107821386 8192 282361872 64 4456520 805306368 268446720 268436544 1073743936 136 536870913
shrinkage=0.892007


Tree=3
num_leaves=10
num_cat=2
split_feature=2 18 1 5 13 4 0 0 19
split_gain=7.63903 7.13537 7.64421 3.80394 3.29451 3.24421 1.51986 0.744011 0.708308
threshold=0 208.75000000000003 1 42301.000000000007 12190.750000000002 25.750000000000004 9.2500000000000018 6.2500000000000009 13.750000000000002
decision_type=5 2 5 2 2 2 2 2 2
left_child=8 2 6 7 -5 -4 -2 -3 -1
right_child=1 3 5 4 -6 -7 -8 -9 -10
leaf_value=0.68312259188019464 -0.58728127378747452 -0.37631113762407387 0.08303691802319095 0.086933946389466818 -0.36777331505719102 0.65724683118958904 -0.047668092577199055 -0.83138641470779051 0.11440680113151395
leaf_count=185 436 688 1431 222 312 247 128 161 190
internal_value=0 -0.177591 0 -0.386389 -0.132784 0.187243 -0.350403 -0.590108 0.362871
internal_count=4000 3625 2242 1383 534 1678 564 849 375
cat_boundaries=0 3 10
cat_threshold=1086330944 33759336 8396832 4477008 1073938728 671686700 4751424 16 1088 196636
shrinkage=0.892007


Tree=4
num_leaves=8
num_cat=1
split_feature=1 0 18 6 10 12 0
split_gain=10.8402 9.38437 3.99591 4.09024 3.11184 2.36363 0.688726
threshold=0 4.7500000000000009 3291.2500000000005 139898.00000000003 1.9836450000000003 44.500000000000007 16.750000000000004
decision_type=5 2 2 2 2 2 2
left_child=1 5 3 4 -2 -1 -3
right_child=2 6 -4 -5 -6 -7 -8
leaf_value=0.76125453082819139 -0.026310784198798783 -0.22984686753473393 -0.58477658565882673 0.29397958792618967 -0.36018461170582194 0.18523763268580926 0
leaf_count=331 1349 241 352 146 1276 207 98
internal_value=0 0.24484 -0.220839 -0.148865 -0.222934 0.605052 -0.133561
internal_count=4000 877 3123 2771 2625 538 339
cat_boundaries=0 8
cat_threshold=50240 1283662212 74244 301989904 8388760 2 65672 268451840
shrinkage=0.892007


Tree=5
num_leaves=10
num_cat=2
split_feature=20 1 11 5 18 21 10 12 21
split_gain=4.30663 5.05167 2.19498 2.08998 6.3077 2.01942 1.38097 1.81561 0.881962
threshold=0 1 37.750000000000007 1627.0000000000002 1422.2500000000002 847.00000000000011 47.28905000000001 1.7500000000000002 26626.000000000004
decision_type=5 5 2 2 2 2 2 2 2
left_child=1 3 -3 -1 -5 6 7 -2 -7
right_child=5 2 -4 4 -6 8 -8 -9 -10
leaf_value=-0.057867935168048321 0.060145018567765683 -0.34343349683033741 0 0.72925735449006013 -0.10648840459605338 0.59873932791443418 0.28333871211740569 -0.35845576301894283 0.09716695460967463
leaf_count=434 226 1878 288 159 143 263 141 146 322
internal_value=0 -0.150851 -0.284912 0.0944888 0.325492 0.147569 0 -0.0934849 0.401028
internal_count=4000 2902 2166 736 302 1098 513 372 585
cat_boundaries=0 3 13
cat_threshold=2251033601 276875496 672 32996 67389440 8708 1376272384 14680064 163840 136 335544448 32 1048576
shrinkage=0.892007


Tree=6
num_leaves=6
num_cat=3
split_feature=2 1 20 21 10
split_gain=3.82815 3.52141 2.89418 2.56399 1.96764
threshold=0 1 2 478.75000000000006 47.28905000000001
decision_type=5 5 5 2 2
left_child=-1 4 -3 -4 -2
right_child=1 2 3 -5 -6
leaf_value=-0.3528324159157627 -0.39885938863832721 -0.19665885695860708 0.047945450156997922 0.33983461611053717 0
leaf_count=296 414 383 1992 739 176
internal_value=0 0.0210062 0.098448 0.154523 -0.218904
internal_count=4000 3704 3114 2731 590
cat_boundaries=0 3 14 17
cat_threshold=1613505920 768 32 135520 17410 671154176 335544392 268451840 262176 268445780 128 1 0 33554432 2221412112 813795968 512
shrinkage=0.892007


Tree=7
num_leaves=8
num_cat=4
split_feature=0 1 2 7 1 19 4
split_gain=2.68293 3.96018 3.20318 4.13395 3.38835 1.86872 5.68114
threshold=18.250000000000004 0 1 2 3 7.7500000000000009 457.75000000000006
decision_type=2 5 5 1 5 2 2
left_child=1 5 4 -4 -3 6 -1
right_child=-2 2 3 -5 -6 -7 -8
leaf_value=0 0.34967271441899739 -0.45782945900819078 0.40287913623982047 -0.18533954061678623 -0.066594972055504423 -0.035661356076754983 0.83286082380771842
leaf_count=406 155 545 413 344 1838 190 109
internal_value=0 -0.0848831 -0.168957 0.069329 -0.258123 0.139632 0.323355
internal_count=4000 3845 3140 757 2383 705 515
cat_boundaries=0 8 11 12 22
cat_threshold=537935972 1082212492 536936468 1375731728 12582924 0 4 2 1879377041 37749312 8480 2 67142656 67511554 134225920 67653696 16464 32800 65544 268451904 0 1048576
shrinkage=0.892007


Tree=8
num_leaves=7
num_cat=2
split_feature=2 1 10 10 12 17
split_gain=2.67075 2.58319 2.05563 4.27802 1.79686 1.20782
threshold=0 1 54.403800000000011 50.77405000000001 72.250000000000014 69.250000000000014
decision_type=5 5 2 2 2 2
left_child=-1 5 3 -3 -4 -2
right_child=1 2 4 -5 -6 -7
leaf_value=-0.2886758203049456 -0.0077658154596211915 0.046145649581210556 -0.42282039505423635 0.67610448049242144 0.0012402179609091572 -0.44425034283570108
leaf_count=440 341 2363 315 116 190 235
internal_value=0 -0 0.0588796 0.12214 -0.193903 -0.2242
internal_count=4000 3560 2984 2479 505 576
cat_boundaries=0 3 14
cat_threshold=1814832544 4260320 1312 805568968 671088642 541917216 536870976 268443648 0 2052 269484048 536870912 256 33554432
shrinkage=0.892007


Tree=9
num_leaves=10
num_cat=2
split_feature=1 12 16 1 12 18 18 16 18
split_gain=2.08247 3.09775 3.90928 1.79172 1.39815 1.35537 1.18469 2.99211 1.13691
threshold=0 46.750000000000007 12690.250000000002 1 15.250000000000002 3116.5000000000005 37.750000000000007 2565.2500000000005 33.250000000000007
decision_type=5 2 2 5 2 2 2 2 2
left_child=6 3 -3 8 -5 -4 -1 -8 -2
right_child=1 2 5 4 -6 -7 7 -9 -10
leaf_value=-0.0032954042005690822 0.336250449192176 -0.5376293363456196 0.18976099305997585 -0.17874414289138243 0.11190636594734518 -0.23198560552889511 0.52875605692985461 -0 -0
leaf_count=357 325 722 164 1456 294 167 165 206 144
internal_value=0 -0.107371 -0.325703 -0 -0.0985628 -0 0.106318 0.254084 0.166665
internal_count=4000 3272 1053 2219 1750 331 728 371 469
cat_boundaries=0 10 20
cat_threshold=536904704 1073940736 536944644 268435472 10485768 294912 65548 335544450 0 256 1064996 278548 75498128 1107296264 144 131106 0 16384 32 1048576
shrinkage=0.892007


Tree=10
num_leaves=8
num_cat=2
split_feature=1 12 1 4 12 3 10
split_gain=1.7581 1.83677 1.41024 1.46564 1.38571 1.3478 0.421014
threshold=0 364.00000000000006 1 370.75000000000006 44.500000000000007 115.00000000000001 35.498750000000008
decision_type=5 2 5 2 2 2 2
left_child=4 2 3 -2 6 -4 -1
right_child=1 -3 5 -5 -6 -7 -8
leaf_value=-0.13121968220689578 0 0.3854685907846036 0 -0.47393688827386699 -0.45096726538435966 0.32178000711968191 0.036314231048754517
leaf_count=394 288 233 2312 210 242 179 142
internal_value=0 0.0237407 -0 -0.198228 -0.181341 0.0423011 -0.061025
internal_count=4000 3222 2989 498 778 2491 536
cat_boundaries=0 11 21
cat_threshold=1101852 1208221700 8388752 33554496 4194448 1879179264 65536 83902464 8192 0 8 604372992 604127250 71828000 573444 10240 262144 1073872904 1048576 0 1048832
shrinkage=0.892007


Tree=11
num_leaves=10
num_cat=2
split_feature=10 1 1 10 16 18 0 10 12
split_gain=1.10598 3.93714 2.96791 2.50454 1.44153 2.35205 0.742465 0.365848 0.294965
threshold=34.218200000000003 0 1 51.137950000000011 21175.750000000004 921.25000000000011 12.250000000000002 47.817850000000007 40.750000000000007
decision_type=2 5 5 2 2 2 2 2 2
left_child=2 3 -1 -2 5 -3 8 -6 -4
right_child=1 4 6 -5 7 -7 -8 -9 -10
leaf_value=-0.20301572519327962 -0.0066418546090221105 -0.10244381916155847 0.22451667845561077 0.4267182516047503 0.092235928871881062 -0.60102561378537467 -0 -0.13335129743614824 0
leaf_count=300 260 852 1320 206 169 526 119 158 90
internal_value=0 -0.0870726 0.0676145 0.154573 -0.222145 -0.359055 0.15855 -0 0.22267
internal_count=4000 2171 1829 466 1705 1378 1529 327 1410
cat_boundaries=0 10 18
cat_threshold=536872008 1074225158 74244 1375735808 8 32 65536 268435456 0 1048576 17416 1074069508 8912900 1073774592 16 32 65544 268435458
shrinkage=0.892007


Tree=12
num_leaves=10
num_cat=1
split_feature=15 16 1 9 13 5 11 12 0
split_gain=1.29028 4.16656 3.91557 1.7435 1.20214 1.00883 0.988903 0.359921 0.297004
threshold=129.25000000000003 5925.2500000000009 0 1.7500000000000002 7348.7500000000009 1.7500000000000002 36.250000000000007 163.75000000000003 4.7500000000000009
decision_type=2 2 5 2 2 2 2 2 2
left_child=2 -2 5 4 -4 8 7 -3 -1
right_child=1 6 3 -5 -6 -7 -8 -9 -10
leaf_value=0.28299874447720441 0.56110975578693556 -0.26695012493988202 -0.31926572085719207 0.016212847168560172 0 -0.012142212995426371 0.085516914087643642 -0 0
leaf_count=319 277 225 1796 282 226 255 241 186 193
internal_value=0 0.0792624 -0.100003 -0.220352 -0.309128 0.105578 -0.0442643 -0.193625 0.233816
internal_count=4000 929 3071 2304 2022 767 652 411 512
cat_boundaries=0 10
cat_threshold=1099304 100942232 75497476 33554440 2097168 0 136 335544448 32 256
shrinkage=0.892007


Tree=13
num_leaves=10
num_cat=2
split_feature=2 6 1 18 18 10 4 6 19
split_gain=1.71817 1.35156 2.30206 1.80201 1.4637 1.31977 0.816006 0.549259 0.496244
threshold=0 54106.750000000007 1 2809.0000000000005 130.75000000000003 42.594200000000008 79376.500000000015 3.2500000000000004 144.25000000000003
decision_type=5 2 5 2 2 2 2 2 2
left_child=5 2 7 8 -4 -1 -5 -2 -3
right_child=1 3 4 6 -6 -7 -8 -9 -10
leaf_value=-0 -0.082744247574064025 0.53104220193043217 0.12525804515961161 -0.19211892778262729 -0.13027517752730841 -0.47395330076528153 0.13731780914440253 -0.475356880699422 0.044668884429834139
leaf_count=156 350 194 1611 220 574 405 154 211 125
internal_value=0 0.0264555 -0.0188223 0.186379 0.0552193 -0.222446 -0 -0.233218 0.41017
internal_count=4000 3439 2746 693 2185 561 374 561 319
cat_boundaries=0 3 13
cat_threshold=1009526164 4194784 9216 1360396 1619206276 8228 540736 4194304 32 196612 0 32 1048576
shrinkage=0.892007


Tree=14
num_leaves=8
num_cat=2
split_feature=1 2 12 13 13 3 3
split_gain=1.39427 2.63034 3.37793 2.13059 1.84944 1.6006 1.29722
threshold=0 1 70.750000000000014 901.00000000000011 10.000000000000002 29.500000000000004 13.750000000000002
decision_type=5 5 2 2 2 2 2
left_child=3 -2 6 4 -1 -4 -3
right_child=1 2 5 -5 -6 -7 -8
leaf_value=-0.12702718782052019 -0.22577681615399225 0.054535635976454125 0.070994922373256594 -0.38357296175208216 0.30166369550036348 0.65804508334850542 -0.278399978346829
leaf_count=459 366 1928 397 289 157 203 201
internal_value=0 0.0348581 0.103035 -0.137082 -0 0.439693 0
internal_count=4000 3095 2729 905 616 600 2129
cat_boundaries=0 11 14
cat_threshold=1053792 33906960 8388624 33554440 2113552 1610612768 1073741952 285212800 32 256 8 1619008800 1074266538 32
shrinkage=0.892007


Tree=15
num_leaves=8
num_cat=3
split_feature=2 1 20 12 5 10 0
split_gain=1.33304 2.14438 1.14824 1.0276 0.701055 0.206753 0.186038
threshold=0 1 2 13.750000000000002 84234.250000000015 41.048050000000011 9.2500000000000018
decision_type=5 5 5 2 2 2 2
left_child=5 3 -3 6 -4 -1 -2
right_child=1 2 4 -5 -6 -7 -8
leaf_value=0.32770070538511542 -0.12266493098648838 -0.160137158472866 0.10577704401366408 -0.39105713617878052 -0.070728108915857915 0.012571094937560187 0
leaf_count=129 288 446 2204 310 193 272 158
internal_value=0 -0.0634883 0.014141 -0.212618 0.0660715 0.155527 -0.0816114
internal_count=4000 3599 2843 756 2397 401 446
cat_boundaries=0 4 14 17
cat_threshold=1086329028 1107436042 8388608 256 2147552 42287360 536945216 268435456 24 1073741824 4 268435456 536870912 1048832 2234060104 279023808 32
shrinkage=0.892007


Tree=16
num_leaves=9
num_cat=1
split_feature=1 5 18 4 5 16 18 3
split_gain=2.37635 5.51621 1.82998 2.30248 1.96092 0.663704 1.30554 0.547902
threshold=0 42301.000000000007 1511.5000000000002 4204.7500000000009 1264.7500000000002 19.750000000000004 541.00000000000011 13.750000000000002
decision_type=5 2 2 2 2 2 2 2
left_child=1 5 3 4 -2 -1 -7 -4
right_child=2 -3 7 -5 -6 6 -8 -9
leaf_value=-0.097659624906420439 -0.0037641125706705091 0.62070204448192068 -0.041801934307785907 0.32488996563415312 -0.38015213025872102 0.3450627011439637 -0.041883373932824791 -0.42828339627933798
leaf_count=485 1703 134 296 357 454 102 159 310
internal_value=0 0.117708 -0.107227 -0.0285374 -0.102832 -0 0.12023 -0.339564
internal_count=4000 880 3120 2514 2157 746 261 606
cat_boundaries=0 10
cat_threshold=2131044 1082343684 536945156 34095120 8454148 0 65540 128 0 1048832
shrinkage=0.892007


Tree=17
num_leaves=6
num_cat=1
split_feature=0 14 1 12 0
split_gain=0.986195 1.35498 1.26549 0.862803 0.809766
threshold=18.250000000000004 9.2500000000000018 0 122.50000000000001 1.7500000000000002
decision_type=2 2 5 2 2
left_child=1 2 4 -4 -1
right_child=-2 -3 3 -5 -6
leaf_value=0.11489336232508331 0.19945161794481242 0.21794068899601893 -0.17565830335383756 0 -0.13636680607630172
leaf_count=530 155 175 2424 524 192
internal_value=0 -0.0550403 -0.0860702 -0.14209 0.0352709
internal_count=4000 3845 3670 2948 722
cat_boundaries=0 11
cat_threshold=3194988 1216506116 67108864 33554456 8 32768 65664 2 0 1048832 33554432
shrinkage=0.892007


Tree=18
num_leaves=6
num_cat=3
split_feature=2 1 19 1 15
split_gain=1.1251 1.22514 0.933937 1.62127 1.24172
threshold=0 1 3.2500000000000004 2 783.25000000000011
decision_type=5 5 2 5 2
left_child=-1 -2 3 -3 -4
right_child=1 2 4 -5 -6
leaf_value=-0.15446765045183983 -0.1472169824250554 -0.14575815050057006 0.29572387538894102 0.082646848843904178 -0
leaf_count=582 522 547 560 1658 131
internal_value=0 0.0344881 0.0727563 0.0120858 0.211691
internal_count=4000 3418 2896 2205 691
cat_boundaries=0 3 12 20
cat_threshold=745285012 4719368 2147484704 4494336 537133088 537395264 1879052352 2048 0 1073750100 72 536870913 268435536 1082270988 209977400 573440 268443648 1088 133120 16384
shrinkage=0.892007


Tree=19
num_leaves=8
num_cat=2
split_feature=1 10 2 17 16 21 19
split_gain=0.861772 0.957268 0.935035 2.32793 2.00352 0.897749 0.601388
threshold=0 37.273100000000007 1 1.7500000000000002 21735.250000000004 14005.750000000002 21.250000000000004
decision_type=5 2 5 2 2 2 2
left_child=1 -1 -2 5 -5 -4 -3
right_child=2 6 3 4 -6 -7 -8
leaf_value=-0.27670977920714707 0.15017504067435944 0.14726939572011213 0 -0.3125365551791402 0.0057475752086337279 0.2680738444128461 -0.1435761183659727
leaf_count=352 376 173 1344 999 320 294 142
internal_value=0 -0.138763 0.00552977 -0.0259907 -0.193665 0.0906473 -0
internal_count=4000 667 3333 2957 1319 1638 315
cat_boundaries=0 11 14
cat_threshold=3162152 1107451928 8832 33554456 12664836 536870912 65544 268435456 32 131072 33554440 8458448 37822538 8192
shrinkage=0.892007


Tree=20
num_leaves=9
num_cat=1
split_feature=8 1 5 5 16 15 4 9
split_gain=0.905729 0.994945 1.50032 1.37952 1.23874 0.953698 0.878931 0.217668
threshold=229.00000000000003 0 13700.500000000002 4382.5000000000009 39.250000000000007 594.25000000000011 2328.2500000000005 4.7500000000000009
decision_type=2 5 2 2 2 2 2 2
left_child=1 3 4 -1 -3 -4 7 -2
right_child=6 2 5 -5 -6 -7 -8 -9
leaf_value=-0.37827037248878109 -0.30839429324487388 0.073936522072096986 -0.17655613616781077 0 0.40221920933219496 0.086668146183333877 0.0013874365539517002 -0.0097151966867282356
leaf_count=288 356 1546 498 181 402 232 300 197
internal_value=0 0.0430942 0.0855669 -0.108716 0.181733 -0.0465724 -0.128057 -0.241435
internal_count=4000 3147 2678 469 1948 730 853 553
cat_boundaries=0 11
cat_threshold=2097184 1208099906 270336 570490880 64 1074135042 1342177296 17825816 8192 1179648 8
shrinkage=0.892007


Tree=21
num_leaves=6
num_cat=3
split_feature=1 17 2 1 16
split_gain=0.606272 2.57658 0.350386 1.08343 0.890656
threshold=0 177.25000000000003 1 2 472.75000000000006
decision_type=5 2 5 5 2
left_child=1 -1 -2 -4 -5
right_child=2 -3 3 4 -6
leaf_value=0.02844558737183284 -0.067507047801255687 -0.42324290559370192 -0.1036012242480374 0.0050243571057669682 0.19347922558614009
leaf_count=423 301 250 542 1616 868
internal_value=0 -0.105656 0.0254624 0.0495766 0.096197
internal_count=4000 673 3327 3026 2484
cat_boundaries=0 11 14 24
cat_threshold=279172 67388418 8913540 37752840 4194436 536903680 73736 335544320 536879104 0 8 278996384 4260096 2147492864 339874064 1610612960 541392992 67108864 268445776 268435456 133124 72 0 1048576
shrinkage=0.892007


Tree=22
num_leaves=10
num_cat=1
split_feature=12 1 8 6 15 16 21 19 5
split_gain=0.91055 3.16644 1.44029 0.942205 0.716021 0.919696 0.604192 0.339003 0.335566
threshold=46.750000000000007 0 107.50000000000001 14834.500000000002 783.25000000000011 650.50000000000011 17859.250000000004 65.500000000000014 11620.000000000002
decision_type=2 5 2 2 2 2 2 2 2
left_child=1 8 4 6 5 -2 -3 -5 -1
right_child=2 3 -4 7 -6 -7 -8 -9 -10
leaf_value=0.14656564746985468 -0.11694345997227917 -0.052021857692233921 -0.35242342962926881 -0.34128241084251659 -0.22552635965958748 0.1760402168505007 0.16543895872010234 -0 0.50485862931776782
leaf_count=460 395 1411 321 284 166 411 233 222 97
internal_value=0 0.0291555 -0.125839 -0.0675212 -0 0.0525779 -0 -0.252649 0.257666
internal_count=4000 2707 1293 2150 972 806 1644 506 557
cat_boundaries=0 10
cat_threshold=1048620 65548 536936980 1107296264 2097168 131074 65540 67125378 0 1048832
shrinkage=0.892007


Tree=23
num_leaves=7
num_cat=2
split_feature=16 1 16 17 8 1
split_gain=0.730688 1.65806 2.39457 1.23731 0.676033 0.664558
threshold=2122.7500000000005 0 569.50000000000011 36350.500000000007 1.7500000000000002 1
decision_type=2 5 2 2 2 5
left_child=1 -1 5 -2 -5 -3
right_child=3 2 -4 4 -6 -7
leaf_value=-0.17396100899174208 -0.23589145133252848 0.097541969433072584 0.47457859263015212 -0.096738113906769882 0.15883444555525056 -0.038765826058895669
leaf_count=459 742 590 215 236 177 1581
internal_value=0 0.0218296 0.0818782 -0.112479 0 0.0188182
internal_count=4000 2845 2386 1155 413 2171
cat_boundaries=0 10 19
cat_threshold=69468228 75980804 537395204 577536 268435456 0 139264 64 0 1048576 1066024 408 66192 1073741832 144 131106 65664 268451840 32
shrinkage=0.892007


end of trees

feature importances:
c_02=34
n_table_1.n_2=13
n_table_1.n_7=13
n_table_1.n_16=13
n_table_1.n_20=12
c_table_1.c_4=11
n_1=10
n_table_1.n_15=9
n_table_1.n_18=9
n_table_1.n_9=8
n_table_1.n_26=6
n_table_1.n_8=5
n_table_1.n_19=5
n_table_1.n_17=5
n_table_3.n_3=5
n_table_1.n_12=4
n_table_2.n_13=3
n_table_1.n_3=3
c_table_2.c_4=3
c_table_2.c_1=2
n_table_2.n_14=2
n_table_1.n_10=1

parameters:
[boosting: gbdt]
[objective: binary]
[metric: auc]
[tree_learner: serial]
[device_type: cpu]
[data: ]
[valid: ]
[num_iterations: 100]
[learning_rate: 0.892007]
[num_leaves: 10]
[num_threads: 4]
[max_depth: 4]
[min_data_in_leaf: 20]
[min_sum_hessian_in_leaf: 8.72323]
[bagging_fraction: 1]
[bagging_freq: 66]
[bagging_seed: 3]
[feature_fraction: 1]
[feature_fraction_seed: 2]
[early_stopping_round: 0]
[max_delta_step: 0]
[lambda_l1: 1.16715]
[lambda_l2: 1.10282]
[min_gain_to_split: 0]
[drop_rate: 0.1]
[max_drop: 50]
[skip_drop: 0.5]
[xgboost_dart_mode: 0]
[uniform_drop: 0]
[drop_seed: 4]
[top_rate: 0.2]
[other_rate: 0.1]
[min_data_per_group: 100]
[max_cat_threshold: 32]
[cat_l2: 10]
[cat_smooth: 10]
[max_cat_to_onehot: 4]
[top_k: 20]
[monotone_constraints: ]
[feature_contri: ]
[forcedsplits_filename: ]
[refit_decay_rate: 0.9]
[verbosity: -1]
[max_bin: 255]
[min_data_in_bin: 3]
[bin_construct_sample_cnt: 200000]
[histogram_pool_size: -1]
[data_random_seed: 1]
[output_model: LightGBM_model.txt]
[snapshot_freq: -1]
[input_model: ]
[output_result: LightGBM_predict_result.txt]
[initscore_filename: ]
[valid_data_initscores: ]
[pre_partition: 0]
[enable_bundle: 1]
[max_conflict_rate: 0]
[is_enable_sparse: 1]
[sparse_threshold: 0.8]
[use_missing: 1]
[zero_as_missing: 0]
[two_round: 0]
[save_binary: 0]
[enable_load_from_binary_file: 1]
[header: 0]
[label_column: ]
[weight_column: ]
[group_column: ]
[ignore_column: ]
[categorical_feature: ]
[predict_raw_score: 0]
[predict_leaf_index: 0]
[predict_contrib: 0]
[num_iteration_predict: -1]
[pred_early_stop: 0]
[pred_early_stop_freq: 10]
[pred_early_stop_margin: 10]
[convert_model_language: ]
[convert_model: gbdt_prediction.cpp]
[num_class: 1]
[is_unbalance: 0]
[scale_pos_weight: 1]
[sigmoid: 1]
[boost_from_average: 1]
[reg_sqrt: 0]
[alpha: 0.9]
[fair_c: 1]
[poisson_max_delta_step: 0.7]
[tweedie_variance_power: 1.5]
[max_position: 20]
[label_gain: ]
[metric_freq: 1]
[is_provide_training_metric: 0]
[eval_at: ]
[num_machines: 1]
[local_listen_port: 12400]
[time_out: 120]
[machine_list_filename: ]
[machines: ]
[gpu_platform_id: -1]
[gpu_device_id: -1]
[gpu_use_dp: 0]

end of parameters

pandas_categorical:[[0, 1, 2, 3, 4, 5, 6, 7, 8, 9, 10, 11, 12, 13, 14, 15, 16, 17, 18, 19, 20, 21, 22, 23, 24, 25, 26, 27, 28, 29, 30, 31, 32, 33, 34, 35, 36, 37, 38, 39, 40, 41, 42, 43, 44, 45, 46, 47, 48, 49, 50, 51, 52, 53, 54, 55, 56, 57, 58, 59, 60, 61, 62, 63, 64, 65, 66, 67, 68, 69, 70, 71, 72, 73, 74, 75, 76, 77, 78, 79, 80, 81, 82, 83, 84, 85, 86, 87, 88, 89, 90, 91, 92, 93, 94, 95, 96, 97, 98, 99, 100, 101, 102, 103, 104, 105, 106, 107, 108, 109, 110, 111, 112, 113, 114, 115, 116, 117, 118, 119, 120, 121, 122, 123, 124, 125, 126, 127, 128, 129, 130, 131, 132, 133, 134, 135, 136, 137, 138, 139, 140, 141, 142, 143, 144, 145, 146, 147, 148, 149, 150, 151, 152, 153, 154, 155, 156, 157, 158, 159, 160, 161, 162, 163, 164, 165, 166, 167, 168, 169, 170, 171, 172, 173, 174, 175, 176, 177, 178, 179, 180, 181, 182, 183, 184, 185, 186, 187, 188, 189, 190, 191, 192, 193, 194, 195, 196, 197, 198, 199, 200, 201, 202, 203, 204, 205, 206, 207, 208, 209, 210, 211, 212, 213, 214, 215, 216, 217, 218, 219, 220, 221, 222, 223, 224, 225, 226, 227, 228, 229, 230, 231, 232, 233, 234, 235, 236, 237, 238, 239, 240, 241, 242, 243, 244, 245, 246, 247, 248, 249, 250, 251, 252, 253, 254, 255, 256, 257, 258, 259, 260, 261, 262, 263, 264, 265, 266, 267, 268, 269, 270, 271, 272, 273, 274, 275, 276, 277, 278, 279, 280, 281, 282, 283, 284, 285, 286, 287, 288, 289, 290, 291, 292, 293, 294, 295, 296, 297, 298, 299, 300, 301, 302, 303, 304, 305, 306, 307, 308, 309, 310, 311, 312, 313, 314, 315, 316, 317, 318, 319, 320, 321, 322, 323, 324, 325, 326, 327, 328, 329, 330, 331, 332, 333, 334, 335, 336, 337, 338, 339, 340, 341, 342, 343, 344, 345, 346, 347, 348, 349, 350, 351, 352, 353, 354, 355, 356, 357, 358, 359, 360, 361, 362, 363, 364, 365, 366, 367, 368, 369, 370, 371, 372, 373, 374, 375, 376, 377, 378, 379, 380, 381, 382, 383, 384, 385, 386, 387, 388, 389, 390, 391, 392, 393, 394, 395, 396, 397, 398, 399, 400, 401, 402, 403, 404, 405, 406, 407, 408, 409, 410, 411, 412, 413, 414, 415, 416, 417, 418, 419, 420, 421, 422, 423, 424, 425, 426, 427, 428, 429, 430, 431, 432, 433, 434, 435, 436, 437, 438, 439, 440, 441, 442, 443, 444, 445, 446, 447, 448, 449, 450, 451, 452, 453, 454, 455, 456, 457, 458, 459, 460, 461, 462, 463, 464, 465, 466, 467, 468, 469, 470, 471, 472, 473, 474, 475, 476, 477, 478, 479, 480, 481, 482, 483, 484, 485, 486, 487, 488, 489, 490, 491, 492, 493, 494, 495, 496, 497, 498, 499, 500, 501, 502, 503, 504, 505, 506, 507, 508, 509, 510, 511, 512, 513, 514, 515, 516, 517, 518, 519, 520, 521, 522, 523, 524, 525, 526, 527, 528, 529, 530, 531, 532, 533, 534, 535, 536, 537, 538, 539, 540, 541, 542, 543, 544, 545, 546, 547, 548, 549, 550, 551, 552, 553, 554, 555, 556, 557, 558], [0, 1, 2, 3, 4, 5, 6, 7, 8, 9, 10, 11, 12, 13, 14, 15, 16, 17, 18, 19, 20, 21, 22, 23, 24, 25, 26, 27, 28, 29, 30, 31, 32, 33, 34, 35, 36, 37, 38, 39, 40, 41, 42, 43, 44, 45, 46, 47, 48, 49, 50, 51, 52, 53, 54, 55, 56, 57, 58, 59, 60, 61, 62, 63, 64, 65, 66, 67, 68, 69, 70, 71, 72, 73, 74, 75, 76, 77, 78, 79, 80, 81, 82, 83, 84, 85, 86, 87, 88, 89, 90, 91, 92, 93, 94, 95, 96, 97, 98, 99, 100, 101, 102, 103, 104, 105, 106, 107, 108, 109, 110, 111, 112, 113, 114, 115, 116, 117, 118, 119, 120, 121, 122, 123, 124, 125, 126, 127, 128, 129, 130, 131, 132, 133, 134, 135, 136, 137, 138, 139, 140, 141, 142, 143, 144, 145, 146, 147, 148, 149, 150, 151], [0, 1], [0, 1, 2, 3, 4, 5, 6, 7, 8, 9, 10, 11, 12, 13, 14, 15, 16, 17, 18, 19, 20, 21, 22, 23, 24, 25, 26, 27, 28, 29, 30, 31, 32, 33, 34, 35, 36, 37, 38, 39, 40, 41, 42, 43, 44, 45, 46, 47, 48, 49, 50, 51, 52, 53, 54, 55, 56, 57, 58, 59, 60, 61, 62, 63, 64, 65, 66, 67, 68, 69, 70, 71, 72, 73, 74, 75, 76, 77, 78, 79, 80, 81, 82, 83, 84, 85, 86, 87, 88, 89, 90, 91, 92, 93, 94, 95, 96, 97, 98, 99, 100, 101, 102, 103, 104, 105, 106, 107, 108, 109, 110, 111, 112, 113, 114, 115, 116, 117, 118, 119, 120, 121, 122, 123, 124, 125, 126, 127, 128, 129, 130, 131, 132, 133]]
