tree
version=v2
num_class=1
num_tree_per_iteration=1
label_index=0
max_feature_idx=21
objective=binary sigmoid:1
feature_names=n_1 c_02 c_table_1.c_4 n_table_1.n_8 n_table_1.n_15 n_table_1.n_18 n_table_1.n_19 c_table_2.c_1 n_table_2.n_13 n_table_2.n_14 n_table_1.n_2 n_table_1.n_3 n_table_1.n_7 n_table_1.n_9 n_table_1.n_10 n_table_1.n_12 n_table_1.n_16 n_table_1.n_17 n_table_1.n_20 n_table_1.n_26 c_table_2.c_4 n_table_3.n_3
feature_infos=[1:335.5] 40:3:68:15:50:10:80:6:35:91:9:5:12:20:165:46:2:48:69:34:83:58:62:87:115:73:77:225:252:45:126:132:149:61:66:111:209:102:196:36:37:39:208:29:124:135:203:121:22:42:71:82:99:108:156:194:14:33:49:70:93:110:118:195:296:308:4:26:28:238:261:55:86:90:150:175:177:199:231:250:18:21:67:125:138:23:131:134:141:161:205:220:228:230:244:285:7:17:38:43:59:122:139:142:166:170:179:198:222:256:345:57:227:248:8:98:100:112:130:144:151:178:188:189:190:269:305:323:11:75:92:116:146:164:186:213:214:268:312:349:377:1:44:63:101:123:154:176:206:212:216:232:251:273:275:354:13:54:65:74:79:84:95:114:120:133:145:153:162:173:181:187:192:211:243:262:277:318:324:334:361:366:368:0:31:104:109:148:169:202:204:239:283:293:295:310:322:380:393:399:19:32:53:94:106:127:140:158:167:172:207:229:234:240:246:264:284:289:291:292:297:306:309:338:350:359:374:386:407:52:72:81:103:107:113:117:180:182:233:236:237:247:255:257:266:267:271:274:282:286:288:301:304:315:336:375:400:418:478:498:24:25:27:30:60:78:105:119:136:137:143:147:163:168:171:174:185:191:217:218:221:224:226:235:249:254:260:263:272:279:280:281:300:302:320:332:337:340:347:351:356:376:378:383:387:392:394:397:414:420:424:430:433:438:442:453:457:462:467:476:479:481 4:0:10:12:2:11:7:5:45:51:35:8:18:23:33:40:77:30:37:38:41:57:29:28:16:74:62:49:13:21:48:104:6:69:22:26:39:54:19:27:72:87:95:3:31:55:56:106:15:17:60:61:96:103:92:25:66:67:78:80:81:93:94:109:113:117:122:1:24:44:46:47:53:59:65:83:84:99:112:121:133:14:20:36:63:70:82:97:102:116:136:32:34:42:52:58:64:71:75:85:90:98:107:111:115:124:129:130:131:132 [1:244588] [1:274774] [1:574087] [1:1285890] 1:0 [1:395101] [1:275.5] [-49.8874:81.708399999999997] [1:175] [1:38456.5] [1:1556770] [1:68.5] [1:8524] [1:249100] [1:448222] [1:19936] [1:121640] 20:0:2:33:16:38:10:8:24:31:6:53:18:21:44:48:26:35:55:12:39:40:14:43:61:42:60:17:22:11:29:9:3:4:37:19:41:67:47:46:49:25:71:98:27:69:57:73:1:30:52:100:59:62:63:77:106:45:56:87:92:103:7:15:32:58:80:82:94:34:65:66:68:74:75:79:84:97:107:112:13:51:54:64:70:76:85:91:95:109 [1:509664]
tree_sizes=756 816 1002 806 908 729 983 655 990 963 661 884 800 859 810 763 596 774 951 682 885 876 1001 964

Tree=0
num_leaves=7
num_cat=3
split_feature=1 5 6 3 1 7
split_gain=92.4849 33.915 33.5446 6.68914 6.31197 4.19524
threshold=0 9682.7500000000018 346413.00000000006 136.75000000000003 1 2
decision_type=5 2 2 2 5 1
left_child=1 5 3 4 -2 -1
right_child=2 -3 -4 -5 -6 -7
leaf_value=-2.4416389703159562 -2.7890632063201375 -1.8408231263098704 -2.3305379401499882 -2.7392958064567861 -3.0145118175212602 -2.7410457567269986
leaf_count=299 379 209 149 208 2147 209
internal_value=0 1.20898 -0.337813 -0.476811 -0.538805 0.779607
internal_count=3600 717 2883 2734 2526 508
cat_boundaries=0 10 19 20
cat_threshold=536871524 1140859268 545333764 1107296256 82048 0 65664 67125248 0 1048832 49280 134498320 128 268435464 6291472 163840 0 268435584 32 1
shrinkage=1


Tree=1
num_leaves=8
num_cat=2
split_feature=1 4 0 2 14 13 4
split_gain=41.5955 18.0891 5.44772 5.13381 6.08261 4.9082 3.9519
threshold=0 108301.00000000001 10.750000000000002 1 1.7500000000000002 8308.0000000000018 1708.0000000000002
decision_type=5 2 2 5 2 2 2
left_child=2 3 5 -2 -5 6 -1
right_child=1 -3 -4 4 -6 -7 -8
leaf_value=0.27549924554429484 0.084546172419622798 0.35019336910037496 0.076788421868055179 -0.17390138593795082 0.019648814632663662 0.099077802706124568 0.66901231202767053
leaf_count=233 147 101 159 2416 370 92 82
internal_value=0 -0.268316 0.731199 -0.370136 -0.401033 1.10812 1.34364
internal_count=3600 3034 566 2933 2786 407 315
cat_boundaries=0 10 13
cat_threshold=538968256 1249905024 75563008 1107296256 8470656 0 65672 67125248 0 1048832 1082134592 8736 8388608
shrinkage=0.338531


Tree=2
num_leaves=10
num_cat=3
split_feature=1 20 10 15 6 1 21 3 10
split_gain=20.9806 10.5754 11.9604 8.03479 4.3444 3.76496 2.56629 2.37126 3.8935
threshold=0 1 40.026150000000008 370.75000000000006 398847.00000000006 2 14005.750000000002 4.7500000000000009 48.842800000000004
decision_type=5 5 2 2 2 5 2 2 2
left_child=3 4 6 7 5 -2 -3 8 -1
right_child=1 2 -4 -5 -6 -7 -8 -9 -10
leaf_value=0.071379356699388524 0.0026166805892075978 0.097087710376603506 -0.11381537896756723 0.44962667928522509 0.083706125051122987 -0.18206377925540759 0.39592395081086584 -0.042096088089846946 0.32882543719470331
leaf_count=439 364 226 293 85 79 1749 170 95 100
internal_value=0 -0.220202 0.219921 0.44743 -0.372153 -0.46452 0.795911 0.320178 0.417123
internal_count=3600 2881 689 719 2192 2113 396 634 539
cat_boundaries=0 8 10 20
cat_threshold=603997280 1182941568 536945152 1107312640 8470536 131072 65668 16384 2215184901 815844544 33408 335872 0 268435456 6291584 32768 8 67108864 32 256
shrinkage=0.338531


Tree=3
num_leaves=7
num_cat=2
split_feature=1 17 1 18 18 17
split_gain=13.3545 10.3945 11.5245 8.34643 6.49803 4.78352
threshold=0 39841.000000000007 1 3831.2500000000005 921.25000000000011 3436.7500000000005
decision_type=5 2 5 2 2 2
left_child=-1 2 5 -3 -4 -2
right_child=1 3 4 -5 -6 -7
leaf_value=-0.19842727303302096 0.18110170023127545 0.38993098411796745 -0.028105613561496087 0.004328431288801466 -0.24032477723210421 -0.02162980151631157
leaf_count=596 552 153 1546 147 446 160
internal_value=0 0.0910545 -0.00800712 0.656227 -0.227751 0.302645
internal_count=3600 3004 2704 300 1992 712
cat_boundaries=0 9 19
cat_threshold=278138904 536871970 135004256 536907840 268436480 536870912 133136 2 1 536889024 1073766800 67183232 1107296264 4194304 163840 65672 67125376 32 1048832
shrinkage=0.338531


Tree=4
num_leaves=9
num_cat=2
split_feature=4 1 10 21 15 3 1 12
split_gain=11.1269 10.3657 6.25214 6.23727 6.19136 4.26957 2.55966 1.28966
threshold=135130.00000000003 0 34.998900000000006 25.000000000000004 4.7500000000000009 115.00000000000001 1 44.500000000000007
decision_type=2 5 2 2 2 2 5 2
left_child=1 4 3 -3 6 -4 -1 -6
right_child=-2 2 5 -5 7 -7 -8 -9
leaf_value=-0.10168078655566486 0.35208212305961095 -0.095601236625345282 -0.18779322421525518 0.11955100441913584 0.32237034247591723 0.017650236458797146 0.050310262787441017 0.11613616728459467
leaf_count=117 50 857 1305 551 89 212 277 142
internal_value=0 -0.0853868 -0.232936 -0.000500959 0.242231 -0.445327 -0.00301022 0.636251
internal_count=3600 3550 2925 1408 625 1517 394 231
cat_boundaries=0 9 13
cat_threshold=69222496 1115826564 67174912 268435456 12648456 163840 65664 16512 32 67125312 1073872900 512 268435456
shrinkage=0.338531


Tree=5
num_leaves=7
num_cat=2
split_feature=1 2 4 5 10 11
split_gain=8.2966 7.22985 9.62559 4.87725 4.56821 1.43322
threshold=0 1 1423.0000000000002 1264.7500000000002 53.875500000000009 36.250000000000007
decision_type=5 5 2 2 2 2
left_child=-1 5 3 -3 -4 -2
right_child=1 2 4 -5 -6 -7
leaf_value=-0.18195743194611996 -0.26449271462335672 0.010711733393700008 0.20294421928694714 -0.20059019862276012 -0 -0.041162020734849633
leaf_count=485 219 1636 636 255 233 136
internal_value=0 0.0512869 0.132866 -0.0587306 0.439451 -0.390542
internal_count=3600 3115 2760 1891 869 355
cat_boundaries=0 9 12
cat_threshold=8392720 536871970 135004256 67141700 2064 536870912 133200 2 536870913 539241764 1073742090 9216
shrinkage=0.338531


Tree=6
num_leaves=10
num_cat=2
split_feature=1 2 10 8 18 16 13 11 12
split_gain=6.96273 6.08128 6.51295 4.18273 4.62104 4.14795 3.09751 2.46669 0.0152395
threshold=0 1 39.261900000000004 10.750000000000002 253.75000000000003 5420.5000000000009 322.75000000000006 1.7500000000000002 24.250000000000004
decision_type=5 5 2 2 2 2 2 2 2
left_child=8 2 6 4 -3 -5 -2 -4 -1
right_child=1 3 7 5 -6 -7 -8 -9 -10
leaf_value=-0.12896258851379389 0.00095648591706965023 0.22658086401140456 -0.054387054210502425 0.012026966683533296 -0.036782013590495578 0.35481577188905478 0.21291222293744549 -0.232960737336047 -0.27732585032925317
leaf_count=397 1333 155 427 139 368 101 101 348 231
internal_value=0 0.0419251 -0.0829928 0.294944 0.106624 0.709511 0.0833146 -0.395469 -0.448482
internal_count=3600 2972 2209 763 523 240 1434 775 628
cat_boundaries=0 9 12
cat_threshold=277090304 536871970 147587632 536907844 268452864 805306368 133200 2 536870912 537144613 524552 1024
shrinkage=0.338531


Tree=7
num_leaves=5
num_cat=2
split_feature=1 1 12 12
split_gain=4.56322 3.66612 3.29692 2.91299
threshold=0 1 304.00000000000006 44.500000000000007
decision_type=5 5 2 2
left_child=-1 -2 3 -3
right_child=1 2 -4 -5
leaf_value=-0.14197186650891899 -0.11104836490953202 0.042533148929827312 0.17604081657782297 -0.059418573687875308
leaf_count=541 385 1778 222 674
internal_value=0 0.0245708 0.0775204 0.03216
internal_count=3600 3059 2674 2452
cat_boundaries=0 10 21
cat_threshold=4460568 536872032 138936416 71336000 0 536870912 133136 66 1 1048576 277873664 2 537133064 536875012 268446784 268960768 1342177344 1048592 536870912 0 8
shrinkage=0.338531


Tree=8
num_leaves=10
num_cat=3
split_feature=1 2 10 13 1 13 13 17 12
split_gain=4.02426 4.8293 5.09649 3.67414 3.06563 2.88185 2.35672 1.55078 1.05075
threshold=0 1 37.034950000000009 120.25000000000001 2 1527.2500000000002 20687.500000000004 103.00000000000001 142.75000000000003
decision_type=5 5 2 2 5 2 2 2 2
left_child=5 8 4 -4 -3 7 -7 -1 -2
right_child=1 2 3 -5 -6 6 -8 -9 -10
leaf_value=0.070995949947557438 0.21743948741302957 0.069559158113724998 0.012349733691997643 -0.19257746052066765 -0.052949146799917024 0.27832283530789315 0.0088678900917615096 -0.088559828850803032 0.02364108745369364
leaf_count=201 118 396 308 931 1260 82 60 86 158
internal_value=0 -0.115773 -0.186904 -0.43671 -0.0306555 0.200342 0.53909 0.00335606 0.272665
internal_count=3600 3171 2895 1239 1656 429 142 287 276
cat_boundaries=0 8 12 18
cat_threshold=606076992 1073873028 73732 302006272 128 0 65664 335544320 8394832 524322 0 256 1081900 67371288 8388752 524288 2097152 131072
shrinkage=0.338531


Tree=9
num_leaves=10
num_cat=3
split_feature=2 1 12 20 18 5 4 21 0
split_gain=3.58423 6.57887 6.07748 5.31117 5.05055 6.55347 3.49945 2.50646 1.5658
threshold=0 1 37.750000000000007 2 759.25000000000011 127291.50000000001 254.50000000000003 9262.7500000000018 1.7500000000000002
decision_type=5 5 2 5 2 2 2 2 2
left_child=1 2 8 -3 6 -6 -2 -5 -1
right_child=4 3 -4 7 5 -7 -8 -9 -10
leaf_value=0.21451586473476172 0.015886869533124147 -0.12452594265507315 -0.10628660209039384 -0.044941597245640022 -0.14280598013652829 0.16264264918387436 0.32992026397018975 0.14661566990584679 0.010200199695410478
leaf_count=290 159 1674 157 340 329 104 165 252 130
internal_value=0 -0.103975 0.202661 -0.235921 0.187082 -0.025387 0.616224 0.121328 0.498084
internal_count=3600 2843 577 2266 757 433 324 592 420
cat_boundaries=0 3 13 15
cat_threshold=673983893 525064 1024 1196 8344 8454804 1342177288 6291584 32768 128 67108992 32 256 2221998161 270536896
shrinkage=0.338531


Tree=10
num_leaves=6
num_cat=1
split_feature=16 18 16 1 19
split_gain=3.44511 4.35265 4.82062 5.40497 0.362116
threshold=109311.50000000001 3679.0000000000005 21175.750000000004 0 106.75000000000001
decision_type=2 2 2 5 2
left_child=1 2 3 -1 -3
right_child=-2 4 -4 -5 -6
leaf_value=0.06535862422051876 0.19349512587240736 -0.051600510037001876 0.1785764641306716 -0.061857911254292151 -0.20761572664850761
leaf_count=662 50 116 151 2421 200
internal_value=0 -0.0558548 0 -0.0558114 -0.486684
internal_count=3600 3550 3234 3083 316
cat_boundaries=0 10
cat_threshold=536903752 352400 74240 1342177288 2097280 32800 65672 335544320 0 1048832
shrinkage=0.338531


Tree=11
num_leaves=8
num_cat=3
split_feature=1 1 11 1 13 12 10
split_gain=3.12727 2.87386 2.78546 5.70285 2.72158 2.58295 1.84404
threshold=0 1 36.250000000000007 2 23953.750000000004 3.2500000000000004 3.0594150000000009
decision_type=5 5 2 5 2 2 2
left_child=5 6 3 -3 -4 -1 -2
right_child=1 2 4 -5 -6 -7 -8
leaf_value=-0.012658817762614251 0 -0.11762904959838878 0.20473960406682823 0.044273191984717124 -0 -0.26935292405165984 -0.20521325776855714
leaf_count=333 209 344 267 1709 133 307 298
internal_value=0 0.0350745 0.089229 0.0210173 0.367628 -0.308668 -0.24946
internal_count=3600 2960 2453 2053 400 640 507
cat_boundaries=0 9 20 28
cat_threshold=273944584 536872048 147324976 32832 64 805306368 133184 16386 1 8421424 2 67371080 608178180 268446720 525408 1342177296 68157520 536870912 1048576 8 536887296 67526660 536879616 1074282496 16 0 12 268435456
shrinkage=0.338531


Tree=12
num_leaves=7
num_cat=3
split_feature=1 2 11 1 10 21
split_gain=2.38679 2.08123 2.28453 4.05719 3.55731 1.04535
threshold=0 1 33.250000000000007 2 55.954950000000004 143.50000000000003
decision_type=5 5 2 5 2 2
left_child=-1 5 3 -3 -4 -2
right_child=1 2 4 -5 -6 -7
leaf_value=-0.11602738276453581 -0.1777642693232877 -0.10064269335660943 0.15433461613349925 0.031244608546662878 -0.081522838508132606 -0.0041859474340331842
leaf_count=502 228 383 355 1846 140 146
internal_value=0 0.0125941 0.0582609 -0.000570331 0.283393 -0.223955
internal_count=3600 3098 2724 2229 495 374
cat_boundaries=0 9 11 21
cat_threshold=272896020 536872032 138936416 32832 64 805307392 133200 2 1 539239828 1107296520 536920128 1073963008 536879112 1074286592 268435472 0 4 268451840 0 1048576
shrinkage=0.338531


Tree=13
num_leaves=9
num_cat=3
split_feature=2 4 1 18 6 4 7 0
split_gain=1.94149 2.52334 4.08337 3.57421 3.1424 3.04304 2.90449 0.193983
threshold=0 147.25000000000003 1 2918.5000000000005 3.2500000000000004 108301.00000000001 2 4.7500000000000009
decision_type=5 2 5 2 2 2 1 2
left_child=-1 2 7 6 -4 -5 -3 -2
right_child=1 3 4 5 -6 -7 -8 -9
leaf_value=-0.1064306940882597 0.10361028760366597 0.16016743419187929 -0.046227755187637956 -0.13560761198089491 -0.23690429404202051 0.080501756433808927 0.0050307265101971676 0.014426052375731802
leaf_count=274 273 520 1232 279 328 82 467 145
internal_value=0 0.00120624 -0.113986 0.124861 -0.235205 -0.158162 0.264595 0.175704
internal_count=3600 3326 1978 1348 1560 361 987 418
cat_boundaries=0 2 11 12
cat_threshold=673981828 256 1066524 67387652 8388736 72 144 131072 65536 268435456 32 2
shrinkage=0.338531


Tree=14
num_leaves=8
num_cat=3
split_feature=0 1 11 10 2 20 0
split_gain=1.81638 3.30861 5.03612 2.61195 2.82686 1.46287 1.40812
threshold=18.250000000000004 0 36.250000000000007 34.218200000000003 1 2 4.7500000000000009
decision_type=2 5 2 2 5 5 2
left_child=1 2 6 5 -5 -3 -1
right_child=-2 3 -4 4 -6 -7 -8
leaf_value=0.034953128672728907 0.11080755904816735 -0.078460070173877156 0.25233040656714562 0.043838060578171585 -0.11860829284506816 0.024856934701783025 -0.1102804171863358
leaf_count=308 148 110 80 245 1348 1237 124
internal_value=0 -0.0612299 0.146495 -0.140784 -0.288267 -0 -0
internal_count=3600 3452 512 2940 1593 1347 432
cat_boundaries=0 10 13 15
cat_threshold=539000896 1082278020 536944644 1375748096 0 0 65668 268435456 0 1048576 1082140752 524298 1024 1115200 65544
shrinkage=0.338531


Tree=15
num_leaves=7
num_cat=2
split_feature=1 13 1 14 12 5
split_gain=1.73224 2.97754 1.70234 2.84626 2.39987 2.30147
threshold=0 51.250000000000007 1 12.250000000000002 7.7500000000000009 40848.250000000007
decision_type=5 2 5 2 2 2
left_child=1 -1 4 5 -2 -4
right_child=2 -3 3 -5 -6 -7
leaf_value=0 0 -0.20792386519328729 -0.014261698898385862 0.20535191973704067 -0.22969284953457583 0.092968186385645954
leaf_count=382 262 291 1995 82 236 352
internal_value=0 -0.216372 0.0177108 0.0619232 -0.203963 0.0242554
internal_count=3600 673 2927 2429 498 2347
cat_boundaries=0 9 20
cat_threshold=336859224 1088 147587232 604012616 2176 536870912 2112 16386 536870945 12583424 536870946 88 37752836 268510272 268960832 1342308368 80 0 1048832 8
shrinkage=0.338531


Tree=16
num_leaves=5
num_cat=3
split_feature=2 1 20 21
split_gain=1.84831 2.47661 1.71142 2.42574
threshold=0 1 2 478.75000000000006
decision_type=5 5 5 2
left_child=-1 -2 -3 -4
right_child=1 2 3 -5
leaf_value=-0.093552637274981656 -0.10033556960669127 -0.06417494730480508 0.0044488053292612599 0.10225440656866841
leaf_count=333 542 305 1760 660
internal_value=0 0.0145543 0.057641 0.0956517
internal_count=3600 3267 2725 2420
cat_boundaries=0 3 12 14
cat_threshold=673981828 296 1024 273944600 1120 676069472 536903744 268435456 1088 2116 2 536870913 2757822528 813744264
shrinkage=0.338531


Tree=17
num_leaves=8
num_cat=1
split_feature=0 1 18 5 4 0 10
split_gain=1.37869 2.62453 1.50142 3.62914 0.733275 0.28644 0.953785
threshold=18.250000000000004 0 3776.5000000000005 42301.000000000007 101587.00000000001 4.7500000000000009 35.795200000000008
decision_type=2 5 2 2 2 2 2
left_child=1 5 3 -3 -4 6 -1
right_child=-2 2 4 -5 -6 -7 -8
leaf_value=-0 0.093004681700621261 -0.0075621765240361646 -0.13962332390990687 0.14517458541477915 -0 -0.1891250986683965 -0.1484443676578181
leaf_count=255 148 2295 206 210 72 197 217
internal_value=0 -0.0572693 0.0068331 0.050112 -0.248964 -0.283094 -0.217154
internal_count=3600 3452 2783 2505 278 669 472
cat_boundaries=0 9
cat_threshold=75764368 100926728 135004192 71336000 18432 536870944 2064 16450 33
shrinkage=0.338531


Tree=18
num_leaves=10
num_cat=2
split_feature=20 12 17 1 4 17 4 6 11
split_gain=1.40448 2.2053 3.76711 1.92339 2.4288 6.28383 2.28177 3.44743 2.93747
threshold=0 16.750000000000004 663.25000000000011 1 18961.750000000004 4880.5000000000009 1708.0000000000002 3.2500000000000004 36.250000000000007
decision_type=5 2 2 5 2 2 2 2 2
left_child=3 2 -2 6 5 -5 7 -1 -8
right_child=1 -3 -4 4 -6 -7 8 -9 -10
leaf_value=0.032928355923429735 0.018223203391815452 -0.039998474454913488 0.27354802812369455 -0.085636099976710039 -0.17525337270587421 0.20791017970771472 0 -0.21541360139950688 0.2327037218894516
leaf_count=271 453 376 107 1438 347 239 175 127 67
internal_value=0 0.085456 0.253649 -0.0881297 -0.18872 -0.0842443 0.0522836 -0.140428 0.26777
internal_count=3600 936 560 2664 2024 1677 640 398 242
cat_boundaries=0 3 13
cat_threshold=2754088705 813812960 128 2130496 1073899660 536879108 1375748096 8 0 65676 335544448 0 1048576
shrinkage=0.338531


Tree=19
num_leaves=6
num_cat=3
split_feature=2 1 20 18 18
split_gain=1.56944 2.44211 1.27849 1.21846 0.534118
threshold=0 1 2 1040.5000000000002 104.50000000000001
decision_type=5 5 5 2 2
left_child=-1 4 -3 -4 -2
right_child=1 2 3 -5 -6
leaf_value=-0.08607722433992511 -0.17836219062863087 -0.05308955988108955 0.058331696988689653 -0.0077819262075741096 -0.031679699951973235
leaf_count=350 325 339 1740 616 230
internal_value=0 0.0149461 0.0665544 0.0998212 -0.242909
internal_count=3600 3250 2695 2356 555
cat_boundaries=0 4 13 15
cat_threshold=673983876 256 1024 256 272896128 536879200 676135016 604012616 0 1088 268437572 2 536870913 2233534532 813727872
shrinkage=0.338531


Tree=20
num_leaves=9
num_cat=2
split_feature=2 1 19 13 18 18 16 6
split_gain=1.23642 3.32873 2.15704 6.16467 2.9812 1.8906 4.32711 1.55709
threshold=0 1 3.2500000000000004 10032.250000000002 208.75000000000003 1342.0000000000002 19.750000000000004 13663.000000000002
decision_type=5 5 2 2 2 2 2 2
left_child=7 5 4 -4 -3 6 -2 -1
right_child=1 2 3 -5 -6 -7 -8 -9
leaf_value=0.17695332259069424 -0.13289904960696214 0.012807870741135121 0.19962921181367574 -0.052785818104482636 -0.15023812743646742 -0.22684113756233737 0.10417714695251085 -0
leaf_count=131 494 1438 317 369 346 152 157 196
internal_value=0 -0.0603202 0.0350808 0.221372 -0.0617016 -0.256888 -0.167225 0.152765
internal_count=3600 3273 2470 686 1784 803 651 327
cat_boundaries=0 3 14
cat_threshold=1082200160 34283586 8396800 545281120 329012 134815784 71303168 18448 96 65536 268435520 0 1048576 8
shrinkage=0.338531


Tree=21
num_leaves=9
num_cat=2
split_feature=1 2 10 4 16 18 0 13
split_gain=1.53862 3.55693 3.22965 2.70344 5.66273 2.8302 1.32502 0.937247
threshold=0 1 51.137950000000011 147.25000000000003 2409.2500000000005 3.2500000000000004 10.750000000000002 4165.7500000000009
decision_type=5 5 2 2 2 2 2 2
left_child=2 -2 6 5 -5 -3 7 -1
right_child=1 3 -4 4 -6 -7 -8 -9
leaf_value=-0.0040897940544873355 -0.14007189630805786 -0.012154567916019548 0.17572508023651839 0.19272288554280007 -0.027220432564050729 -0.21076090545483261 -0.11017959125215326 0.11837585802145036
leaf_count=298 360 1206 140 409 601 380 128 78
internal_value=0 -0.083015 0.104192 -0 0.157516 -0.153103 -0.0154119 0.0753445
internal_count=3600 2956 644 2596 1010 1586 504 376
cat_boundaries=0 8 10
cat_threshold=538969088 8857988 73732 1342177280 16400 0 65668 335544320 8461728 1107886666
shrinkage=0.338531


Tree=22
num_leaves=10
num_cat=3
split_feature=1 3 14 20 18 16 1 16 3
split_gain=7.65963 4.00946 2.69372 2.12524 2.74848 1.95581 1.87379 1.94659 0.383869
threshold=0 9.2500000000000018 12.250000000000002 1 12.250000000000002 37876.000000000007 2 21.250000000000004 94.750000000000014
decision_type=5 2 2 5 2 2 5 2 2
left_child=1 6 3 5 -5 -2 -1 -8 -3
right_child=2 8 -4 4 -6 -7 7 -9 -10
leaf_value=-0.017754337157879479 -0.14973560797391214 -0.11565810741216191 0.081697872025570939 0.1155963601304129 -0.091256914066988187 0.0058209053063366925 0.087006673839271451 0.26957963829297743 -0
leaf_count=222 1934 89 98 262 316 126 326 156 71
internal_value=0 0.188315 -0.215759 -0.282641 0.0157602 -0.342985 0.352867 0.41208 -0.201651
internal_count=3600 864 2736 2638 578 2060 704 482 160
cat_boundaries=0 11 14 22
cat_threshold=539000904 278916 536945172 301989888 4194320 393218 128 335560706 0 1048576 33554432 2238254401 278986952 32 536870976 4 536879124 0 16 131072 0 268435456
shrinkage=0.338531


Tree=23
num_leaves=10
num_cat=1
split_feature=1 10 10 4 21 8 3 9 17
split_gain=4.34141 3.25219 4.62812 2.12357 2.0776 4.60376 2.8003 1.41396 1.39295
threshold=0 37.957750000000011 50.77405000000001 147.25000000000003 25.000000000000004 138.25000000000003 15.250000000000002 3.2500000000000004 1693.7500000000002
decision_type=5 2 2 2 2 2 2 2 2
left_child=1 3 -3 -1 6 -6 8 -7 -2
right_child=4 2 -4 -5 5 7 -8 -9 -10
leaf_value=0.061721579775822072 -0.099575539098266469 -0.18662956416053975 0.09123782969289046 0.26843853782308186 0.15252990629458935 -0.10651821525529197 -0.24362465955708076 0.0074784775663662541 0.01310108900519158
leaf_count=409 1024 151 170 85 290 476 335 280 380
internal_value=0 0.160485 -0.0750415 0.390285 -0.153593 -0.023927 -0.300251 -0.183238 -0.161814
internal_count=3600 815 321 494 2785 1046 1739 756 1404
cat_boundaries=0 11
cat_threshold=539001416 287108 536879124 0 10485776 425986 128 268435458 32 0 33554432
shrinkage=0.338531


end of trees

feature importances:
c_02=35
n_table_1.n_2=13
n_table_1.n_20=13
c_table_1.c_4=12
n_table_1.n_15=12
n_table_1.n_7=9
n_table_1.n_9=9
n_1=8
n_table_1.n_16=7
c_table_2.c_4=7
n_table_1.n_8=6
n_table_1.n_3=6
n_table_1.n_17=6
n_table_3.n_3=6
n_table_1.n_18=5
n_table_1.n_19=5
n_table_1.n_10=3
c_table_2.c_1=2
n_table_2.n_13=2
n_table_1.n_12=2
n_table_1.n_26=2
n_table_2.n_14=1

parameters:
[boosting: gbdt]
[objective: binary]
[metric: auc]
[tree_learner: serial]
[device_type: cpu]
[data: ]
[valid: ]
[num_iterations: 100]
[learning_rate: 0.338531]
[num_leaves: 10]
[num_threads: 4]
[max_depth: 4]
[min_data_in_leaf: 20]
[min_sum_hessian_in_leaf: 7.16471]
[bagging_fraction: 0.9]
[bagging_freq: 22]
[bagging_seed: 3]
[feature_fraction: 1]
[feature_fraction_seed: 2]
[early_stopping_round: 0]
[max_delta_step: 0]
[lambda_l1: 0.432089]
[lambda_l2: 1.97417]
[min_gain_to_split: 0]
[drop_rate: 0.1]
[max_drop: 50]
[skip_drop: 0.5]
[xgboost_dart_mode: 0]
[uniform_drop: 0]
[drop_seed: 4]
[top_rate: 0.2]
[other_rate: 0.1]
[min_data_per_group: 100]
[max_cat_threshold: 32]
[cat_l2: 10]
[cat_smooth: 10]
[max_cat_to_onehot: 4]
[top_k: 20]
[monotone_constraints: ]
[feature_contri: ]
[forcedsplits_filename: ]
[refit_decay_rate: 0.9]
[verbosity: -1]
[max_bin: 255]
[min_data_in_bin: 3]
[bin_construct_sample_cnt: 200000]
[histogram_pool_size: -1]
[data_random_seed: 1]
[output_model: LightGBM_model.txt]
[snapshot_freq: -1]
[input_model: ]
[output_result: LightGBM_predict_result.txt]
[initscore_filename: ]
[valid_data_initscores: ]
[pre_partition: 0]
[enable_bundle: 1]
[max_conflict_rate: 0]
[is_enable_sparse: 1]
[sparse_threshold: 0.8]
[use_missing: 1]
[zero_as_missing: 0]
[two_round: 0]
[save_binary: 0]
[enable_load_from_binary_file: 1]
[header: 0]
[label_column: ]
[weight_column: ]
[group_column: ]
[ignore_column: ]
[categorical_feature: ]
[predict_raw_score: 0]
[predict_leaf_index: 0]
[predict_contrib: 0]
[num_iteration_predict: -1]
[pred_early_stop: 0]
[pred_early_stop_freq: 10]
[pred_early_stop_margin: 10]
[convert_model_language: ]
[convert_model: gbdt_prediction.cpp]
[num_class: 1]
[is_unbalance: 0]
[scale_pos_weight: 1]
[sigmoid: 1]
[boost_from_average: 1]
[reg_sqrt: 0]
[alpha: 0.9]
[fair_c: 1]
[poisson_max_delta_step: 0.7]
[tweedie_variance_power: 1.5]
[max_position: 20]
[label_gain: ]
[metric_freq: 1]
[is_provide_training_metric: 0]
[eval_at: ]
[num_machines: 1]
[local_listen_port: 12400]
[time_out: 120]
[machine_list_filename: ]
[machines: ]
[gpu_platform_id: -1]
[gpu_device_id: -1]
[gpu_use_dp: 0]

end of parameters

pandas_categorical:[[0, 1, 2, 3, 4, 5, 6, 7, 8, 9, 10, 11, 12, 13, 14, 15, 16, 17, 18, 19, 20, 21, 22, 23, 24, 25, 26, 27, 28, 29, 30, 31, 32, 33, 34, 35, 36, 37, 38, 39, 40, 41, 42, 43, 44, 45, 46, 47, 48, 49, 50, 51, 52, 53, 54, 55, 56, 57, 58, 59, 60, 61, 62, 63, 64, 65, 66, 67, 68, 69, 70, 71, 72, 73, 74, 75, 76, 77, 78, 79, 80, 81, 82, 83, 84, 85, 86, 87, 88, 89, 90, 91, 92, 93, 94, 95, 96, 97, 98, 99, 100, 101, 102, 103, 104, 105, 106, 107, 108, 109, 110, 111, 112, 113, 114, 115, 116, 117, 118, 119, 120, 121, 122, 123, 124, 125, 126, 127, 128, 129, 130, 131, 132, 133, 134, 135, 136, 137, 138, 139, 140, 141, 142, 143, 144, 145, 146, 147, 148, 149, 150, 151, 152, 153, 154, 155, 156, 157, 158, 159, 160, 161, 162, 163, 164, 165, 166, 167, 168, 169, 170, 171, 172, 173, 174, 175, 176, 177, 178, 179, 180, 181, 182, 183, 184, 185, 186, 187, 188, 189, 190, 191, 192, 193, 194, 195, 196, 197, 198, 199, 200, 201, 202, 203, 204, 205, 206, 207, 208, 209, 210, 211, 212, 213, 214, 215, 216, 217, 218, 219, 220, 221, 222, 223, 224, 225, 226, 227, 228, 229, 230, 231, 232, 233, 234, 235, 236, 237, 238, 239, 240, 241, 242, 243, 244, 245, 246, 247, 248, 249, 250, 251, 252, 253, 254, 255, 256, 257, 258, 259, 260, 261, 262, 263, 264, 265, 266, 267, 268, 269, 270, 271, 272, 273, 274, 275, 276, 277, 278, 279, 280, 281, 282, 283, 284, 285, 286, 287, 288, 289, 290, 291, 292, 293, 294, 295, 296, 297, 298, 299, 300, 301, 302, 303, 304, 305, 306, 307, 308, 309, 310, 311, 312, 313, 314, 315, 316, 317, 318, 319, 320, 321, 322, 323, 324, 325, 326, 327, 328, 329, 330, 331, 332, 333, 334, 335, 336, 337, 338, 339, 340, 341, 342, 343, 344, 345, 346, 347, 348, 349, 350, 351, 352, 353, 354, 355, 356, 357, 358, 359, 360, 361, 362, 363, 364, 365, 366, 367, 368, 369, 370, 371, 372, 373, 374, 375, 376, 377, 378, 379, 380, 381, 382, 383, 384, 385, 386, 387, 388, 389, 390, 391, 392, 393, 394, 395, 396, 397, 398, 399, 400, 401, 402, 403, 404, 405, 406, 407, 408, 409, 410, 411, 412, 413, 414, 415, 416, 417, 418, 419, 420, 421, 422, 423, 424, 425, 426, 427, 428, 429, 430, 431, 432, 433, 434, 435, 436, 437, 438, 439, 440, 441, 442, 443, 444, 445, 446, 447, 448, 449, 450, 451, 452, 453, 454, 455, 456, 457, 458, 459, 460, 461, 462, 463, 464, 465, 466, 467, 468, 469, 470, 471, 472, 473, 474, 475, 476, 477, 478, 479, 480, 481, 482, 483, 484, 485, 486, 487, 488, 489, 490, 491, 492, 493, 494, 495, 496, 497, 498, 499, 500, 501, 502, 503, 504, 505, 506, 507, 508, 509, 510, 511, 512, 513, 514, 515, 516, 517, 518, 519, 520, 521, 522, 523, 524, 525, 526, 527, 528, 529, 530, 531, 532, 533, 534, 535, 536, 537, 538, 539, 540, 541, 542, 543, 544, 545, 546, 547, 548, 549, 550, 551, 552, 553, 554, 555, 556, 557, 558], [0, 1, 2, 3, 4, 5, 6, 7, 8, 9, 10, 11, 12, 13, 14, 15, 16, 17, 18, 19, 20, 21, 22, 23, 24, 25, 26, 27, 28, 29, 30, 31, 32, 33, 34, 35, 36, 37, 38, 39, 40, 41, 42, 43, 44, 45, 46, 47, 48, 49, 50, 51, 52, 53, 54, 55, 56, 57, 58, 59, 60, 61, 62, 63, 64, 65, 66, 67, 68, 69, 70, 71, 72, 73, 74, 75, 76, 77, 78, 79, 80, 81, 82, 83, 84, 85, 86, 87, 88, 89, 90, 91, 92, 93, 94, 95, 96, 97, 98, 99, 100, 101, 102, 103, 104, 105, 106, 107, 108, 109, 110, 111, 112, 113, 114, 115, 116, 117, 118, 119, 120, 121, 122, 123, 124, 125, 126, 127, 128, 129, 130, 131, 132, 133, 134, 135, 136, 137, 138, 139, 140, 141, 142, 143, 144, 145, 146, 147, 148, 149, 150, 151], [0, 1], [0, 1, 2, 3, 4, 5, 6, 7, 8, 9, 10, 11, 12, 13, 14, 15, 16, 17, 18, 19, 20, 21, 22, 23, 24, 25, 26, 27, 28, 29, 30, 31, 32, 33, 34, 35, 36, 37, 38, 39, 40, 41, 42, 43, 44, 45, 46, 47, 48, 49, 50, 51, 52, 53, 54, 55, 56, 57, 58, 59, 60, 61, 62, 63, 64, 65, 66, 67, 68, 69, 70, 71, 72, 73, 74, 75, 76, 77, 78, 79, 80, 81, 82, 83, 84, 85, 86, 87, 88, 89, 90, 91, 92, 93, 94, 95, 96, 97, 98, 99, 100, 101, 102, 103, 104, 105, 106, 107, 108, 109, 110, 111, 112, 113, 114, 115, 116, 117, 118, 119, 120, 121, 122, 123, 124, 125, 126, 127, 128, 129, 130, 131, 132, 133]]
