tree
version=v2
num_class=1
num_tree_per_iteration=1
label_index=0
max_feature_idx=21
objective=binary sigmoid:1
feature_names=n_1 c_02 c_table_1.c_4 n_table_1.n_8 n_table_1.n_15 n_table_1.n_18 n_table_1.n_19 c_table_2.c_1 n_table_2.n_13 n_table_2.n_14 n_table_1.n_2 n_table_1.n_3 n_table_1.n_7 n_table_1.n_9 n_table_1.n_10 n_table_1.n_12 n_table_1.n_16 n_table_1.n_17 n_table_1.n_20 n_table_1.n_26 c_table_2.c_4 n_table_3.n_3
feature_infos=[1:335.5] 40:3:68:15:50:10:80:6:35:91:9:5:12:20:165:46:2:48:69:34:83:58:62:87:115:73:77:225:252:45:126:132:149:61:66:111:209:102:196:36:37:39:208:29:124:135:203:121:22:42:71:82:99:108:156:194:14:33:49:70:93:110:118:195:296:308:4:26:28:238:261:55:86:90:150:175:177:199:231:250:18:21:67:125:138:23:131:134:141:161:205:220:228:230:244:285:7:17:38:43:59:122:139:142:166:170:179:198:222:256:345:57:227:248:8:98:100:112:130:144:151:178:188:189:190:269:305:323:11:75:92:116:146:164:186:213:214:268:312:349:377:1:44:63:101:123:154:176:206:212:216:232:251:273:275:354:13:54:65:74:79:84:95:114:120:133:145:153:162:173:181:187:192:211:243:262:277:318:324:334:361:366:368:0:31:104:109:148:169:202:204:239:283:293:295:310:322:380:393:399:19:32:53:94:106:127:140:158:167:172:207:229:234:240:246:264:284:289:291:292:297:306:309:338:350:359:374:386:407:52:72:81:103:107:113:117:180:182:233:236:237:247:255:257:266:267:271:274:282:286:288:301:304:315:336:375:400:418:478:498:24:25:27:30:60:78:105:119:136:137:143:147:163:168:171:174:185:191:217:218:221:224:226:235:249:254:260:263:272:279:280:281:300:302:320:332:337:340:347:351:356:376:378:383:387:392:394:397:414:420:424:430:433:438:442:453:457:462:467:476:479:481 4:0:10:12:2:11:7:5:45:51:35:8:18:23:33:40:77:30:37:38:41:57:29:28:16:74:62:49:13:21:48:104:6:69:22:26:39:54:19:27:72:87:95:3:31:55:56:106:15:17:60:61:96:103:92:25:66:67:78:80:81:93:94:109:113:117:122:1:24:44:46:47:53:59:65:83:84:99:112:121:133:14:20:36:63:70:82:97:102:116:136:32:34:42:52:58:64:71:75:85:90:98:107:111:115:124:129:130:131:132 [1:244588] [1:274774] [1:574087] [1:1285890] 1:0 [1:395101] [1:275.5] [-49.8874:81.708399999999997] [1:175] [1:38456.5] [1:1556770] [1:68.5] [1:8524] [1:249100] [1:448222] [1:19936] [1:121640] 20:0:2:33:16:38:10:8:24:31:6:53:18:21:44:48:26:35:55:12:39:40:14:43:61:42:60:17:22:11:29:9:3:4:37:19:41:67:47:46:49:25:71:98:27:69:57:73:1:30:52:100:59:62:63:77:106:45:56:87:92:103:7:15:32:58:80:82:94:34:65:66:68:74:75:79:84:97:107:112:13:51:54:64:70:76:85:91:95:109 [1:509664]
tree_sizes=1771 1686 1423 1491 1630 2212 1516 1944 1960 2161 2055 1733 2347 1604 2268 2644 1661 1935

Tree=0
num_leaves=22
num_cat=1
split_feature=6 20 18 10 8 18 13 12 12 12 21 21 0 17 0 17 13 5 18 13 13
split_gain=19.663 15.6716 9.76499 5.81666 3.68893 3.1019 3.06718 3.32558 2.27644 5.08422 2.2634 3.24816 2.26218 1.91481 1.51141 1.36188 1.12867 0.726058 1.34332 0.316146 0.264613
threshold=346413.00000000006 0 104.50000000000001 52.4497 16877.500000000004 9054.2500000000018 36226.000000000007 399.25000000000006 46.750000000000007 30.250000000000004 17563.000000000004 25500.250000000004 18.250000000000004 6078.2500000000009 9.2500000000000018 11043.250000000002 1824.2500000000002 29513.500000000004 1501.7500000000002 6.2500000000000009 553.00000000000011
decision_type=2 5 2 2 2 2 2 2 2 2 2 2 2 2 2 2 2 2 2 2 2
left_child=1 2 14 5 6 -2 8 17 9 10 12 -12 -3 19 -1 -15 -11 -8 -19 -10 -17
right_child=3 4 -4 -5 -6 -7 7 -9 13 16 11 -13 -14 15 -16 20 -18 18 -20 -21 -22
leaf_value=-2.8328974340788045 -2.5838378772848101 -2.8516214341294455 -2.5846643031233465 -2.8106757024829077 -2.7475548072340659 -2.7963703606510397 -2.8472987349821808 -2.718141199875459 -2.8106757024829077 -2.727634010674107 -2.7398963608234861 -2.8296918540072094 -2.7905958826124011 -2.7792332216254083 -2.7601589908406226 -2.8106757024829077 -2.8106757024829077 -2.7677773085327506 -2.8359965799832594 -2.8865388927195794 -2.8471850269974381
leaf_count=28 32 875 47 24 20 30 45 20 25 32 37 160 41 21 36 36 21 40 31 294 105
internal_value=0 -0.171772 0.733549 1.63558 -0.291877 2.12102 -0.354597 0.172984 -0.408684 -0.271954 -0.349624 0.00822931 -0.438368 -0.675479 0.125255 -0.141408 0.712744 -0.108474 0.0453074 -0.870055 -0.352867
internal_count=2000 1914 111 86 1803 62 1783 136 1647 1166 1113 197 916 481 64 162 53 116 71 319 141
cat_boundaries=0 2
cat_threshold=17842176 2
shrinkage=1


Tree=1
num_leaves=22
num_cat=2
split_feature=1 15 16 8 9 8 19 16 7 8 4 19 0 11 16 5 12 19 12 5 12
split_gain=24.973 12.9261 9.91366 5.94159 5.05837 3.80386 3.42499 2.68367 2.14888 2.82825 1.94054 1.44305 1.36004 1.09365 0.989955 0.956258 0.412235 0.15408 0.044282 0.0115187 0.0106287
threshold=0 55.000000000000007 18608.500000000004 1.7500000000000002 1.7500000000000002 14191.000000000002 379.75000000000006 40927.750000000007 1 1348.7500000000002 66029.500000000015 873.25000000000011 18.250000000000004 54.250000000000007 28.750000000000004 83866.750000000015 1.7500000000000002 97.000000000000014 1007.5000000000001 1918.0000000000002 1.7500000000000002
decision_type=5 2 2 2 2 2 2 2 1 2 2 2 2 2 2 2 2 2 2 2 2
left_child=1 8 5 10 7 11 -3 -5 16 14 17 12 13 15 -10 18 -1 -4 -2 -18 -14
right_child=2 6 3 4 -6 -7 -8 -9 9 -11 -12 -13 20 -15 -16 -17 19 -19 -20 -21 -22
leaf_value=0.016630200253173473 -0.047953656533005908 0.25184030496262361 -0 0 -0 0.049955291648449057 0.01820400891873078 0.1853143469605828 0.028155665444990603 -0.0020980493310692053 0.036868004233863071 0.0053008072482202276 -0 0 0.13529677699125581 0 -0.022040265114722211 -0.045085835932049075 -0 -0 0.0051607449429020976
leaf_count=60 1310 43 20 24 28 24 26 28 88 32 29 36 20 24 27 28 29 61 23 20 20
internal_value=0 0.764088 -0.283819 0.511087 1.20697 -0.444688 2.49192 1.73467 0.493217 0.774797 -0.0756133 -0.485467 -0.510384 -0.535209 1.03509 -0.553655 0 -0.466431 -0.571295 -0.224833 0.00659058
internal_count=2000 325 1675 190 80 1485 69 52 256 147 110 1461 1425 1385 115 1361 109 81 1333 49 40
cat_boundaries=0 7 8
cat_threshold=536870976 67330452 545333760 1073741824 6291456 0 4 2
shrinkage=0.0831216


Tree=2
num_leaves=18
num_cat=1
split_feature=1 16 16 8 9 8 16 4 6 19 0 8 11 3 10 19 12
split_gain=21.645 10.5957 8.82389 5.18497 4.34005 3.49781 1.92153 1.82398 1.64019 1.34224 1.26779 1.19517 1.03036 0.916449 0.660403 0.147708 0.010014
threshold=0 19.750000000000004 18608.500000000004 1.7500000000000002 1.7500000000000002 14191.000000000002 40927.750000000007 66029.500000000015 3.2500000000000004 873.25000000000011 18.250000000000004 22.750000000000004 54.250000000000007 289.00000000000006 34.817550000000004 97.000000000000014 1.7500000000000002
decision_type=5 2 2 2 2 2 2 2 2 2 2 2 2 2 2 2 2
left_child=1 8 5 7 6 9 -5 15 11 10 12 -1 13 14 -2 -4 -12
right_child=2 -3 3 4 -6 -7 -8 -9 -10 -11 16 -13 -14 -15 -16 -17 -18
leaf_value=0.057712349030884305 -0.030597288349593701 0.15176562276360114 -0 0 -0 0.047203490547820443 0.16361659729966113 0.034800653032284051 -0.018229056973627592 0.0050571007280115852 -0 -0 0 0 -0.058324114414953616 -0.044419229048204237 0.0049916691722773129
leaf_count=95 712 129 20 24 28 24 28 29 46 36 20 56 24 28 619 62 20
internal_value=0 0.704736 -0.261949 0.474412 1.10436 -0.419732 1.57056 -0.0742324 0.237954 -0.461063 -0.486242 0.464194 -0.511316 -0.530098 -0.548147 -0.459025 0.00519135
internal_count=2000 326 1674 191 80 1483 52 111 197 1459 1423 151 1383 1359 1331 82 40
cat_boundaries=0 7
cat_threshold=537919552 67314068 545333760 1073741824 6291456 0 4
shrinkage=0.0831216


Tree=3
num_leaves=18
num_cat=1
split_feature=1 14 18 16 18 8 8 16 16 4 16 18 18 4 12 12 17
split_gain=18.4186 10.7998 9.31925 4.99094 4.19881 3.61743 3.22139 2.25672 5.015 3.46784 1.94037 1.5403 2.22873 1.41948 0.427656 0.242865 0.0155197
threshold=0 32.500000000000007 104.50000000000001 18433.000000000004 4249.0000000000009 3.2500000000000004 14191.000000000002 2565.2500000000005 510.25000000000006 897.25000000000011 727.75000000000011 70.000000000000014 18.250000000000004 101587.00000000001 1.7500000000000002 1.7500000000000002 36350.500000000007
decision_type=5 2 2 2 2 2 2 2 2 2 2 2 2 2 2 2 2
left_child=2 3 15 6 5 16 7 8 11 -10 -11 12 -2 -6 -13 -1 -5
right_child=1 -3 -4 4 13 -7 -8 -9 9 10 -12 14 -14 -15 -16 -17 -18
leaf_value=0.020821674522560153 -0.030664639302590391 0.13126248224016665 0.15888450197153589 0.0030329322023259402 -0.047355598386056623 0.11856665824642072 0.04459626110177782 -0.068630234020434819 -0.029845527294169418 0.12213611670315344 0.0054308533485117744 -0 0.022632049537607366 0.011395696938221728 -0.06971757374328004 -0 -0.0047646852032160588
leaf_count=92 820 22 99 20 69 36 24 277 41 22 72 23 75 38 212 25 33
internal_value=0 -0.215046 0.738029 -0.304272 0.251615 0.816209 -0.398594 -0.437792 -0.319344 0.375191 0.80031 -0.426102 -0.29125 -0.219208 -0.781011 0.15241 -0
internal_count=2000 1784 216 1762 196 89 1566 1542 1265 135 94 1130 895 107 235 117 53
cat_boundaries=0 7
cat_threshold=536870976 74116 73728 0 6291456 0 4
shrinkage=0.0831216


Tree=4
num_leaves=20
num_cat=1
split_feature=1 6 13 14 13 13 4 15 18 4 18 19 10 18 15 13 3 12 6
split_gain=15.5039 9.41641 6.70486 5.42305 4.77034 4.26095 1.38207 2.5506 1.40443 4.12854 4.42545 1.74865 1.44148 1.00297 0.912446 0.53412 0.170118 0.108108 0.0180777
threshold=0 509778.00000000006 19505.500000000004 29.500000000000004 184.75000000000003 6.2500000000000009 58801.750000000007 430.75000000000006 76.750000000000014 147.25000000000003 18.250000000000004 873.25000000000011 66.891400000000019 1465.7500000000002 12.250000000000002 25952.500000000004 289.00000000000006 378.25000000000006 1376.5000000000002
decision_type=5 2 2 2 2 2 2 2 2 2 2 2 2 2 2 2 2 2 2
left_child=2 3 4 6 5 -1 8 -8 9 14 -11 12 16 18 -2 -13 -10 -9 -6
right_child=1 -3 -4 -5 13 -7 7 17 11 10 -12 15 -14 -15 -16 -17 -18 -19 -20
leaf_value=0.019218470613587571 -0.032312153475971661 0.10210492890370924 0.16023492408160586 0.078395901891155598 -0 0.13446825498505047 0.062705430956791819 -0.035366719989748101 -0.060018132226619045 -0.02229045760898896 0.10873760866958926 0.034124626118542563 0 0.012124274644106084 0.0090381268910298546 -0.012091078641158125 -0 -0 -0.042809322787628258
leaf_count=164 771 31 42 20 21 40 28 45 574 34 33 20 26 22 20 20 25 20 44
internal_value=0 -0.225111 0.575769 -0.328502 0.432887 0.770695 -0.379198 0.00670606 -0.414584 -0.242285 0.5846 -0.590328 -0.653938 -0.193178 -0.353807 0.00704637 -0.702823 -0.352271 -0.456037
internal_count=2000 1667 333 1636 291 204 1616 93 1523 858 67 665 625 87 791 40 599 65 65
cat_boundaries=0 7
cat_threshold=536903744 221588 545333248 1073741824 6291456 0 4
shrinkage=0.0831216


Tree=5
num_leaves=29
num_cat=3
split_feature=1 18 16 18 21 19 21 16 21 21 1 12 4 19 16 21 18 12 4 3 7 12 0 21 21 21 18 19
split_gain=13.6671 8.25973 8.02359 7.87272 4.24565 4.14528 2.84372 2.47661 1.95859 2.28615 1.90155 1.3136 1.22081 0.904325 0.8294 0.773099 1.12834 0.528759 0.351561 0.349775 0.30905 0.279337 0.202804 0.377098 0.262284 0.0574391 0.0491827 0.00434891
threshold=0 104.50000000000001 18608.500000000004 4249.0000000000009 162.25000000000003 379.75000000000006 7720.7500000000009 1863.2500000000002 25500.250000000004 18401.500000000004 1 12.250000000000002 101587.00000000001 873.25000000000011 9.2500000000000018 182973.50000000003 1.7500000000000002 219.25000000000003 58801.750000000007 250.75000000000003 2 1007.5000000000001 9.2500000000000018 424.75000000000006 143.50000000000003 14005.750000000002 7.7500000000000009 43.000000000000007
decision_type=5 2 2 2 2 2 2 2 2 2 5 2 2 2 2 2 2 2 2 2 1 2 2 2 2 2 2 2
left_child=1 22 6 4 27 -3 10 8 9 14 11 26 -5 18 25 16 20 -13 19 21 -10 -12 24 -24 -1 -8 -2 -4
right_child=2 5 3 12 -6 -7 7 -9 15 -11 13 17 -14 -15 -16 -17 -18 -19 -20 -21 -22 -23 23 -25 -26 -27 -28 -29
leaf_value=0.0015570945651336271 0.0060030771700822546 0.15322851640474286 0.003244622754398433 -0.045598525533180972 0.14379804651045672 0 -0.023968223811130167 -0.047539199022152555 -0.0018415153367873818 0.10596530193551851 -0.054219137872749623 -0.038089927612114757 0.0080697303198827824 0 0.039395744664213597 0.031533641456419577 -0.045174173479596666 0 -0 -0 0.026639949848638947 -0 -0 0.033808331122998192 -0.023503691174562844 -0 0.047081337895432472 -0
leaf_count=37 130 80 20 70 46 21 35 77 77 26 890 49 37 31 20 20 69 25 20 21 26 22 23 28 28 20 27 25
internal_value=0 0.622987 -0.181863 0.493693 1.19746 1.56204 -0.33164 0 0.214481 0.639429 -0.438834 0.039477 -0.21338 -0.481044 0 -0.00739373 -0.190452 -0.255543 -0.612253 -0.625405 0.0187316 -0.638977 0.014153 0.203618 -0.0270864 -0.226733 0.325398 0
internal_count=2000 217 1783 198 91 101 1585 370 293 101 1215 231 107 984 75 192 172 74 953 933 103 912 116 51 65 55 157 45
cat_boundaries=0 7 12 13
cat_threshold=536870976 139652 8462336 0 4194304 0 4 33312 344080 528 1073741824 2097152 1
shrinkage=0.0831216


Tree=6
num_leaves=19
num_cat=2
split_feature=1 6 3 14 8 12 18 19 18 8 0 19 19 16 18 7 6 6
split_gain=11.5893 9.56667 4.20723 3.64027 2.77192 2.31696 1.46254 1.90254 1.31495 1.05653 0.980459 0.641945 0.60078 1.14379 1.65734 0.696312 0.668928 0.012232
threshold=0 509778.00000000006 150.25000000000003 1.7500000000000002 14191.000000000002 44.500000000000007 104.50000000000001 379.75000000000006 12.250000000000002 143.50000000000003 18.250000000000004 54.250000000000007 873.25000000000011 37876.000000000007 921.25000000000011 1 222467.00000000003 757.75000000000011
decision_type=5 2 2 2 2 2 2 2 2 2 2 2 2 2 2 1 2 2
left_child=6 2 4 11 10 -5 8 -8 9 -1 12 -4 13 14 -2 -15 -14 -12
right_child=1 -3 3 5 -6 -7 7 -9 -10 -11 17 -13 16 15 -16 -17 -18 -19
leaf_value=0.057164891884049579 -0.027081025523058758 0.10280309128625587 0.0055416952239938653 -0 0.042714682936044877 0.11404286433559359 0.11314702558916084 0 -0.01618408661303266 -0 -0 -0.036176940446832305 0.031788122642620653 -0.019324321777714128 -0.066922522827682046 0.032192317601053212 -0.022910241790782163 0.0065697084678033183
leaf_count=77 1180 32 21 23 24 30 76 20 22 25 20 51 20 23 279 28 29 20
internal_value=0 -0.16691 -0.265718 0.382892 -0.340034 0.9755 0.567051 1.18015 0.288352 0.501406 -0.378698 -0.17397 -0.400934 -0.418706 -0.447682 0 0 0.0363815
internal_count=2000 1780 1748 125 1623 53 220 96 124 102 1599 72 1559 1510 1459 51 49 40
cat_boundaries=0 7 8
cat_threshold=536870976 8596 8454144 1073741824 2097152 0 4 2
shrinkage=0.0831216


Tree=7
num_leaves=26
num_cat=3
split_feature=20 1 15 5 21 12 10 5 21 5 13 0 21 0 10 0 21 11 10 0 11 7 12 19 21
split_gain=10.0936 7.55284 9.84628 3.90338 2.90058 3.75671 2.30974 1.96911 1.89402 1.51614 1.50901 1.35967 1.2925 1.24568 1.1383 1.09272 0.415175 0.374585 0.378339 0.281601 0.171259 0.317226 0.129108 0.0935573 0.0720776
threshold=0 1 55.000000000000007 83866.750000000015 25.000000000000004 48.250000000000007 16.114810000000002 133643.50000000003 134020.00000000003 182263.50000000003 13349.500000000002 3.2500000000000004 99332.500000000015 4.7500000000000009 58.267400000000002 27.250000000000004 941.50000000000011 54.250000000000007 66.931750000000008 10.750000000000002 34.750000000000007 2 178.75000000000003 338.50000000000006 29542.000000000004
decision_type=5 5 2 2 2 2 2 2 2 2 2 2 2 2 2 2 2 2 2 2 2 1 2 2 2
left_child=1 2 6 4 11 8 13 12 14 -9 -5 20 15 -1 -6 17 -7 18 -3 -15 21 -2 -8 -4 -18
right_child=3 7 23 10 5 16 22 9 -10 -11 -12 -13 -14 19 -16 -17 24 -19 -20 -21 -22 -23 -24 -25 -26
leaf_value=0.038992298522973104 0 -0.052438473416018205 0.12502948658906218 0.15096454301307116 0.078183749032129449 0.0019185744946936677 -0.051826087210408177 0.055267681182818731 -0 -0.018932311192394871 0.013099709656008251 0.021662822814663436 0 -0.02706216518418951 -0 0 -0.031953285537598998 0 0 0 -0 -0.047913380914444227 -0 0.010928463960526351 -0
leaf_count=95 21 939 45 22 211 20 74 20 31 43 36 39 46 33 21 28 45 20 21 26 23 75 20 26 20
internal_value=0 -0.206762 0.23697 0.394991 0.295325 0.497527 -0.0943594 -0.398618 0.744104 0.0516929 1.31081 -0.140193 -0.534173 0.175972 0.860746 -0.573192 -0.110251 -0.603255 -0.616816 -0.134937 -0.421576 -0.48317 -0.553661 1.31185 -0.319681
internal_count=2000 1436 319 564 506 348 248 1117 263 63 58 158 1054 154 232 1008 85 980 960 59 119 96 94 71 65
cat_boundaries=0 2 9 10
cat_threshold=69730373 813702464 33376 67264644 536879632 1073741824 6291456 0 4 2
shrinkage=0.0831216


Tree=8
num_leaves=25
num_cat=1
split_feature=20 15 18 16 4 4 18 11 4 16 10 10 12 17 18 18 0 4 6 10 10 0 17 0
split_gain=8.57566 6.15796 5.21508 4.45309 3.00088 2.79571 3.1782 2.45882 2.4105 2.03719 1.95637 2.52866 2.5174 1.28508 0.937072 2.05365 0.844825 0.607674 0.517359 0.394638 0.366845 0.253864 0.0836918 0.0267716
threshold=0 55.000000000000007 3645.2500000000005 21175.750000000004 20297.500000000004 24821.500000000004 3059.5000000000005 36.250000000000007 12943.000000000002 7203.2500000000009 46.045200000000001 60.38600000000001 1.7500000000000002 3537.2500000000005 278.50000000000006 173.50000000000003 27.250000000000004 3446.5000000000005 63418.750000000007 35.254650000000005 38.352650000000004 1.7500000000000002 12118.000000000002 3.2500000000000004
decision_type=5 2 2 2 2 2 2 2 2 2 2 2 2 2 2 2 2 2 2 2 2 2 2 2
left_child=1 14 3 4 9 8 -7 -4 10 13 12 17 23 -3 15 16 19 -12 -16 21 -14 -1 -11 -2
right_child=5 2 7 -5 -6 6 -8 -9 -10 22 11 -13 20 -15 18 -17 -18 -19 -20 -21 -22 -23 -24 -25
leaf_value=-0.0096169310149601204 0.010563956593052542 0 -0.058085476304405623 0.11463695211434043 -0.041439763487654678 0.12600895279394556 0 0.019043877329931284 -0.035046035038509227 0 0.10047272779134386 -0.0083378775264333314 -0.042776575032915196 0.093232080664664638 -0.066992692115810479 0.031866395212230607 0.0058664945441821402 0.0022228856440875068 -0 -0.055252831182533324 0 -0.036924208325798874 -0.014189206699709 0.046254281336594913
leaf_count=439 172 35 99 46 66 45 35 34 38 23 68 21 55 48 199 39 20 34 20 178 31 164 26 65
internal_value=0 -0.190369 0.208011 0.587043 0.089807 0.362307 1.0583 -0.354895 0.256894 0.478119 0.371524 0.780099 0.110134 0.820237 -0.418595 -0.286796 -0.357366 1.00308 -0.740067 -0.393076 -0.365883 -0.254393 -0.016637 0.365211
internal_count=2000 1436 377 244 198 564 80 133 484 132 446 123 323 83 1059 840 801 102 219 781 86 603 49 237
cat_boundaries=0 2
cat_threshold=69730373 813702464
shrinkage=0.0831216


Tree=9
num_leaves=28
num_cat=5
split_feature=1 6 1 18 18 14 21 17 8 0 6 17 6 18 6 21 18 14 15 5 7 8 6 0 7 7 18
split_gain=8.6626 7.6119 4.02512 4.59822 6.83314 3.07451 2.17982 2.13154 3.4509 1.51112 1.31175 1.28325 3.24029 1.32858 1.95365 1.18264 1.1724 0.993896 0.829296 0.53621 0.536007 0.408711 0.37475 0.277478 1.47827 0.72998 0.0189883
threshold=0 346413.00000000006 1 104.50000000000001 1449.2500000000002 12.250000000000002 18401.500000000004 1.7500000000000002 916.75000000000011 27.250000000000004 78480.250000000015 6078.2500000000009 54470.500000000007 60.250000000000007 757.75000000000011 2949.2500000000005 4535.5000000000009 3.2500000000000004 132.25000000000003 24883.750000000004 2 12679.750000000002 113.50000000000001 7.7500000000000009 3 4 2366.5000000000005
decision_type=5 2 5 2 2 2 2 2 2 2 2 2 2 2 2 2 2 2 2 2 1 2 2 2 1 1 2
left_child=9 2 3 22 -5 6 11 8 -8 -1 -9 13 18 14 -4 -7 -3 -14 -13 -15 -18 -10 23 25 -25 -2 -6
right_child=1 16 5 4 26 15 7 10 21 -11 -12 12 17 19 -16 -17 20 -19 -20 -21 -22 -23 -24 24 -26 -27 -28
leaf_value=-0.062756755334702277 0.02366553151888898 0.13498590835591839 -0.024155103498034975 0.13100000459652364 -0.0061175654699003159 -0 0.10688588311968852 -0.044733732487760282 -0.015147801590268375 0 0.016743840198608854 0 -0.036001227731486521 -0.060106543380010549 0.03529936914387119 0.081225170079354397 0.039538425792648747 0.0088111530405195378 0.089919065425605196 0 -0 0.022909181813103665 -0.023282961037897714 0.054461175654756076 -0.015273050826725417 -0.030069921526250477 0
leaf_count=416 25 23 442 58 21 24 34 69 75 27 26 22 152 225 55 23 28 31 23 20 22 21 29 33 22 32 22
internal_value=0 0.162254 0.0716858 0.373302 0.994293 -0.070213 -0.156311 0.179682 0.525488 -0.453867 -0.200752 -0.265888 0 -0.364744 -0.152092 0.676091 1.14014 -0.258636 0.813825 -0.662595 0.257796 -0 0 0.116239 0.271974 -0 -0
internal_count=2000 1557 1484 242 101 1242 1195 225 130 443 95 970 228 742 497 47 73 183 45 245 50 96 141 112 55 57 43
cat_boundaries=0 8 13 14 15 16
cat_threshold=5148 1610874914 135004208 557120 268435472 0 133136 268435458 536903744 205072 8454144 1073741824 4194304 1 1 2
shrinkage=0.0831216


Tree=10
num_leaves=28
num_cat=4
split_feature=2 1 5 6 6 11 0 12 6 12 4 12 19 6 17 12 9 7 19 17 4 7 0 12 4 19 0
split_gain=7.77748 3.85427 2.91302 2.67026 4.03594 2.04884 1.97231 1.84857 4.12227 2.90104 1.81091 1.75966 1.44305 1.38318 1.254 0.868583 0.698552 0.610526 0.608066 0.413284 0.340356 0.295281 0.184999 0.14823 0.0493588 0.0130869 0.010093
threshold=0 1 129145.50000000001 66613.000000000015 145401.00000000003 31.750000000000004 12.250000000000002 46.750000000000007 70087.750000000015 192.25000000000003 2900.5000000000005 39.250000000000007 176.50000000000003 3.2500000000000004 313.00000000000006 90.250000000000014 3.2500000000000004 2 32.500000000000007 3537.2500000000005 104714.00000000001 3 19.750000000000004 61.000000000000007 27571.000000000004 258.25000000000006 16.750000000000004
decision_type=5 5 2 2 2 2 2 2 2 2 2 2 2 2 2 2 2 1 2 2 2 1 2 2 2 2 2
left_child=1 6 7 13 -5 -4 11 8 14 15 -11 -1 -7 16 -2 17 26 -9 -15 -12 -6 24 -8 -19 -21 -10 -3
right_child=2 3 5 4 20 12 22 9 25 10 19 -13 -14 18 -16 -17 -18 23 -20 21 -22 -23 -24 -25 -26 -27 -28
leaf_value=0.062215001985817003 0.00079061388930928725 -0.025347683621954872 0 0.078521253543717306 -0.033817215321874879 0 -0.020045424840959322 -0.024833469439378763 -0.018593775423947741 0.076857791036975751 -0.015410970815951964 -0.0022671564030891677 0.13720501630209803 -0.063468918732217133 0.11530693427604209 -0.050276763239361012 0.0029654954069585036 -0 -0 0.035518100498754583 0 -0 0 0.033256857316489218 0 -0 -0
leaf_count=133 44 616 24 41 75 20 38 40 23 43 48 26 30 330 52 97 56 20 48 25 25 36 22 22 23 20 23
internal_value=0 -0.170682 0.360829 -0.290447 0.116622 1.06972 0.195037 0.247714 0.623843 0.0147434 0.378888 0.563148 1.35367 -0.43481 1.05991 -0.360977 -0.242971 0 -0.689902 0 -0.281961 0.197229 -0.105771 0.283354 0.338774 -0.18553 -0.298531
internal_count=2000 1433 567 1214 141 74 219 493 139 354 175 159 50 1073 96 179 695 82 378 132 100 84 60 42 48 43 639
cat_boundaries=0 3 6 7 8
cat_threshold=536872229 288 8192 1049152 16668 66064 2 2
shrinkage=0.0831216


Tree=11
num_leaves=21
num_cat=2
split_feature=2 11 3 3 17 1 4 13 17 8 18 18 18 13 13 18 15 19 15 17
split_gain=8.15992 3.66416 2.51877 3.09719 2.53556 2.40867 2.89395 1.25125 3.88242 1.38924 1.13943 3.74593 1.08699 0.795713 0.683697 0.451121 0.400501 0.350501 0.307608 0.326614
threshold=0 1.7500000000000002 150.25000000000003 22.000000000000004 313.00000000000006 1 58801.750000000007 130.00000000000003 8538.2500000000018 12679.750000000002 701.50000000000011 2979.2500000000005 1465.7500000000002 34.750000000000007 58321.750000000007 26.500000000000004 448.00000000000006 3494.5000000000005 1.7500000000000002 3.2500000000000004
decision_type=5 2 2 2 2 5 2 2 2 2 2 2 2 2 2 2 2 2 2 2
left_child=1 5 3 4 18 12 7 8 9 13 -6 -12 15 -7 16 -1 -5 -3 19 -2
right_child=2 17 -4 14 10 6 -8 -9 -10 -11 11 -13 -14 -15 -16 -17 -18 -19 -20 -21
leaf_value=0.013062797093188007 0.024820403679580327 -0.066272292080424261 0.08784007764215214 -0.043576393942243552 0.095060981698371516 -0.030732422307060477 0.049402343383770989 -0.055112488569231816 0.070699554709096196 0.025950114857301716 -0.028494227747190407 0.064024263192826017 -0.0062339891153112012 0.0013701584584653536 0.0037464076564488326 0.068879818556567232 0 -0 -0.024386309814792718 -0.004342549728482731
leaf_count=148 41 184 82 77 79 759 32 163 25 20 67 60 21 47 48 35 30 22 40 20
internal_value=0 -0.171625 0.374789 0.270459 0.508736 -0.0791524 -0.178772 -0.289931 -0.168958 -0.269455 0.724734 0.262917 0.1986 -0.325855 -0.166179 0.466083 -0.375318 -0.734288 -0.000728496 0.059073
internal_count=2000 1456 544 462 307 1250 1046 1014 851 826 206 127 204 806 155 183 107 206 101 61
cat_boundaries=0 3 6
cat_threshold=805569829 288 8192 1081920 16652 65552
shrinkage=0.0831216


Tree=12
num_leaves=32
num_cat=1
split_feature=20 17 18 10 18 11 21 18 5 4 4 11 12 4 12 21 18 21 21 12 4 10 13 21 21 10 10 13 4 5 12
split_gain=4.89683 4.81624 4.43233 2.42653 3.08414 2.16218 2.03865 2.59227 2.03236 2.53086 1.85586 2.28845 1.82301 1.3669 1.68802 1.05921 2.31333 1.06871 1.51106 0.98456 0.942145 1.26544 0.90804 0.640998 0.617648 0.587156 0.396749 0.298729 0.0373451 0.00746021 0.00428163
threshold=0 6078.2500000000009 3645.2500000000005 35.032850000000003 1.7500000000000002 36.250000000000007 25.000000000000004 3059.5000000000005 133643.50000000003 16379.500000000002 3298.7500000000005 34.750000000000007 51.250000000000007 897.25000000000011 33.250000000000007 190.00000000000003 12.250000000000002 19354.750000000004 134020.00000000003 364.00000000000006 33350.500000000007 52.60455000000001 41692.000000000007 1227.2500000000002 90190.750000000015 66.623550000000009 47.101250000000007 12898.000000000002 50599.000000000007 1232.5000000000002 189.25000000000003
decision_type=5 2 2 2 2 2 2 2 2 2 2 2 2 2 2 2 2 2 2 2 2 2 2 2 2 2 2 2 2 2 2
left_child=1 3 8 4 24 -4 20 10 9 13 15 -12 29 -3 -15 -8 17 23 -19 25 21 -2 -16 -17 -1 -5 -18 -9 -11 -6 -14
right_child=6 2 5 19 12 -7 7 27 -10 28 11 -13 30 14 22 16 26 18 -20 -21 -22 -23 -24 -25 -26 -27 -28 -29 -30 -31 -32
leaf_value=-0.026908341278399486 -0.036946799775107668 -0 -0.054918059676437182 -0.062878990949506136 0.089986151279896009 0.018196841733820805 0.06717927474054626 0 0.10619208499019009 -0.031071320177611196 0.11628567886752443 0 -0.0034936017760239615 -0 0.10117439094656271 0.02583385111052482 -0.041712422882851243 0.087357310161609608 -0 0 0.032723774230146489 0.019455717086827074 0 -0.018520954589751799 0.0040777789029785043 0 0 -0.027963215308431943 -0 0 0
leaf_count=549 140 36 94 359 22 30 24 20 20 41 50 32 20 26 43 38 52 39 25 39 27 29 22 55 21 20 37 26 20 24 20
internal_value=0 -0.136901 0.229317 -0.341242 -0.112885 -0.306703 0.27877 0.498573 0.584227 0.210674 0.623077 1.06947 0.513343 0.54311 0.739969 0.297063 0.0853887 0.403331 0.734138 -0.635768 -0 -0.211167 0.980116 0 -0.276175 -0.711745 -0.343332 -0.138309 -0.318353 0.900973 -0.00788725
internal_count=2000 1406 332 1074 656 124 594 398 208 188 352 82 86 127 91 270 246 157 64 418 196 169 65 93 570 379 89 46 61 46 40
cat_boundaries=0 2
cat_threshold=65605 813696320
shrinkage=0.0831216


Tree=13
num_leaves=20
num_cat=1
split_feature=1 6 18 15 6 17 5 10 17 11 13 14 4 6 18 18 4 4 6
split_gain=7.54296 4.77604 3.10698 3.65968 3.62785 3.39699 2.68565 2.33041 2.15994 1.34584 1.15044 1.01578 0.743879 0.725229 0.597647 0.49221 0.188724 0.0662578 0.0251683
threshold=0 346413.00000000006 3314.5000000000005 55.000000000000007 67855.750000000015 23452.000000000004 880.00000000000011 52.4497 2216.5000000000005 39.250000000000007 175462.00000000003 1.7500000000000002 4602.2500000000009 3.2500000000000004 2578.0000000000005 9382.0000000000018 10366.750000000002 7139.5000000000009 101601.50000000001
decision_type=5 2 2 2 2 2 2 2 2 2 2 2 2 2 2 2 2 2 2
left_child=-1 2 3 4 6 8 9 15 17 13 -10 12 -8 -2 18 -3 -4 -5 -7
right_child=1 7 16 5 -6 14 11 -9 10 -11 -12 -13 -14 -15 -16 -17 -18 -19 -20
leaf_value=-0.035882563890885073 0.0074027916156321552 0.11359456474909309 -0 0.0063693747645863852 0.07818512277506301 -0 -0.052929607689965366 -0 0.10419030678927024 0.062003622526896764 0 0.0033971595457455389 -0 -0.020086898790261477 0.016603967323536459 0.0055849884187083639 -0.051073836850164027 -0.011145073220841541 -0.029709163111693134
leaf_count=424 673 27 24 20 28 20 192 23 91 20 36 22 61 146 29 24 83 23 34
internal_value=0 0.162534 0.0874004 0.156183 0.01286 0.563328 -0.0442766 0.907597 0.861805 0.0769855 1.05744 -0.417634 -0.512926 0.00581359 -0 1.14515 -0.539053 -0 -0.307142
internal_count=2000 1576 1502 1395 1142 253 1114 74 170 839 127 275 253 819 83 51 107 43 54
cat_boundaries=0 8
cat_threshold=5148 1610612778 135004208 557120 268435472 0 133136 268435458
shrinkage=0.0831216


Tree=14
num_leaves=30
num_cat=1
split_feature=20 17 18 10 13 16 16 16 12 16 18 21 16 21 16 12 13 21 5 6 21 21 21 16 16 16 13 13 18
split_gain=4.85088 3.97289 3.46038 2.29105 2.88191 2.09983 1.72367 2.63593 2.09761 2.93004 2.62756 2.11424 1.67461 1.41881 0.988286 0.90625 0.897382 0.800355 0.785047 0.616367 0.570603 0.553977 0.332903 0.317442 0.315286 0.244646 0.17874 0.140573 0.0742209
threshold=0 6078.2500000000009 3645.2500000000005 35.032850000000003 6.2500000000000009 21175.750000000004 40927.750000000007 6726.2500000000009 75.250000000000014 28.750000000000004 1240.7500000000002 14005.750000000002 293.50000000000006 134020.00000000003 1984.0000000000002 364.00000000000006 17521.750000000004 962.50000000000011 129145.50000000001 398847.00000000006 56427.250000000007 99332.500000000015 25.000000000000004 510.25000000000006 5420.5000000000009 9896.5000000000018 28233.250000000004 226867.00000000003 1264.0000000000002
decision_type=5 2 2 2 2 2 2 2 2 2 2 2 2 2 2 2 2 2 2 2 2 2 2 2 2 2 2 2 2
left_child=1 3 5 4 21 14 7 8 9 11 -11 17 -6 -13 23 20 -10 22 -9 26 -5 -1 -2 -3 -16 -26 -4 -27 -17
right_child=6 2 19 15 12 -7 -8 18 16 10 -12 13 -14 -15 24 28 -18 -19 -20 -21 -22 -23 -24 -25 25 27 -28 -29 -30
leaf_value=-0.024672727895065898 -0.0032651400281718708 -0 -0.045417062143151124 -0.061518980802027431 0.079859235282858168 0.077955818609827823 0.075931933076615915 -0.046083387745507361 -0.038708959839357009 0.11174236561648196 -0 0.072356036728620746 -0 -0 -0.027482443789727418 0.011429635874840312 0.01230872396011796 -0.036272301551930917 0 0 0 0.0039074796999899776 0.019939443915073164 0.053758279500635657 0.021867232754104206 -0.019507772875510396 -0 0 -0.0079610500161480992
leaf_count=578 93 23 74 367 32 54 39 51 57 60 22 61 34 28 41 20 20 57 21 32 20 20 62 20 21 30 20 23 20
internal_value=0 -0.133411 0.188462 -0.324963 -0.103179 0.491531 0.281532 0.21311 0.354086 0.486535 1.05381 0.163882 0.558258 0.620933 0.0462328 -0.61768 -0.137864 -0.0461427 -0.340952 -0.290242 -0.69416 -0.25153 0.0543908 0.486212 -0.0971736 0 -0.468652 -0.0834468 0
internal_count=2000 1429 338 1091 664 212 571 532 460 383 82 301 66 89 158 427 77 212 72 126 387 598 155 43 115 74 94 53 40
cat_boundaries=0 2
cat_threshold=67698757 813696320
shrinkage=0.0831216


Tree=15
num_leaves=35
num_cat=4
split_feature=1 4 13 5 18 5 13 15 4 21 8 18 21 5 5 17 6 15 8 21 4 4 13 11 6 13 7 7 7 13 8 21 21 21
split_gain=6.58383 3.09934 3.56013 3.10989 5.15433 2.26301 2.20349 2.04467 1.93077 1.46677 3.38279 1.30911 1.06084 1.05263 0.879546 1.32281 0.843554 0.733614 0.646781 0.645031 0.42444 0.365218 1.04901 0.326693 0.322462 0.24957 0.159577 0.150332 0.150051 0.1306 0.0692511 0.00964971 0.0600974 0.00436124
threshold=0 147.25000000000003 148.00000000000003 77962.000000000015 3729.2500000000005 1.7500000000000002 40683.250000000007 55.000000000000007 2232.2500000000005 19354.750000000004 916.75000000000011 1040.5000000000002 1441.0000000000002 3940.7500000000005 16370.500000000002 313.00000000000006 398847.00000000006 13.750000000000002 12092.500000000002 25.000000000000004 24821.500000000004 52907.500000000007 4927.0000000000009 34.750000000000007 2353.0000000000005 91551.250000000015 1 2 3 60839.500000000007 2696.5000000000005 456.25000000000006 847.00000000000011 156601.00000000003
decision_type=5 2 2 2 2 2 2 2 2 2 2 2 2 2 2 2 2 2 2 2 2 2 2 2 2 2 1 1 1 2 2 2 2 2
left_child=25 5 7 6 21 9 8 13 14 12 -11 -8 19 24 15 -4 -6 -15 33 23 -10 -5 -23 28 -3 -1 -13 -22 -2 -7 -14 -21 -33 -12
right_child=1 2 3 4 16 29 11 -9 20 10 18 26 30 17 -16 -17 -18 -19 -20 31 27 22 -24 -25 -26 -27 -28 -29 -30 -31 -32 32 -34 -35
leaf_value=-0.054433453001116031 -0.017668049600937475 0.0070245674265329953 -0 0.0098749991870491147 -0.036921080027017446 -0.045930285323642711 0.070335276131459248 0.12585351983117951 -0.054030938898348341 0.098669369294373477 -0.028700840152446977 0.0083602215543782249 -0.039750299587267675 0.061627837186102083 -0.015633790135573939 0.0685579160677246 0.0091998038882062962 -0 0.022053773419569218 0.030505778733820557 -0.018217171603672176 0 0.12448397555441057 0.019571013234921102 -0.024851420080945989 -0 -0.016977109269917807 0.0023618738000949022 -0 -0 -0 -0 0.012629820762091468 -0
leaf_count=415 125 20 37 27 56 122 22 32 145 33 40 26 69 37 28 23 40 27 21 50 28 21 23 30 38 20 25 29 261 22 22 41 21 24
internal_value=0 0.154129 0.36518 0.153908 0.518773 -0.00887208 -0.0751601 0.884101 -0.291897 0.0838945 0.464236 0.395772 -0.000825598 0.277113 0.126989 0.428609 -0.0782529 0.551207 -0 0.062904 -0.520699 1.03616 1.24827 -0.00809341 -0.0150322 -0.400381 -0 -0 -0.0934008 -0.50013 -0.414047 0.303282 0 -0.300484
internal_count=2000 1565 684 530 167 881 363 154 290 737 118 73 619 122 88 60 96 64 85 528 202 71 44 416 58 435 51 57 386 144 91 112 62 64
cat_boundaries=0 8 9 10 11
cat_threshold=5148 1610874922 671875104 557120 268435472 0 133136 268435458 2 2 1
shrinkage=0.0831216


Tree=16
num_leaves=21
num_cat=3
split_feature=1 21 8 0 16 8 16 0 14 18 4 21 0 12 9 21 7 21 14 7
split_gain=6.3239 4.87169 2.61463 2.24951 1.6011 1.39625 1.53376 1.27341 1.20707 1.20463 1.7824 1.19274 0.934098 1.00541 0.495083 0.469629 0.784797 0.455285 0.439819 0.157318
threshold=0 25.000000000000004 107.50000000000001 4.7500000000000009 82784.500000000015 16877.500000000004 37876.000000000007 19.750000000000004 9.2500000000000018 3291.2500000000005 147.25000000000003 20500.000000000004 27.250000000000004 286.75000000000006 7.7500000000000009 424.75000000000006 1 992.50000000000011 7.7500000000000009 2
decision_type=5 2 2 2 2 2 2 2 2 2 2 2 2 2 2 2 1 2 2 1
left_child=3 4 9 -1 12 6 8 15 14 10 11 17 13 18 -4 16 -5 -3 -2 -15
right_child=1 2 5 7 -6 -7 -8 -9 -10 -11 -12 -13 -14 19 -16 -17 -18 -19 -20 -21
leaf_value=0.063869726425089465 -0.045885759908843256 0 -0.039678752255149989 0.030577835435605619 0.013096348065732384 0.042622555797515962 0.022301010169386709 0.043408858556217705 0.013536271062067774 -0 0.085731384996113838 0.05003525764782954 0.001411133800917961 0.011358857618695973 0 -0.028603137670639732 -0.021609089710166705 -0.031452360958961437 -0 -0.013603483078246201
leaf_count=190 829 56 314 31 35 20 32 33 24 23 70 23 27 59 32 48 28 56 41 29
internal_value=0 -0.123631 0.128014 0.3798 -0.375526 -0.0540204 -0.16886 0.0522179 -0.313368 0.492375 0.616725 0.0516463 -0.434418 -0.468717 -0.417967 -0.11108 0 -0.125143 -0.522965 0
internal_count=2000 1670 650 330 1020 422 402 140 370 228 205 135 985 958 346 107 59 112 870 88
cat_boundaries=0 7 8 9
cat_threshold=536871520 67330452 74240 1073741824 2097152 0 4 1 2
shrinkage=0.0831216


Tree=17
num_leaves=24
num_cat=2
split_feature=1 16 18 12 1 16 16 6 0 18 4 4 21 18 18 16 0 10 18 3 0 0 18
split_gain=5.83754 3.03383 5.99489 3.51174 3.31197 2.22484 3.43464 3.9762 2.9589 2.61263 1.31564 1.25779 1.80842 1.52504 0.70693 2.71394 0.688537 0.465361 0.330358 0.308055 0.118223 0.279813 0.0299782
threshold=0 18433.000000000004 4249.0000000000009 33.250000000000007 1 2019.2500000000002 510.25000000000006 6165.2500000000009 7.7500000000000009 70.000000000000014 101587.00000000001 147.25000000000003 14005.750000000002 18.250000000000004 1449.2500000000002 19.750000000000004 10.750000000000002 60.38600000000001 10.750000000000002 262.75000000000006 24.250000000000004 10.750000000000002 89.500000000000014
decision_type=5 2 2 2 5 2 2 2 2 2 2 2 2 2 2 2 2 2 2 2 2 2 2
left_child=16 4 3 -3 14 6 9 -8 19 11 -4 12 -6 -13 15 18 -1 -11 20 -7 21 -2 -20
right_child=1 2 10 -5 5 8 7 -9 -10 17 -12 13 -14 -15 -16 -17 -18 -19 22 -21 -22 -23 -24
leaf_value=-0.059250821673761632 0.016811440700633579 -6.0694310541630055e-05 -0.043294903320259377 0.10250292996925819 -0.019326962285743966 -0.064526306385241219 -0.019496417677651284 0.097289131678855972 0.031661267159583749 -0.057755272607639303 0.014050591602665226 -0.0009224634031614568 0.025132766126815705 0.078966626004345342 0 0.090151655497009139 -0 0 -0.0087496541307701698 -0 0.035618316274591909 -0.0095713309637316772 0
leaf_count=362 70 21 71 72 468 193 33 56 20 149 32 23 136 21 33 46 56 23 20 20 27 28 20
internal_value=0 0.147654 0.545414 0.995382 0.052855 -0.0879891 0 0.68763 -0.490932 -0.112317 -0.122696 0.0128212 -0.0402376 0.569353 0.322025 0.564792 -0.388159 -0.610989 0.12427 -0.714206 0.234844 0 -0
internal_count=2000 1582 196 93 1386 1142 909 89 233 820 103 648 604 44 244 211 418 172 165 213 125 98 40
cat_boundaries=0 8 13
cat_threshold=5148 1610612770 135004208 557120 268435472 32 133136 268435458 536903744 270612 8454144 0 2097152
shrinkage=0.0831216


end of trees

feature importances:
n_table_1.n_20=49
n_table_3.n_3=40
n_table_1.n_15=31
n_table_1.n_16=31
n_table_1.n_7=30
n_1=25
n_table_1.n_19=25
n_table_1.n_9=24
n_table_2.n_13=19
c_02=17
n_table_1.n_2=17
n_table_1.n_17=17
n_table_1.n_26=17
n_table_1.n_18=16
c_table_2.c_1=14
n_table_1.n_3=11
n_table_1.n_12=11
n_table_1.n_10=8
n_table_1.n_8=7
c_table_2.c_4=5
n_table_2.n_14=4
c_table_1.c_4=2

parameters:
[boosting: gbdt]
[objective: binary]
[metric: auc]
[tree_learner: serial]
[device_type: cpu]
[data: ]
[valid: ]
[num_iterations: 100]
[learning_rate: 0.0831216]
[num_leaves: 77]
[num_threads: 4]
[max_depth: 8]
[min_data_in_leaf: 20]
[min_sum_hessian_in_leaf: 0.668656]
[bagging_fraction: 0.5]
[bagging_freq: 88]
[bagging_seed: 3]
[feature_fraction: 0.7]
[feature_fraction_seed: 2]
[early_stopping_round: 0]
[max_delta_step: 0]
[lambda_l1: 0.719024]
[lambda_l2: 1.75537]
[min_gain_to_split: 0]
[drop_rate: 0.1]
[max_drop: 50]
[skip_drop: 0.5]
[xgboost_dart_mode: 0]
[uniform_drop: 0]
[drop_seed: 4]
[top_rate: 0.2]
[other_rate: 0.1]
[min_data_per_group: 100]
[max_cat_threshold: 32]
[cat_l2: 10]
[cat_smooth: 10]
[max_cat_to_onehot: 4]
[top_k: 20]
[monotone_constraints: ]
[feature_contri: ]
[forcedsplits_filename: ]
[refit_decay_rate: 0.9]
[verbosity: -1]
[max_bin: 255]
[min_data_in_bin: 3]
[bin_construct_sample_cnt: 200000]
[histogram_pool_size: -1]
[data_random_seed: 1]
[output_model: LightGBM_model.txt]
[snapshot_freq: -1]
[input_model: ]
[output_result: LightGBM_predict_result.txt]
[initscore_filename: ]
[valid_data_initscores: ]
[pre_partition: 0]
[enable_bundle: 1]
[max_conflict_rate: 0]
[is_enable_sparse: 1]
[sparse_threshold: 0.8]
[use_missing: 1]
[zero_as_missing: 0]
[two_round: 0]
[save_binary: 0]
[enable_load_from_binary_file: 1]
[header: 0]
[label_column: ]
[weight_column: ]
[group_column: ]
[ignore_column: ]
[categorical_feature: ]
[predict_raw_score: 0]
[predict_leaf_index: 0]
[predict_contrib: 0]
[num_iteration_predict: -1]
[pred_early_stop: 0]
[pred_early_stop_freq: 10]
[pred_early_stop_margin: 10]
[convert_model_language: ]
[convert_model: gbdt_prediction.cpp]
[num_class: 1]
[is_unbalance: 0]
[scale_pos_weight: 1]
[sigmoid: 1]
[boost_from_average: 1]
[reg_sqrt: 0]
[alpha: 0.9]
[fair_c: 1]
[poisson_max_delta_step: 0.7]
[tweedie_variance_power: 1.5]
[max_position: 20]
[label_gain: ]
[metric_freq: 1]
[is_provide_training_metric: 0]
[eval_at: ]
[num_machines: 1]
[local_listen_port: 12400]
[time_out: 120]
[machine_list_filename: ]
[machines: ]
[gpu_platform_id: -1]
[gpu_device_id: -1]
[gpu_use_dp: 0]

end of parameters

pandas_categorical:[[0, 1, 2, 3, 4, 5, 6, 7, 8, 9, 10, 11, 12, 13, 14, 15, 16, 17, 18, 19, 20, 21, 22, 23, 24, 25, 26, 27, 28, 29, 30, 31, 32, 33, 34, 35, 36, 37, 38, 39, 40, 41, 42, 43, 44, 45, 46, 47, 48, 49, 50, 51, 52, 53, 54, 55, 56, 57, 58, 59, 60, 61, 62, 63, 64, 65, 66, 67, 68, 69, 70, 71, 72, 73, 74, 75, 76, 77, 78, 79, 80, 81, 82, 83, 84, 85, 86, 87, 88, 89, 90, 91, 92, 93, 94, 95, 96, 97, 98, 99, 100, 101, 102, 103, 104, 105, 106, 107, 108, 109, 110, 111, 112, 113, 114, 115, 116, 117, 118, 119, 120, 121, 122, 123, 124, 125, 126, 127, 128, 129, 130, 131, 132, 133, 134, 135, 136, 137, 138, 139, 140, 141, 142, 143, 144, 145, 146, 147, 148, 149, 150, 151, 152, 153, 154, 155, 156, 157, 158, 159, 160, 161, 162, 163, 164, 165, 166, 167, 168, 169, 170, 171, 172, 173, 174, 175, 176, 177, 178, 179, 180, 181, 182, 183, 184, 185, 186, 187, 188, 189, 190, 191, 192, 193, 194, 195, 196, 197, 198, 199, 200, 201, 202, 203, 204, 205, 206, 207, 208, 209, 210, 211, 212, 213, 214, 215, 216, 217, 218, 219, 220, 221, 222, 223, 224, 225, 226, 227, 228, 229, 230, 231, 232, 233, 234, 235, 236, 237, 238, 239, 240, 241, 242, 243, 244, 245, 246, 247, 248, 249, 250, 251, 252, 253, 254, 255, 256, 257, 258, 259, 260, 261, 262, 263, 264, 265, 266, 267, 268, 269, 270, 271, 272, 273, 274, 275, 276, 277, 278, 279, 280, 281, 282, 283, 284, 285, 286, 287, 288, 289, 290, 291, 292, 293, 294, 295, 296, 297, 298, 299, 300, 301, 302, 303, 304, 305, 306, 307, 308, 309, 310, 311, 312, 313, 314, 315, 316, 317, 318, 319, 320, 321, 322, 323, 324, 325, 326, 327, 328, 329, 330, 331, 332, 333, 334, 335, 336, 337, 338, 339, 340, 341, 342, 343, 344, 345, 346, 347, 348, 349, 350, 351, 352, 353, 354, 355, 356, 357, 358, 359, 360, 361, 362, 363, 364, 365, 366, 367, 368, 369, 370, 371, 372, 373, 374, 375, 376, 377, 378, 379, 380, 381, 382, 383, 384, 385, 386, 387, 388, 389, 390, 391, 392, 393, 394, 395, 396, 397, 398, 399, 400, 401, 402, 403, 404, 405, 406, 407, 408, 409, 410, 411, 412, 413, 414, 415, 416, 417, 418, 419, 420, 421, 422, 423, 424, 425, 426, 427, 428, 429, 430, 431, 432, 433, 434, 435, 436, 437, 438, 439, 440, 441, 442, 443, 444, 445, 446, 447, 448, 449, 450, 451, 452, 453, 454, 455, 456, 457, 458, 459, 460, 461, 462, 463, 464, 465, 466, 467, 468, 469, 470, 471, 472, 473, 474, 475, 476, 477, 478, 479, 480, 481, 482, 483, 484, 485, 486, 487, 488, 489, 490, 491, 492, 493, 494, 495, 496, 497, 498, 499, 500, 501, 502, 503, 504, 505, 506, 507, 508, 509, 510, 511, 512, 513, 514, 515, 516, 517, 518, 519, 520, 521, 522, 523, 524, 525, 526, 527, 528, 529, 530, 531, 532, 533, 534, 535, 536, 537, 538, 539, 540, 541, 542, 543, 544, 545, 546, 547, 548, 549, 550, 551, 552, 553, 554, 555, 556, 557, 558], [0, 1, 2, 3, 4, 5, 6, 7, 8, 9, 10, 11, 12, 13, 14, 15, 16, 17, 18, 19, 20, 21, 22, 23, 24, 25, 26, 27, 28, 29, 30, 31, 32, 33, 34, 35, 36, 37, 38, 39, 40, 41, 42, 43, 44, 45, 46, 47, 48, 49, 50, 51, 52, 53, 54, 55, 56, 57, 58, 59, 60, 61, 62, 63, 64, 65, 66, 67, 68, 69, 70, 71, 72, 73, 74, 75, 76, 77, 78, 79, 80, 81, 82, 83, 84, 85, 86, 87, 88, 89, 90, 91, 92, 93, 94, 95, 96, 97, 98, 99, 100, 101, 102, 103, 104, 105, 106, 107, 108, 109, 110, 111, 112, 113, 114, 115, 116, 117, 118, 119, 120, 121, 122, 123, 124, 125, 126, 127, 128, 129, 130, 131, 132, 133, 134, 135, 136, 137, 138, 139, 140, 141, 142, 143, 144, 145, 146, 147, 148, 149, 150, 151], [0, 1], [0, 1, 2, 3, 4, 5, 6, 7, 8, 9, 10, 11, 12, 13, 14, 15, 16, 17, 18, 19, 20, 21, 22, 23, 24, 25, 26, 27, 28, 29, 30, 31, 32, 33, 34, 35, 36, 37, 38, 39, 40, 41, 42, 43, 44, 45, 46, 47, 48, 49, 50, 51, 52, 53, 54, 55, 56, 57, 58, 59, 60, 61, 62, 63, 64, 65, 66, 67, 68, 69, 70, 71, 72, 73, 74, 75, 76, 77, 78, 79, 80, 81, 82, 83, 84, 85, 86, 87, 88, 89, 90, 91, 92, 93, 94, 95, 96, 97, 98, 99, 100, 101, 102, 103, 104, 105, 106, 107, 108, 109, 110, 111, 112, 113, 114, 115, 116, 117, 118, 119, 120, 121, 122, 123, 124, 125, 126, 127, 128, 129, 130, 131, 132, 133]]
