tree
version=v2
num_class=1
num_tree_per_iteration=1
label_index=0
max_feature_idx=22
objective=binary sigmoid:1
feature_names=n_1 c_table_1.c_1 c_table_1.c_2 n_table_1.n_2 c_table_1.c_3 c_table_1.c_4 n_table_1.n_5 n_table_1.n_6 n_table_1.n_7 n_table_1.n_8 n_table_1.n_9 n_table_1.n_10 n_table_1.n_11 n_table_1.n_12 n_table_1.n_15 n_table_1.n_16 n_table_1.n_17 n_table_1.n_18 n_table_1.n_19 n_table_1.n_20 n_table_1.n_25 n_table_1.n_26 n_table_1.n_27
feature_infos=[1:62.5] 1:0 3:0:5:36:20:4:21:8:11:62:25:56:33:44:1:31:30:153:18:69:2:28:85:135:6:35:40:43:54:61:98:9:38:49:176:55:87:84:26:42:101:155:80:137:149:19:52:39:51:27:47:177:57:58:59:125:34:63:75:94:102:113:13:29:83:103:132:151:14:15:23:66:76:88:90:99:108:114:169:180:93:126:134:171:24:68:78:95:112:117:121:127:138:139:154:158:159:10:16:53:67:97:107:109:111:123:133:166:175:182 [-49.719499999999996:81.200400000000002] 36:0:3:33:28:13:9:1:42:8:178:19:5:66:24:95:72:2:12:17:14:56:58:139:25:31:70:119:90:112:88:81:83:6:21:50:75:100:204:4:43:64:74:79:116:44:48:49:94:123:67:26:97:22:30:32:122:11:29:46:182:102:158:161:167:206:16:39:60:135:143:10:18:34:57:63:120:128:155:68:71:98:147:159:172:175:212:15:35:54:62:82:99:113:134:140:177:196:23:69:76:89:138:162:166:199:205:27:40:51:65:73:115:168:181:188:193:198:41:45:53:59:61:92:96:108:111:121:129:136:157:163:174:180:184:185:189:191:192:194:195:201 34:0:24:2:8:36:10:1:41:52:77:6:13:31:5:28:78:3:12:15:17:20:32:23:30:35:75:58:18:47:100:14:37:27:61:88:4:7:45:48:64:73:82:133:38:56:62:71:106:115:135:9:40:70:83:85:96:108:125:21:29:46:54:113:132:25:39:42:44:72:97:111:119:122:19:68:76:103:110:117:121:123:124:127:131:138 [1:24272.5] [1:46363] [1:3314.5] [1:703902] [1:2481850] [1:70] [1:6121] [1:7070.5] [1:423494] [1:245767] [1:448222] [1:441384] [1:1178200] [1:18856] [1:38.5] [1:121640] [1:151]
tree_sizes=900 916 990 918 940 808 1171 1191 1022 1021 1017 1088 1066 1110 1018 1018 1054 857 1079 1057 958 978 1086 1127 1126 1091 949 1033 959 938 1094 1157 1116 953 1122 1162 1210 1118 1189 1157 1139 1102

Tree=0
num_leaves=10
num_cat=1
split_feature=17 19 12 21 2 12 3 0 3
split_gain=51.068 16.4212 9.32589 8.80368 3.7158 3.33 2.44101 2.15941 1.51462
threshold=15400.750000000002 1207.7500000000002 105.25000000000001 72.250000000000014 0 7.7500000000000009 35.268150000000013 16.750000000000004 67.132200000000012
decision_type=2 2 2 2 5 2 2 2 2
left_child=3 -2 5 4 -1 -3 7 -6 -8
right_child=1 2 -4 -5 6 -7 8 -9 -10
leaf_value=-3.1395153461430101 -3.0121177517111271 -3.1187731517732269 -3.0657533339294738 -3.1079519229982338 -3.1703759927327169 -3.1668463283492461 -3.1907672828883724 -3.1414753287503441 -3.1560871472689414
leaf_count=134 135 164 149 130 1725 158 711 149 145
internal_value=0 1.28206 0.732983 -0.297558 -0.360912 0.172555 -0.38458 -0.30002 -0.655164
internal_count=3600 606 471 2994 2864 322 2730 1874 856
cat_boundaries=0 5
cat_threshold=268435972 0 8388608 0 33555072
shrinkage=1


Tree=1
num_leaves=10
num_cat=2
split_feature=18 2 0 8 4 15 0 0 12
split_gain=42.8715 16.691 10.4231 4.27451 4.19579 3.96556 2.46814 1.40346 1.40333
threshold=30745.750000000004 0 3.2500000000000004 83.500000000000014 1 1.7500000000000002 16.750000000000004 1.7500000000000002 10.750000000000002
decision_type=2 5 2 2 5 2 2 2 2
left_child=4 -2 3 -3 8 6 7 -6 -1
right_child=1 2 -4 -5 5 -7 -8 -9 -10
leaf_value=0.036278842334471074 -0.014988130757764015 0.092590099069091686 0.15384407754933732 0.029785198412738283 -0.012513867896085246 -0.043396252725718322 0.011885122296643263 -0.030197854775474202 0
leaf_count=128 254 158 123 227 1451 434 165 516 144
internal_value=0 0.995829 1.21005 1.19224 -0.316548 -0.362174 -0.293756 -0.347167 0.199703
internal_count=3600 762 508 385 2838 2566 2132 1967 272
cat_boundaries=0 3 9
cat_threshold=2148532306 1627915264 65568 661508 18 0 65536 2048 262144
shrinkage=0.0511362


Tree=2
num_leaves=11
num_cat=2
split_feature=17 0 21 8 14 4 8 0 7 2
split_gain=39.1974 17.7923 8.10928 4.15703 5.27599 3.26825 4.18703 1.93266 0.280253 0.250701
threshold=14869.000000000002 7.7500000000000009 18.250000000000004 220.00000000000003 25966.000000000004 0 4.7500000000000009 16.750000000000004 54.250000000000007 1
decision_type=2 2 2 2 2 5 2 2 2 5
left_child=2 3 5 4 -2 9 7 -7 -8 -1
right_child=1 -3 -4 -5 -6 6 8 -9 -10 -11
leaf_value=-0.0021295656618242533 0.0026903898297867025 0.13370543464506096 0.032550224620732086 0 0.069369776158304905 -0.018039879089924563 -0.048755063581095048 0.0087661944966984894 -0.021898147551786706 0.013994144920418016
leaf_count=127 138 107 192 206 192 1749 402 152 212 123
internal_value=0 1.02279 -0.283974 0.572397 0.884896 -0.360479 -0.394729 -0.301059 -0.814605 0.155244
internal_count=3600 643 2957 536 330 2765 2515 1901 614 250
cat_boundaries=0 6 8
cat_threshold=16908292 1040 2056 65536 2048 262144 16 16777232
shrinkage=0.0511362


Tree=3
num_leaves=10
num_cat=1
split_feature=17 0 21 2 10 0 0 6 14
split_gain=34.7393 15.1776 7.33266 3.7155 4.31596 2.2204 1.61406 3.05784 1.36701
threshold=15400.750000000002 7.7500000000000009 4.7500000000000009 0 779.50000000000011 16.750000000000004 1.7500000000000002 1.7500000000000002 45786.250000000007
decision_type=2 2 2 5 2 2 2 2 2
left_child=2 3 5 -2 -5 6 7 -1 -6
right_child=1 -3 -4 4 8 -7 -8 -9 -10
leaf_value=-0.019186349125327736 -0.011666506314866676 0.12182966380780308 0.026473787136545256 0.0038759190213097957 0.030991627230435796 0.0050834259725242633 -0.031649944760625284 0.010323919282378691 0.084494535632470447
leaf_count=1601 117 101 237 138 130 210 709 237 120
internal_value=0 0.970005 -0.265168 0.530761 0.576754 -0.346463 -0.390598 -0.290584 1.22745
internal_count=3600 606 2994 505 388 2757 2547 1838 250
cat_boundaries=0 3
cat_threshold=2148532288 553649408 32
shrinkage=0.0511362


Tree=4
num_leaves=11
num_cat=0
split_feature=17 0 21 19 15 8 0 8 6 0
split_gain=30.5482 10.2218 7.08781 3.92327 4.54638 2.85815 2.07594 1.25765 1.5988 0.426031
threshold=11903.500000000002 7.7500000000000009 18.250000000000004 1207.7500000000002 13716.250000000002 220.00000000000003 16.750000000000004 6.2500000000000009 1.7500000000000002 1.7500000000000002
decision_type=2 2 2 2 2 2 2 2 2 2
left_child=2 3 6 -2 -5 -6 7 9 -9 -1
right_child=1 -3 -4 4 5 -7 -8 8 -10 -11
leaf_value=-0.011089793187324035 0.058815372857019328 0.098816036156496784 0.029440689589605145 -0.025046983708585772 0.045854935405451984 -0 0.0043210875859699092 -0.041923788323379799 -0.011959803607832041 -0.023373600360567359
leaf_count=1335 130 109 189 114 169 140 212 412 318 472
internal_value=0 0.845549 -0.265999 0.493484 0.209908 0.52586 -0.341632 -0.385446 -0.588793 -0.290373
internal_count=3600 662 2938 553 423 309 2749 2537 730 1807
shrinkage=0.0511362


Tree=5
num_leaves=8
num_cat=2
split_feature=4 21 15 19 21 2 18
split_gain=28.312 23.1445 8.9805 6.00879 3.7904 2.9566 1.52048
threshold=0 190.00000000000003 4598.5000000000009 1.7500000000000002 13.750000000000002 1 3743.5000000000005
decision_type=5 2 2 2 2 5 2
left_child=3 2 5 -1 -4 -2 -7
right_child=1 -3 4 -5 -6 6 -8
leaf_value=-0.01226063769289139 0.012254163404028977 0.089598082969654519 0.073925151378652437 -0.045032310654709126 0.013997332466359818 -0.034860936428159031 -0.0042760464051826213
leaf_count=1767 222 235 122 529 173 245 307
internal_value=0 0.487948 0.207315 -0.362212 0.86057 -0.0886223 -0.254418
internal_count=3600 1304 1069 2296 295 774 552
cat_boundaries=0 7 12
cat_threshold=2691187489 83957760 3288335429 68157522 0 0 4096 304349196 2 8388608 0 33555072
shrinkage=0.0511362


Tree=6
num_leaves=13
num_cat=1
split_feature=2 18 10 3 3 21 14 16 0 18 0 12
split_gain=24.8272 19.7351 7.58575 4.79376 3.82157 3.61316 2.6149 1.91292 1.88615 0.896499 0.387675 0.344206
threshold=0 30745.750000000004 152.50000000000003 35.615200000000009 34.901850000000003 18.250000000000004 243.25000000000003 14216.500000000002 16.750000000000004 152.50000000000003 1.7500000000000002 142.75000000000003
decision_type=5 2 2 2 2 2 2 2 2 2 2 2
left_child=4 5 -3 -4 8 6 9 -5 10 -2 -1 -6
right_child=1 2 3 7 11 -7 -8 -9 -10 -11 -12 -13
leaf_value=-0.011405775629353583 -0.0060283634643652564 0.0015399972261620353 0.021932798669998033 0.037888090184937162 -0.045143188233746322 0.029097966341462642 0.0035997255811712802 0.099599616693465481 0.01204840481271147 -0.043003587046529783 -0.023990680971608717 -0.014212213258104203
leaf_count=1242 137 141 118 84 387 128 263 206 142 182 446 124
internal_value=0 0.463017 1.11255 1.37393 -0.335389 -0.0655542 -0.275615 1.6659 -0.244239 -0.590355 -0.299892 -0.771649
internal_count=3600 1259 549 408 2341 710 582 290 1830 319 1688 511
cat_boundaries=0 6
cat_threshold=2148532307 562564184 3211296 0 0 65536
shrinkage=0.0511362


Tree=7
num_leaves=13
num_cat=2
split_feature=4 21 2 3 19 17 21 6 0 9 8 0
split_gain=24.0299 16.6885 6.87463 6.07798 5.90867 3.60588 4.55193 1.88711 1.74008 0.828937 0.807098 0.686083
threshold=0 94.750000000000014 1 36.418150000000004 1.7500000000000002 14869.000000000002 22.750000000000004 1.7500000000000002 16.750000000000004 61.750000000000007 88.750000000000014 1.7500000000000002
decision_type=5 2 5 2 2 2 2 2 2 2 2 2
left_child=4 2 10 -3 8 7 -7 -4 11 -5 -2 -1
right_child=1 3 5 9 -6 6 -8 -9 -10 -11 -12 -13
leaf_value=-0.0096566639447959665 -0.043046490522024028 0.011400680701408192 -0.0060373895827453838 0.10851220064984704 -0.044477803822934731 0.077119727067953781 0.0085476551421942593 0.026071941014323471 0.012209797704480409 0.04877299279174907 -0.009460864874943015 -0.024863222894287204
leaf_count=1205 175 92 253 105 529 102 129 179 140 104 165 422
internal_value=0 0.437881 0.143461 1.32505 -0.342659 0.364781 0.905849 0.140512 -0.220775 1.69768 -0.329262 -0.277277
internal_count=3600 1304 1003 301 2296 663 231 432 1767 209 340 1627
cat_boundaries=0 7 10
cat_threshold=2691187489 83957760 3288335429 68157522 0 0 4096 1074790512 16777426 2162688
shrinkage=0.0511362


Tree=8
num_leaves=11
num_cat=1
split_feature=4 19 10 3 3 14 21 8 8 7
split_gain=22.2887 15.7905 7.19966 3.76762 2.93148 2.4617 2.31668 1.98903 0.751466 0.478459
threshold=0 323.50000000000006 152.50000000000003 47.80680000000001 35.268150000000013 243.25000000000003 94.750000000000014 102.25000000000001 46.750000000000007 4.7500000000000009
decision_type=5 2 2 2 2 2 2 2 2 2
left_child=3 5 -3 8 -4 -2 -6 -7 9 -1
right_child=1 2 4 -5 6 7 -8 -9 -10 -11
leaf_value=-0.012173139632441812 -0.031635840589469701 0.0030930030403307721 0.018292463364256502 -0.046726633194046775 0.037015571674855065 0.026112647184668093 0.086949926245654716 -0.013266620100048501 -0.033077656315286572 4.8437592063193696e-05
leaf_count=1870 220 204 107 296 163 132 194 158 134 122
internal_value=0 0.448014 0.9237 -0.312016 1.17931 -0.191669 1.36736 0.0717303 -0.256401 -0.214201
internal_count=3600 1178 668 2422 464 510 357 290 2126 1992
cat_boundaries=0 7
cat_threshold=2691318561 83958786 3288335429 68157522 0 0 4096
shrinkage=0.0511362


Tree=9
num_leaves=11
num_cat=2
split_feature=4 2 13 3 16 3 17 8 3 18
split_gain=19.9164 12.1741 7.72442 5.45188 3.12938 2.99014 2.24382 1.66924 1.29249 0.402308
threshold=0 1 18.250000000000004 2.9757000000000002 1159.7500000000002 36.094350000000013 2.5000000000000004 277.75000000000006 43.734500000000004 3982.7500000000005
decision_type=5 5 2 2 2 2 2 2 2 2
left_child=3 8 4 -1 6 -4 -3 -7 -2 -10
right_child=1 2 5 -5 -6 7 -8 -9 9 -11
leaf_value=-0.010567765125633701 0 0.017115967404759572 0.021743029288034715 -0.043568835771294237 0.037371951958558303 0.083617737708485906 -0.025674870700675423 0.029341185991591863 -0.0085178676781688528 -0.037747087169073872
leaf_count=1777 136 143 125 519 153 195 153 97 149 153
internal_value=0 0.387352 0.655704 -0.321182 0.256678 1.17218 -0.0557745 1.40414 -0.244656 -0.551248
internal_count=3600 1304 866 2296 449 417 296 292 438 302
cat_boundaries=0 7 12
cat_threshold=2691187489 83957760 3288335429 68157522 0 0 4096 2215641940 17302736 2162688 0 128
shrinkage=0.0511362


Tree=10
num_leaves=11
num_cat=1
split_feature=2 10 0 3 3 14 0 0 16 8
split_gain=18.6469 12.3807 8.33037 4.8333 3.1292 4.55432 1.3982 0.680002 0.343023 0.0507084
threshold=0 16.750000000000004 13.750000000000002 34.901850000000003 35.258400000000002 45786.250000000007 16.750000000000004 1.7500000000000002 19.750000000000004 52.750000000000007
decision_type=5 2 2 2 2 2 2 2 2 2
left_child=3 9 4 6 -3 -6 7 -1 -5 -2
right_child=1 2 -4 8 5 -7 -8 -9 -10 -11
leaf_value=-0.0077204002368038635 -0.025155185513033085 -0.0050178636656873603 0.092661757476947645 -0.014360574781140107 0.017563881407336886 0.062672056760332495 0.011283817701571932 -0.022288844420238173 -0.045136751128347294 -0.0054676153039015032
leaf_count=1250 220 112 90 146 520 143 144 450 400 125
internal_value=0 0.394176 0.710811 -0.296627 0.503738 0.623595 -0.185434 -0.236372 -0.77037 -0.390018
internal_count=3600 1210 865 2390 775 663 1844 1700 546 345
cat_boundaries=0 6
cat_threshold=2148532563 562564312 2162720 0 0 65536
shrinkage=0.0511362


Tree=11
num_leaves=12
num_cat=1
split_feature=2 21 15 3 10 9 8 3 0 0 3
split_gain=18.424 10.1645 5.7647 5.12661 2.76802 2.16573 3.17183 1.88236 1.29146 0.637501 0.145644
threshold=0 190.00000000000003 8437.0000000000018 34.901850000000003 152.50000000000003 4.7500000000000009 33.250000000000007 49.172750000000008 16.750000000000004 1.7500000000000002 61.377250000000011
decision_type=5 2 2 2 2 2 2 2 2 2 2
left_child=3 2 5 8 -4 6 -2 -3 9 -1 -5
right_child=1 7 4 10 -6 -7 -8 -9 -10 -11 -12
leaf_value=-0.007386594227440646 0.0034047846271310226 0.071437375610283252 0.0041915899757452042 -0.045030654065655477 0.057293945810599212 0.015473926958509356 -0.035373080010815697 0.022456455558544634 0.010685118617055298 -0.021645019672588545 -0.016921826164916942
leaf_count=1250 273 158 127 424 104 185 245 80 144 450 160
internal_value=0 0.391656 0.165526 -0.29516 0.711983 -0.0788062 -0.273828 1.11188 -0.1778 -0.227575 -0.774378
internal_count=3600 1172 934 2428 231 703 518 238 1844 1700 584
cat_boundaries=0 6
cat_threshold=2149056851 562564312 3211296 4 0 65536
shrinkage=0.0511362


Tree=12
num_leaves=13
num_cat=0
split_feature=17 19 21 12 13 15 10 19 0 0 8 8
split_gain=13.5651 10.0638 4.24163 3.24419 3.7103 1.86385 1.62311 1.47029 1.24532 1.68552 1.57661 0.179182
threshold=19690.750000000004 900.25000000000011 4.7500000000000009 105.25000000000001 371.50000000000006 453.25000000000006 245.50000000000003 3692.5000000000005 16.750000000000004 1.7500000000000002 108.25000000000001 3.2500000000000004
decision_type=2 2 2 2 2 2 2 2 2 2 2 2
left_child=2 -2 8 4 6 -4 -3 -5 9 10 -1 -11
right_child=1 3 5 7 -6 -7 -8 -9 -10 11 -12 -13
leaf_value=-0.012883328025334317 0.090089174764973509 -0 0.038931228992918898 0.054408792966934079 -0.026504304870791928 0 0.035807050272288164 0.0080534700145861848 0.0027916646598962046 -0.018303814281680406 0.012232346847892329 -0.038922563171616173
leaf_count=1697 70 113 96 73 147 162 84 80 215 463 150 250
internal_value=0 0.54305 -0.184646 0.264917 0 0.332988 0.365815 0.692573 -0.260515 -0.298098 -0.197264 -0.543102
internal_count=3600 567 3033 497 344 258 197 153 2775 2560 1847 713
shrinkage=0.0511362


Tree=13
num_leaves=12
num_cat=1
split_feature=4 19 19 0 19 21 19 14 8 0 0
split_gain=15.5262 10.2088 3.53044 4.25302 3.51283 2.09935 2.08509 2.05142 1.39099 1.16874 0.361715
threshold=0 323.50000000000006 568.00000000000011 3.2500000000000004 20.500000000000004 325.75000000000006 1972.7500000000002 243.25000000000003 102.25000000000001 16.750000000000004 1.7500000000000002
decision_type=5 2 2 2 2 2 2 2 2 2 2
left_child=4 7 -3 6 9 -6 -4 -2 -9 10 -1
right_child=1 2 3 -5 5 -7 -8 8 -10 -11 -12
leaf_value=-0.007568957943705038 -0.030016473624716107 0.072212318926875699 -0.0038431004306412517 0.058788095859272235 -0.042638214684464451 -0.00028670075116033709 0.024696474007688925 0.020688410051063044 -0.011853545204149654 0.0098383374225205697 -0.019634627695474308
leaf_count=1220 219 115 154 107 501 111 291 136 158 145 443
internal_value=0 0.356327 0.705252 0.523753 -0.273779 -0.659761 0.275791 -0.177055 0.0517645 -0.169856 -0.219957
internal_count=3600 1180 667 552 2420 612 445 513 294 1808 1663
cat_boundaries=0 7
cat_threshold=2691187489 83958786 3288335429 76546130 0 0 4096
shrinkage=0.0511362


Tree=14
num_leaves=11
num_cat=2
split_feature=4 2 0 19 15 15 16 0 3 0
split_gain=14.0024 8.16238 6.11019 5.59639 4.21892 3.73245 3.12107 1.22692 1.08661 0.594456
threshold=0 1 15.250000000000002 1.7500000000000002 12512.500000000002 1222.7500000000002 24052.750000000004 16.750000000000004 40.077650000000006 1.7500000000000002
decision_type=5 5 2 2 2 2 2 2 2 2
left_child=3 8 4 7 5 -3 -6 9 -2 -1
right_child=1 2 -4 -5 6 -7 -8 -9 -10 -11
leaf_value=-0.0067608244312804162 -0 0.025700371134198929 0.082562408563623624 -0.042692229554251615 0.0089738971365140932 -0.010545050135374502 0.059308254446666778 0.010971902617215422 -0.031067888078950379 -0.021272726007631363
leaf_count=1205 123 337 83 529 116 222 155 140 268 422
internal_value=0 0.31064 0.497238 -0.28231 0.445423 0.167579 0.827888 -0.161676 -0.25257 -0.214291
internal_count=3600 1304 913 2296 830 559 271 1767 391 1627
cat_boundaries=0 7 10
cat_threshold=2691187489 83957760 3288335429 68157522 0 0 4096 2148532564 17302736 2162688
shrinkage=0.0511362


Tree=15
num_leaves=11
num_cat=1
split_feature=2 19 0 19 19 3 14 0 0 12
split_gain=13.6452 6.83651 6.38635 4.31904 2.36025 5.02574 1.7822 1.12931 0.560248 0.197838
threshold=0 323.50000000000006 13.750000000000002 1.7500000000000002 584.50000000000011 36.418150000000004 243.25000000000003 16.750000000000004 1.7500000000000002 36.250000000000007
decision_type=5 2 2 2 2 2 2 2 2 2
left_child=3 6 4 7 -3 -6 -2 8 -1 -5
right_child=1 2 -4 9 5 -7 -8 -9 -10 -11
leaf_value=-0.0064274738174515105 -0.025693702302526458 0.048479195354682571 0.079550249603089873 -0.043508942655488624 -0.023681120155344203 0.023286439629202377 0.0052839544545422142 0.01039236691105438 -0.020647804339524272 -0.017569040494002364
leaf_count=1204 248 121 63 412 113 455 214 140 422 208
internal_value=0 0.317681 0.573276 -0.269718 0.396354 0.253896 -0.154206 -0.154413 -0.205732 -0.714306
internal_count=3600 1214 752 2386 689 568 462 1766 1626 620
cat_boundaries=0 6
cat_threshold=2149056595 562564312 3211296 36 0 65536
shrinkage=0.0511362


Tree=16
num_leaves=12
num_cat=2
split_feature=2 3 21 1 14 0 3 3 7 0 0
split_gain=12.4496 6.61469 6.59488 4.42161 3.62346 2.36169 2.28778 1.21075 1.14388 0.861167 0.525528
threshold=0 34.901850000000003 190.00000000000003 1 555.25000000000011 3.2500000000000004 60.095100000000009 46.911200000000008 13.750000000000002 16.750000000000004 1.7500000000000002
decision_type=5 2 2 1 2 2 2 2 2 2 2
left_child=1 9 3 4 8 7 -6 -4 -2 10 -1
right_child=2 -3 5 -5 6 -7 -8 -9 -10 -11 -12
leaf_value=-0.0054186302064426336 -0.0027127370769358073 -0.045167322027319906 0.03782607750132487 0.047546446813906532 0 0.071095749325182048 0.034241301649693946 0.0017498192074616367 -0.041002159943265393 0.0084637054831920248 -0.018717733535573062
leaf_count=1246 155 501 107 115 449 58 140 73 162 144 450
internal_value=0 -0.264018 0.296051 0.113779 -0 0.833461 0.179442 0.479616 -0.482925 -0.137699 -0.181925
internal_count=3600 2341 1259 1021 906 238 589 180 317 1840 1696
cat_boundaries=0 6 7
cat_threshold=2149056851 562564296 3211296 36 0 65536 1
shrinkage=0.0511362


Tree=17
num_leaves=9
num_cat=2
split_feature=4 16 0 21 1 9 18 7
split_gain=12.2603 8.00888 3.28653 2.78761 2.38667 2.08595 2.91738 1.31063
threshold=0 13627.750000000002 15.250000000000002 116.50000000000001 1 61.750000000000007 101358.75000000001 40.750000000000007
decision_type=5 2 2 2 1 2 2 2
left_child=1 3 4 7 5 6 -2 -1
right_child=2 -3 -4 -5 -6 -7 -8 -9
leaf_value=-0.015435261377331247 -0.016327861404278998 0.067922590109223316 0.014738385916197647 0.036577713706318696 0.012785991134259113 -0.040301860022053757 0.0091466604326835722 0.013085898306469867
leaf_count=214 2155 125 253 88 165 187 230 183
internal_value=0 0.457994 -0.171704 0.214823 -0.250917 -0.298542 -0.23619 -0.00522299
internal_count=3600 610 2990 485 2737 2572 2385 397
cat_boundaries=0 6 7
cat_threshold=117446750 409617 17467656 134283264 2048 262146 1
shrinkage=0.0511362


Tree=18
num_leaves=13
num_cat=0
split_feature=18 19 21 12 14 0 0 6 19 18 8 0
split_gain=8.52993 7.65512 3.95099 2.40275 2.56557 1.94752 2.53896 2.46361 1.40153 1.03526 0.864784 0.304275
threshold=73584.250000000015 1207.7500000000002 208.00000000000003 105.25000000000001 40260.250000000007 16.750000000000004 1.7500000000000002 1.7500000000000002 3996.2500000000005 340875.50000000006 3.2500000000000004 21.250000000000004
decision_type=2 2 2 2 2 2 2 2 2 2 2 2
left_child=2 -2 5 4 -3 6 7 -1 -5 -6 -8 -7
right_child=1 3 -4 8 9 11 10 -9 -10 -11 -12 -13
leaf_value=-0.012152554579066468 0.074473869511640561 -0.025176449311876018 0.026816283491133082 0.040526484210830896 0.027709641656643771 0.016195176798611197 -0.014806666481857824 0.012978356526048292 0.00037162387189366189 -0 -0.041340137316635189 -0
leaf_count=1647 61 148 100 89 83 117 464 286 72 119 299 115
internal_value=0 0.416283 -0.150962 0.182758 -0.0289597 -0.208068 -0.259187 -0.142636 0.518508 0.241784 -0.548706 0.168987
internal_count=3600 572 3028 511 350 2928 2696 1933 161 202 763 232
shrinkage=0.0511362


Tree=19
num_leaves=12
num_cat=1
split_feature=4 15 15 19 3 15 14 17 18 7 14
split_gain=10.6775 5.26467 3.07264 5.71202 4.13621 3.12817 1.7241 1.5557 1.551 0.737382 0.513886
threshold=0 3.2500000000000004 12925.750000000002 3480.2500000000005 44.224950000000007 22.000000000000004 7134.2500000000009 14869.000000000002 157230.00000000003 10.750000000000002 82963.000000000015
decision_type=5 2 2 2 2 2 2 2 2 2 2
left_child=1 -1 4 8 6 -6 9 -3 -4 -2 -9
right_child=2 7 3 -5 5 -7 -8 10 -10 -11 -12
leaf_value=-0 -0.0059662746243869342 0.018895911075661229 0.007913145999220151 -0.02402173246209267 0 -0.043192568194096462 0.019899475235892004 0.071368971421991251 0.052460374523893662 -0.026190006953633844 0.026792343436356961
leaf_count=255 1856 161 114 141 178 445 92 74 63 162 59
internal_value=0 0.446345 -0.153275 0.194718 -0.243161 -0.625259 -0.113988 0.877692 0.633377 -0.163745 1.12868
internal_count=3600 549 3051 318 2733 623 2110 294 177 2018 133
cat_boundaries=0 6
cat_threshold=83892318 409616 17432840 134283264 2048 262146
shrinkage=0.0511362


Tree=20
num_leaves=10
num_cat=2
split_feature=4 16 0 2 3 0 17 6 3
split_gain=9.62908 4.77862 3.11468 1.96222 2.98205 2.00737 1.27164 1.13019 0.956224
threshold=0 1159.7500000000002 16.750000000000004 1 52.509800000000006 1.7500000000000002 23126.500000000004 10.750000000000002 36.418150000000004
decision_type=5 2 2 5 2 2 2 2 2
left_child=1 7 3 6 5 -5 -2 -1 -3
right_child=2 8 -4 4 -6 -7 -8 -9 -10
leaf_value=-0.014157639209914686 -0.0035410256250641881 0.015199686744660577 0.01665768958206321 -0.0048357077988832684 -0.039199885122386847 -0.025153461955699296 0.025505608400423933 0.014648919634189836 0.053545968363142585
leaf_count=150 163 79 215 1621 362 575 98 176 161
internal_value=0 0.41406 -0.148767 -0.221414 -0.259344 -0.202263 0.118185 0.0293662 0.872782
internal_count=3600 566 3034 2819 2558 2196 261 326 240
cat_boundaries=0 6 11
cat_threshold=83892318 409616 17434888 134283264 2048 262146 102762760 256 8388608 0 128
shrinkage=0.0511362


Tree=21
num_leaves=10
num_cat=3
split_feature=4 2 3 10 8 15 21 8 4
split_gain=8.98331 5.8023 4.03136 3.92652 2.47625 1.66956 1.51483 0.353834 0.323993
threshold=0 1 46.226000000000006 16.750000000000004 257.50000000000006 12925.750000000002 94.750000000000014 1.7500000000000002 2
decision_type=5 5 2 2 2 2 2 2 5
left_child=2 8 7 -3 5 -5 -6 -1 -2
right_child=1 3 -4 4 6 -7 -8 -9 -10
leaf_value=-0.0057977070542994504 0.0024177730432840033 -0.0053800868006086246 -0.045142613649661531 0.026718304748377022 -0.0073505701232995449 0.05957168295759066 0.025456730056206498 -0.018738359253045768 -0.018457829510053023
leaf_count=1772 129 219 343 370 117 92 76 233 249
internal_value=0 0.248745 -0.227958 0.40107 0.600572 0.751787 0.144675 -0.158302 -0.228925
internal_count=3600 1252 2348 874 655 462 193 2005 378
cat_boundaries=0 7 12 15
cat_threshold=2691195681 83957760 3288335429 68157522 0 0 4096 2215641172 17302736 2162688 0 134217728 16777220 16 131072
shrinkage=0.0511362


Tree=22
num_leaves=12
num_cat=2
split_feature=4 17 2 19 19 0 0 8 15 0 0
split_gain=11.3148 4.5577 4.44263 4.00137 3.99449 3.01854 1.58329 1.04102 0.97723 0.209646 0.771837
threshold=0 2.5000000000000004 1 323.50000000000006 742.75000000000011 16.750000000000004 3.2500000000000004 30.250000000000004 12512.500000000002 7.7500000000000009 1.7500000000000002
decision_type=5 2 5 2 2 2 2 2 2 2 2
left_child=1 5 -2 7 -5 9 -6 -4 -3 10 -1
right_child=2 8 3 4 6 -7 -8 -9 -10 -11 -12
leaf_value=-0.0086076432974361242 -0.01087155589422103 -0.046983942112711084 0.013895667176598087 0.064932112000249509 0.013426662969709045 0.022185712150751085 0.0433286140909937 -0.01447850981825026 -0.010644920791637189 -0 -0.029399057228488627
leaf_count=1272 301 401 147 118 386 158 73 168 106 227 243
internal_value=0 -0.244723 0.292436 0.413787 0.642327 -0.13352 0.434563 -0 -0.736038 -0.221975 -0.244978
internal_count=3600 2407 1193 892 577 1900 459 315 507 1742 1515
cat_boundaries=0 7 11
cat_threshold=3760210731 83957762 2214724676 18 1073741824 0 20480 1572948 554173584 0 4
shrinkage=0.0511362


Tree=23
num_leaves=12
num_cat=2
split_feature=2 3 4 0 19 19 15 19 0 19 6
split_gain=10.1927 4.65255 4.60872 3.41412 3.2525 5.5779 2.59812 1.42929 0.348214 0.190424 0.013003
threshold=0 34.901850000000003 1 9.2500000000000018 323.50000000000006 742.75000000000011 1.7500000000000002 2071.0000000000005 1.7500000000000002 1207.7500000000002 46.750000000000007
decision_type=5 2 5 2 2 2 2 2 2 2 2
left_child=1 3 9 8 6 -6 -4 -7 -1 -2 -3
right_child=2 10 4 -5 5 7 -8 -9 -10 -11 -12
leaf_value=-0.0098365438092347223 -0.031843512541633451 -0.046012478566517814 0.021605314980459867 0.016773894746366619 0.067940486863092189 0.0028703730906407127 -0.0188517421258751 0.027418444699030424 -0.025445064348910147 -0.0063004872250250745 -0.017771886508239007
leaf_count=1223 158 387 208 315 115 196 199 286 280 110 123
internal_value=0 -0.244659 0.263449 -0.133937 0.381368 0.595148 0.0123525 0.369071 -0.25938 -0.229965 -0.76861
internal_count=3600 2328 1272 1818 1004 597 407 482 1503 268 510
cat_boundaries=0 6 13
cat_threshold=3222536275 562568264 2162720 4 0 65536 541065474 16842754 2214594625 65552 0 0 16384
shrinkage=0.0511362


Tree=24
num_leaves=12
num_cat=3
split_feature=4 19 2 1 21 0 13 16 11 0 12
split_gain=9.5323 4.93133 4.6775 3.68951 5.26501 2.54007 2.4761 1.43361 1.41146 0.254952 0.134822
threshold=0 1.7500000000000002 1 2 190.00000000000003 9.2500000000000018 748.00000000000011 16636.000000000004 3.2500000000000004 1.7500000000000002 13.750000000000002
decision_type=5 2 5 1 2 2 2 2 2 2 2
left_child=1 5 8 4 7 9 -6 -4 -2 -1 -3
right_child=2 10 3 -5 6 -7 -8 -9 -10 -11 -12
leaf_value=-0.0088295702196026712 -0.026917020377605617 -0.046363509561417271 -0.0047545763177799421 0.057019896367654067 0.062859853845393165 0.014180556971123741 0.013632650137157936 0.016376680413459639 0.0022498635801688109 -0.023309550741071723 -0.017035157660487844
leaf_count=1181 252 402 444 118 67 303 76 198 135 266 158
internal_value=0 -0.244198 0.246777 0.382151 0.321485 -0.121991 0.808422 0.0681028 -0.183472 -0.235372 -0.768935
internal_count=3600 2310 1290 903 785 1750 143 642 387 1447 560
cat_boundaries=0 7 12 13
cat_threshold=3764405027 83957760 2214724677 67108882 1073741824 0 20480 68157780 17306768 2097152 4 134217728 1
shrinkage=0.0511362


Tree=25
num_leaves=12
num_cat=2
split_feature=2 19 19 19 18 17 2 18 22 18 14
split_gain=8.56885 4.28657 3.26855 2.90342 1.48783 1.52831 1.4772 1.36389 0.650816 0.362299 0.0751535
threshold=0 1.7500000000000002 323.50000000000006 742.75000000000011 147232.00000000003 868.00000000000011 1 269603.50000000006 4.7500000000000009 27392.500000000004 38647.750000000007
decision_type=5 2 2 2 2 2 5 2 2 2 2
left_child=1 -1 6 9 5 -5 -2 -6 -8 -4 -3
right_child=2 10 3 4 7 -7 8 -9 -10 -11 -12
leaf_value=-0.0059460991607934409 0.0096282866090569835 -0.042644193478551654 0.019882380209197512 0.023921370822379207 0.039031094337939803 -0.0056392617498206938 -0.026991966170142417 0.0072761146638899319 -0 0.059336627540832944 -0.014923025727320941
leaf_count=1749 156 426 93 126 84 250 239 145 136 65 131
internal_value=0 -0.231822 0.233934 0.402925 0.251089 0.0338171 -0.0717557 0.451222 -0.205779 0.884469 -0.71844
internal_count=3600 2306 1294 763 605 376 531 229 375 158 557
cat_boundaries=0 6 11
cat_threshold=3222274131 562568392 2162720 4 0 65536 268435464 1048592 0 0 512
shrinkage=0.0511362


Tree=26
num_leaves=10
num_cat=2
split_feature=2 4 6 18 12 21 8 6 22
split_gain=8.20652 5.23665 2.70358 5.22827 2.14481 1.66304 1.42461 1.31412 0.665492
threshold=0 1 45.250000000000007 3.2500000000000004 3.2500000000000004 109.75000000000001 251.50000000000003 22.750000000000004 7.7500000000000009
decision_type=5 5 2 2 2 2 2 2 2
left_child=7 4 3 -3 -2 -4 -6 -1 -5
right_child=1 2 5 8 6 -7 -8 -9 -10
leaf_value=0.049922350527804638 -0.00072381758858022576 -0.0061598089440070437 -0.011131417718349575 -0.042851122622590498 0.04261048370313622 0.02139471387434393 0.002394645835679218 0.016312858095556302 -0.017706515196464611
leaf_count=183 138 1818 154 548 112 101 103 183 260
internal_value=0 -0.113958 -0.215796 -0.309219 0.256124 0.138422 0.598998 0.463074 -0.672579
internal_count=3600 3234 2881 2626 353 255 215 366 808
cat_boundaries=0 5 8
cat_threshold=304087040 1074921730 9437184 32 33554944 84029524 131090 524296
shrinkage=0.0511362


Tree=27
num_leaves=11
num_cat=3
split_feature=4 2 3 0 12 1 0 14 17 0
split_gain=7.50157 4.59527 3.45798 2.41608 2.6304 3.57108 2.3318 0.900529 0.337642 0.264847
threshold=0 1 2.9757000000000002 15.250000000000002 124.75000000000001 2 9.2500000000000018 29938.000000000004 91593.250000000015 1.7500000000000002
decision_type=5 5 2 2 2 1 2 2 2 2
left_child=2 -2 6 4 5 -3 9 -4 -6 -1
right_child=1 3 7 -5 8 -7 -8 -9 -10 -11
leaf_value=-0.0081930016114649326 -0.013138051397193026 0.013399734997011232 -0.042221635606363696 0.050651040988363413 -0.013309994646831282 0.057323538801129212 0.013684023846524526 -0.0070306084193788414 0.00083290408407758504 -0.022708859896888235
leaf_count=1187 329 623 424 85 105 102 306 113 56 270
internal_value=0 0.220052 -0.216325 0.33333 0.296856 0.417216 -0.112038 -0.655895 -0.0928727 -0.222799
internal_count=3600 1300 2300 971 886 725 1763 537 161 1457
cat_boundaries=0 7 11 12
cat_threshold=3760210211 83957762 2214724677 18 1073741824 0 20480 1572932 554173584 2097184 4 1
shrinkage=0.0511362


Tree=28
num_leaves=10
num_cat=2
split_feature=4 18 2 0 13 14 0 15 0
split_gain=6.81145 4.4513 3.96245 2.33403 2.34514 2.14506 1.80595 1.23847 0.50033
threshold=0 6.2500000000000009 1 15.250000000000002 2158.0000000000005 37561.750000000007 9.2500000000000018 11101.750000000002 1.7500000000000002
decision_type=5 2 5 2 2 2 2 2 2
left_child=1 6 -2 4 5 -4 8 -3 -1
right_child=2 7 3 -5 -6 -7 -8 -9 -10
leaf_value=-0.0059927717674122137 -0.01230672143808469 -0.046284617140048771 0.010133142414206313 0.048551779329306544 -0.011923125526334654 0.037053364962904588 0.012291290263561008 -0.0067867214355104705 -0.022958006244706848
leaf_count=1214 309 446 654 82 63 149 306 105 272
internal_value=0 -0.20641 0.209403 0.313397 0.274916 0.358347 -0.0885398 -0.705483 -0.186756
internal_count=3600 2343 1257 948 866 803 1792 551 1486
cat_boundaries=0 7 11
cat_threshold=3760210723 83957762 2214724677 18 0 0 20480 2149056580 554173584 2097152 4
shrinkage=0.0511362


Tree=29
num_leaves=10
num_cat=1
split_feature=2 0 9 10 12 18 15 7 8
split_gain=6.36075 3.22307 1.44462 3.17097 2.74623 2.19212 1.19093 0.934716 0.628468
threshold=0 16.750000000000004 61.750000000000007 33.250000000000007 1.7500000000000002 3.2500000000000004 36979.750000000007 27.250000000000004 146.50000000000003
decision_type=5 2 2 2 2 2 2 2 2
left_child=6 2 3 5 -5 -2 7 -1 -4
right_child=1 -3 8 4 -6 -7 -8 -9 -10
leaf_value=0.0083405576013800848 -0.0082439385775164107 0.017505965726133246 -0.010012696317628749 -0.012167859673551005 0.018867563921582509 -0.038171545464558775 0.0023576730994905653 0.043135320357897307 -0.03740356786054827
leaf_count=146 1683 233 200 228 388 336 87 183 116
internal_value=0 -0.108314 -0.179551 -0.118546 0.136948 -0.25807 0.382591 0.677503 -0.462158
internal_count=3600 3184 2951 2635 616 2019 416 329 316
cat_boundaries=0 5
cat_threshold=304087048 1074921474 9437184 32 512
shrinkage=0.0511362


Tree=30
num_leaves=12
num_cat=4
split_feature=2 3 4 0 1 21 3 2 18 0 6
split_gain=6.72768 4.3321 3.19758 2.42299 2.21666 2.69698 1.88953 1.45 0.599846 0.273177 0.0852742
threshold=0 34.901850000000003 1 9.2500000000000018 2 190.00000000000003 56.986750000000008 3 41454.250000000007 1.7500000000000002 42.250000000000007
decision_type=5 2 5 2 1 2 2 5 2 2 2
left_child=1 3 8 9 5 7 -7 -4 -2 -1 -3
right_child=2 10 4 -5 -6 6 -8 -9 -10 -11 -12
leaf_value=-0.0079163309771853943 -0.02765926305981747 -0.045042360931477628 0.012509249890225695 0.013946070511384322 0.041728009563980921 0.040936967357214214 0 -0.0044931159270748299 -0 -0.022495895462424836 -0.015768239091178974
leaf_count=1210 211 408 227 315 135 105 44 457 82 280 126
internal_value=0 -0.211321 0.201891 -0.101442 0.299783 0.244781 0.57993 0.0623848 -0.18629 -0.217552 -0.738435
internal_count=3600 2339 1261 1805 968 833 149 684 293 1490 534
cat_boundaries=0 6 10 11 16
cat_threshold=3222798419 562568392 2162720 4 2097152 196608 572522754 16842754 2215118913 65552 1 301992192 1073741824 1048576 32 33554432
shrinkage=0.0511362


Tree=31
num_leaves=13
num_cat=2
split_feature=2 4 0 8 6 12 8 19 21 0 6 0
split_gain=6.08128 4.23583 3.77073 2.19118 3.89569 1.93053 1.81673 1.22347 1.07253 0.490476 0.242095 0.0483589
threshold=0 1 16.750000000000004 33.250000000000007 45.250000000000007 3.2500000000000004 27.250000000000004 1426.7500000000002 109.75000000000001 1.7500000000000002 22.750000000000004 21.250000000000004
decision_type=5 5 2 2 2 2 2 2 2 2 2 2
left_child=7 5 3 4 -3 -2 -7 -1 -5 -8 -9 -4
right_child=1 2 11 8 -6 6 9 10 -10 -11 -12 -13
leaf_value=0.045245666328443963 -0.0037541428771708618 -0.01467686865497109 0.020851391472406181 -0.042393130430302156 0.024471409900141707 0.048449914355164901 0.018463183733059354 0.023985458221975679 -0.010166290150892444 -0 0.0041028163662053243 0.0030773321302358155
leaf_count=187 156 1966 107 412 89 78 88 60 145 91 119 102
internal_value=0 -0.103245 -0.203212 -0.301723 -0.196333 0.207503 0.480659 0.384835 -0.614064 0.173102 0.282879 0.303264
internal_count=3600 3234 2821 2612 2055 413 257 366 557 179 179 209
cat_boundaries=0 5 8
cat_threshold=304087040 1074921730 9437184 32 33554944 84029524 132114 526344
shrinkage=0.0511362


Tree=32
num_leaves=13
num_cat=2
split_feature=2 4 0 18 6 12 0 0 15 0 0 6
split_gain=5.48992 3.8764 4.32752 2.21044 2.77586 1.3089 2.53048 1.23512 2.11366 0.196964 0.196367 0.0022
threshold=0 1 16.750000000000004 3.2500000000000004 6.2500000000000009 3.2500000000000004 1.7500000000000002 1.7500000000000002 1012.0000000000001 7.7500000000000009 21.250000000000004 51.250000000000007
decision_type=5 5 2 2 2 2 2 2 2 2 2 2
left_child=7 5 3 9 -5 -2 -7 8 -1 -3 -4 -10
right_child=1 2 10 4 -6 6 -8 -9 11 -11 -12 -13
leaf_value=0.038078847222837428 -0 -0.0083562053917885879 0.024633764634198911 -0.04219172423643499 -0.0098940372200332985 0.039275172424613342 -0 0.047098524793361546 -0.00033129021882385051 0 0.0026872797187898786 0.00093380889407947848
leaf_count=140 149 1468 109 567 394 123 110 81 71 211 103 74
internal_value=0 -0.0981461 -0.193279 -0.297849 -0.498417 0.202105 0.448215 0.363393 0.296151 -0.139337 0.344144 0
internal_count=3600 3234 2852 2640 961 382 233 366 285 1679 212 145
cat_boundaries=0 5 8
cat_threshold=304087040 1074921730 9437184 32 33554944 352464980 131090 526344
shrinkage=0.0511362


Tree=33
num_leaves=10
num_cat=3
split_feature=2 3 4 0 1 19 0 12 0
split_gain=5.36738 4.15558 2.77818 1.95287 1.80626 2.13793 2.30698 0.728866 0.298873
threshold=0 34.901850000000003 1 9.2500000000000018 2 323.50000000000006 12.250000000000002 4.7500000000000009 1.7500000000000002
decision_type=5 2 5 2 1 2 2 2 2
left_child=1 3 -2 8 5 7 -7 -4 -1
right_child=2 -3 4 -5 -6 6 -8 -9 -10
leaf_value=-0.0065822526186956765 -0.011323747285841653 -0.036850500219966435 -0.019403267125558118 0.012608817416395917 0.036142992861160454 0.0093289361955644252 0.042691658289435531 0.0023929590006859605 -0.021316074708850646
leaf_count=1210 229 534 163 315 137 505 57 170 280
internal_value=0 -0.191272 0.178697 -0.0828322 0.25679 0.20631 0.315329 -0.137546 -0.19152
internal_count=3600 2339 1261 1805 1032 895 562 333 1490
cat_boundaries=0 6 10 11
cat_threshold=3222798419 562568392 2162720 4 2097152 196608 538968322 16842754 2214592577 16 1
shrinkage=0.0511362


Tree=34
num_leaves=12
num_cat=4
split_feature=4 19 2 9 1 22 0 19 4 0 19
split_gain=4.81752 3.56498 2.93612 1.57909 2.35451 4.42886 1.3131 1.14947 0.561902 0.248229 0.180891
threshold=0 1.7500000000000002 1 139.75000000000003 2 7.7500000000000009 9.2500000000000018 1471.7500000000002 3 1.7500000000000002 1009.7500000000001
decision_type=5 2 5 2 1 2 2 2 5 2 2
left_child=1 6 8 4 -4 -6 9 -3 -2 -1 -5
right_child=2 7 3 10 5 -7 -8 -9 -10 -11 -12
leaf_value=-0.0053177918665649982 0.0034587756444943258 -0.044984260087321905 0.049156000849404101 0.0046977210845802362 0.0033566397840647088 0.043432468613107442 0.010236261692826976 -0.0088202782162586542 -0.016268050275114847 -0.019123604624531949 -0.0071923916712061074
leaf_count=1181 112 400 89 81 559 97 302 174 276 266 63
internal_value=0 -0.181322 0.169193 0.266261 0.392022 0.274043 -0.0700912 -0.632371 -0.179389 -0.162133 -0
internal_count=3600 2323 1277 889 745 656 1749 574 388 1447 144
cat_boundaries=0 7 12 13 16
cat_threshold=3764404515 83957762 2214724677 67108882 1073741824 0 20480 68158036 17302672 2097184 4 134217728 2 16777220 16 8
shrinkage=0.0511362


Tree=35
num_leaves=13
num_cat=2
split_feature=2 4 0 6 21 9 10 8 16 8 10 0
split_gain=4.67297 2.72879 2.95594 1.60381 2.24214 1.59268 1.79242 1.58777 0.797469 0.489738 0.456729 0.187537
threshold=0 1 16.750000000000004 22.750000000000004 37.750000000000007 61.750000000000007 13321.000000000002 22.750000000000004 13895.500000000002 102.25000000000001 639.25000000000011 21.250000000000004
decision_type=5 5 2 2 2 2 2 2 2 2 2 2
left_child=3 7 5 4 -1 6 -3 -2 -7 -9 -5 -4
right_child=1 2 11 10 -6 8 -8 9 -10 -11 -12 -13
leaf_value=0.061544338934529409 0.033006381291713419 -0.012142234456887899 0.019057125031494457 0.017667956108968656 0.0084126188472068222 -0.0079617250124431414 0.015881415985902883 -0.0074149378161611343 -0.044448253927873584 0.009806832696501443 -0 0.00016584730124926482
leaf_count=108 86 2292 112 95 63 152 105 92 126 169 96 104
internal_value=0 -0.0927711 -0.169311 0.330303 0.752777 -0.257867 -0.187249 0.171848 -0.616818 0.028559 0.145397 0.256141
internal_count=3600 3238 2891 362 171 2675 2397 347 278 261 191 216
cat_boundaries=0 5 8
cat_threshold=304087040 1079115778 9437184 32 33554944 84029524 131090 526336
shrinkage=0.0511362


Tree=36
num_leaves=14
num_cat=1
split_feature=2 6 8 0 9 7 21 6 21 19 8 10 0
split_gain=4.23139 1.79633 2.98804 1.52401 1.5074 1.74364 1.42638 1.38478 1.82632 1.01786 0.730106 0.413638 0.0763769
threshold=0 25.750000000000004 83.500000000000014 9.2500000000000018 16.750000000000004 54.250000000000007 292.75000000000006 22.750000000000004 37.750000000000007 2096.5000000000005 6.2500000000000009 639.25000000000011 19.750000000000004
decision_type=5 2 2 2 2 2 2 2 2 2 2 2 2
left_child=7 3 6 4 5 -2 -3 8 -1 -4 12 -9 -5
right_child=1 2 9 10 -6 -7 -8 11 -10 -11 -12 -13 -14
leaf_value=0.056209014075705263 -0.011615534831089437 0.034748657627661217 -0.026336042463029893 0.014421330884440206 -0.031900590361736939 0.014458616018576207 0 0.016669049346577959 0.0079985495153410378 0.00084729494014167247 -0.0074549870595769724 -0 0.00013259512836289521
leaf_count=108 1949 152 132 222 216 148 68 95 63 76 166 96 109
internal_value=0 -0.0881585 0.134837 -0.163485 -0.236763 -0.163073 0.443551 0.312833 0.702257 -0.234252 0.0544421 0.13717 0.20968
internal_count=3600 3238 428 2810 2313 2097 220 362 171 208 497 191 331
cat_boundaries=0 5
cat_threshold=304087040 1079115778 9437184 32 33554944
shrinkage=0.0511362


Tree=37
num_leaves=13
num_cat=1
split_feature=4 0 15 15 19 19 14 8 8 8 0 14
split_gain=3.95262 1.70144 1.19136 3.40951 2.7898 2.33429 1.34776 1.04012 0.593309 0.718505 0.571391 0.00541226
threshold=0 16.750000000000004 12512.500000000002 1.7500000000000002 2799.2500000000005 158.50000000000003 36133.000000000007 22.750000000000004 102.25000000000001 257.50000000000006 22.750000000000004 10689.250000000002
decision_type=5 2 2 2 2 2 2 2 2 2 2 2
left_child=7 2 3 5 -4 -2 -5 -1 11 -10 -3 -9
right_child=1 10 4 6 -6 -7 -8 8 9 -11 -12 -13
leaf_value=0.036274761057163291 -0.0070529171938575105 0.019090369682964403 0.021871087700150931 -0.033542535990024401 -0.020727282470529601 0.026310405608140932 -0 -0 0.030277958786858874 0.0030706100949436481 -0 0.0014804209612590783
leaf_count=95 1851 132 119 570 125 122 102 105 117 105 100 57
internal_value=0 -0.0977682 -0.157809 -0.209282 0.0780627 -0.0605279 -0.531818 0.261085 0.206835 0.336576 0.213295 0
internal_count=3600 3121 2889 2645 244 1973 672 479 384 222 232 162
cat_boundaries=0 5
cat_threshold=352467028 393232 1090519296 135266304 2048
shrinkage=0.0511362


Tree=38
num_leaves=13
num_cat=3
split_feature=2 4 6 19 8 15 0 8 8 4 0 6
split_gain=3.84634 2.36367 2.11287 4.58439 2.41535 1.73655 1.36447 0.88628 0.889543 0.871633 0.820507 0.810468
threshold=0 1 45.250000000000007 3.2500000000000004 142.75000000000003 3295.0000000000005 1.7500000000000002 21.250000000000004 88.750000000000014 2 9.2500000000000018 15.250000000000002
decision_type=5 5 2 2 2 2 2 2 2 5 2 2
left_child=6 7 3 10 -5 -4 9 -2 -9 -1 -3 -11
right_child=1 2 5 4 -6 -7 -8 8 -10 11 -12 -13
leaf_value=-0.0052682215708210363 0.026729750317187724 -0.0064236776634454757 -0.01059069493350983 -0.040951433826218318 -0.0056112836160658918 0.023103382297110703 0.043139696736032858 -0.011026969285673491 0.013109364666076932 0.038537287264781575 0.0079798419237760449 0.0054082559856944721
leaf_count=120 118 1489 126 628 258 108 73 79 119 80 311 91
internal_value=0 -0.0823132 -0.15407 -0.236517 -0.569111 0.166305 0.301499 0.163125 0.0484713 0.219962 -0.0496403 0.262098
internal_count=3600 3236 2920 2686 886 234 364 316 198 291 1800 171
cat_boundaries=0 5 11 15
cat_threshold=304089088 1074921474 9437184 32 512 84021332 132098 526344 0 0 262144 8448 2 1 65552
shrinkage=0.0511362


Tree=39
num_leaves=13
num_cat=2
split_feature=2 4 0 14 18 22 12 0 21 16 0 0
split_gain=3.46075 2.17434 2.47341 1.66615 1.55307 3.36074 1.34553 1.17584 0.269967 0.251476 0.127986 0.0987149
threshold=0 1 16.750000000000004 2436.2500000000005 3.2500000000000004 1.7500000000000002 127.75000000000001 1.7500000000000002 19.750000000000004 31144.000000000004 21.250000000000004 7.7500000000000009
decision_type=5 5 2 2 2 2 2 2 2 2 2 2
left_child=7 3 4 -2 11 -6 -5 8 -1 -10 -4 -3
right_child=1 2 10 6 5 -7 -8 -9 9 -11 -12 -13
leaf_value=0.019757972051758072 -0.0083033086279937617 -0.0057030585994085545 0.017004154537194005 0.030968132227535503 -0.040618216864983979 -0.0059297324063630388 0 0.040050224536088495 -0.0022281586222513152 0.010433660009585108 0.00015707071668578246 0
leaf_count=128 120 1468 111 121 546 450 105 73 88 75 104 211
internal_value=0 -0.0786061 -0.149702 0.150497 -0.233162 -0.397147 0.389541 0.28406 0.205443 0.0504368 0.233989 -0.0933336
internal_count=3600 3236 2890 346 2675 996 226 364 291 163 215 1679
cat_boundaries=0 5 11
cat_threshold=304089088 1074921474 9437184 32 512 84021332 131090 526344 0 0 262144
shrinkage=0.0511362


Tree=40
num_leaves=12
num_cat=2
split_feature=4 19 2 0 12 9 12 0 18 0 16
split_gain=3.56116 3.33383 2.86379 1.89019 2.08522 2.02055 1.62854 0.794051 0.719188 0.302712 0.190576
threshold=0 1.7500000000000002 1 15.250000000000002 124.75000000000001 24.250000000000004 22.750000000000004 9.2500000000000018 73584.250000000015 1.7500000000000002 13627.750000000002
decision_type=5 2 5 2 2 2 2 2 2 2 2
left_child=1 7 6 4 5 -4 -2 9 -3 -1 -8
right_child=2 8 3 -5 -6 -7 10 -9 -10 -11 -12
leaf_value=-0.0031014619452999787 -0.030051937244543751 -0.039895008191739578 0.025821874846758599 0.042728585900030661 -0.0098251999723903173 0.0004098426149775275 -0.0047992164033068361 0.0081730308643448591 -0.0087614798917757669 -0.017347074597527309 0.0077563941540495698
leaf_count=1181 230 461 402 70 120 210 153 302 131 266 74
internal_value=0 -0.155812 0.146587 0.258853 0.217144 0.319078 -0.147037 -0.0423196 -0.583601 -0.119667 0
internal_count=3600 2341 1259 802 732 612 457 1749 592 1447 227
cat_boundaries=0 7 12
cat_threshold=3764404515 83957762 2215248965 67108882 1073741824 0 20480 1049204 20972688 2097184 4 134217728
shrinkage=0.0511362


Tree=41
num_leaves=12
num_cat=1
split_feature=2 0 15 15 19 10 12 9 0 6 0
split_gain=3.31974 3.24191 2.6595 3.0342 2.37228 2.08681 2.04967 1.35866 0.71081 0.607785 0.283896
threshold=0 15.250000000000002 4.7500000000000009 12512.500000000002 1.7500000000000002 46650.250000000007 31.750000000000004 71.500000000000014 9.2500000000000018 10.750000000000002 1.7500000000000002
decision_type=5 2 2 2 2 2 2 2 2 2 2
left_child=4 2 9 6 8 -6 -4 -5 10 -2 -1
right_child=1 -3 3 7 5 -7 -8 -9 -10 -11 -12
leaf_value=-0.0029192010907402905 0.034344901203505349 0.039757619170167596 -0.0046759089203803027 0.017855300269794743 -0.034060895708126433 0.00035172741004381095 -0.042726652781804653 -0.0066731603867373765 0.0075962767629306725 0.0065705427826474976 -0.016828792825855553
leaf_count=1180 151 89 320 239 595 103 109 73 303 172 266
internal_value=0 0.146867 0.0783103 -0.0320117 -0.145026 -0.469455 -0.30656 0.199484 -0.0405518 0.449415 -0.114616
internal_count=3600 1153 1064 741 2447 698 429 312 1749 323 1446
cat_boundaries=0 6
cat_threshold=2149056883 562568392 2162720 4 0 196608
shrinkage=0.0511362


end of trees

feature importances:
n_1=89
n_table_1.n_20=39
c_table_1.c_2=36
n_table_1.n_7=32
c_table_1.c_3=31
n_table_1.n_2=29
n_table_1.n_26=25
n_table_1.n_16=21
n_table_1.n_5=19
n_table_1.n_19=19
n_table_1.n_11=18
n_table_1.n_15=17
n_table_1.n_9=12
n_table_1.n_18=12
n_table_1.n_17=10
n_table_1.n_8=9
c_table_1.c_1=7
n_table_1.n_6=7
n_table_1.n_12=4
n_table_1.n_27=4
n_table_1.n_10=1

parameters:
[boosting: gbdt]
[objective: binary]
[metric: auc]
[tree_learner: serial]
[device_type: cpu]
[data: ]
[valid: ]
[num_iterations: 100]
[learning_rate: 0.0511362]
[num_leaves: 32]
[num_threads: 4]
[max_depth: 5]
[min_data_in_leaf: 20]
[min_sum_hessian_in_leaf: 4.82679]
[bagging_fraction: 0.9]
[bagging_freq: 22]
[bagging_seed: 3]
[feature_fraction: 0.8]
[feature_fraction_seed: 2]
[early_stopping_round: 0]
[max_delta_step: 0]
[lambda_l1: 0.458962]
[lambda_l2: 0.894625]
[min_gain_to_split: 0]
[drop_rate: 0.1]
[max_drop: 50]
[skip_drop: 0.5]
[xgboost_dart_mode: 0]
[uniform_drop: 0]
[drop_seed: 4]
[top_rate: 0.2]
[other_rate: 0.1]
[min_data_per_group: 100]
[max_cat_threshold: 32]
[cat_l2: 10]
[cat_smooth: 10]
[max_cat_to_onehot: 4]
[top_k: 20]
[monotone_constraints: ]
[feature_contri: ]
[forcedsplits_filename: ]
[refit_decay_rate: 0.9]
[verbosity: -1]
[max_bin: 255]
[min_data_in_bin: 3]
[bin_construct_sample_cnt: 200000]
[histogram_pool_size: -1]
[data_random_seed: 1]
[output_model: LightGBM_model.txt]
[snapshot_freq: -1]
[input_model: ]
[output_result: LightGBM_predict_result.txt]
[initscore_filename: ]
[valid_data_initscores: ]
[pre_partition: 0]
[enable_bundle: 1]
[max_conflict_rate: 0]
[is_enable_sparse: 1]
[sparse_threshold: 0.8]
[use_missing: 1]
[zero_as_missing: 0]
[two_round: 0]
[save_binary: 0]
[enable_load_from_binary_file: 1]
[header: 0]
[label_column: ]
[weight_column: ]
[group_column: ]
[ignore_column: ]
[categorical_feature: ]
[predict_raw_score: 0]
[predict_leaf_index: 0]
[predict_contrib: 0]
[num_iteration_predict: -1]
[pred_early_stop: 0]
[pred_early_stop_freq: 10]
[pred_early_stop_margin: 10]
[convert_model_language: ]
[convert_model: gbdt_prediction.cpp]
[num_class: 1]
[is_unbalance: 0]
[scale_pos_weight: 1]
[sigmoid: 1]
[boost_from_average: 1]
[reg_sqrt: 0]
[alpha: 0.9]
[fair_c: 1]
[poisson_max_delta_step: 0.7]
[tweedie_variance_power: 1.5]
[max_position: 20]
[label_gain: ]
[metric_freq: 1]
[is_provide_training_metric: 0]
[eval_at: ]
[num_machines: 1]
[local_listen_port: 12400]
[time_out: 120]
[machine_list_filename: ]
[machines: ]
[gpu_platform_id: -1]
[gpu_device_id: -1]
[gpu_use_dp: 0]

end of parameters

pandas_categorical:[[0, 1, 2], [0, 1, 2, 3, 4, 5, 6, 7, 8, 9, 10, 11, 12, 13, 14, 15, 16, 17, 18, 19, 20, 21, 22, 23, 24, 25, 26, 27, 28, 29, 30, 31, 32, 33, 34, 35, 36, 37, 38, 39, 40, 41, 42, 43, 44, 45, 46, 47, 48, 49, 50, 51, 52, 53, 54, 55, 56, 57, 58, 59, 60, 61, 62, 63, 64, 65, 66, 67, 68, 69, 70, 71, 72, 73, 74, 75, 76, 77, 78, 79, 80, 81, 82, 83, 84, 85, 86, 87, 88, 89, 90, 91, 92, 93, 94, 95, 96, 97, 98, 99, 100, 101, 102, 103, 104, 105, 106, 107, 108, 109, 110, 111, 112, 113, 114, 115, 116, 117, 118, 119, 120, 121, 122, 123, 124, 125, 126, 127, 128, 129, 130, 131, 132, 133, 134, 135, 136, 137, 138, 139, 140, 141, 142, 143, 144, 145, 146, 147, 148, 149, 150, 151, 152, 153, 154, 155, 156, 157, 158, 159, 160, 161, 162, 163, 164, 165, 166, 167, 168, 169, 170, 171, 172, 173, 174, 175, 176, 177, 178, 179, 180, 181, 182, 183, 184], [0, 1, 2, 3, 4, 5, 6, 7, 8, 9, 10, 11, 12, 13, 14, 15, 16, 17, 18, 19, 20, 21, 22, 23, 24, 25, 26, 27, 28, 29, 30, 31, 32, 33, 34, 35, 36, 37, 38, 39, 40, 41, 42, 43, 44, 45, 46, 47, 48, 49, 50, 51, 52, 53, 54, 55, 56, 57, 58, 59, 60, 61, 62, 63, 64, 65, 66, 67, 68, 69, 70, 71, 72, 73, 74, 75, 76, 77, 78, 79, 80, 81, 82, 83, 84, 85, 86, 87, 88, 89, 90, 91, 92, 93, 94, 95, 96, 97, 98, 99, 100, 101, 102, 103, 104, 105, 106, 107, 108, 109, 110, 111, 112, 113, 114, 115, 116, 117, 118, 119, 120, 121, 122, 123, 124, 125, 126, 127, 128, 129, 130, 131, 132, 133, 134, 135, 136, 137, 138, 139, 140, 141, 142, 143, 144, 145, 146, 147, 148, 149, 150, 151, 152, 153, 154, 155, 156, 157, 158, 159, 160, 161, 162, 163, 164, 165, 166, 167, 168, 169, 170, 171, 172, 173, 174, 175, 176, 177, 178, 179, 180, 181, 182, 183, 184, 185, 186, 187, 188, 189, 190, 191, 192, 193, 194, 195, 196, 197, 198, 199, 200, 201, 202, 203, 204, 205, 206, 207, 208, 209, 210, 211, 212, 213, 214, 215, 216], [0, 1, 2, 3, 4, 5, 6, 7, 8, 9, 10, 11, 12, 13, 14, 15, 16, 17, 18, 19, 20, 21, 22, 23, 24, 25, 26, 27, 28, 29, 30, 31, 32, 33, 34, 35, 36, 37, 38, 39, 40, 41, 42, 43, 44, 45, 46, 47, 48, 49, 50, 51, 52, 53, 54, 55, 56, 57, 58, 59, 60, 61, 62, 63, 64, 65, 66, 67, 68, 69, 70, 71, 72, 73, 74, 75, 76, 77, 78, 79, 80, 81, 82, 83, 84, 85, 86, 87, 88, 89, 90, 91, 92, 93, 94, 95, 96, 97, 98, 99, 100, 101, 102, 103, 104, 105, 106, 107, 108, 109, 110, 111, 112, 113, 114, 115, 116, 117, 118, 119, 120, 121, 122, 123, 124, 125, 126, 127, 128, 129, 130, 131, 132, 133, 134, 135, 136, 137, 138]]
