tree
version=v2
num_class=1
num_tree_per_iteration=1
label_index=0
max_feature_idx=22
objective=binary sigmoid:1
feature_names=n_1 c_table_1.c_1 c_table_1.c_2 n_table_1.n_2 c_table_1.c_3 c_table_1.c_4 n_table_1.n_5 n_table_1.n_6 n_table_1.n_7 n_table_1.n_8 n_table_1.n_9 n_table_1.n_10 n_table_1.n_11 n_table_1.n_12 n_table_1.n_15 n_table_1.n_16 n_table_1.n_17 n_table_1.n_18 n_table_1.n_19 n_table_1.n_20 n_table_1.n_25 n_table_1.n_26 n_table_1.n_27
feature_infos=[1:62.5] 1:0 3:0:5:36:20:4:21:8:11:62:25:56:33:44:1:31:30:153:18:69:2:28:85:135:6:35:40:43:54:61:98:9:38:49:176:55:87:84:26:42:101:155:80:137:149:19:52:39:51:27:47:177:57:58:59:125:34:63:75:94:102:113:13:29:83:103:132:151:14:15:23:66:76:88:90:99:108:114:169:180:93:126:134:171:24:68:78:95:112:117:121:127:138:139:154:158:159:10:16:53:67:97:107:109:111:123:133:166:175:182 [-49.719499999999996:81.200400000000002] 36:0:3:33:28:13:9:1:42:8:178:19:5:66:24:95:72:2:12:17:14:56:58:139:25:31:70:119:90:112:88:81:83:6:21:50:75:100:204:4:43:64:74:79:116:44:48:49:94:123:67:26:97:22:30:32:122:11:29:46:182:102:158:161:167:206:16:39:60:135:143:10:18:34:57:63:120:128:155:68:71:98:147:159:172:175:212:15:35:54:62:82:99:113:134:140:177:196:23:69:76:89:138:162:166:199:205:27:40:51:65:73:115:168:181:188:193:198:41:45:53:59:61:92:96:108:111:121:129:136:157:163:174:180:184:185:189:191:192:194:195:201 34:0:24:2:8:36:10:1:41:52:77:6:13:31:5:28:78:3:12:15:17:20:32:23:30:35:75:58:18:47:100:14:37:27:61:88:4:7:45:48:64:73:82:133:38:56:62:71:106:115:135:9:40:70:83:85:96:108:125:21:29:46:54:113:132:25:39:42:44:72:97:111:119:122:19:68:76:103:110:117:121:123:124:127:131:138 [1:24272.5] [1:46363] [1:3314.5] [1:703902] [1:2481850] [1:70] [1:6121] [1:7070.5] [1:423494] [1:245767] [1:448222] [1:441384] [1:1178200] [1:18856] [1:38.5] [1:121640] [1:151]
tree_sizes=559 762 845 651 771 834 873 931 786 710 866 873 636 778 721 709

Tree=0
num_leaves=6
num_cat=0
split_feature=17 21 22 8 8
split_gain=38.0627 6.11185 5.10281 1.50866 1.1112
threshold=14869.000000000002 1.7500000000000002 1.7500000000000002 6.2500000000000009 60.250000000000007
decision_type=2 2 2 2 2
left_child=1 3 -2 -1 -5
right_child=2 -3 -4 4 -6
leaf_value=-3.1661776981955629 -3.1259639389822351 -3.1197788197140888 -3.0502847403530282 -3.2020572602532527 -3.1655276352890711
leaf_count=1718 257 206 332 351 336
internal_value=0 -0.242415 1.14093 -0.320748 -0.539915
internal_count=3200 2611 589 2405 687
shrinkage=1


Tree=1
num_leaves=8
num_cat=1
split_feature=2 18 10 19 12 0 0
split_gain=32.5874 24.1735 5.0483 4.13787 1.67475 0.330619 0.111635
threshold=0 32750.500000000004 8452.0000000000018 1.7500000000000002 3.2500000000000004 10.750000000000002 1.7500000000000002
decision_type=5 2 2 2 2 2 2
left_child=3 4 -3 5 -2 6 -1
right_child=1 2 -4 -5 -6 -7 -8
leaf_value=-0.010851996306574871 -0.012805617717624772 0.051986121926072125 0.13829539353400702 -0.048558285359507805 0.021975743009184145 -0 -0.027116258309238955
leaf_count=1060 339 294 216 582 217 229 263
internal_value=0 0.635434 1.50146 -0.336639 0 -0.210329 -0.240743
internal_count=3200 1066 510 2134 556 1552 1323
cat_boundaries=0 6
cat_threshold=2148532307 562043992 3145760 36 128 65536
shrinkage=0.0653891


Tree=2
num_leaves=9
num_cat=2
split_feature=18 2 4 8 8 10 0 0
split_gain=27.8439 10.9077 2.2833 2.09775 1.78256 1.63977 0.325232 9.0185e-06
threshold=30745.750000000004 0 1 4.7500000000000009 93.250000000000014 1081.0000000000002 10.750000000000002 1.7500000000000002
decision_type=2 5 5 2 2 2 2 2
left_child=2 -2 -1 6 -3 -5 7 -4
right_child=1 4 3 5 -6 -7 -8 -9
leaf_value=0.0085566415187657754 -0.016769709611990653 0.11796821745655679 -0.010585802209907288 -0.053421923583862239 0.050629957788714319 -0.0067384667891290219 -0 -0.024266723428048309
leaf_count=262 216 235 1126 354 246 218 254 289
internal_value=0 0.831848 -0.246542 -0.283687 0.9755 -0.597441 -0.197293 -0.227315
internal_count=3200 697 2503 2241 481 572 1669 1415
cat_boundaries=0 3 9
cat_threshold=1048658 1091044352 65568 655372 16 0 65536 2048 262144
shrinkage=0.0653891


Tree=3
num_leaves=7
num_cat=0
split_feature=21 16 16 0 0 6
split_gain=24.1143 12.56 2.76275 2.66113 2.69856 3.18472
threshold=94.750000000000014 15788.500000000002 29035.750000000004 16.750000000000004 1.7500000000000002 1.7500000000000002
decision_type=2 2 2 2 2 2
left_child=1 3 -2 4 5 -1
right_child=2 -3 -4 -5 -6 -7
leaf_value=-0.020076775410199203 0.096198512650275153 0.050069335500949323 0.027378074925949944 0.011284872344910567 -0.040912047972886154 0.016267729320022562
leaf_count=1418 190 244 195 212 686 255
internal_value=0 -0.165623 1.04321 -0.289175 -0.342621 -0.203785
internal_count=3200 2815 385 2571 2359 1673
shrinkage=0.0653891


Tree=4
num_leaves=8
num_cat=1
split_feature=2 21 14 19 15 0 0
split_gain=23.0857 15.4527 8.52129 4.14232 2.40966 0.247046 0.0941774
threshold=0 190.00000000000003 243.25000000000003 1.7500000000000002 4598.5000000000009 10.750000000000002 1.7500000000000002
decision_type=5 2 2 2 2 2 2
left_child=3 2 -2 5 -4 6 -1
right_child=1 -3 4 -5 -6 -7 -8
leaf_value=-0.0085880399326242751 -0.028429262031142662 0.10390883462648993 0.010009983965397127 -0.046954015183512755 0.056919009259711557 -0 -0.023733978327008812
leaf_count=1060 282 208 326 570 262 229 263
internal_value=0 0.502674 0.240557 -0.302415 0.557195 -0.17376 -0.200907
internal_count=3200 1078 870 2122 588 1552 1323
cat_boundaries=0 6
cat_threshold=2148532307 562568280 3145760 0 128 65536
shrinkage=0.0653891


Tree=5
num_leaves=9
num_cat=2
split_feature=2 18 19 2 8 0 0 17
split_gain=21.2407 12.8593 5.57267 2.13015 2.07589 0.222355 0.0814332 0.0225685
threshold=0 32750.500000000004 1.7500000000000002 1 83.500000000000014 10.750000000000002 1.7500000000000002 844.00000000000011
decision_type=5 2 2 5 2 2 2 2
left_child=2 3 5 -2 -3 6 -1 -5
right_child=1 4 -4 7 -6 -7 -8 -9
leaf_value=-0.0081096895815889313 -0.015849958802319673 0.091681753622697995 -0.053633870935975589 0.026140477039739103 0.037150741982440581 -0 -0.022831152596223352 0.0040153931364506554
leaf_count=1060 214 201 509 215 289 229 263 220
internal_value=0 0.458233 -0.30644 0 1.0113 -0.165763 -0.191781 0.18767
internal_count=3200 1139 2061 649 490 1552 1323 435
cat_boundaries=0 6 8
cat_threshold=2148532307 562568264 3211296 36 128 65536 2359592 2
shrinkage=0.0653891


Tree=6
num_leaves=10
num_cat=2
split_feature=2 18 8 12 12 2 14 0 0
split_gain=17.5047 11.535 4.38694 3.0145 5.77026 1.71413 1.44379 0.143378 0.100642
threshold=0 32750.500000000004 3.2500000000000004 57.250000000000007 6.2500000000000009 1 555.25000000000011 10.750000000000002 1.7500000000000002
decision_type=5 2 2 2 2 5 2 2 2
left_child=2 5 7 4 -3 -2 -7 8 -1
right_child=1 3 -4 -5 -6 6 -8 -9 -10
leaf_value=-0.0087549580382632001 -0.015512670869419785 0.066003423651022158 -0.053797093577049315 0.093794571857094097 -0 -0 0.031548660688793834 -0 -0.023973513836620306
leaf_count=1115 214 182 409 145 163 226 231 238 277
internal_value=0 0.402891 -0.287702 0.904462 0.535929 -0 0.146509 -0.180139 -0.202334
internal_count=3200 1161 2039 490 345 671 457 1630 1392
cat_boundaries=0 6 8
cat_threshold=2148532307 562568264 3211296 0 128 65536 2359592 2
shrinkage=0.0653891


Tree=7
num_leaves=10
num_cat=1
split_feature=4 19 19 19 12 12 7 0 0
split_gain=15.9395 10.0399 4.05032 3.65792 3.89826 2.22698 0.857924 0.17875 0.0545536
threshold=0 323.50000000000006 1.7500000000000002 900.25000000000011 75.250000000000014 6.2500000000000009 40.750000000000007 10.750000000000002 1.7500000000000002
decision_type=5 2 2 2 2 2 2 2 2
left_child=2 6 7 -3 5 -5 -2 8 -1
right_child=1 3 -4 4 -6 -7 -8 -9 -10
leaf_value=-0.0072165600933694653 -0.021571901037568082 0.087646382384496624 -0.046954594632207788 0.030923224632983082 0.064818537528681566 -0.010106536668554305 0.0020685668255759218 -0 -0.021009743829729147
leaf_count=1061 250 187 490 170 140 183 227 229 263
internal_value=0 0.386 -0.273429 0.758552 0.474725 0.126216 -0.119913 -0.150517 -0.174306
internal_count=3200 1157 2043 680 493 353 477 1553 1324
cat_boundaries=0 7
cat_threshold=2154316577 83957762 3288335428 1048594 0 0 4096
shrinkage=0.0653891


Tree=8
num_leaves=8
num_cat=2
split_feature=4 2 19 10 19 0 0
split_gain=14.129 9.22439 7.10244 4.53698 3.80557 0.160443 0.0442893
threshold=0 1 323.50000000000006 245.50000000000003 1.7500000000000002 10.750000000000002 1.7500000000000002
decision_type=5 5 2 2 2 2 2
left_child=4 -2 -3 -4 5 6 -1
right_child=1 2 3 -5 -6 -7 -8
leaf_value=-0.0068064018627449416 -0.015206706181597569 0 0.011540484850236652 0.080493358809212129 -0.045971109253639349 -0 -0.020174136793457191
leaf_count=1061 364 293 169 331 490 229 263
internal_value=0 0.357365 0.588193 0.983651 -0.262037 -0.143589 -0.166331
internal_count=3200 1157 793 500 2043 1553 1324
cat_boundaries=0 7 12
cat_threshold=2154316577 83957762 3288335428 1048594 0 0 4096 2215641172 558367824 2162688 0 134217728
shrinkage=0.0653891


Tree=9
num_leaves=7
num_cat=1
split_feature=2 21 14 19 3 19
split_gain=12.8024 8.92315 5.79624 3.73638 2.05814 1.51145
threshold=0 190.00000000000003 243.25000000000003 1.7500000000000002 49.172750000000008 1150.0000000000002
decision_type=5 2 2 2 2 2
left_child=3 2 -2 -1 5 -4
right_child=1 -3 4 -5 -6 -7
leaf_value=-0.0089194105703040653 -0.028944795854367888 0.067710878172413821 0.023538828558091068 -0.045346273485210795 0.044994131865809972 -0.0095752725760611963
leaf_count=1552 314 214 219 524 219 158
internal_value=0 0.33402 0.11502 -0.254374 0.358061 0.0849244
internal_count=3200 1124 910 2076 596 377
cat_boundaries=0 6
cat_threshold=2148532307 562564184 2162720 0 128 65536
shrinkage=0.0653891


Tree=10
num_leaves=9
num_cat=2
split_feature=4 10 2 3 3 12 0 0
split_gain=11.4487 7.19415 4.7665 3.56227 3.43466 1.32967 0.142615 0.0705808
threshold=0 16.750000000000004 1 35.615200000000009 2.9757000000000002 75.250000000000014 10.750000000000002 1.7500000000000002
decision_type=5 2 5 2 2 2 2 2
left_child=4 -2 -3 -4 6 -5 7 -1
right_child=1 2 3 5 -6 -7 -8 -9
leaf_value=-0.0060316185804805793 -0.020853164109152056 -0.010556687237516162 0.005116878923582582 0.040711874605958841 -0.044419841695830409 0.090654909637361447 -0 -0.019531524599664098
leaf_count=1064 276 237 141 380 481 123 231 267
internal_value=0 0.310956 0.53829 0.607935 -0.244605 0.936247 -0.133186 -0.154807
internal_count=3200 1157 881 644 2043 503 1562 1331
cat_boundaries=0 7 10
cat_threshold=2154316577 83957762 3288335428 1048594 0 0 4096 2147483664 1627915344 65536
shrinkage=0.0653891


Tree=11
num_leaves=9
num_cat=2
split_feature=4 2 10 3 0 8 0 0
split_gain=10.1605 6.72781 5.43222 3.09659 2.87341 3.21531 0.338243 0.169162
threshold=0 1 16.750000000000004 46.226000000000006 3.2500000000000004 33.250000000000007 10.750000000000002 1.7500000000000002
decision_type=5 5 2 2 2 2 2 2
left_child=3 -2 -3 6 5 -4 7 -1
right_child=1 2 4 -5 -6 -7 -8 -9
leaf_value=-0.0081506681881068285 -0.017266953926872306 -0.0056142543942886303 0.060635601725312495 -0.052737266894799587 0.079557916452466973 0.009433728073976742 0 -0.023979693728813312
leaf_count=1204 314 212 150 289 169 313 251 298
internal_value=0 0.290721 0.456192 -0.232356 0.712836 0.456476 -0.160895 -0.191252
internal_count=3200 1158 844 2042 632 463 1753 1502
cat_boundaries=0 7 12
cat_threshold=2154324769 83957760 3288335428 1048594 0 0 4096 2148532304 554173520 2162688 0 128
shrinkage=0.0653891


Tree=12
num_leaves=7
num_cat=0
split_feature=21 18 3 0 0 15
split_gain=8.58748 5.31569 3.0599 2.94976 2.13202 1.60776
threshold=94.750000000000014 92375.500000000015 48.774150000000013 16.750000000000004 1.7500000000000002 958.00000000000011
decision_type=2 2 2 2 2 2
left_child=1 3 -2 4 5 -1
right_child=2 -3 -4 -5 -6 -7
leaf_value=-0.0042173166010835705 0.052023073913131081 0.027475005542446251 0 0.017880012823789093 -0.036322678340432013 -0.034835778308096782
leaf_count=1473 224 229 161 212 672 229
internal_value=0 -0.125441 0.523439 -0.21893 -0.281655 -0.157493
internal_count=3200 2815 385 2586 2374 1702
shrinkage=0.0653891


Tree=13
num_leaves=8
num_cat=2
split_feature=4 2 19 0 19 19 0
split_gain=8.47235 5.88702 4.60473 5.4129 3.09996 2.13031 0.110605
threshold=0 1 323.50000000000006 3.2500000000000004 1.7500000000000002 1150.0000000000002 10.750000000000002
decision_type=5 5 2 2 2 2 2
left_child=4 -2 -3 5 6 -4 -1
right_child=1 2 3 -5 -6 -7 -8
leaf_value=-0.0082748559932911345 -0.016764505350453509 -0 0.049827555289660194 0.089070281697111925 -0.040911343333148199 0.0070173345439368913 -0
leaf_count=1324 314 310 138 115 489 281 229
internal_value=0 0.258861 0.409565 0.668923 -0.217892 0.373408 -0.107184
internal_count=3200 1158 844 534 2042 419 1553
cat_boundaries=0 7 12
cat_threshold=2154324769 83957760 3288335428 1048594 0 0 4096 2148532304 554173520 2162688 0 128
shrinkage=0.0653891


Tree=14
num_leaves=7
num_cat=1
split_feature=4 0 19 15 19 22
split_gain=7.80284 7.1834 7.08054 1.90691 4.30998 2.86679
threshold=0 16.750000000000004 323.50000000000006 31294.000000000004 856.00000000000011 1.7500000000000002
decision_type=5 2 2 2 2 2
left_child=2 3 -1 4 5 -2
right_child=1 -3 -4 -5 -6 -7
leaf_value=-0.0055403913332838757 -0.015866511249411252 0.043390822772436506 0.061910014683217371 0.0077704916172170058 -0.049096628032527082 0.018106732394674693
leaf_count=246 1770 197 247 196 317 227
internal_value=0 -0.126874 0.410119 -0.226221 -0.278187 -0.150453
internal_count=3200 2707 493 2510 2314 1997
cat_boundaries=0 6
cat_threshold=67113054 393232 17467656 142671872 2048 262144
shrinkage=0.0653891


Tree=15
num_leaves=7
num_cat=1
split_feature=2 19 10 0 14 15
split_gain=8.43264 4.96854 4.82759 4.22193 1.76072 3.03683
threshold=0 1.7500000000000002 16.750000000000004 10.750000000000002 45786.250000000007 958.00000000000011
decision_type=5 2 2 2 2 2
left_child=1 -1 -2 4 5 -4
right_child=2 -3 3 -5 -6 -7
leaf_value=-0.0059808744762442755 -0.016816561725160328 -0.049817259068463925 0.029874691187147619 0.069057360946932003 0.036349857110584256 -0.01032726547773362
leaf_count=1552 296 491 285 132 165 279
internal_value=0 -0.225873 0.24887 0.42439 0.248642 0.0711922
internal_count=3200 2043 1157 861 729 564
cat_boundaries=0 6
cat_threshold=2149318739 562564168 3211296 4 128 65536
shrinkage=0.0653891


end of trees

feature importances:
n_1=27
n_table_1.n_20=16
c_table_1.c_2=13
c_table_1.c_3=7
n_table_1.n_7=7
n_table_1.n_9=6
n_table_1.n_11=6
n_table_1.n_2=5
n_table_1.n_19=5
n_table_1.n_26=5
n_table_1.n_15=4
n_table_1.n_16=4
n_table_1.n_17=2
n_table_1.n_18=2
n_table_1.n_27=2
n_table_1.n_5=1
n_table_1.n_6=1

parameters:
[boosting: gbdt]
[objective: binary]
[metric: auc]
[tree_learner: serial]
[device_type: cpu]
[data: ]
[valid: ]
[num_iterations: 100]
[learning_rate: 0.0653891]
[num_leaves: 55]
[num_threads: 4]
[max_depth: 5]
[min_data_in_leaf: 20]
[min_sum_hessian_in_leaf: 8.02072]
[bagging_fraction: 0.8]
[bagging_freq: 88]
[bagging_seed: 3]
[feature_fraction: 0.9]
[feature_fraction_seed: 2]
[early_stopping_round: 0]
[max_delta_step: 0]
[lambda_l1: 0.823146]
[lambda_l2: 1.40688]
[min_gain_to_split: 0]
[drop_rate: 0.1]
[max_drop: 50]
[skip_drop: 0.5]
[xgboost_dart_mode: 0]
[uniform_drop: 0]
[drop_seed: 4]
[top_rate: 0.2]
[other_rate: 0.1]
[min_data_per_group: 100]
[max_cat_threshold: 32]
[cat_l2: 10]
[cat_smooth: 10]
[max_cat_to_onehot: 4]
[top_k: 20]
[monotone_constraints: ]
[feature_contri: ]
[forcedsplits_filename: ]
[refit_decay_rate: 0.9]
[verbosity: -1]
[max_bin: 255]
[min_data_in_bin: 3]
[bin_construct_sample_cnt: 200000]
[histogram_pool_size: -1]
[data_random_seed: 1]
[output_model: LightGBM_model.txt]
[snapshot_freq: -1]
[input_model: ]
[output_result: LightGBM_predict_result.txt]
[initscore_filename: ]
[valid_data_initscores: ]
[pre_partition: 0]
[enable_bundle: 1]
[max_conflict_rate: 0]
[is_enable_sparse: 1]
[sparse_threshold: 0.8]
[use_missing: 1]
[zero_as_missing: 0]
[two_round: 0]
[save_binary: 0]
[enable_load_from_binary_file: 1]
[header: 0]
[label_column: ]
[weight_column: ]
[group_column: ]
[ignore_column: ]
[categorical_feature: ]
[predict_raw_score: 0]
[predict_leaf_index: 0]
[predict_contrib: 0]
[num_iteration_predict: -1]
[pred_early_stop: 0]
[pred_early_stop_freq: 10]
[pred_early_stop_margin: 10]
[convert_model_language: ]
[convert_model: gbdt_prediction.cpp]
[num_class: 1]
[is_unbalance: 0]
[scale_pos_weight: 1]
[sigmoid: 1]
[boost_from_average: 1]
[reg_sqrt: 0]
[alpha: 0.9]
[fair_c: 1]
[poisson_max_delta_step: 0.7]
[tweedie_variance_power: 1.5]
[max_position: 20]
[label_gain: ]
[metric_freq: 1]
[is_provide_training_metric: 0]
[eval_at: ]
[num_machines: 1]
[local_listen_port: 12400]
[time_out: 120]
[machine_list_filename: ]
[machines: ]
[gpu_platform_id: -1]
[gpu_device_id: -1]
[gpu_use_dp: 0]

end of parameters

pandas_categorical:[[0, 1, 2], [0, 1, 2, 3, 4, 5, 6, 7, 8, 9, 10, 11, 12, 13, 14, 15, 16, 17, 18, 19, 20, 21, 22, 23, 24, 25, 26, 27, 28, 29, 30, 31, 32, 33, 34, 35, 36, 37, 38, 39, 40, 41, 42, 43, 44, 45, 46, 47, 48, 49, 50, 51, 52, 53, 54, 55, 56, 57, 58, 59, 60, 61, 62, 63, 64, 65, 66, 67, 68, 69, 70, 71, 72, 73, 74, 75, 76, 77, 78, 79, 80, 81, 82, 83, 84, 85, 86, 87, 88, 89, 90, 91, 92, 93, 94, 95, 96, 97, 98, 99, 100, 101, 102, 103, 104, 105, 106, 107, 108, 109, 110, 111, 112, 113, 114, 115, 116, 117, 118, 119, 120, 121, 122, 123, 124, 125, 126, 127, 128, 129, 130, 131, 132, 133, 134, 135, 136, 137, 138, 139, 140, 141, 142, 143, 144, 145, 146, 147, 148, 149, 150, 151, 152, 153, 154, 155, 156, 157, 158, 159, 160, 161, 162, 163, 164, 165, 166, 167, 168, 169, 170, 171, 172, 173, 174, 175, 176, 177, 178, 179, 180, 181, 182, 183, 184], [0, 1, 2, 3, 4, 5, 6, 7, 8, 9, 10, 11, 12, 13, 14, 15, 16, 17, 18, 19, 20, 21, 22, 23, 24, 25, 26, 27, 28, 29, 30, 31, 32, 33, 34, 35, 36, 37, 38, 39, 40, 41, 42, 43, 44, 45, 46, 47, 48, 49, 50, 51, 52, 53, 54, 55, 56, 57, 58, 59, 60, 61, 62, 63, 64, 65, 66, 67, 68, 69, 70, 71, 72, 73, 74, 75, 76, 77, 78, 79, 80, 81, 82, 83, 84, 85, 86, 87, 88, 89, 90, 91, 92, 93, 94, 95, 96, 97, 98, 99, 100, 101, 102, 103, 104, 105, 106, 107, 108, 109, 110, 111, 112, 113, 114, 115, 116, 117, 118, 119, 120, 121, 122, 123, 124, 125, 126, 127, 128, 129, 130, 131, 132, 133, 134, 135, 136, 137, 138, 139, 140, 141, 142, 143, 144, 145, 146, 147, 148, 149, 150, 151, 152, 153, 154, 155, 156, 157, 158, 159, 160, 161, 162, 163, 164, 165, 166, 167, 168, 169, 170, 171, 172, 173, 174, 175, 176, 177, 178, 179, 180, 181, 182, 183, 184, 185, 186, 187, 188, 189, 190, 191, 192, 193, 194, 195, 196, 197, 198, 199, 200, 201, 202, 203, 204, 205, 206, 207, 208, 209, 210, 211, 212, 213, 214, 215, 216], [0, 1, 2, 3, 4, 5, 6, 7, 8, 9, 10, 11, 12, 13, 14, 15, 16, 17, 18, 19, 20, 21, 22, 23, 24, 25, 26, 27, 28, 29, 30, 31, 32, 33, 34, 35, 36, 37, 38, 39, 40, 41, 42, 43, 44, 45, 46, 47, 48, 49, 50, 51, 52, 53, 54, 55, 56, 57, 58, 59, 60, 61, 62, 63, 64, 65, 66, 67, 68, 69, 70, 71, 72, 73, 74, 75, 76, 77, 78, 79, 80, 81, 82, 83, 84, 85, 86, 87, 88, 89, 90, 91, 92, 93, 94, 95, 96, 97, 98, 99, 100, 101, 102, 103, 104, 105, 106, 107, 108, 109, 110, 111, 112, 113, 114, 115, 116, 117, 118, 119, 120, 121, 122, 123, 124, 125, 126, 127, 128, 129, 130, 131, 132, 133, 134, 135, 136, 137, 138]]
