tree
version=v2
num_class=1
num_tree_per_iteration=1
label_index=0
max_feature_idx=21
objective=binary sigmoid:1
feature_names=n_1 c_02 c_table_1.c_4 n_table_1.n_8 n_table_1.n_15 n_table_1.n_18 n_table_1.n_19 c_table_2.c_1 n_table_2.n_13 n_table_2.n_14 n_table_1.n_2 n_table_1.n_3 n_table_1.n_7 n_table_1.n_9 n_table_1.n_10 n_table_1.n_12 n_table_1.n_16 n_table_1.n_17 n_table_1.n_20 n_table_1.n_26 c_table_2.c_4 n_table_3.n_3
feature_infos=[1:335.5] 40:3:68:15:50:10:80:6:35:91:9:5:12:20:165:46:2:48:69:34:83:58:62:87:115:73:77:225:252:45:126:132:149:61:66:111:209:102:196:36:37:39:208:29:124:135:203:121:22:42:71:82:99:108:156:194:14:33:49:70:93:110:118:195:296:308:4:26:28:238:261:55:86:90:150:175:177:199:231:250:18:21:67:125:138:23:131:134:141:161:205:220:228:230:244:285:7:17:38:43:59:122:139:142:166:170:179:198:222:256:345:57:227:248:8:98:100:112:130:144:151:178:188:189:190:269:305:323:11:75:92:116:146:164:186:213:214:268:312:349:377:1:44:63:101:123:154:176:206:212:216:232:251:273:275:354:13:54:65:74:79:84:95:114:120:133:145:153:162:173:181:187:192:211:243:262:277:318:324:334:361:366:368:0:31:104:109:148:169:202:204:239:283:293:295:310:322:380:393:399:19:32:53:94:106:127:140:158:167:172:207:229:234:240:246:264:284:289:291:292:297:306:309:338:350:359:374:386:407:52:72:81:103:107:113:117:180:182:233:236:237:247:255:257:266:267:271:274:282:286:288:301:304:315:336:375:400:418:478:498:24:25:27:30:60:78:105:119:136:137:143:147:163:168:171:174:185:191:217:218:221:224:226:235:249:254:260:263:272:279:280:281:300:302:320:332:337:340:347:351:356:376:378:383:387:392:394:397:414:420:424:430:433:438:442:453:457:462:467:476:479:481 4:0:10:12:2:11:7:5:45:51:35:8:18:23:33:40:77:30:37:38:41:57:29:28:16:74:62:49:13:21:48:104:6:69:22:26:39:54:19:27:72:87:95:3:31:55:56:106:15:17:60:61:96:103:92:25:66:67:78:80:81:93:94:109:113:117:122:1:24:44:46:47:53:59:65:83:84:99:112:121:133:14:20:36:63:70:82:97:102:116:136:32:34:42:52:58:64:71:75:85:90:98:107:111:115:124:129:130:131:132 [1:244588] [1:274774] [1:574087] [1:1285890] 1:0 [1:395101] [1:275.5] [-49.8874:81.708399999999997] [1:175] [1:38456.5] [1:1556770] [1:68.5] [1:8524] [1:249100] [1:448222] [1:19936] [1:121640] 20:0:2:33:16:38:10:8:24:31:6:53:18:21:44:48:26:35:55:12:39:40:14:43:61:42:60:17:22:11:29:9:3:4:37:19:41:67:47:46:49:25:71:98:27:69:57:73:1:30:52:100:59:62:63:77:106:45:56:87:92:103:7:15:32:58:80:82:94:34:65:66:68:74:75:79:84:97:107:112:13:51:54:64:70:76:85:91:95:109 [1:509664]
tree_sizes=597 922 869 776 731 776 779 918 669 938 652 915 752 908 864 881 744 842 872 887 786 667 795 832 840 762 668 827 674 923 634 647 777 575

Tree=0
num_leaves=6
num_cat=1
split_feature=6 20 10 3 6
split_gain=33.4477 33.3966 8.05757 5.14234 2.43816
threshold=346413.00000000006 0 35.266050000000007 115.00000000000001 66613.000000000015
decision_type=2 5 2 2 2
left_child=1 2 -1 4 -3
right_child=-2 3 -4 -5 -6
leaf_value=-2.3364803917433727 -1.1661140000683905 -3.2031627809756369 -0.84891791543042561 -2.5570513140406983 -2.8106757024829077
leaf_count=136 132 1957 126 180 269
internal_value=0 -0.144669 0.932286 -0.321141 -0.404945
internal_count=2800 2668 262 2406 2226
cat_boundaries=0 3
cat_threshold=554714136 131082 8
shrinkage=1


Tree=1
num_leaves=10
num_cat=2
split_feature=1 21 8 0 8 7 0 16 12
split_gain=36.2772 4.94761 7.45722 3.60164 3.48621 3.38739 1.99108 1.88014 0.761197
threshold=0 25.000000000000004 107.50000000000001 4.7500000000000009 22.750000000000004 1 7.7500000000000009 33187.000000000007 296.50000000000006
decision_type=5 2 2 2 2 1 2 2 2
left_child=3 6 5 4 -1 -3 8 -4 -2
right_child=1 2 7 -5 -6 -7 -8 -9 -10
leaf_value=1.450484232536428 -0.60853432827938825 0.57994682739709813 -0.51807898377323081 0.28094909333889651 0.41191430213068214 -0.029700496072725843 -0.010228653254426174 -0 -0.17809014466067766
leaf_count=205 1121 136 500 153 86 268 156 61 114
internal_value=0 -0.395278 -0.201466 0.727391 1.28592 0.175244 -0.605997 -0.494219 -0.660551
internal_count=2800 2356 965 444 291 404 1391 561 1235
cat_boundaries=0 10 11
cat_threshold=224 1073815684 74244 1375731712 14680208 0 65548 268435456 32 256 2
shrinkage=0.858002


Tree=2
num_leaves=10
num_cat=3
split_feature=10 4 10 18 16 1 2 4 7
split_gain=16.2249 7.52134 5.0548 3.93687 6.52229 2.60847 2.06405 1.21595 0.628856
threshold=35.765900000000009 147.25000000000003 5.0603900000000008 4249.0000000000009 21175.750000000004 0 1 101587.00000000001 2
decision_type=2 2 2 2 2 5 5 2 1
left_child=1 5 -3 4 6 -1 -2 -5 -7
right_child=3 2 -4 7 -6 8 -8 -9 -10
leaf_value=0.28312272574019648 0.091573889768947356 1.158134904794363 0.11920643376469546 -0.87284265391589755 0.34089179114908785 -0.2141277133706081 -0.39026814989197728 -0.27799234496287822 -0
leaf_count=128 120 114 139 164 108 565 886 56 520
internal_value=0 0.209293 0.783908 -0.44225 -0.299916 0 -0.428995 -0.812263 -0.111161
internal_count=2800 1466 253 1334 1114 1213 1006 220 1085
cat_boundaries=0 3 5 6
cat_threshold=1048648 16640 65536 276893712 196608 2
shrinkage=0.858002


Tree=3
num_leaves=8
num_cat=2
split_feature=1 18 5 16 18 20 12
split_gain=8.26836 4.51408 3.83604 3.78153 1.61039 2.01497 1.52303
threshold=0 70.000000000000014 2916.2500000000005 2122.7500000000005 7.7500000000000009 1 34.750000000000007
decision_type=5 2 2 2 2 5 2
left_child=6 4 -3 -4 5 -2 -1
right_child=1 2 3 -5 -6 -7 -8
leaf_value=0.51716813804882522 -0.19964265549818411 -0.74414956084881068 0.13563878780246913 -0.34297699320319791 0.33812182200133761 0.12071923178852953 0.057797138674423126
leaf_count=283 607 259 266 613 207 409 156
internal_value=0 -0.21392 -0.387534 -0.249384 0.00789581 -0.0722607 0.311003
internal_count=2800 2361 1138 879 1223 1016 439
cat_boundaries=0 7 8
cat_threshold=537952324 1141268624 65536 33554432 128 32 65536 1
shrinkage=0.858002


Tree=4
num_leaves=7
num_cat=3
split_feature=1 2 20 5 18 6
split_gain=5.71582 2.86016 3.16622 3.17779 1.3071 5.26943
threshold=0 1 2 40848.250000000007 921.25000000000011 12508.000000000002
decision_type=5 5 5 2 2 2
left_child=4 -2 -3 -4 5 -1
right_child=1 2 3 -5 -6 -7
leaf_value=-0.46029074625384364 -0.25858858590894956 -0.23504588345026167 0.08485314890800523 0.48070940226412301 -0.62085389304432892 0.35279242322890353
leaf_count=341 122 186 1642 266 158 85
internal_value=0 0.0692578 0.130836 0.196236 -0.344115 -0.244066
internal_count=2800 2216 2094 1908 584 426
cat_boundaries=0 8 11 14
cat_threshold=8426528 1126 143458400 268484616 136 0 133128 268435586 328708 524288 8192 2220886040 276829312 128
shrinkage=0.858002


Tree=5
num_leaves=8
num_cat=2
split_feature=2 1 18 4 0 21 13
split_gain=3.11639 4.00729 3.29127 2.50344 2.16231 2.05115 0.58875
threshold=0 1 3.2500000000000004 25.750000000000004 16.750000000000004 14005.750000000002 148.00000000000003
decision_type=5 5 2 2 2 2 2
left_child=-1 4 5 -4 6 -3 -2
right_child=1 2 3 -5 -6 -7 -8
leaf_value=0.2212727460186317 -0.31413452843086226 0.056159778992497869 -0.5073124702470122 -0.033512624583104875 -0 0.58582879301632795 -0.72968209500343029
leaf_count=209 318 676 250 912 82 194 159
internal_value=0 -0.13548 -0.00344055 -0.144206 -0.382294 0.253421 -0.614154
internal_count=2800 2591 2032 1162 559 870 477
cat_boundaries=0 2 12
cat_threshold=1082136704 204866 8671328 336132 671875632 0 16 0 133140 128 0 1048576
shrinkage=0.858002


Tree=6
num_leaves=7
num_cat=3
split_feature=1 20 15 1 13 13
split_gain=3.12164 2.67594 2.49183 2.94441 1.76766 0.79454
threshold=0 1 783.25000000000011 2 6.2500000000000009 32259.250000000004
decision_type=5 5 2 5 2 2
left_child=4 -2 3 -3 -1 -4
right_child=1 2 5 -5 -6 -7
leaf_value=-0.063931952311809315 -0.24105397460206685 -0.15041017424553496 -0.40654144430793665 0.1992774496125547 -0.68147203479542984 -0
leaf_count=212 261 336 106 1574 241 70
internal_value=0 0.0311236 0.0940971 0.167266 -0.332594 -0.264247
internal_count=2800 2347 2086 1910 453 176
cat_boundaries=0 9 12 22
cat_threshold=9441304 603980946 135004164 536907776 2097152 131072 133136 2 1 2238187528 276862336 8 262656 16420 536871008 1074282496 272638080 1024 12 269484048 32 1048832
shrinkage=0.858002


Tree=7
num_leaves=10
num_cat=3
split_feature=2 18 13 14 1 19 21 21 20
split_gain=2.49158 4.5436 3.37586 2.87241 2.75291 1.78192 1.72112 1.07234 0.822368
threshold=0 701.50000000000011 2990.5000000000005 1.7500000000000002 1 3.2500000000000004 14005.750000000002 941.50000000000011 2
decision_type=5 2 2 2 5 2 2 2 5
left_child=4 2 -2 -3 5 -1 7 -6 -8
right_child=1 3 -4 -5 6 -7 8 -9 -10
leaf_value=-0.0014246873068914161 0.77439983366423315 -0.34357282644935971 0 0.20809480427301519 -0.23078341643672862 0.45872408142908105 -0.13611636184217824 -0.61454576821763229 0.10297215735297
leaf_count=273 168 258 155 135 1153 77 178 194 209
internal_value=0 0.119357 0.543256 -0.105285 -0.147905 0.108454 -0.243728 -0.371411 -0
internal_count=2800 716 323 393 2084 350 1734 1347 387
cat_boundaries=0 4 12 13
cat_threshold=805580037 1107296512 9216 256 516 1074028764 8454676 1073741824 2097152 0 0 128 69
shrinkage=0.858002


Tree=8
num_leaves=6
num_cat=2
split_feature=2 1 4 4 15
split_gain=2.67056 2.55074 1.83137 2.31357 0.249625
threshold=0 1 108301.00000000001 12943.000000000002 135.25000000000003
decision_type=5 5 2 2 2
left_child=4 -2 3 -3 -1
right_child=1 2 -4 -5 -6
leaf_value=-0.54633231501613233 -0.22722309523910902 0.11566953077662548 0.46426675548216445 -0.2020014103310015 -0.15330523826909551
leaf_count=205 486 1572 59 322 156
internal_value=0 0.0171081 0.0856545 0.0451304 -0.320596
internal_count=2800 2439 1953 1894 361
cat_boundaries=0 4 13
cat_threshold=1610886420 33554728 8192 256 1314872 1610622050 135004256 53312 268443648 131072 133120 16514 1
shrinkage=0.858002


Tree=9
num_leaves=10
num_cat=2
split_feature=4 1 10 2 18 18 6 10 8
split_gain=1.63968 3.15118 3.79098 2.52574 3.0471 2.5068 2.499 2.14054 1.00649
threshold=3298.7500000000005 0 39.261900000000004 1 2809.0000000000005 7.7500000000000009 51646.000000000007 47.817850000000007 849.25000000000011
decision_type=2 5 2 5 2 2 2 2 2
left_child=1 5 8 4 6 -1 -2 -5 -3
right_child=3 2 -4 7 -6 -7 -8 -9 -10
leaf_value=-0.013384780927369602 0.069106091945817516 -0.0036112415566307895 -0.58039289817799578 0.024248433555100788 -0.052600965046259759 0.54389425278376069 0.80721383641874067 -0.46139576583310743 -0.33274359066599696
leaf_count=230 183 959 449 239 128 118 120 213 161
internal_value=0 -0.139341 -0.23685 0.0861431 0.251716 0.1535 0.591478 -0.126723 -0.0993258
internal_count=2800 1917 1569 883 431 348 303 452 1120
cat_boundaries=0 8 10
cat_threshold=537935916 16412 336400 0 2097296 32 0 268435456 268439569 524802
shrinkage=0.858002


Tree=10
num_leaves=6
num_cat=1
split_feature=0 0 1 17 10
split_gain=1.60777 3.32427 2.5726 1.73901 0.561512
threshold=18.250000000000004 10.750000000000002 0 20098.750000000004 45.66040000000001
decision_type=2 2 5 2 2
left_child=1 2 4 -4 -1
right_child=-2 -3 3 -5 -6
leaf_value=-0.46984754372287452 0.27158572022140459 -0.4962738931805511 0.13211565961027522 -0.12723177020346421 -0.062581134486711154
leaf_count=326 116 177 1653 355 173
internal_value=0 -0.0879746 -0.0244611 0.0544311 -0.276368
internal_count=2800 2684 2507 2008 499
cat_boundaries=0 9
cat_threshold=9453604 1074070602 143130676 536870920 16 131104 133120 16 1
shrinkage=0.858002


Tree=11
num_leaves=10
num_cat=2
split_feature=2 1 0 12 21 16 3 12 18
split_gain=1.71764 3.16913 3.15814 3.31401 1.23217 1.3289 0.662839 0.483694 0.331468
threshold=0 1 7.7500000000000009 192.25000000000003 25.000000000000004 727.75000000000011 3.2500000000000004 1.7500000000000002 130.75000000000003
decision_type=5 5 2 2 2 2 2 2 2
left_child=1 7 3 6 8 -6 -2 -1 -3
right_child=2 4 -4 -5 5 -7 -8 -9 -10
leaf_value=0.30963560947214241 -0.39021147818860091 -0.18220045262206847 0.60720499030593078 0.32137269568338017 0.032018535275882262 -0.30726845851283002 -0 0 -0.44864567016815576
leaf_count=196 175 745 99 229 493 180 135 135 413
internal_value=0 -0.108254 0.123634 -0 -0.211426 -0.0777794 -0.291744 0.164872 -0.373286
internal_count=2800 2162 638 539 1831 673 310 331 1158
cat_boundaries=0 3 11
cat_threshold=805643669 33555208 8192 1048620 1073741976 545325076 1342177280 2097280 0 0 128
shrinkage=0.858002


Tree=12
num_leaves=8
num_cat=2
split_feature=20 16 18 20 12 19 5
split_gain=1.92156 1.10559 1.47133 1.21663 2.59649 1.15032 0.345053
threshold=0 18433.000000000004 3645.2500000000005 1 3.2500000000000004 3.2500000000000004 9682.7500000000018
decision_type=5 2 2 5 2 2 2
left_child=6 3 -3 5 -5 -2 -1
right_child=1 2 -4 4 -6 -7 -8
leaf_value=-0.38236003440236815 -0.15004437842575172 0.41561502021786778 -0 0.45000514453814405 -0.10786904348227115 0.10465901296938045 -0.044501569577639337
leaf_count=289 1300 107 161 237 217 343 146
internal_value=0 0.0333972 0.245568 -0.00831104 0.150923 -0.0825117 -0.241007
internal_count=2800 2365 268 2097 454 1643 435
cat_boundaries=0 2 5
cat_threshold=90840068 278927810 1048577 536936448 8
shrinkage=0.858002


Tree=13
num_leaves=10
num_cat=1
split_feature=1 0 16 16 10 6 5 15 16
split_gain=1.14535 2.91077 2.00262 4.6201 3.0783 2.8344 1.23447 0.461715 0.128435
threshold=0 1.7500000000000002 8806.0000000000018 527.50000000000011 45.66040000000001 509778.00000000006 1282.0000000000002 12.250000000000002 33187.000000000007
decision_type=5 2 2 2 2 2 2 2 2
left_child=1 7 3 6 -5 8 -2 -1 -4
right_child=2 -3 5 4 -6 -7 -8 -9 -10
leaf_value=0.13491249300163735 -0.042037537688943451 -0.20465001649852033 -0.59554020962586274 -0 0.69298784503518762 0.12506159400827863 -0.38222879165979851 0.54448543614441247 -0.21548119408281957
leaf_count=183 1277 162 184 155 269 48 247 106 169
internal_value=0 0.125699 -0.0769937 0 0.448673 -0.321961 -0.1382 0.414741 -0.52851
internal_count=2800 451 2349 1948 424 401 1524 289 353
cat_boundaries=0 10
cat_threshold=50316 155908 4 0 12582920 0 65536 16512 32 256
shrinkage=0.858002


Tree=14
num_leaves=10
num_cat=0
split_feature=10 21 21 8 10 8 18 18 4
split_gain=0.936807 1.39811 1.63793 1.95527 0.843454 1.05651 0.948967 0.719465 0.635208
threshold=39.261900000000004 43208.500000000007 25.000000000000004 107.50000000000001 45.66040000000001 3.2500000000000004 1342.0000000000002 244.00000000000003 31569.250000000004
decision_type=2 2 2 2 2 2 2 2 2
left_child=1 2 7 -4 -2 8 -7 -1 -6
right_child=4 -3 3 -5 5 6 -8 -9 -10
leaf_value=0.033411818089252018 -0.38723721425731794 -0.23515266028587395 0.4414674587629786 -0 -0.22865267448153181 0.31567088666214682 -0.056072491648136991 -0.22651418965385367 0.0087914261596874991
leaf_count=784 238 150 245 239 557 173 137 165 112
internal_value=0 0.0327722 0.0996852 0.28162 -0.139613 -0.0673971 0.12048 -0.0343462 -0.183926
internal_count=2800 1583 1433 484 1217 979 310 949 669
shrinkage=0.858002


Tree=15
num_leaves=9
num_cat=3
split_feature=20 1 11 1 12 13 4 21
split_gain=1.31828 1.60026 1.12379 1.14044 0.756729 1.67255 0.428749 0.285951
threshold=0 1 34.750000000000007 2 16.750000000000004 47.500000000000007 852.25000000000011 941.50000000000011
decision_type=5 5 2 5 2 2 2 2
left_child=1 6 3 -3 5 7 -1 -2
right_child=4 2 -4 -5 -6 -7 -8 -9
leaf_value=-0.36374025089712125 -0 -0.10014951873014101 0.33229407015538631 0.12305723248271656 -0.31833703184156892 0.26323794974969394 -0 -0.25945643040041755
leaf_count=301 199 262 289 848 376 114 176 235
internal_value=0 0.0462473 0.121822 0.0517589 -0.150262 -0.060678 -0.166865 -0.208938
internal_count=2800 1876 1399 1110 924 548 477 434
cat_boundaries=0 3 12 20
cat_threshold=1327113 544 8 4624 1677730856 786516 1610633216 268443648 132096 2048 18 32 536870912 393476 536879648 524288 0 0 20 268435456
shrinkage=0.858002


Tree=16
num_leaves=7
num_cat=1
split_feature=1 12 19 15 12 15
split_gain=0.821062 1.83718 1.14388 1.37831 0.994545 0.565951
threshold=0 1.7500000000000002 632.50000000000011 190.75000000000003 9.2500000000000018 204.25000000000003
decision_type=5 2 2 2 2 2
left_child=1 -1 3 4 -2 -3
right_child=2 5 -4 -5 -6 -7
leaf_value=0.066791518882985165 -0.039227517833491793 -0.4421846572610203 0.32331700010227876 -0.26829848613047097 0.1612956977500882 -0.031663565075955219
leaf_count=232 1115 232 168 258 706 89
internal_value=0 -0.146174 0.0198301 -0.00719937 0.0406432 -0.384201
internal_count=2800 553 2247 2079 1821 321
cat_boundaries=0 10
cat_threshold=8667204 67175450 8454160 570982464 14689416 524288 133120 16 1 1048576
shrinkage=0.858002


Tree=17
num_leaves=9
num_cat=2
split_feature=2 1 13 3 14 13 4 21
split_gain=0.838127 1.47373 2.28095 1.37023 1.07013 0.901797 0.617054 0.565862
threshold=0 1 360.25000000000006 10.750000000000002 1.7500000000000002 16111.000000000002 26239.750000000004 941.50000000000011
decision_type=5 5 2 2 2 2 2 2
left_child=1 -1 7 -4 5 -2 -6 -3
right_child=4 2 3 -5 6 -7 -8 -9
leaf_value=-0.16607334516417396 -0.40509423719528265 0.060304344089314676 0.49204263459983444 0 0.20160440750272429 -0 -0.12249596467199915 -0.1216441960109695
leaf_count=368 328 899 233 130 136 180 107 419
internal_value=0 0.0338386 0.0952695 0.385376 -0.131124 -0.318989 0.0036084 -0
internal_count=2800 2049 1681 363 751 508 243 1318
cat_boundaries=0 4 12
cat_threshold=1350635553 1073946722 0 256 5200 604111928 545267776 573448 268435456 1056 2064 2
shrinkage=0.858002


Tree=18
num_leaves=10
num_cat=0
split_feature=13 10 3 16 18 14 21 19 21
split_gain=0.62914 0.974123 1.03261 0.667171 1.02482 0.504097 0.447406 0.314206 0.137191
threshold=184.75000000000003 39.261900000000004 39.250000000000007 1.7500000000000002 834.25000000000011 1.7500000000000002 19354.750000000004 4.7500000000000009 472.00000000000006
decision_type=2 2 2 2 2 2 2 2 2
left_child=3 5 7 6 -5 -2 8 -3 -1
right_child=1 2 -4 4 -6 -7 -8 -9 -10
leaf_value=-0.021159726538595252 0.19221080233816643 -0.11607349902990255 0 0.35433004307040666 -0.016613934930937796 -0.058002989703217628 0.12435390655035929 -0.43558050150019312 -0.17763386259487621
leaf_count=887 175 287 275 180 143 122 217 308 206
internal_value=0 -0.112343 -0.210982 0.0290269 0.203564 0.0499479 -0.0198333 -0.343747 -0.0774052
internal_count=2800 1167 870 1633 323 297 1310 595 1093
shrinkage=0.858002


Tree=19
num_leaves=10
num_cat=1
split_feature=17 17 18 11 15 21 20 0 21
split_gain=0.646809 1.82522 1.00707 0.96536 0.581982 1.28318 0.390349 1.01616 0.935277
threshold=1.7500000000000002 8308.7500000000018 18.250000000000004 33.250000000000007 772.00000000000011 562.00000000000011 0 4.7500000000000009 14005.750000000002
decision_type=2 2 2 2 2 2 5 2 2
left_child=2 3 6 -2 5 -3 7 -1 -8
right_child=1 4 -4 -5 -6 -7 8 -9 -10
leaf_value=0 -0.37548347966663154 0.27118927280905475 0.30276460119431647 -0.018109031292988177 -0.08985495158890941 -0.11567103659970063 -0.019358969797018795 -0.33931821802257967 0.32017653549473818
leaf_count=644 413 307 212 253 204 141 268 210 148
internal_value=0 -0.0953131 0.0495739 -0.277372 0.0496744 0.149771 -0 -0.0755561 0.075805
internal_count=2800 1318 1482 666 652 448 1270 854 416
cat_boundaries=0 2
cat_threshold=16843841 2
shrinkage=0.858002


Tree=20
num_leaves=8
num_cat=1
split_feature=1 0 15 12 16 16 18
split_gain=0.953447 1.42554 1.10767 1.55701 0.769624 3.06655 1.04954
threshold=0 6.2500000000000009 55.000000000000007 1.7500000000000002 18608.500000000004 1922.5000000000002 3729.2500000000005
decision_type=5 2 2 2 2 2 2
left_child=2 4 3 -1 5 -2 -6
right_child=1 -3 -4 -5 6 -7 -8
leaf_value=0.19182391335565521 -0.05964897013980601 0.19193188974327144 0.34973328042380042 -0.21885317707342861 0.24246240242789538 -0.57120552346812858 -0.1656082337024925
leaf_count=227 1366 324 109 167 102 358 147
internal_value=0 -0.0820077 0.0941607 0 -0.145998 -0.200098 0.0203738
internal_count=2800 2297 503 394 1973 1724 249
cat_boundaries=0 10
cat_threshold=34368 67502356 73856 1342177280 0 0 65544 0 0 256
shrinkage=0.858002


Tree=21
num_leaves=6
num_cat=1
split_feature=12 1 10 10 12
split_gain=0.768368 0.701779 2.24573 0.80219 0.86252
threshold=364.00000000000006 0 48.859400000000001 52.466450000000002 48.250000000000007
decision_type=2 5 2 2 2
left_child=1 2 -1 4 -3
right_child=-2 3 -4 -5 -6
leaf_value=-0.35722904695155483 0.21813004966332103 0.10145841403560828 0.16256727646930538 -0.17146828378755899 -0.12139099260911188
leaf_count=417 195 1288 132 397 371
internal_value=0 -0.0451398 -0.161049 0.00338224 0.0554784
internal_count=2800 2605 549 2056 1659
cat_boundaries=0 9
cat_threshold=537165824 1141048650 545784352 524360 4202504 524288 131080 268435586 1
shrinkage=0.858002


Tree=22
num_leaves=8
num_cat=2
split_feature=1 10 10 5 7 11 10
split_gain=0.681601 1.52547 0.830155 0.720914 0.989577 0.932377 0.587957
threshold=0 48.842800000000004 55.954950000000004 36334.750000000007 1 27.250000000000004 5.0603900000000008
decision_type=5 2 2 2 1 2 2
left_child=1 6 3 4 -2 -5 -1
right_child=2 -3 -4 5 -6 -7 -8
leaf_value=0.074621628185271446 0.028051719130218377 0.37264952817217029 -0.2962504785648587 0.30260260771833369 -0.18999775980968159 -0.034269150361267958 -0.1904796375051232
leaf_count=213 872 113 349 143 784 192 134
internal_value=0 0.0887012 -0.0618488 -0.0226052 -0.0879292 0.131984 -0.00332752
internal_count=2800 460 2340 1991 1656 335 347
cat_boundaries=0 10 11
cat_threshold=536920676 8460 536936448 524288 8388608 0 65544 0 0 256 2
shrinkage=0.858002


Tree=23
num_leaves=9
num_cat=1
split_feature=18 4 20 19 6 4 4 21
split_gain=0.524464 2.23275 0.724997 1.25977 0.626882 0.470257 0.387717 0.347385
threshold=273.25000000000006 250.75000000000003 0 87.250000000000014 3.2500000000000004 12284.500000000002 31756.000000000004 42622.000000000007
decision_type=2 2 5 2 2 2 2 2
left_child=1 4 -2 5 7 -4 -5 -1
right_child=2 -3 3 6 -6 -7 -8 -9
leaf_value=0.055299248743325938 0.086029812205828546 0.39775793165694656 -0.44617548151778308 0.12287933988013368 -0.21364249425366941 -0.087513956326499942 -0.099965285405989673 -0.1341581289639244
leaf_count=1026 101 235 385 213 308 210 204 118
internal_value=0 0.047603 -0.0884101 -0.133794 -0.0263681 -0.339918 0 0.0140545
internal_count=2800 1687 1113 1012 1452 595 417 1144
cat_boundaries=0 2
cat_threshold=2165376000 2
shrinkage=0.858002


Tree=24
num_leaves=8
num_cat=3
split_feature=1 2 0 10 1 0 11
split_gain=0.534221 1.2699 1.20597 0.494034 0.474399 1.07484 0.395224
threshold=0 1 4.7500000000000009 37.957750000000011 2 3.2500000000000004 1.7500000000000002
decision_type=5 5 2 2 5 2 2
left_child=2 -2 3 -1 6 -6 -3
right_child=1 4 -4 -5 5 -7 -8
leaf_value=0.32516885649894761 0.15801324443356671 -0.10963161993564267 -0.13971738924578864 0 -0.087314777061223259 0.20842776738112387 -0.41748769004095049
leaf_count=154 175 398 157 119 1272 328 197
internal_value=0 -0.0513676 0.0872171 0.255441 -0.10241 -0.0159817 -0.202971
internal_count=2800 2370 430 273 2195 1600 595
cat_boundaries=0 9 13 23
cat_threshold=536904204 67109252 8388612 34078720 144 0 65544 0 32 8458288 8192 0 256 8410208 335938 135070416 536903680 2097152 0 133120 268435584 1 1048576
shrinkage=0.858002


Tree=25
num_leaves=7
num_cat=2
split_feature=1 10 15 10 1 6
split_gain=0.481964 0.839214 0.578462 1.71325 1.2126 0.593851
threshold=0 35.655800000000006 303.25000000000006 52.074300000000001 1 253571.50000000003
decision_type=5 2 2 2 5 2
left_child=1 -1 3 4 -2 -4
right_child=2 -3 5 -5 -6 -7
leaf_value=-0.31279525651072182 -0.15559357592746301 0.0094107823991757839 -0.27646547382027781 0.34828264667367725 0.068165037458575481 0.0061791912194990306
leaf_count=278 220 271 197 344 1370 120
internal_value=0 -0.115904 0.0320409 0.0746384 0.000227565 -0.127813
internal_count=2800 549 2251 1934 1590 317
cat_boundaries=0 8 16
cat_threshold=24 1073743066 671883332 536924232 4202496 32 196624 16530 536887360 67567620 66048 0 16 0 4 268435456
shrinkage=0.858002


Tree=26
num_leaves=7
num_cat=1
split_feature=0 20 0 4 17 16
split_gain=0.346479 0.607979 1.21723 0.925927 0.836588 1.02903
threshold=18.250000000000004 0 3.2500000000000004 3298.7500000000005 39841.000000000007 2565.2500000000005
decision_type=2 5 2 2 2 2
left_child=1 4 3 -3 5 -1
right_child=-2 2 -4 -5 -6 -7
leaf_value=0.031944135628802363 0.13562408144401264 -0.37137115765730672 0.10732682596495061 -0 0.22280968599354647 -0.23071023765266704
leaf_count=1400 116 362 161 222 184 355
internal_value=0 -0.0325878 -0.13121 -0.293319 0.0167976 -0.0204844
internal_count=2800 2684 745 584 1939 1755
cat_boundaries=0 2
cat_threshold=17055821 199722
shrinkage=0.858002


Tree=27
num_leaves=9
num_cat=1
split_feature=20 11 0 19 14 13 0 16
split_gain=0.354214 0.859638 0.843534 1.54684 0.747763 0.557869 0.336378 0.998301
threshold=0 34.750000000000007 1.7500000000000002 3.2500000000000004 3.2500000000000004 1417.7500000000002 3.2500000000000004 28.750000000000004
decision_type=5 2 2 2 2 2 2 2
left_child=2 6 4 -4 5 -1 7 -2
right_child=1 -3 3 -5 -6 -7 -8 -9
leaf_value=-0 -0.074012607361589253 -0.16112212682694582 -0.38820252503072417 0.046901248886726678 -0.21966836018697425 0.19691529893172707 0.2674384345072473 0.27447671501903459
leaf_count=929 302 148 432 167 132 350 169 171
internal_value=0 0.062215 -0.0449308 -0.224827 0.00772113 0.0694384 0.157435 0.0474027
internal_count=2800 790 2010 599 1411 1279 642 473
cat_boundaries=0 3
cat_threshold=88808449 276828424 8
shrinkage=0.858002


Tree=28
num_leaves=7
num_cat=1
split_feature=17 20 10 5 21 8
split_gain=0.623994 0.716258 0.466528 0.704332 0.390813 0.305642
threshold=23452.000000000004 0 35.13580000000001 171.25000000000003 469.00000000000006 1.7500000000000002
decision_type=2 5 2 2 2 2
left_child=1 -1 4 -4 -3 -2
right_child=5 2 3 -5 -6 -7
leaf_value=-0.11271637943148607 -0.23611011996299319 0.031329392504814327 -0.2319678380482752 0.052214808204067105 0.22405332981959314 -0
leaf_count=314 224 775 263 689 381 154
internal_value=0 0.0212975 0.0639331 -0.00634803 0.13742 -0.168893
internal_count=2800 2422 2108 952 1156 378
cat_boundaries=0 3
cat_threshold=89200640 278991040 8
shrinkage=0.858002


Tree=29
num_leaves=10
num_cat=1
split_feature=1 10 6 0 6 6 18 21 21
split_gain=0.557076 0.510314 0.863076 0.490785 0.454469 1.18556 0.687736 0.36356 0.273774
threshold=0 34.998900000000006 24586.750000000004 3.2500000000000004 3.2500000000000004 36515.500000000007 2056.0000000000005 992.50000000000011 25.000000000000004
decision_type=5 2 2 2 2 2 2 2 2
left_child=1 3 -3 -1 7 8 -7 -2 -6
right_child=4 2 -4 -5 5 6 -8 -9 -10
leaf_value=-0.14350014299691113 0.099168748448069194 0.33609883184722272 -0 0.10546919876335994 -0.43895302595132951 0.16590426770027736 -0.12098788019734624 -0.084005403253759575 -0.085819030012426065
leaf_count=179 587 178 164 160 361 278 329 327 237
internal_value=0 0.060098 0.183039 -0.0166999 -0.0718319 -0.151946 -0 0 -0.351828
internal_count=2800 681 342 339 2119 1205 607 914 598
cat_boundaries=0 9
cat_threshold=1099364 459036 74372 301989888 4194320 0 8 268435456 32
shrinkage=0.858002


Tree=30
num_leaves=6
num_cat=1
split_feature=12 1 4 3 13
split_gain=0.328532 0.662373 0.791292 0.788826 0.350439
threshold=364.00000000000006 0 4204.7500000000009 15.250000000000002 4927.0000000000009
decision_type=2 5 2 2 2
left_child=1 2 -1 4 -3
right_child=-2 3 -4 -5 -6
leaf_value=-0 0.14236844020676886 -0.058748074218503296 0.30282447428397807 -0.27335627274573299 0.10540284352633912
leaf_count=328 195 1595 113 340 229
internal_value=0 -0.0346467 0.0852365 -0.078105 -0.0327463
internal_count=2800 2605 441 2164 1824
cat_boundaries=0 10
cat_threshold=1066060 327836 8324 301989888 4194320 0 0 0 0 1048576
shrinkage=0.858002


Tree=31
num_leaves=6
num_cat=1
split_feature=0 1 21 10 3
split_gain=0.511631 0.694173 0.92852 0.860624 0.621856
threshold=13.750000000000002 0 44447.500000000007 35.254650000000005 150.25000000000003
decision_type=2 5 2 2 2
left_child=1 3 4 -1 -3
right_child=-2 2 -4 -5 -6
leaf_value=0 -0.15490945543098855 0.064292437127513563 -0.15175099856380533 -0.32228014744312011 0.3393976679004056
leaf_count=269 197 1688 215 296 135
internal_value=0 0.0239409 0.0699474 -0.106414 0.127847
internal_count=2800 2603 2038 565 1823
cat_boundaries=0 10
cat_threshold=8393892 263416 532496 805830656 2105472 1056 133120 268435600 1 1048576
shrinkage=0.858002


Tree=32
num_leaves=8
num_cat=2
split_feature=4 1 8 11 2 10 12
split_gain=0.419008 1.69353 0.978747 0.678371 0.429531 0.357014 0.22571
threshold=12943.000000000002 0 107.50000000000001 39.250000000000007 1 47.394950000000001 244.00000000000003
decision_type=2 5 2 2 5 2 2
left_child=1 -1 4 5 -2 -3 -6
right_child=2 3 -4 -5 6 -7 -8
leaf_value=-0.17969266602538764 0.10073787648071686 0.087640429843181017 -0.3363036564200349 0.34381750843631814 -0.21580752302948775 -0.07453939982803566 -0
leaf_count=469 142 1286 168 162 153 310 110
internal_value=0 0.0295189 -0.108596 0.100734 0 0.0637844 -0.0825065
internal_count=2800 2227 573 1758 405 1596 263
cat_boundaries=0 8 9
cat_threshold=536876112 1677787300 671612964 1074298944 272629760 132096 133140 2 4097
shrinkage=0.858002


Tree=33
num_leaves=5
num_cat=1
split_feature=1 8 13 18
split_gain=24.6711 3.68755 5.03288 4.06496
threshold=0 2140.7500000000005 21978.250000000004 514.00000000000011
decision_type=5 2 2 2
left_child=-1 2 3 -2
right_child=1 -3 -4 -5
leaf_value=0.7807159966011008 -0.24572535465216516 0.31701765602477 -0.70349978448401673 0.19259993695771624
leaf_count=388 1363 236 297 516
internal_value=0 -0.173411 -0.258869 -0.142092
internal_count=2800 2412 2176 1879
cat_boundaries=0 10
cat_threshold=2131520 1149255808 545259520 16392 0 131072 128 335544322 0 256
shrinkage=0.858002


end of trees

feature importances:
c_02=29
n_table_1.n_2=22
n_table_1.n_20=18
n_table_3.n_3=18
n_1=17
n_table_1.n_15=15
n_table_1.n_7=13
n_table_1.n_16=13
c_table_2.c_4=13
n_table_1.n_9=11
c_table_1.c_4=10
n_table_1.n_19=10
n_table_2.n_13=8
n_table_1.n_12=8
n_table_1.n_8=6
n_table_1.n_18=6
n_table_1.n_3=6
n_table_1.n_26=6
n_table_1.n_17=5
n_table_1.n_10=4
c_table_2.c_1=3

parameters:
[boosting: gbdt]
[objective: binary]
[metric: auc]
[tree_learner: serial]
[device_type: cpu]
[data: ]
[valid: ]
[num_iterations: 100]
[learning_rate: 0.858002]
[num_leaves: 10]
[num_threads: 4]
[max_depth: 4]
[min_data_in_leaf: 20]
[min_sum_hessian_in_leaf: 6.68152]
[bagging_fraction: 0.7]
[bagging_freq: 33]
[bagging_seed: 3]
[feature_fraction: 0.9]
[feature_fraction_seed: 2]
[early_stopping_round: 0]
[max_delta_step: 0]
[lambda_l1: 0.566892]
[lambda_l2: 1.25145]
[min_gain_to_split: 0]
[drop_rate: 0.1]
[max_drop: 50]
[skip_drop: 0.5]
[xgboost_dart_mode: 0]
[uniform_drop: 0]
[drop_seed: 4]
[top_rate: 0.2]
[other_rate: 0.1]
[min_data_per_group: 100]
[max_cat_threshold: 32]
[cat_l2: 10]
[cat_smooth: 10]
[max_cat_to_onehot: 4]
[top_k: 20]
[monotone_constraints: ]
[feature_contri: ]
[forcedsplits_filename: ]
[refit_decay_rate: 0.9]
[verbosity: -1]
[max_bin: 255]
[min_data_in_bin: 3]
[bin_construct_sample_cnt: 200000]
[histogram_pool_size: -1]
[data_random_seed: 1]
[output_model: LightGBM_model.txt]
[snapshot_freq: -1]
[input_model: ]
[output_result: LightGBM_predict_result.txt]
[initscore_filename: ]
[valid_data_initscores: ]
[pre_partition: 0]
[enable_bundle: 1]
[max_conflict_rate: 0]
[is_enable_sparse: 1]
[sparse_threshold: 0.8]
[use_missing: 1]
[zero_as_missing: 0]
[two_round: 0]
[save_binary: 0]
[enable_load_from_binary_file: 1]
[header: 0]
[label_column: ]
[weight_column: ]
[group_column: ]
[ignore_column: ]
[categorical_feature: ]
[predict_raw_score: 0]
[predict_leaf_index: 0]
[predict_contrib: 0]
[num_iteration_predict: -1]
[pred_early_stop: 0]
[pred_early_stop_freq: 10]
[pred_early_stop_margin: 10]
[convert_model_language: ]
[convert_model: gbdt_prediction.cpp]
[num_class: 1]
[is_unbalance: 0]
[scale_pos_weight: 1]
[sigmoid: 1]
[boost_from_average: 1]
[reg_sqrt: 0]
[alpha: 0.9]
[fair_c: 1]
[poisson_max_delta_step: 0.7]
[tweedie_variance_power: 1.5]
[max_position: 20]
[label_gain: ]
[metric_freq: 1]
[is_provide_training_metric: 0]
[eval_at: ]
[num_machines: 1]
[local_listen_port: 12400]
[time_out: 120]
[machine_list_filename: ]
[machines: ]
[gpu_platform_id: -1]
[gpu_device_id: -1]
[gpu_use_dp: 0]

end of parameters

pandas_categorical:[[0, 1, 2, 3, 4, 5, 6, 7, 8, 9, 10, 11, 12, 13, 14, 15, 16, 17, 18, 19, 20, 21, 22, 23, 24, 25, 26, 27, 28, 29, 30, 31, 32, 33, 34, 35, 36, 37, 38, 39, 40, 41, 42, 43, 44, 45, 46, 47, 48, 49, 50, 51, 52, 53, 54, 55, 56, 57, 58, 59, 60, 61, 62, 63, 64, 65, 66, 67, 68, 69, 70, 71, 72, 73, 74, 75, 76, 77, 78, 79, 80, 81, 82, 83, 84, 85, 86, 87, 88, 89, 90, 91, 92, 93, 94, 95, 96, 97, 98, 99, 100, 101, 102, 103, 104, 105, 106, 107, 108, 109, 110, 111, 112, 113, 114, 115, 116, 117, 118, 119, 120, 121, 122, 123, 124, 125, 126, 127, 128, 129, 130, 131, 132, 133, 134, 135, 136, 137, 138, 139, 140, 141, 142, 143, 144, 145, 146, 147, 148, 149, 150, 151, 152, 153, 154, 155, 156, 157, 158, 159, 160, 161, 162, 163, 164, 165, 166, 167, 168, 169, 170, 171, 172, 173, 174, 175, 176, 177, 178, 179, 180, 181, 182, 183, 184, 185, 186, 187, 188, 189, 190, 191, 192, 193, 194, 195, 196, 197, 198, 199, 200, 201, 202, 203, 204, 205, 206, 207, 208, 209, 210, 211, 212, 213, 214, 215, 216, 217, 218, 219, 220, 221, 222, 223, 224, 225, 226, 227, 228, 229, 230, 231, 232, 233, 234, 235, 236, 237, 238, 239, 240, 241, 242, 243, 244, 245, 246, 247, 248, 249, 250, 251, 252, 253, 254, 255, 256, 257, 258, 259, 260, 261, 262, 263, 264, 265, 266, 267, 268, 269, 270, 271, 272, 273, 274, 275, 276, 277, 278, 279, 280, 281, 282, 283, 284, 285, 286, 287, 288, 289, 290, 291, 292, 293, 294, 295, 296, 297, 298, 299, 300, 301, 302, 303, 304, 305, 306, 307, 308, 309, 310, 311, 312, 313, 314, 315, 316, 317, 318, 319, 320, 321, 322, 323, 324, 325, 326, 327, 328, 329, 330, 331, 332, 333, 334, 335, 336, 337, 338, 339, 340, 341, 342, 343, 344, 345, 346, 347, 348, 349, 350, 351, 352, 353, 354, 355, 356, 357, 358, 359, 360, 361, 362, 363, 364, 365, 366, 367, 368, 369, 370, 371, 372, 373, 374, 375, 376, 377, 378, 379, 380, 381, 382, 383, 384, 385, 386, 387, 388, 389, 390, 391, 392, 393, 394, 395, 396, 397, 398, 399, 400, 401, 402, 403, 404, 405, 406, 407, 408, 409, 410, 411, 412, 413, 414, 415, 416, 417, 418, 419, 420, 421, 422, 423, 424, 425, 426, 427, 428, 429, 430, 431, 432, 433, 434, 435, 436, 437, 438, 439, 440, 441, 442, 443, 444, 445, 446, 447, 448, 449, 450, 451, 452, 453, 454, 455, 456, 457, 458, 459, 460, 461, 462, 463, 464, 465, 466, 467, 468, 469, 470, 471, 472, 473, 474, 475, 476, 477, 478, 479, 480, 481, 482, 483, 484, 485, 486, 487, 488, 489, 490, 491, 492, 493, 494, 495, 496, 497, 498, 499, 500, 501, 502, 503, 504, 505, 506, 507, 508, 509, 510, 511, 512, 513, 514, 515, 516, 517, 518, 519, 520, 521, 522, 523, 524, 525, 526, 527, 528, 529, 530, 531, 532, 533, 534, 535, 536, 537, 538, 539, 540, 541, 542, 543, 544, 545, 546, 547, 548, 549, 550, 551, 552, 553, 554, 555, 556, 557, 558], [0, 1, 2, 3, 4, 5, 6, 7, 8, 9, 10, 11, 12, 13, 14, 15, 16, 17, 18, 19, 20, 21, 22, 23, 24, 25, 26, 27, 28, 29, 30, 31, 32, 33, 34, 35, 36, 37, 38, 39, 40, 41, 42, 43, 44, 45, 46, 47, 48, 49, 50, 51, 52, 53, 54, 55, 56, 57, 58, 59, 60, 61, 62, 63, 64, 65, 66, 67, 68, 69, 70, 71, 72, 73, 74, 75, 76, 77, 78, 79, 80, 81, 82, 83, 84, 85, 86, 87, 88, 89, 90, 91, 92, 93, 94, 95, 96, 97, 98, 99, 100, 101, 102, 103, 104, 105, 106, 107, 108, 109, 110, 111, 112, 113, 114, 115, 116, 117, 118, 119, 120, 121, 122, 123, 124, 125, 126, 127, 128, 129, 130, 131, 132, 133, 134, 135, 136, 137, 138, 139, 140, 141, 142, 143, 144, 145, 146, 147, 148, 149, 150, 151], [0, 1], [0, 1, 2, 3, 4, 5, 6, 7, 8, 9, 10, 11, 12, 13, 14, 15, 16, 17, 18, 19, 20, 21, 22, 23, 24, 25, 26, 27, 28, 29, 30, 31, 32, 33, 34, 35, 36, 37, 38, 39, 40, 41, 42, 43, 44, 45, 46, 47, 48, 49, 50, 51, 52, 53, 54, 55, 56, 57, 58, 59, 60, 61, 62, 63, 64, 65, 66, 67, 68, 69, 70, 71, 72, 73, 74, 75, 76, 77, 78, 79, 80, 81, 82, 83, 84, 85, 86, 87, 88, 89, 90, 91, 92, 93, 94, 95, 96, 97, 98, 99, 100, 101, 102, 103, 104, 105, 106, 107, 108, 109, 110, 111, 112, 113, 114, 115, 116, 117, 118, 119, 120, 121, 122, 123, 124, 125, 126, 127, 128, 129, 130, 131, 132, 133]]
