tree
version=v2
num_class=1
num_tree_per_iteration=1
label_index=0
max_feature_idx=36
objective=binary sigmoid:1
feature_names=n_1 c_table_1.c_1 c_table_1.c_2 n_table_1.n_1 n_table_1.n_2 c_table_1.c_5 n_table_1.n_3 c_table_1.c_6 n_table_1.n_5 n_table_1.n_6 n_table_1.n_7 n_table_1.n_9 n_table_1.n_10 n_table_1.n_11 n_table_1.n_12 n_table_1.n_15 n_table_1.n_16 n_table_1.n_17 n_table_1.n_18 n_table_1.n_19 n_table_1.n_20 n_table_1.n_26 n_table_1.n_27 c_table_2.c_1 c_table_2.c_2 n_table_2.n_2 n_table_2.n_6 n_table_3.n_2 n_table_3.n_3 n_table_3.n_5 c_02 c_table_1.c_3 n_table_1.n_8 n_table_1.n_25 c_table_2.c_5 n_table_2.n_9 n_table_2.n_13
feature_infos=[1:62.5] 1:0 2:0:6:10:16:17:29:9:7:24:13:37:14:15:12:11:18:45:33:19:56:63:60:26:73:38:3:55:54:64:4:70:83:20:22:34:30:21:36:39:58:65:68:74:35:47:71:57:114:1:32:44:59:134:31:53:78:139:8:48:81:85:94:111:119:27:28:42:69:82:90:92:104:105:106:115:128:144:23:46:49:50:52:75:79:80:98:103:116:122:25:40:43:72:86:93:96:97:99:107:112:118:127:129:133:146:152:164 [-183.91200000000001:227.50999999999999] [-49.719499999999996:78.390000000000001] 3:0:5:13:14:7:1:9:11:19:8:24:4:17:30:22:12:2:15:10:20:23:41:21:34:37:6:27:33:39:40:45:18:32:35:36:49 [1:175] 1:0:2:3:4:7:8:9:13:5:6:10:11:12 [1:24272.5] [1:46363] [1:2995] [1:2481850] [1:70] [1:6121] [1:7070.5] [1:423494] [1:313693] [1:372140] [1:441384] [1:1178200] [1:18856] [1:121640] [1:151] 1:0 1:3:5:15:8:16:19:30:37:0:13:6:9:2:14:46:21:27:18:32:23:33:61:4:11:52:24:10:43:28:22:34:35:45:20:36:7:42:56:40:53:54:63:75:12:17:26:41:51:71:48:49:25:31:39:50:64:78:47:57:59:60:65:67:76:89 [-55.711999999999996:81.846299999999999] [1:3170.5] [1:1061.5] [1:540979] [1:435418] 2:1:13:49:27:74:9:45:20:19:0:41:72:44:33:113:127:130:54:56:15:51:104:31:34:83:53:35:92:65:3:23:39:42:48:79:132:82:99:96:142:14:36:105:114:167:43:57:148:153:158:161:52:58:77:152:183:5:7:32:140:141:24:46:97:69:8:16:60:109:157:55:124:137:154:59:91:115:191:194:67:81:100:120:4:66:84:85:87:89:171:203:10:22:25:50:86:94:133:184:189:276:11:26:40:76:78:103:232:240:38:88:108:111:121:122:165:197:218:28:63:107:128:150:156:159:170:201:225:235:253:18:112:123:164:169:182:196:207:30:64:106:134:139:143:147:173:211:224:231:234:17:29:80:131:145:168:178:206:228:250:275:37:47:62:68:73:101:117:126:149:202:208:209:216:222:237:239:251:265:267:61:75:98:125:129:135:138:144:160:162:163:175:176:180:181:192:193:198:205:212:220:245:247:255:268:277:297:299:303:317 6:0:24:20:37:8:65:100:17:44:16:83:31:77:14:76:95:21:73:42:34:101:85:2:13:25:39:18:43:52:60:62:71:59:69:4:40:55:123:130:26:28:15:19:96:23:38:61:90:11:49:63:66:67:72:82:111:139:64:74:121:33:36:3:102:145:9:12:51:53:88:92:7:47:118:140:29:30:32:35:56:106:113:117:141:152:27:48:79:91:99:105:114:122:132:134:138:149:167:41:54:70:86:107:116:120:124:125:129:131:133:142:144:147:157:162:163:170:1:5:45:46:50:57:68:80:84:89:94:97:103:115:135:137:143:159:161:168:176 [1:517224] [1:38.5] 1:0:6:7:9:10:15:11:4:14:12:2:13:5:16:22:3:8:18:17:20:23:19:28 [1:91] [1:273895]
tree_sizes=1755 2091 2023 2122 2173

Tree=0
num_leaves=21
num_cat=2
split_feature=30 20 18 22 18 3 26 30 9 9 0 0 27 20 13 3 3 0 3 27
split_gain=58.809 23.1469 16.0909 6.47465 4.74907 3.33292 2.96065 2.52439 2.47869 2.40588 2.38281 1.4289 1.32403 1.45466 1.12444 1.11459 1.10304 0.258237 1.30901 0.102301
threshold=0 379.75000000000006 15357.250000000002 67.750000000000014 31908.250000000004 175.35600000000002 418.75000000000006 1 866.50000000000011 12.250000000000002 9.2500000000000018 4.7500000000000009 3.2500000000000004 2043.2500000000002 109.75000000000001 156.75150000000005 171.55500000000004 3.2500000000000004 181.58600000000004 22.750000000000004
decision_type=5 2 2 2 2 2 2 5 2 2 2 2 2 2 2 2 2 2 2 2
left_child=1 5 6 4 -4 -1 7 10 -5 -3 15 12 13 -6 17 19 -16 18 -9 -2
right_child=2 9 3 8 11 -7 -8 14 -10 -11 -12 -13 -14 -15 16 -17 -18 -19 -20 -21
leaf_value=-2.4970733664166667 -2.5447469160754963 -2.4904863943866959 -2.4727113722047136 -2.3558008706403832 -2.5474371944292842 -2.647258670262211 -2.5662675429764183 -2.712442953195378 -2.5888248964015239 -2.1776691614116848 -2.7095128572019354 -2.5696580937831586 -2.7131115179022491 -2.6674598831301117 -2.5932016601230745 -2.639140795916886 -2.6873610377712214 -2.7442120073413143 -2.6171020127718374 -2.6041581172712798
leaf_count=260 91 37 41 34 32 44 37 855 32 89 38 38 81 57 46 57 76 376 42 37
internal_value=0 1.02534 -0.373097 0.395751 0.0549692 0.68716 -0.558992 -0.585879 1.32222 2.69509 0.0279071 -0.207074 -0.364284 -0 -0.618512 0.251084 -0.237787 -0.724154 -0.632969 0.438427
internal_count=2400 430 1970 315 249 304 1655 1618 66 126 223 208 170 89 1395 185 122 1273 897 128
cat_boundaries=0 6 11
cat_threshold=14 18874376 268697600 2147614720 16781312 128 25690113 269549572 32770 268435464 1064960
shrinkage=1


Tree=1
num_leaves=26
num_cat=2
split_feature=2 27 20 26 11 19 4 6 6 0 23 27 20 10 10 0 17 18 36 27 19 9 4 26 27
split_gain=23.9804 14.6922 11.7764 6.76478 6.30612 5.7638 4.47739 4.02934 3.27015 3.26958 4.76007 2.9232 2.30483 2.28211 1.99083 2.27189 1.69445 1.68169 1.34542 1.54149 0.662511 0.632485 0.577701 0.299601 0.134543
threshold=0 10.750000000000002 28.750000000000004 241.75000000000003 16.750000000000004 166188.00000000003 35.615200000000009 33.250000000000007 37.750000000000007 16.750000000000004 1 45.250000000000007 8196.2500000000018 60.250000000000007 4.7500000000000009 3.2500000000000004 129.25000000000003 733.00000000000011 37.750000000000007 26.500000000000004 280.00000000000006 6.2500000000000009 69.507800000000017 81.250000000000014 3.2500000000000004
decision_type=5 2 2 2 2 2 2 2 2 2 1 2 2 2 2 2 2 2 2 2 2 2 2 2 2
left_child=3 2 21 9 7 16 8 17 -6 14 -11 -5 13 -8 15 18 20 -4 19 -1 -3 -2 -16 -20 -17
right_child=1 5 4 11 6 -7 12 -9 -10 10 -12 -13 -14 -15 22 24 -18 -19 23 -21 -22 -23 -24 -25 -26
leaf_value=-0.034964250815550331 -0 -0.050873454292586426 0.15033044011560495 0.1548992622109254 -0.058716342166440644 0.088991197651636517 0.14045988367899681 -0.073543517866366481 0.12698275225953964 0.12091797610877769 -0.076620058866006466 -0.021847872303329262 0.026839427358235458 0.28597610091936471 -0.129179970066928 -0.12072023764349427 -0.12665531764520618 0.00028628863527457767 -0.11409172709377979 0.062727227087130785 0.036012245866397986 -0.1011214819558769 -0.02859728483023135 -0.03488611114141265 -0.051182386493209803
leaf_count=619 31 38 45 44 39 55 167 52 35 51 62 40 31 117 226 177 126 42 81 37 31 52 46 69 87
internal_value=0 0.412873 0.795038 -0.35152 0.996901 -0.31983 1.23472 0.213051 0.251253 -0.456973 0.157821 0.580589 1.42446 1.52776 -0.512853 -0.412463 -0.646477 0.676943 -0.288142 -0.19262 -0.0642754 -0.508432 -0.825437 -0.621758 -0.739555
internal_count=2400 861 611 1539 528 250 389 139 74 1455 113 84 315 284 1342 1070 195 87 806 656 69 83 272 150 264
cat_boundaries=0 3 4
cat_threshold=72929489 25174018 512 2
shrinkage=0.142097


Tree=2
num_leaves=25
num_cat=1
split_feature=19 28 8 3 19 11 24 0 17 26 26 15 17 32 10 36 9 3 26 26 15 17 26 15
split_gain=18.4411 8.17267 6.55572 4.87874 4.25323 5.60674 5.84228 7.88563 5.19491 4.04685 3.80622 3.64671 3.57598 3.89773 3.47815 3.36125 3.18603 2.2257 1.99114 3.03202 1.26091 0.765865 0.535315 0.961778
threshold=92375.500000000015 226.75000000000003 19.750000000000004 155.07100000000003 11783.500000000002 152.50000000000003 0 1.7500000000000002 1292.5000000000002 6.2500000000000009 1.7500000000000002 121807.00000000001 6582.2500000000009 12.250000000000002 87.250000000000014 12.250000000000002 517.75000000000011 164.45050000000003 418.75000000000006 7.7500000000000009 41129.500000000007 28827.250000000004 18.250000000000004 10132.000000000002
decision_type=2 2 2 2 2 2 5 2 2 2 2 2 2 2 2 2 2 2 2 2 2 2 2 2
left_child=2 3 4 -2 5 6 7 15 10 12 -7 20 13 14 -4 -1 21 -11 19 -8 22 -3 23 -5
right_child=1 16 9 11 -6 8 18 -9 -10 17 -12 -13 -14 -15 -16 -17 -18 -19 -20 -21 -22 -23 -24 -25
leaf_value=0.17972391553096931 -0.018617794622756055 -0.0016975554994290805 0.11555377699924016 0.10294167744756631 -0.12267774576181018 0.2190908862676513 -0.042483346265545716 -0.086936747193836733 -0.083113924443044648 0.048094056004785952 0 0.021800420421082677 -0.042973921078497387 0.22661108588237305 -0.082668609133959334 0.010229796202387295 0.096559555367718777 -0.086123971929137899 0.040701029296470466 -0.10601632114356173 0.29402844077425278 -0.10195112982625318 0.18290709076821401 -0.005607525003719028
leaf_count=84 33 45 33 31 188 44 774 73 31 48 43 42 24 52 31 70 30 67 36 459 55 52 28 27
internal_value=0 0.701261 -0.217167 1.0795 -0.309725 -0.232154 -0.305491 0.224766 0.524285 0.332923 0.961542 1.28485 0.713346 0.980822 0.191744 0.838268 -0.0901783 -0.200813 -0.388408 -0.471954 1.52031 -0.460138 0.90942 0.437826
internal_count=2400 343 2057 216 1802 1614 1496 227 118 255 87 183 140 116 64 154 127 115 1269 1233 141 97 86 58
cat_boundaries=0 2
cat_threshold=1074029061 16417
shrinkage=0.142097


Tree=3
num_leaves=25
num_cat=3
split_feature=30 17 20 22 28 30 11 17 6 15 3 30 26 12 0 0 17 27 15 14 11 15 15 21
split_gain=36.5355 9.834 8.33667 5.13252 3.20393 3.15041 2.79121 3.27205 4.15599 3.25533 2.16279 1.75062 1.3935 1.58278 1.20106 6.73188 1.1388 0.990012 0.71711 6.70521 2.50967 3.02891 0.564731 0.507212
threshold=0 55739.500000000007 101.50000000000001 67.750000000000014 7300.7500000000009 1 152.50000000000003 1152.2500000000002 31.750000000000004 49539.250000000007 171.14850000000004 2 340.00000000000006 1.7500000000000002 16.750000000000004 3.2500000000000004 17128.750000000004 3.2500000000000004 41129.500000000007 106.00000000000001 49.750000000000007 2830.0000000000005 21790.000000000004 292.75000000000006
decision_type=5 2 2 2 2 5 2 2 2 2 2 5 2 2 2 2 2 2 2 2 2 2 2 2
left_child=2 5 4 -3 10 16 11 8 -8 23 14 -7 13 -13 15 17 -2 -1 19 20 21 -4 -21 -9
right_child=1 3 18 -5 -6 6 7 9 -10 -11 -12 12 -14 -15 -16 -17 -18 -19 -20 22 -22 -23 -24 -25
leaf_value=0.063358629135911976 -0.12555603210479319 -0.018988369896574639 0.14972640811575919 0.19920340304745923 -0.064641537576161506 0.019127177969207185 0.18169837413203049 -0.094841549408611225 -0.026381830948112646 0.082274112815124339 -0.04163135678481638 -0.076762576608038424 0.030612594011581871 0.030896637936911633 0.16607416909373623 -0.098821397849621004 -0.024169902853923141 0.17879887658005542 0.26179439191894893 -0.050267067913411151 0.25690750241373345 -0.040714072707124724 0.030425095069463365 -0.0016919315111211767
leaf_count=127 649 53 32 36 45 112 45 90 43 32 28 658 29 35 37 48 52 35 47 27 62 30 20 28
internal_value=0 -0.346068 0.663042 0.696143 0.360651 -0.457934 -0.181853 0.146201 0.670823 -0.20045 0.51257 -0.329502 -0.360031 -0.490944 0.626491 0.417494 -0.663936 0.761601 1.3041 0.966469 1.37077 0.520657 -0.0775398 -0.531667
internal_count=2400 1862 538 89 320 1773 1072 238 88 150 275 834 722 693 247 210 701 162 218 171 124 62 47 118
cat_boundaries=0 6 12 17
cat_threshold=524302 19927048 268697600 2148139264 16781312 128 135307904 4875411 533504 0 33554448 2 2164260865 268435460 32768 8 1064960
shrinkage=0.142097


Tree=4
num_leaves=27
num_cat=1
split_feature=30 16 21 13 25 28 4 32 8 26 11 3 16 20 0 0 20 11 26 27 27 3 11 3 27 3
split_gain=27.686 12.2464 4.88271 3.00326 2.75794 2.95505 4.70546 2.18816 2.14423 3.8601 1.71549 4.63185 3.93901 2.95858 1.70157 3.81657 1.6734 2.99284 1.49841 1.08869 2.9518 0.616261 0.586263 0.445287 0.396951 0.264976
threshold=0 9514.7500000000018 597.25000000000011 229.00000000000003 57.921400000000013 10891.000000000002 40.003350000000005 4.7500000000000009 25.750000000000004 60.250000000000007 9016.0000000000018 172.93050000000002 271.75000000000006 101.50000000000001 3.2500000000000004 16.750000000000004 1650.2500000000002 791.50000000000011 82.750000000000014 4.7500000000000009 1.7500000000000002 172.10450000000003 274.00000000000006 157.06400000000002 3.2500000000000004 163.35600000000002
decision_type=5 2 2 2 2 2 2 2 2 2 2 2 2 2 2 2 2 2 2 2 2 2 2 2 2 2
left_child=1 10 4 -4 8 6 -6 -3 19 16 12 -12 13 14 18 -16 17 -10 -1 20 21 -2 -14 -7 -22 -15
right_child=2 7 3 -5 5 23 -8 -9 9 -11 11 -13 22 25 15 -17 -18 -19 -20 -21 24 -23 -24 -25 -26 -27
leaf_value=0.013746684096977694 -0.089560308272889286 0.10737282492992231 -0.030376069881053798 0.14714608612890248 0.16867323447318855 -0.080301970375886197 -0.054631189347965452 0.30272822650858427 0.10362282007829517 0.12013998773747613 0.18809186530587543 -0.042008049315350848 -0 0.032992054481729934 -0.093413392564729844 0.069213892866892876 -0.099208892717502745 -0.062592251071954708 0.10116044391386034 -0.11076011247328028 0.04845547864686793 -0.030675752923353838 -0.10107978404340145 0 -0.01019446616989227 0.1514487776390373
leaf_count=168 540 55 39 29 49 76 40 33 36 30 34 23 28 22 92 49 85 69 80 461 55 121 40 37 54 55
internal_value=0 0.493245 -0.3451 0.4574 -0.438543 0.019526 0.511695 1.56331 -0.503367 -0.120866 0.330782 0.805053 0.229505 0.36094 0.182033 -0.146959 -0.357205 0 0.360825 -0.579977 -0.447714 -0.557751 -0.506414 -0.416344 0.140483 0.917717
internal_count=2400 679 1721 68 1653 202 89 88 1451 220 591 57 534 466 389 141 190 105 248 1231 770 661 68 113 109 77
cat_boundaries=0 6
cat_threshold=589838 20058120 268730368 2416575234 16781312 128
shrinkage=0.142097


end of trees

feature importances:
n_table_1.n_1=11
n_table_2.n_6=11
n_1=10
n_table_3.n_2=10
n_table_1.n_9=7
n_table_1.n_15=7
n_table_1.n_17=7
n_table_1.n_20=7
c_02=6
n_table_1.n_6=4
n_table_1.n_19=4
n_table_1.n_2=3
n_table_1.n_3=3
n_table_1.n_7=3
n_table_1.n_18=3
n_table_3.n_3=3
n_table_1.n_5=2
n_table_1.n_11=2
n_table_1.n_16=2
n_table_1.n_26=2
n_table_1.n_27=2
n_table_1.n_8=2
n_table_2.n_13=2
c_table_1.c_2=1
n_table_1.n_10=1
n_table_1.n_12=1
c_table_2.c_1=1
c_table_2.c_2=1
n_table_2.n_2=1

parameters:
[boosting: gbdt]
[objective: binary]
[metric: auc]
[tree_learner: serial]
[device_type: cpu]
[data: ]
[valid: ]
[num_iterations: 100]
[learning_rate: 0.142097]
[num_leaves: 77]
[num_threads: 4]
[max_depth: 7]
[min_data_in_leaf: 20]
[min_sum_hessian_in_leaf: 1.88361]
[bagging_fraction: 0.6]
[bagging_freq: 55]
[bagging_seed: 3]
[feature_fraction: 0.6]
[feature_fraction_seed: 2]
[early_stopping_round: 0]
[max_delta_step: 0]
[lambda_l1: 0.123303]
[lambda_l2: 1.40529]
[min_gain_to_split: 0]
[drop_rate: 0.1]
[max_drop: 50]
[skip_drop: 0.5]
[xgboost_dart_mode: 0]
[uniform_drop: 0]
[drop_seed: 4]
[top_rate: 0.2]
[other_rate: 0.1]
[min_data_per_group: 100]
[max_cat_threshold: 32]
[cat_l2: 10]
[cat_smooth: 10]
[max_cat_to_onehot: 4]
[top_k: 20]
[monotone_constraints: ]
[feature_contri: ]
[forcedsplits_filename: ]
[refit_decay_rate: 0.9]
[verbosity: -1]
[max_bin: 255]
[min_data_in_bin: 3]
[bin_construct_sample_cnt: 200000]
[histogram_pool_size: -1]
[data_random_seed: 1]
[output_model: LightGBM_model.txt]
[snapshot_freq: -1]
[input_model: ]
[output_result: LightGBM_predict_result.txt]
[initscore_filename: ]
[valid_data_initscores: ]
[pre_partition: 0]
[enable_bundle: 1]
[max_conflict_rate: 0]
[is_enable_sparse: 1]
[sparse_threshold: 0.8]
[use_missing: 1]
[zero_as_missing: 0]
[two_round: 0]
[save_binary: 0]
[enable_load_from_binary_file: 1]
[header: 0]
[label_column: ]
[weight_column: ]
[group_column: ]
[ignore_column: ]
[categorical_feature: ]
[predict_raw_score: 0]
[predict_leaf_index: 0]
[predict_contrib: 0]
[num_iteration_predict: -1]
[pred_early_stop: 0]
[pred_early_stop_freq: 10]
[pred_early_stop_margin: 10]
[convert_model_language: ]
[convert_model: gbdt_prediction.cpp]
[num_class: 1]
[is_unbalance: 0]
[scale_pos_weight: 1]
[sigmoid: 1]
[boost_from_average: 1]
[reg_sqrt: 0]
[alpha: 0.9]
[fair_c: 1]
[poisson_max_delta_step: 0.7]
[tweedie_variance_power: 1.5]
[max_position: 20]
[label_gain: ]
[metric_freq: 1]
[is_provide_training_metric: 0]
[eval_at: ]
[num_machines: 1]
[local_listen_port: 12400]
[time_out: 120]
[machine_list_filename: ]
[machines: ]
[gpu_platform_id: -1]
[gpu_device_id: -1]
[gpu_use_dp: 0]

end of parameters

pandas_categorical:[[0, 1, 2], [0, 1, 2, 3, 4, 5, 6, 7, 8, 9, 10, 11, 12, 13, 14, 15, 16, 17, 18, 19, 20, 21, 22, 23, 24, 25, 26, 27, 28, 29, 30, 31, 32, 33, 34, 35, 36, 37, 38, 39, 40, 41, 42, 43, 44, 45, 46, 47, 48, 49, 50, 51, 52, 53, 54, 55, 56, 57, 58, 59, 60, 61, 62, 63, 64, 65, 66, 67, 68, 69, 70, 71, 72, 73, 74, 75, 76, 77, 78, 79, 80, 81, 82, 83, 84, 85, 86, 87, 88, 89, 90, 91, 92, 93, 94, 95, 96, 97, 98, 99, 100, 101, 102, 103, 104, 105, 106, 107, 108, 109, 110, 111, 112, 113, 114, 115, 116, 117, 118, 119, 120, 121, 122, 123, 124, 125, 126, 127, 128, 129, 130, 131, 132, 133, 134, 135, 136, 137, 138, 139, 140, 141, 142, 143, 144, 145, 146, 147, 148, 149, 150, 151, 152, 153, 154, 155, 156, 157, 158, 159, 160, 161, 162, 163, 164, 165, 166, 167, 168, 169, 170, 171, 172, 173, 174, 175], [0, 1, 2, 3, 4, 5, 6, 7, 8, 9, 10, 11, 12, 13, 14, 15, 16, 17, 18, 19, 20, 21, 22, 23, 24, 25, 26, 27, 28, 29, 30, 31, 32, 33, 34, 35, 36, 37, 38, 39, 40, 41, 42, 43, 44, 45, 46, 47, 48, 49, 50, 51, 52, 53], [0, 1, 2, 3, 4, 5, 6, 7, 8, 9, 10, 11, 12, 13, 14, 15], [0, 1], [0, 1, 2, 3, 4, 5, 6, 7, 8, 9, 10, 11, 12, 13, 14, 15, 16, 17, 18, 19, 20, 21, 22, 23, 24, 25, 26, 27, 28, 29, 30, 31, 32, 33, 34, 35, 36, 37, 38, 39, 40, 41, 42, 43, 44, 45, 46, 47, 48, 49, 50, 51, 52, 53, 54, 55, 56, 57, 58, 59, 60, 61, 62, 63, 64, 65, 66, 67, 68, 69, 70, 71, 72, 73, 74, 75, 76, 77, 78, 79, 80, 81, 82, 83, 84, 85, 86, 87, 88, 89, 90, 91, 92, 93, 94, 95, 96, 97, 98], [0, 1, 2, 3, 4, 5, 6, 7, 8, 9, 10, 11, 12, 13, 14, 15, 16, 17, 18, 19, 20, 21, 22, 23, 24, 25, 26, 27, 28, 29, 30, 31, 32, 33, 34, 35, 36, 37, 38, 39, 40, 41, 42, 43, 44, 45, 46, 47, 48, 49, 50, 51, 52, 53, 54, 55, 56, 57, 58, 59, 60, 61, 62, 63, 64, 65, 66, 67, 68, 69, 70, 71, 72, 73, 74, 75, 76, 77, 78, 79, 80, 81, 82, 83, 84, 85, 86, 87, 88, 89, 90, 91, 92, 93, 94, 95, 96, 97, 98, 99, 100, 101, 102, 103, 104, 105, 106, 107, 108, 109, 110, 111, 112, 113, 114, 115, 116, 117, 118, 119, 120, 121, 122, 123, 124, 125, 126, 127, 128, 129, 130, 131, 132, 133, 134, 135, 136, 137, 138, 139, 140, 141, 142, 143, 144, 145, 146, 147, 148, 149, 150, 151, 152, 153, 154, 155, 156, 157, 158, 159, 160, 161, 162, 163, 164, 165, 166, 167, 168, 169, 170, 171, 172, 173, 174, 175, 176, 177, 178, 179, 180, 181, 182, 183, 184, 185, 186, 187, 188, 189, 190, 191, 192, 193, 194, 195, 196, 197, 198, 199, 200, 201, 202, 203, 204, 205, 206, 207, 208, 209, 210, 211, 212, 213, 214, 215, 216, 217, 218, 219, 220, 221, 222, 223, 224, 225, 226, 227, 228, 229, 230, 231, 232, 233, 234, 235, 236, 237, 238, 239, 240, 241, 242, 243, 244, 245, 246, 247, 248, 249, 250, 251, 252, 253, 254, 255, 256, 257, 258, 259, 260, 261, 262, 263, 264, 265, 266, 267, 268, 269, 270, 271, 272, 273, 274, 275, 276, 277, 278, 279, 280, 281, 282, 283, 284, 285, 286, 287, 288, 289, 290, 291, 292, 293, 294, 295, 296, 297, 298, 299, 300, 301, 302, 303, 304, 305, 306, 307, 308, 309, 310, 311, 312, 313, 314, 315, 316, 317, 318, 319, 320, 321, 322, 323, 324, 325, 326, 327, 328, 329, 330, 331, 332, 333, 334, 335, 336, 337], [0, 1, 2, 3, 4, 5, 6, 7, 8, 9, 10, 11, 12, 13, 14, 15, 16, 17, 18, 19, 20, 21, 22, 23, 24, 25, 26, 27, 28, 29, 30, 31, 32, 33, 34, 35, 36, 37, 38, 39, 40, 41, 42, 43, 44, 45, 46, 47, 48, 49, 50, 51, 52, 53, 54, 55, 56, 57, 58, 59, 60, 61, 62, 63, 64, 65, 66, 67, 68, 69, 70, 71, 72, 73, 74, 75, 76, 77, 78, 79, 80, 81, 82, 83, 84, 85, 86, 87, 88, 89, 90, 91, 92, 93, 94, 95, 96, 97, 98, 99, 100, 101, 102, 103, 104, 105, 106, 107, 108, 109, 110, 111, 112, 113, 114, 115, 116, 117, 118, 119, 120, 121, 122, 123, 124, 125, 126, 127, 128, 129, 130, 131, 132, 133, 134, 135, 136, 137, 138, 139, 140, 141, 142, 143, 144, 145, 146, 147, 148, 149, 150, 151, 152, 153, 154, 155, 156, 157, 158, 159, 160, 161, 162, 163, 164, 165, 166, 167, 168, 169, 170, 171, 172, 173, 174, 175, 176, 177, 178, 179, 180, 181, 182, 183, 184, 185, 186, 187, 188, 189, 190, 191, 192, 193, 194, 195, 196, 197, 198, 199, 200, 201, 202, 203, 204, 205, 206], [0, 1, 2, 3, 4, 5, 6, 7, 8, 9, 10, 11, 12, 13, 14, 15, 16, 17, 18, 19, 20, 21, 22, 23, 24, 25, 26, 27, 28, 29, 30]]
