tree
version=v2
num_class=1
num_tree_per_iteration=1
label_index=0
max_feature_idx=11
objective=binary sigmoid:1
feature_names=n_1 c_table_1.c_2 c_table_1.c_4 n_table_1.n_12 n_table_1.n_15 n_table_1.n_16 n_table_1.n_18 n_table_1.n_19 n_table_1.n_26 c_table_2.c_1 n_table_2.n_13 n_table_3.n_3
feature_infos=[1:335.5] 24:0:17:16:10:7:34:23:19:60:18:15:44:28:1:5:8:35:45:38:41:68:4:12:25:13:2:75:49:20:39:48:50:46:21:111:22:92:33:56:57:59:87:27:79:120:9:37:43:62:125:26:47:96:40:61:70:73:3:6:67:72:76:31:42:66:77:85:104:108:124:132:53:54:89:91:93:136:55:64:82:84:94:101:115:121:140:36:51:71:80:81:88:97:98:102:103:119:127:135:147:149:30:52:63:118:123:133:139:144:165:167:32:58:69:74:78:90:99:110:112:114:116:131:134:137:146:161:162:166:174 4:0:10:12:2:11:7:5:45:51:35:8:18:23:33:40:77:30:37:38:41:57:29:28:16:74:62:49:13:21:48:104:6:69:22:26:39:54:19:27:72:87:95:3:31:55:56:106:15:17:60:61:96:103:92:25:66:67:78:80:81:93:94:109:113:117:122:1:24:44:46:47:53:59:65:83:84:99:112:121:133:14:20:36:63:70:82:97:102:116:136:32:34:42:52:58:64:71:75:85:90:98:107:111:115:124:129:130:131:132 [1:8524] [1:274774] [1:249100] [1:574087] [1:1285890] [1:121640] 1:0 [1:395101] [1:509664]
tree_sizes=786 745 949 751 834 850 914 726 1021 917 745 748 868 896 846 775 786 701 923 764 984 945 803 766 761 801 754 967 889 897 1010 871 834 796 896 869 893 1021 934 906 811 986 899 967 943 780 925 963 962 970 964 861 870 879 927 891 647 781 651 778 813 680 857 576 962

Tree=0
num_leaves=9
num_cat=0
split_feature=5 11 11 6 10 3 10 6
split_gain=18.6912 4.66998 7.63109 1.93437 1.37577 1.30897 0.70183 0.382866
threshold=18433.000000000004 25.000000000000004 562.00000000000011 32684.500000000004 84.250000000000014 57.250000000000007 448.75000000000006 4.7500000000000009
decision_type=2 2 2 2 2 2 2 2
left_child=1 3 -3 5 -4 -1 -6 -8
right_child=-2 2 4 -5 6 -7 7 -9
leaf_value=-2.9023430593450841 -2.6239387952831548 -2.6506963295482202 -2.8020085172872906 -2.8106757024829077 -2.9132560238266199 -2.8106757024829077 -2.8106757024829077 -2.8549202150826698
leaf_count=857 228 142 143 127 150 107 139 107
internal_value=0 -0.220798 0.0236072 -0.397007 -0.173327 -0.463854 -0.320442 -0.0349799
internal_count=2000 1772 681 1091 539 964 396 246
shrinkage=1


Tree=1
num_leaves=8
num_cat=1
split_feature=1 6 11 11 3 11 10
split_gain=11.7592 5.3697 3.23832 1.9738 1.22878 0.815413 0.674258
threshold=0 40848.250000000007 25.000000000000004 562.00000000000011 129.25000000000003 17563.000000000004 1115.5000000000002
decision_type=5 2 2 2 2 2 2
left_child=-1 2 4 -4 -2 -5 -7
right_child=1 -3 3 5 -6 6 -8
leaf_value=0.10587707415422372 -0.093694163602540209 0.064077347838009321 0.060152667716237132 -0.067981764053975283 -0 0.038570208669280549 -0.036900052763479158
leaf_count=212 876 192 130 220 109 114 147
internal_value=0 -0.19062 -0.310002 -0.0175647 -0.473397 -0.195422 -0
internal_count=2000 1788 1596 611 985 481 261
cat_boundaries=0 4
cat_threshold=4268066 402669576 16 32768
shrinkage=0.176478


Tree=2
num_leaves=11
num_cat=1
split_feature=7 11 11 7 9 7 5 11 11 3
split_gain=12.3268 3.51634 6.43109 1.39331 1.31067 1.16165 0.766617 0.888237 0.8024 0.735694
threshold=346413.00000000006 25.000000000000004 456.25000000000006 60628.000000000007 0 145401.00000000003 1863.2500000000002 7720.7500000000009 29542.000000000004 40.750000000000007
decision_type=2 2 2 2 1 2 2 2 2 2
left_child=1 3 -3 9 6 -5 7 -4 -9 -1
right_child=-2 2 4 5 -6 -7 -8 8 -10 -11
leaf_value=-0.074078463164146804 0.22969391287144145 0.17010813660208035 -0.061040542329611515 0.053424216757678979 0.033837095151993568 -0.050845556446959296 -0.089355153584649891 0.063236449845912826 -0.0036441640235212801 -0
leaf_count=853 86 97 120 109 153 94 120 114 140 114
internal_value=0 -0.126097 0.0688384 -0.290984 -0.066939 0 -0.205371 -0.0157977 0.0500031 -0.370711
internal_count=2000 1914 744 1170 647 203 494 374 254 967
cat_boundaries=0 1
cat_threshold=1
shrinkage=0.176478


Tree=3
num_leaves=8
num_cat=1
split_feature=1 6 5 3 5 11 11
split_gain=9.31848 8.70729 3.37304 5.19339 2.67097 2.24121 2.21748
threshold=0 113580.00000000001 1.7500000000000002 303.25000000000006 9.2500000000000018 143.50000000000003 14005.750000000002
decision_type=5 2 2 2 2 2 2
left_child=4 2 -2 5 6 -4 -1
right_child=1 -3 3 -5 -6 -7 -8
leaf_value=-0.048528363310567868 -0.053959868876733617 0.24573108623856116 0.030643551976309524 -0.041497821756516416 -0.12158932253639135 0.19096000758623194 0.037210483685635821
leaf_count=731 210 85 243 132 301 128 170
internal_value=0 0.277529 0.106542 0.3137 -0.271469 0.605776 -0.138736
internal_count=2000 798 713 503 1202 371 901
cat_boundaries=0 2
cat_threshold=329814405 16782016
shrinkage=0.176478


Tree=4
num_leaves=10
num_cat=1
split_feature=2 6 6 11 11 11 7 8 11
split_gain=5.50539 4.77222 2.51167 1.84634 1.85162 2.29287 0.748203 0.236426 0.102818
threshold=0 113580.00000000001 4778.5000000000009 25.000000000000004 941.50000000000011 17563.000000000004 66613.000000000015 87.250000000000014 42622.000000000007
decision_type=5 2 2 2 2 2 2 2 2
left_child=3 2 -2 6 -5 -6 -1 -4 -7
right_child=1 -3 7 4 5 8 -8 -9 -10
leaf_value=-0.074019900206862624 0.081910956241955768 0.18608371288230949 -0.038037866507385408 0.061280545381691975 -0.096786481872937744 0.021550755387448391 -0 0 -0
leaf_count=753 221 82 163 130 185 111 90 128 137
internal_value=0 0.253939 0.0687328 -0.183193 -0 -0.175646 -0.359997 -0.110923 0
internal_count=2000 594 512 1406 563 433 843 291 248
cat_boundaries=0 2
cat_threshold=263461 32
shrinkage=0.176478


Tree=5
num_leaves=10
num_cat=1
split_feature=2 8 7 4 3 8 7 7 7
split_gain=6.19613 2.4244 1.37502 2.64171 0.754551 3.18215 1.23834 0.670719 0.601342
threshold=0 188.50000000000003 56427.250000000007 254.50000000000003 197.50000000000003 3.2500000000000004 3.2500000000000004 5665.0000000000009 228130.00000000003
decision_type=5 2 2 2 2 2 2 2 2
left_child=4 2 3 -2 5 6 -1 -8 -6
right_child=1 -3 -4 -5 8 -7 7 -9 -10
leaf_value=-0.014094719746803418 -0 0.1513470497612405 -0.008484353380896972 0.13205181816953676 -0 0.08058230032438593 -0.12357488851121473 -0 -0.13223595786880485
leaf_count=833 150 111 148 136 113 117 189 118 85
internal_value=0 0.280494 0.124802 0.339261 -0.187076 -0.126649 -0.228182 -0.502231 -0.49416
internal_count=2000 545 434 286 1455 1257 1140 307 198
cat_boundaries=0 3
cat_threshold=537134373 296 8192
shrinkage=0.176478


Tree=6
num_leaves=11
num_cat=1
split_feature=5 11 2 11 11 6 11 3 5 5
split_gain=3.5498 2.86575 1.69422 2.50621 2.37562 0.950872 1.30662 0.792133 0.744814 0.766221
threshold=18433.000000000004 162.25000000000003 0 25.000000000000004 456.25000000000006 1.7500000000000002 19354.750000000004 24.250000000000004 2565.2500000000005 224.50000000000003
decision_type=2 2 5 2 2 2 2 2 2 2
left_child=2 -2 -1 8 -5 6 -6 -7 9 -4
right_child=1 -3 3 4 5 7 -8 -9 -10 -11
leaf_value=0.031251411479469443 -0 0.13877041319778194 -0.04892041738626822 0.089895192404399638 -0.038278635614219195 -0.10171237851026244 0.054549480921263459 -0 -0.12454584697270542 0
leaf_count=107 133 95 731 89 186 108 153 113 166 119
internal_value=0 0.360287 -0.117495 -0.162246 0 -0.116109 0 -0.329393 -0.346196 -0.20491
internal_count=2000 228 1772 1665 649 560 339 221 1016 850
cat_boundaries=0 2
cat_threshold=1082136704 8192
shrinkage=0.176478


Tree=7
num_leaves=8
num_cat=1
split_feature=1 0 11 11 7 6 6
split_gain=4.99825 2.12248 1.75701 0.690371 0.654513 0.40089 0.322272
threshold=0 7.7500000000000009 17563.000000000004 642.25000000000011 94.750000000000014 4.7500000000000009 55756.000000000007
decision_type=5 2 2 2 2 2 2
left_child=3 2 6 -1 -3 -4 -2
right_child=1 4 5 -5 -6 -7 -8
leaf_value=0.12451893465330918 -0.062255416102352031 -0 0.035980025749468708 0.00028937146329739878 0.061254243433579311 -0.012242518545749917 -0
leaf_count=179 1071 144 144 92 130 110 130
internal_value=0 -0.13151 -0.228702 0.343731 0.139659 0 -0.313083
internal_count=2000 1729 1455 271 274 254 1201
cat_boundaries=0 4
cat_threshold=4399138 402915336 16 32768
shrinkage=0.176478


Tree=8
num_leaves=12
num_cat=1
split_feature=2 11 11 4 3 7 4 11 11 10 7
split_gain=2.23503 1.78186 1.83663 1.57551 0.515084 2.14851 1.25655 0.476429 0.677266 0.477612 0.0120834
threshold=0 25.000000000000004 456.25000000000006 12284.500000000002 783.25000000000011 66613.000000000015 939.25000000000011 17563.000000000004 4433.5000000000009 916.75000000000011 1.7500000000000002
decision_type=5 2 2 2 2 2 2 2 2 2 2
left_child=3 4 -3 -1 5 6 10 8 -4 -9 -2
right_child=1 2 7 -5 -6 -7 -8 9 -10 -11 -12
leaf_value=0 -0.01186245378407527 0.082142630995286944 0 0.13716791298427625 -0.10557303814341516 0.046082508699595875 -0.10142591112679981 0.041174516763862343 -0.069603532670954316 -0.006215433235852566 -0
leaf_count=149 499 92 159 71 85 105 234 130 148 173 155
internal_value=0 -0.0835793 0.0275956 0.251269 -0.232722 -0.135264 -0.265679 -0.0375829 -0.180808 0.00740231 -0.0537025
internal_count=2000 1780 702 220 1078 993 888 610 307 303 654
cat_boundaries=0 3
cat_threshold=1082202256 532480 1024
shrinkage=0.176478


Tree=9
num_leaves=11
num_cat=0
split_feature=0 4 11 11 3 6 4 4 3 11
split_gain=2.28524 1.80594 1.26708 2.02535 2.07239 0.420815 0.217028 1.60447 1.18344 0.0711544
threshold=16.750000000000004 108301.00000000001 25500.250000000004 25.000000000000004 24.250000000000004 4.7500000000000009 4602.2500000000009 295.00000000000006 157.00000000000003 941.50000000000011
decision_type=2 2 2 2 2 2 2 2 2 2
left_child=1 2 3 6 9 -4 7 -1 -8 -5
right_child=-2 -3 5 4 -6 -7 8 -9 -10 -11
leaf_value=-0.040141022112249083 0.093829076142800283 0.071105686594244794 -0 0.0022692816156371746 0.097140211040016064 -0.10112875511984858 0 0.039523550655791828 -0.093827555878084917 -0.015142422212147471
leaf_count=654 109 60 135 118 127 124 114 205 154 200
internal_value=0 -0.058624 -0.109107 -0.0301767 0.164573 -0.37604 -0.169669 -0.0538506 -0.307779 -0
internal_count=2000 1891 1831 1572 445 259 1127 859 268 318
shrinkage=0.176478


Tree=10
num_leaves=8
num_cat=2
split_feature=2 1 6 6 5 6 11
split_gain=3.50186 2.63573 1.77279 1.57941 0.997577 0.864522 0.294453
threshold=0 1 129145.50000000001 33567.250000000007 286.75000000000006 2916.2500000000005 19354.750000000004
decision_type=5 5 2 2 2 2 2
left_child=1 5 3 4 -2 6 -1
right_child=2 -3 -4 -5 -6 -7 -8
leaf_value=-0.018102367633496246 0 -0.064959078606351445 0.13023018388730684 -0.028650147162429349 0.087147127037440805 0.063648183563599484 0.0077193384670195169
leaf_count=747 182 473 56 127 169 99 147
internal_value=0 -0.14379 0.206225 0.0835525 0.279985 0 -0.0305181
internal_count=2000 1466 534 478 351 993 894
cat_boundaries=0 3 7
cat_threshold=805569829 296 8192 285226113 268435464 0 32768
shrinkage=0.176478


Tree=11
num_leaves=8
num_cat=1
split_feature=1 5 5 5 0 0 11
split_gain=7.71084 3.49571 2.6701 2.10912 0.663441 0.914442 0.674276
threshold=0 18608.500000000004 5438.5000000000009 527.50000000000011 9.2500000000000018 1.7500000000000002 14005.750000000002
decision_type=5 2 2 2 2 2 2
left_child=-1 2 3 4 5 6 -2
right_child=1 -3 -4 -5 -6 -7 -8
leaf_value=-0.077337442712418436 -0.010826307413385356 0.099130122938835177 -0.093802209397885611 0.089879648992663944 0.046462241429149974 -0.059946852011092983 0.042804844534453171
leaf_count=465 566 157 113 197 138 196 168
internal_value=0 0.117519 0.00312811 0.100057 0 -0.0464815 0
internal_count=2000 1535 1378 1265 1068 930 734
cat_boundaries=0 2
cat_threshold=303010224 393796
shrinkage=0.176478


Tree=12
num_leaves=10
num_cat=1
split_feature=1 4 10 6 0 0 6 4 10
split_gain=6.42532 3.07361 2.67386 2.38416 0.736396 0.464941 0.421128 0.55238 0.141796
threshold=0 2554.0000000000005 152.50000000000003 1084.7500000000002 9.2500000000000018 1.7500000000000002 150181.50000000003 13754.500000000002 469.00000000000006
decision_type=5 2 2 2 2 2 2 2 2
left_child=-1 3 6 4 5 8 7 -3 -2
right_child=1 2 -4 -5 -6 -7 -8 -9 -10
leaf_value=-0.075890831631670291 0.016953969876910575 0.01665652061470782 -0.0004871583256220325 -0.088771229203019747 0.056584263922004836 -0.041551403646539982 0 0.14539677659553643 -0
leaf_count=434 519 130 100 182 128 180 53 156 118
internal_value=0 0.0933191 0.34923 -0.0256847 0.0458941 -0 0.517681 0.620057 0.0411514
internal_count=2000 1566 439 1127 945 817 339 286 637
cat_boundaries=0 2
cat_threshold=303010224 393920
shrinkage=0.176478


Tree=13
num_leaves=11
num_cat=2
split_feature=0 5 5 5 9 9 8 8 0 10
split_gain=1.71852 2.20487 3.40528 1.25477 5.31213 1.19254 0.798069 0.671068 0.293969 0.0835454
threshold=16.750000000000004 18608.500000000004 7144.7500000000009 650.50000000000011 0 1 586.75000000000011 65.500000000000014 3.2500000000000004 229.00000000000003
decision_type=2 2 2 2 1 1 2 2 2 2
left_child=1 2 3 5 -5 -1 7 -3 9 -7
right_child=-2 6 -4 4 -6 8 -8 -9 -10 -11
leaf_value=-0.058949236824546336 0.074737866417770138 0 -0.14293416158220471 0.13172055528688537 -0.058012423928692491 -0 -0 0.10031419664593913 -0.030110169464813999 0.019262017526314359
leaf_count=611 95 76 134 155 153 280 99 54 169 174
internal_value=0 -0.0805173 -0.171802 -0.0720593 0.12614 -0.161418 0.170393 0.314026 -0 0.0378656
internal_count=2000 1905 1676 1542 308 1234 229 130 623 454
cat_boundaries=0 1 2
cat_threshold=2 2
shrinkage=0.176478


Tree=14
num_leaves=10
num_cat=1
split_feature=1 10 6 6 11 8 8 7 10
split_gain=4.65931 2.06293 3.42492 2.27498 2.0513 0.588576 1.78474 0.539562 0.217517
threshold=0 152.50000000000003 3377.5000000000005 1.7500000000000002 424.75000000000006 11.500000000000002 88.750000000000014 1.7500000000000002 2018.5000000000002
decision_type=5 2 2 2 2 2 2 2 2
left_child=4 2 7 8 -1 -4 -7 -2 -3
right_child=1 3 5 -5 -6 6 -8 -9 -10
leaf_value=-0.15254144830127872 0.006307260913899446 -0 0.1406864212314895 -0.089879528287403157 -0 -0 0.081870234230995792 -0.04263025396193916 0.034608427378675657
leaf_count=271 622 113 127 156 149 96 174 189 103
internal_value=0 0.0743862 0.190169 -0.141069 -0.381276 0.440061 0.226147 -0 0.0501819
internal_count=2000 1580 1208 372 420 397 270 811 216
cat_boundaries=0 2
cat_threshold=319689008 397888
shrinkage=0.176478


Tree=15
num_leaves=9
num_cat=1
split_feature=2 6 10 10 6 5 11 11
split_gain=2.41146 3.28423 2.35869 1.44214 1.39818 1.20728 0.267827 0.112032
threshold=0 129145.50000000001 357.25000000000006 2140.7500000000005 171.25000000000003 5964.2500000000009 424.75000000000006 1289.5000000000002
decision_type=5 2 2 2 2 2 2 2
left_child=2 7 4 -4 6 -6 -1 -2
right_child=1 -3 3 -5 5 -7 -8 -9
leaf_value=-0 -0.093097610971420941 0.026978933566043497 -0.084846419951161392 0 0.11772683027281264 0 0.029339050577984561 -0.011971934116511922
leaf_count=548 386 75 154 144 217 152 167 157
internal_value=0 -0.20274 0.0808699 -0.190751 0.222626 0.431364 0.0120199 -0.43396
internal_count=2000 618 1382 298 1084 369 715 543
cat_boundaries=0 2
cat_threshold=268501025 8298
shrinkage=0.176478


Tree=16
num_leaves=9
num_cat=3
split_feature=2 5 11 4 9 9 4 11
split_gain=1.7999 2.64877 1.2305 1.80981 1.9958 0.964111 0.90355 0.829646
threshold=0 18608.500000000004 456.25000000000006 13754.500000000002 1 2 66029.500000000015 14005.750000000002
decision_type=5 2 2 2 1 1 2 2
left_child=2 -2 3 4 -1 -4 -3 -7
right_child=1 6 5 -5 -6 7 -8 -9
leaf_value=-0.024047869120232254 -0.076654110068856793 -0.0078295541207650896 0.033359421665660631 0.10852765343170473 0.062661868065879159 -0.084189717882485013 0.067082844364319855 -0
leaf_count=500 500 86 103 121 274 147 38 231
internal_value=0 -0.17891 0.0680977 0.200775 0.0281785 -0.0498402 0.0448795 -0.20042
internal_count=2000 624 1376 895 774 481 124 378
cat_boundaries=0 2 3 4
cat_threshold=268501025 524394 2 2
shrinkage=0.176478


Tree=17
num_leaves=8
num_cat=3
split_feature=1 6 9 8 8 6 9
split_gain=4.02443 0.861857 1.43212 3.08679 2.63974 0.208756 0.314407
threshold=0 3847.0000000000005 1 88.750000000000014 76.000000000000014 1.7500000000000002 2
decision_type=5 2 1 2 2 2 1
left_child=-1 5 3 -3 -4 6 -2
right_child=1 2 4 -5 -6 -7 -8
leaf_value=-0.062666516086436627 -0.0043484363055701991 -0 0.050868376517421938 0.13562075560886774 -0.089538485170194623 -0.027207208231937896 0.020663452207938672
leaf_count=427 447 135 151 115 81 175 469
internal_value=0 0.0758309 0.200236 0.379905 -0 -0 0.0235387
internal_count=2000 1573 482 250 232 1091 916
cat_boundaries=0 2 3 4
cat_threshold=303010096 398016 2 2
shrinkage=0.176478


Tree=18
num_leaves=11
num_cat=0
split_feature=0 4 5 3 5 0 5 7 0 4
split_gain=1.3073 1.49614 0.775499 3.17482 1.95159 1.73364 0.661599 0.445477 0.337005 0.110708
threshold=16.750000000000004 132478.00000000003 1863.2500000000002 9.2500000000000018 18608.500000000004 1.7500000000000002 6836.5000000000009 1.7500000000000002 7.7500000000000009 54421.000000000007
decision_type=2 2 2 2 2 2 2 2 2 2
left_child=1 2 3 5 6 7 -4 -1 -7 -6
right_child=-2 -3 4 -5 9 8 -8 -9 -10 -11
leaf_value=0.010688795930577611 0.065473664353748046 0.061559394742200464 -0.015377659269173645 0.088709896845732578 0.013665519337289961 -0.11062118666610608 -0.13641863331789458 -0.036262835958955374 -0 -0.0143951601746741
leaf_count=594 95 41 197 174 114 201 157 212 140 75
internal_value=0 -0.0647277 -0.112002 -0.0072784 -0.236333 -0.139275 -0.473089 -0 -0.426071 0
internal_count=2000 1905 1864 1321 543 1147 354 806 341 189
shrinkage=0.176478


Tree=19
num_leaves=9
num_cat=3
split_feature=1 4 9 6 6 8 9 11
split_gain=3.41898 1.70171 2.19013 2.4561 1.18481 1.05935 0.129054 0.791303
threshold=0 2554.0000000000005 1 79081.750000000015 1084.7500000000002 76.000000000000014 2 20694.250000000004
decision_type=5 2 1 2 2 2 1 2
left_child=-1 4 3 -3 6 -4 -2 -8
right_child=1 2 5 -5 -6 -7 7 -9
leaf_value=-0.05977288051622915 -0 0.13596120755722826 0.031393526726083587 0 -0.064708066330159408 -0.060860455664636354 0.039265962217543311 -0.013132443328884318
leaf_count=401 489 155 108 73 196 82 367 129
internal_value=0 0.0626957 0.250524 0.470098 -0.0206743 -0 0.0175804 0.0746308
internal_count=2000 1599 418 228 1181 190 985 496
cat_boundaries=0 3 4 5
cat_threshold=303993136 398016 16 2 2
shrinkage=0.176478


Tree=20
num_leaves=12
num_cat=1
split_feature=1 11 4 6 6 4 0 11 4 0 6
split_gain=2.52841 1.744 1.15399 1.06132 0.311004 0.779134 0.278772 0.579622 0.233338 0.225217 0.0694289
threshold=0 424.75000000000006 8639.5000000000018 63181.750000000007 6723.2500000000009 22.000000000000004 1.7500000000000002 4658.5000000000009 126202.50000000001 9.2500000000000018 150181.50000000003
decision_type=5 2 2 2 2 2 2 2 2 2 2
left_child=1 -1 4 -4 5 6 7 -2 10 -8 -5
right_child=2 -3 3 8 -6 -7 9 -9 -10 -11 -12
leaf_value=-0.12946500184049772 -0.012364344411557036 -0 0.086380667466257513 0 -0.032923044264646081 0.060000979424624894 -0.04935056316792414 0.03890468564944622 0.033443540828570317 -0 -0.018194648116434248
leaf_count=301 460 173 143 82 142 133 183 174 41 118 50
internal_value=0 -0.290144 0.0472982 0.220301 -0.00819114 0 -0.0245642 0 0 -0.145884 -0
internal_count=2000 474 1526 316 1210 1068 935 634 173 301 132
cat_boundaries=0 2
cat_threshold=319721776 393924
shrinkage=0.176478


Tree=21
num_leaves=11
num_cat=3
split_feature=1 1 10 10 6 5 3 4 9 3
split_gain=1.61306 0.716899 1.1799 0.959387 0.618894 0.238418 1.133 0.955424 0.224705 0.0856175
threshold=0 1 357.25000000000006 25.750000000000004 1.7500000000000002 1102.0000000000002 594.25000000000011 250.75000000000003 2 170.50000000000003
decision_type=5 5 2 2 2 2 2 2 1 2
left_child=9 -2 3 5 -4 7 -7 8 -3 -1
right_child=1 2 4 -5 -6 6 -8 -9 -10 -11
leaf_value=-0.10994843048976925 0.035413244709037416 -0.021960336725684024 -0 0.064437241379601939 -0.086250040841137673 -0.052228066083526752 0.019082759814642383 0.064775905539621884 0.0066887116768067408 -0.00046416603131011516
leaf_count=220 105 417 197 115 122 198 87 138 261 140
internal_value=0 0.0257305 -0 0.0482258 -0.239626 -0 -0.0866335 0.0509744 -0 -0.261248
internal_count=2000 1640 1535 1216 319 1101 285 816 678 360
cat_boundaries=0 2 4 5
cat_threshold=302977328 4672 8198 402735104 2
shrinkage=0.176478


Tree=22
num_leaves=10
num_cat=0
split_feature=4 4 3 8 7 4 10 11 10
split_gain=6.6649 3.04105 2.94881 1.74818 1.16466 1.52203 1.39005 3.25507 2.53965
threshold=132478.00000000003 18961.750000000004 79.750000000000014 409.75000000000006 2206.7500000000005 1622.5000000000002 84.250000000000014 456.25000000000006 2018.5000000000002
decision_type=2 2 2 2 2 2 2 2 2
left_child=1 2 4 -3 6 -6 7 -1 -8
right_child=-2 3 -4 -5 5 -7 8 -9 -10
leaf_value=0 0.17972246398778879 -0.10189160862325143 0.095858677499133113 -0 -0.10432941046463802 0 -0.089271943571498855 0.153779659988839 0.039561664146619088
leaf_count=657 42 173 221 140 169 194 165 123 116
internal_value=0 -0 0.0855442 -0.339768 -0 -0.220581 0.0834188 0.23108 -0.0987191
internal_count=2000 1958 1645 313 1424 363 1061 780 281
shrinkage=0.176478


Tree=23
num_leaves=9
num_cat=3
split_feature=1 3 1 0 8 7 5 9
split_gain=9.0688 3.77864 1.16864 0.986008 1.70956 0.658553 1.29575 0.487898
threshold=0 1730.5000000000002 1 10.750000000000002 100.75000000000001 1701.2500000000002 2019.2500000000002 2
decision_type=5 2 5 2 2 2 2 1
left_child=-1 2 7 4 5 -4 -7 -2
right_child=1 -3 3 -5 -6 6 -8 -9
leaf_value=-0.078868500577392031 0 0.16141747075627647 0.033755474847891577 -0 -0.0050876781979606323 0.17297040011420414 0 -0.052230063997674901
leaf_count=346 134 70 804 160 107 136 100 143
internal_value=0 0.200747 0.130327 0.18058 0.269488 0.350274 0.62802 -0.0677535
internal_count=2000 1654 1584 1307 1147 1040 236 277
cat_boundaries=0 3 5 6
cat_threshold=314061186 12300 16 21300224 268567104 2
shrinkage=0.176478


Tree=24
num_leaves=8
num_cat=1
split_feature=1 7 4 3 5 4 0
split_gain=7.09419 3.28653 2.48722 1.32153 0.589627 2.19148 0.790778
threshold=0 346413.00000000006 30447.250000000004 132.25000000000003 1922.5000000000002 1423.0000000000002 10.750000000000002
decision_type=5 2 2 2 2 2 2
left_child=-1 2 3 4 5 6 -2
right_child=1 -3 -4 -5 -6 -7 -8
leaf_value=-0.073418857916156377 0.017947487914321266 0.12879875523980597 -0.072258477296385959 0.088212388407465245 -0.022998196353229045 0.11992769333705623 -0.03716388528759932
leaf_count=346 915 67 124 182 128 101 137
internal_value=0 0.164071 0.0857911 0.161389 0.0669416 0.119497 0.00841122
internal_count=2000 1654 1587 1463 1281 1153 1052
cat_boundaries=0 3
cat_threshold=314061186 12300 16
shrinkage=0.176478


Tree=25
num_leaves=9
num_cat=3
split_feature=1 4 1 4 4 9 10 11
split_gain=5.20346 3.09039 1.3614 1.03193 1.76415 2.98214 1.74814 1.63973
threshold=0 126202.50000000001 1 19108.750000000004 147.25000000000003 2 302.50000000000006 691.00000000000011
decision_type=5 2 5 2 2 1 2 2
left_child=-1 2 -2 4 6 -6 7 -4
right_child=1 -3 3 -5 5 -7 -8 -9
leaf_value=-0.066687813936003468 -0.025264772202826462 0.14730607134582505 0.0032044609383351029 -0.0079404671301882782 0.15469787815581404 0 -0.039231101930295796 0.11811194737539123
leaf_count=329 207 37 634 152 171 150 205 115
internal_value=0 0.128073 0.0688504 0.127273 0.204493 0.482482 0.0497391 0.2014
internal_count=2000 1671 1634 1427 1275 321 954 749
cat_boundaries=0 3 5 6
cat_threshold=314057090 12300 16 4264992 268567104 2
shrinkage=0.176478


Tree=26
num_leaves=8
num_cat=1
split_feature=4 1 10 10 11 4 11
split_gain=3.69565 3.91913 1.6427 2.96553 2.4887 1.24459 0.474768
threshold=135130.00000000003 0 1864.7500000000002 302.50000000000006 847.00000000000011 15484.750000000002 424.75000000000006
decision_type=2 5 2 2 2 2 2
left_child=1 -1 3 4 5 6 -3
right_child=-2 2 -4 -5 -6 -7 -8
leaf_value=-0.066464733151232913 0.13115254094218912 0.023378601641947726 0.073087041415694984 -0.099339188817615859 0.088724403704475499 -0.057265864022134141 -0.010110621638237841
leaf_count=336 30 857 191 153 182 154 97
internal_value=0 -0.0342118 0.0563773 0 0.0789171 -0 0.0609036
internal_count=2000 1970 1634 1443 1290 1108 954
cat_boundaries=0 3
cat_threshold=312017280 268447752 16
shrinkage=0.176478


Tree=27
num_leaves=12
num_cat=2
split_feature=1 11 5 9 7 5 8 10 11 10 0
split_gain=3.81582 1.59542 1.22191 1.31106 3.09532 2.16301 2.01703 1.86622 0.868712 1.01506 0.363593
threshold=0 424.75000000000006 93199.750000000015 1 19322.500000000004 510.25000000000006 154.00000000000003 25.750000000000004 25500.250000000004 36.250000000000007 3.2500000000000004
decision_type=5 2 2 1 2 2 2 2 2 2 2
left_child=1 -1 3 5 8 -2 -7 -6 9 10 -5
right_child=2 -3 -4 4 7 6 -8 -9 -10 -11 -12
leaf_value=-0.13704517005141154 -0 -0 0.09859728744285616 -0.004874063882986274 -0.15142491869012398 0.13531646902872785 0 -0 -0.016590756616599447 0.096485825890804441 0.039854951952696518
leaf_count=253 549 131 32 219 96 150 108 104 136 112 110
internal_value=0 -0.332 0.0953802 0.0520982 -0.0412109 0.193879 0.445557 -0.490347 0.0852621 0.206057 0
internal_count=2000 384 1616 1584 777 807 258 200 577 441 329
cat_boundaries=0 3 4
cat_threshold=314062210 12300 16 2
shrinkage=0.176478


Tree=28
num_leaves=10
num_cat=1
split_feature=1 3 7 5 5 5 0 7 11
split_gain=2.35716 2.10066 0.804679 1.54484 1.144 1.10245 0.26968 0.354855 1.09125
threshold=0 1297.0000000000002 24532.750000000004 68.500000000000014 31432.000000000004 6313.7500000000009 10.750000000000002 1.7500000000000002 1441.0000000000002
decision_type=5 2 2 2 2 2 2 2 2
left_child=-1 2 3 6 5 -4 7 8 -2
right_child=1 -3 4 -5 -6 -7 -8 -9 -10
leaf_value=-0.049751390848577784 0.048558077754748671 0.089186993362679906 -0 0.081471526205819086 0.010935129058400198 -0.10105806039961447 -0.026101221324937834 -0.010391932158454211 -0.0031514556402730647
leaf_count=366 522 76 134 150 76 150 125 178 223
internal_value=0 0.0675256 0.00156095 0.0843646 -0.127576 -0.295356 0 0.0453249 0.110971
internal_count=2000 1634 1558 1198 360 284 1048 923 745
cat_boundaries=0 3
cat_threshold=330830208 12296 16
shrinkage=0.176478


Tree=29
num_leaves=11
num_cat=2
split_feature=4 4 3 9 5 10 10 6 8 9
split_gain=1.84025 1.23844 1.1186 2.71023 1.05787 0.728086 1.39733 0.585872 0.547862 0.0670003
threshold=135130.00000000003 30447.250000000004 79.750000000000014 0 1.7500000000000002 1864.7500000000002 84.250000000000014 11620.000000000002 409.75000000000006 1
decision_type=2 2 2 1 2 2 2 2 2 1
left_child=1 2 4 -4 5 6 9 -6 -3 -1
right_child=-2 8 3 -5 7 -7 -8 -9 -10 -11
leaf_value=-0 0.085955721290354364 -0.082860028082305096 0.10197250675821357 -0.017589942825191517 -0.069015603124618977 0.051367856040890829 -0.074426231575854027 -0 -0 0.012068965370275402
leaf_count=475 30 114 152 126 274 129 153 109 110 328
internal_value=0 -0.0441694 0 0.232422 -0.0539408 0 -0.0284916 -0.261032 -0.301725 0.0214313
internal_count=2000 1970 1746 278 1468 1085 956 383 224 803
cat_boundaries=0 1 2
cat_threshold=2 2
shrinkage=0.176478


Tree=30
num_leaves=12
num_cat=3
split_feature=1 4 4 1 10 10 9 11 11 6 0
split_gain=1.8118 0.90877 0.992497 0.978116 3.64007 2.0291 1.08364 0.750242 0.526611 0.126844 0.0489706
threshold=0 135130.00000000003 30447.250000000004 1 10.750000000000002 10.750000000000002 2 25500.250000000004 469.00000000000006 6406.7500000000009 1.7500000000000002
decision_type=5 2 2 5 2 2 1 2 2 2 2
left_child=-1 2 3 5 6 8 -5 -7 10 -8 -2
right_child=1 -3 -4 4 -6 7 9 -9 -10 -11 -12
leaf_value=-0.049858002498613517 0.0095192154226219333 0.070530081503355074 -0.042002435849553044 -0.058627205100476358 0.13016765693981572 -0 0.044913005074881926 -0.086257067414152191 0.064291681882078622 0 -0.0022650415761971089
leaf_count=306 387 30 172 128 158 129 151 159 90 110 180
internal_value=0 0.0443062 0.00343862 0.0621193 0.177303 -0.0157527 -0 -0.316494 0.102925 0.148802 0
internal_count=2000 1694 1664 1492 547 945 389 288 657 261 567
cat_boundaries=0 2 4 5
cat_threshold=314054016 12296 4268035 268436032 1
shrinkage=0.176478


Tree=31
num_leaves=10
num_cat=2
split_feature=1 5 1 5 11 5 6 11 6
split_gain=1.63151 1.01031 0.894177 1.13875 1.8046 1.62358 0.6448 0.0982215 0.000122863
threshold=0 109311.50000000001 1 1922.5000000000002 143.50000000000003 510.25000000000006 1.7500000000000002 847.00000000000011 97386.250000000015
decision_type=5 2 5 2 2 2 2 2 2
left_child=-1 2 -2 5 -5 6 7 -4 -6
right_child=1 -3 3 4 8 -7 -8 -9 -10
leaf_value=-0.049474500913666626 0.038768490844316945 0.075254211673587326 -0 -0.081634176495200467 -0 0.086100246217782284 -0.042906954432306348 0.014272532608028755 0.0007716052722433782
leaf_count=299 156 30 593 218 100 86 201 273 44
internal_value=0 0.0365334 0 -0.0281004 -0.215067 0.0243981 -0.0094751 0.0158027 0
internal_count=2000 1701 1671 1515 362 1153 1067 866 144
cat_boundaries=0 2 5
cat_threshold=314052992 12300 425988 327680 2048
shrinkage=0.176478


Tree=32
num_leaves=10
num_cat=2
split_feature=2 8 9 5 0 11 11 6 11
split_gain=1.14192 0.7698 1.04727 0.953225 0.960594 0.290176 0.952502 0.056483 0.0330491
threshold=0 49.750000000000007 1 2019.2500000000002 10.750000000000002 190.00000000000003 14005.750000000002 1042.0000000000002 41368.750000000007
decision_type=5 2 1 2 2 2 2 2 2
left_child=-1 3 -3 4 5 7 -7 -2 -8
right_child=1 2 -4 -5 -6 6 8 -9 -10
leaf_value=-0.038053045345828103 0.040628098622971162 0.066656509910320919 -0 -0.04768078105831805 -0.034303490653770204 -0.034382302223034719 0.052634825706511394 0 0
leaf_count=226 556 163 150 219 155 181 97 129 124
internal_value=0 0.0355705 0.196407 -0 0.0381088 0.117181 0 0.192708 0.203923
internal_count=2000 1774 313 1461 1242 1087 402 685 221
cat_boundaries=0 2 3
cat_threshold=268764560 34079242 2
shrinkage=0.176478


Tree=33
num_leaves=10
num_cat=0
split_feature=11 8 7 7 11 3 7 11 7
split_gain=5.35587 2.14789 2.51996 1.81176 1.47517 0.837954 0.487493 0.0630184 0.580328
threshold=456.25000000000006 7.7500000000000009 7657.0000000000009 182719.00000000003 99332.500000000015 135.25000000000003 3.2500000000000004 1384.7500000000002 145401.00000000003
decision_type=2 2 2 2 2 2 2 2 2
left_child=1 2 6 5 7 -3 -1 -2 -9
right_child=4 3 -4 -5 -6 -7 -8 8 -10
leaf_value=0.039480160683284346 -0 0 0.14869874300458399 0.05036148965389646 0.0078167977159642257 -0.080894622546044681 -0 -0.082038309911278903 -0
leaf_count=544 119 110 178 141 96 136 216 382 78
internal_value=0 0.226002 0.373252 -0 -0.234127 -0.24376 0.149506 -0.327026 -0.370286
internal_count=2000 1325 938 387 675 246 760 579 460
shrinkage=0.176478


Tree=34
num_leaves=10
num_cat=1
split_feature=11 1 11 11 4 4 5 4 5
split_gain=3.7624 1.92257 1.23615 1.19146 0.813653 0.821795 0.707675 1.44728 0.30883
threshold=456.25000000000006 0 99332.500000000015 25.000000000000004 852.25000000000011 12719.500000000002 26002.000000000004 10924.000000000002 25.000000000000004
decision_type=2 5 2 2 2 2 2 2 2
left_child=1 -1 4 6 -2 -6 7 8 -3
right_child=2 3 -4 -5 5 -7 -8 -9 -10
leaf_value=-0.026891922914134191 -0.079633960661298478 0.022670715443994911 0.00652911309350506 0.11220225927795877 0.027273445342284684 -0.045817613051958549 -0 0.097223749335052539 -0.00085368574550664434
leaf_count=179 341 625 96 94 113 125 83 179 165
internal_value=0 0.183013 -0.203983 0.232049 -0.293878 -0.00722636 0.158499 0.218601 0.0448715
internal_count=2000 1325 675 1146 579 238 1052 969 790
cat_boundaries=0 2
cat_threshold=34374016 268435972
shrinkage=0.176478


Tree=35
num_leaves=10
num_cat=1
split_feature=2 11 6 0 5 10 5 10 0
split_gain=2.91631 2.40378 1.39292 2.22343 2.04316 0.846192 0.46315 0.489981 0.143376
threshold=0 456.25000000000006 177081.50000000003 1.7500000000000002 1.7500000000000002 2140.7500000000005 15557.500000000002 13.750000000000002 9.2500000000000018
decision_type=5 2 2 2 2 2 2 2 2
left_child=-1 2 3 4 -2 6 7 -3 -5
right_child=1 5 -4 8 -6 -7 -8 -9 -10
leaf_value=-0.05320210118048626 0.016138041506418122 -0 -0.010626711054156772 -0.018270599417101751 0.12128272271526538 0.015140751378639466 0 -0.078027747666544828 0.01287221285950422
leaf_count=239 461 161 66 185 305 154 57 226 146
internal_value=0 0.0941711 0.230378 0.289922 0.428024 -0.0808077 -0.200443 -0.276499 -0
internal_count=2000 1761 1163 1097 766 598 444 387 331
cat_boundaries=0 3
cat_threshold=805309844 768 1024
shrinkage=0.176478


Tree=36
num_leaves=11
num_cat=2
split_feature=1 4 8 11 8 0 11 9 11 11
split_gain=2.17365 1.81163 3.71573 0.892474 0.906299 0.777765 0.599629 0.54794 0.248509 0.465427
threshold=0 250.75000000000003 7.7500000000000009 143.50000000000003 176.50000000000003 1.7500000000000002 162.25000000000003 1 14005.750000000002 3.2500000000000004
decision_type=5 2 2 2 2 2 2 1 2 2
left_child=6 5 -3 4 -4 7 -1 -2 9 -9
right_child=1 2 3 -5 -6 -7 -8 8 -10 -11
leaf_value=-0 0.03540341677265256 0.1128458544841105 -0.061583435335482342 0.04223112592029369 0 -0.041186402164683451 -0.11219975061794547 0 0 -0.057828207890990892
leaf_count=256 343 212 134 132 114 302 150 147 105 105
internal_value=0 0.0796798 0.235805 0 -0.104938 -0.0237743 -0.243393 0.0242943 -0.0258458 -0.141304
internal_count=2000 1594 592 380 248 1002 406 700 357 252
cat_boundaries=0 2 3
cat_threshold=36406688 644 2
shrinkage=0.176478


Tree=37
num_leaves=12
num_cat=1
split_feature=1 4 4 6 3 0 11 11 11 6 4
split_gain=1.66646 1.22921 3.17609 1.64867 2.72438 0.568729 0.380542 0.345929 1.25092 0.170833 0.523223
threshold=0 250.75000000000003 2558.5000000000005 11620.000000000002 90.250000000000014 1.7500000000000002 162.25000000000003 3.2500000000000004 14005.750000000002 182263.50000000003 23104.000000000004
decision_type=5 2 2 2 2 2 2 2 2 2 2
left_child=6 5 -3 -4 -5 7 -1 -2 -9 10 -6
right_child=1 2 3 4 9 -7 -8 8 -10 -11 -12
leaf_value=-0 0.025456004780185577 0.14305776817884167 -0.051607642101631677 0.11785840237246326 -0 -0.035546359645475943 -0.1023429215138828 -0.062817885014143093 0.026075878917521594 -0.020602165102046398 0.044227569470134127
leaf_count=256 425 110 120 100 102 302 150 142 133 46 114
internal_value=0 0.0666663 0.193311 0.0366673 0.175199 -0.0145456 -0.218983 0.0203084 -0.0192319 -0 0.0594837
internal_count=2000 1594 592 482 362 1002 406 700 275 262 216
cat_boundaries=0 2
cat_threshold=36406688 644
shrinkage=0.176478


Tree=38
num_leaves=11
num_cat=4
split_feature=2 4 6 5 9 6 1 9 5 0
split_gain=2.04564 1.02911 1.73269 0.884893 2.02456 1.48015 0.853498 0.220029 0.18859 0.0236414
threshold=0 250.75000000000003 177081.50000000003 5351.5000000000009 1 6723.2500000000009 2 3 1488.2500000000002 4.7500000000000009
decision_type=5 2 2 2 1 2 5 1 2 2
left_child=-1 6 3 5 -5 -3 7 9 -7 -2
right_child=1 2 -4 4 -6 8 -8 -9 -10 -11
leaf_value=-0.052829210787186019 -0.0061461250135129491 0.066950550280971438 -0.017543252907245573 0.0015017385254591008 0.14409448853497864 -0.039396719824077386 -0.037179040663941315 0.023744625582155936 0 0.0024095505478115942
leaf_count=232 341 162 90 140 142 87 237 387 81 101
internal_value=0 0.0561256 0.16377 0.271212 0.439397 0.0382263 -0.0195275 0.0308822 -0.104766 -0
internal_count=2000 1768 702 612 282 330 1066 829 168 442
cat_boundaries=0 3 4 5 6
cat_threshold=805571860 768 1024 2 268435463 1
shrinkage=0.176478


Tree=39
num_leaves=11
num_cat=3
split_feature=1 4 4 2 4 11 11 0 9 11
split_gain=1.46368 0.94267 1.73812 2.29249 2.40452 1.86637 0.529642 0.442167 0.178363 0.140127
threshold=0 379.00000000000006 2558.5000000000005 1 10924.000000000002 143.50000000000003 162.25000000000003 1.7500000000000002 2 14005.750000000002
decision_type=5 2 2 5 2 2 2 2 1 2
left_child=6 7 -3 4 -4 -5 -1 8 9 -2
right_child=1 2 3 5 -6 -7 -8 -9 -10 -11
leaf_value=-0 -0.018585463422552809 0.10988509833887354 -0 -0.071249770187991349 0.12999385533175134 0.013487627088433244 -0.1022605262550014 -0.032385099991340878 0.019384579178804907 0
leaf_count=287 251 94 66 188 111 85 167 300 347 104
internal_value=0 0.0498317 0.16179 0.0334415 0.264928 -0.122424 -0.213607 -0.0197754 0.00354314 -0.00171446
internal_count=2000 1546 544 450 177 273 454 1002 702 355
cat_boundaries=0 2 3 4
cat_threshold=36410786 131716 1 1
shrinkage=0.176478


Tree=40
num_leaves=9
num_cat=2
split_feature=1 10 10 11 2 6 7 10
split_gain=1.24554 3.12424 1.9328 1.95154 1.28619 1.71388 1.19702 0.762099
threshold=0 10.750000000000002 128.50000000000003 10904.500000000002 1 6389.5000000000009 558.25000000000011 2608.0000000000005
decision_type=5 2 2 2 5 2 2 2
left_child=1 6 4 -4 5 -2 -1 -3
right_child=2 7 3 -5 -6 -7 -8 -9
leaf_value=0.016093169306260653 -0.057947839061391906 -0.064226918359705162 0.10053650113154891 -0.0090452013570720292 -0.06108295146019891 0.050898982884934114 0.10371426347016077 0
leaf_count=594 147 201 80 159 426 130 169 94
internal_value=0 0.0924056 -0.10465 0.121857 -0.254378 0 0.283998 -0.203895
internal_count=2000 1058 942 239 703 277 763 295
cat_boundaries=0 3 5
cat_threshold=293601285 268443720 268435472 8388609 8
shrinkage=0.176478


Tree=41
num_leaves=12
num_cat=2
split_feature=1 5 5 1 4 4 7 11 11 4 8
split_gain=1.14429 0.702045 2.80207 1.52901 1.90139 0.957369 0.310723 0.213625 0.584498 0.110984 0.0589328
threshold=0 5351.5000000000009 24007.750000000004 1 438.25000000000006 10924.000000000002 268807.50000000006 456.25000000000006 14005.750000000002 254.50000000000003 229.75000000000003
decision_type=5 2 2 5 2 2 2 2 2 2 2
left_child=-1 3 -3 4 7 9 -4 -2 -9 -5 -8
right_child=1 2 6 5 -6 -7 10 8 -10 -11 -12
leaf_value=-0.039091726555240701 0.013076177741585366 0.097941551514577452 -0.038295987772865608 -0 0.10741403594345124 0 0.016202696173681978 -0.054600700832077312 0 -0.087800121165234446 -0
leaf_count=342 545 191 64 142 76 96 44 146 154 170 30
internal_value=0 0.0324673 0.166479 -0.000155659 0.0844751 -0.184556 -0.00507567 0 -0.0713335 -0.393611 0
internal_count=2000 1658 329 1329 921 408 138 845 300 312 74
cat_boundaries=0 2 4
cat_threshold=36222370 131716 285212689 268435464
shrinkage=0.176478


Tree=42
num_leaves=11
num_cat=2
split_feature=2 6 5 6 5 4 10 0 9 10
split_gain=0.806836 0.347889 1.33906 1.82909 0.983876 0.65748 0.353595 0.264378 0.190253 0.0177748
threshold=0 177081.50000000003 5351.5000000000009 927.25000000000011 24007.750000000004 4602.2500000000009 10.750000000000002 6.2500000000000009 1 469.00000000000006
decision_type=5 2 2 2 2 2 2 2 1 2
left_child=-1 2 3 6 -4 -5 7 8 -2 -8
right_child=1 -3 4 5 -6 -7 9 -9 -10 -11
leaf_value=-0.037357693259548859 -0 -0.018886410418113321 0.085565069533938082 -0.070604697179407622 0 -0 -0.0089312020980603733 0.067530117703524059 0.021860718551758602 0
leaf_count=192 250 105 189 239 108 138 134 127 369 149
internal_value=0 0.0186785 0.0533629 -0 0.269018 -0.247993 0.0965435 0.154474 0.0360992 -0
internal_count=2000 1808 1703 1406 297 377 1029 746 619 283
cat_boundaries=0 3 4
cat_threshold=268438804 256 1024 1
shrinkage=0.176478


Tree=43
num_leaves=12
num_cat=2
split_feature=1 8 11 11 2 7 8 11 5 7 7
split_gain=0.863971 0.685686 0.481691 0.753901 0.990007 3.62575 2.71077 0.744704 0.495268 0.17299 0.00846188
threshold=0 285.25000000000006 1384.7500000000002 25.000000000000004 1 47939.500000000007 18.250000000000004 80202.250000000015 156.25000000000003 806.50000000000011 940.00000000000011
decision_type=5 2 2 2 5 2 2 2 2 2 2
left_child=1 -1 3 4 5 10 -6 8 -4 -5 -2
right_child=2 -3 7 9 6 -7 -8 -9 -10 -11 -12
leaf_value=-0.091721558664949979 0 -0 -0.059356682297176153 0 0.029667056089477797 0.14309421229669825 -0.089620909341246363 0.017834774082588285 -0 0.071452792161491044 -0.0053479166558710435
leaf_count=267 498 113 238 124 128 59 173 101 98 71 130
internal_value=0 -0.18491 0.023693 0.0798454 0 0.106264 -0.12904 -0.0627546 -0.201261 0.263853 -0
internal_count=2000 380 1620 1183 988 687 301 437 336 195 628
cat_boundaries=0 2 3
cat_threshold=36541858 131712 1
shrinkage=0.176478


Tree=44
num_leaves=11
num_cat=2
split_feature=1 11 10 3 1 4 3 4 11 0
split_gain=2.96438 3.18705 3.95166 1.0252 1.28949 0.487559 1.75419 0.711282 0.340971 0.186474
threshold=0 18401.500000000004 1382.5000000000002 1502.5000000000002 1 1867.0000000000002 170.50000000000003 13754.500000000002 456.25000000000006 1.7500000000000002
decision_type=5 2 2 2 5 2 2 2 2 2
left_child=-1 3 -3 4 8 -6 7 -7 9 -2
right_child=1 2 -4 -5 5 6 -8 -9 -10 -11
leaf_value=-0.046208003675436753 0.0096358027122865012 0.1656734104457131 -0 -0.056309080206494291 0.08224011072677255 -0.057708034948633802 0.071084624612836655 0 -0.043103182916717588 -0.021990219716262051
leaf_count=323 391 151 151 58 260 106 123 86 169 182
internal_value=0 0.121014 0.516196 0.0193067 0.0745746 0.187476 0.07446 -0.0816073 -0.0446261 -0
internal_count=2000 1677 302 1375 1317 575 315 192 742 573
cat_boundaries=0 3 4
cat_threshold=42250640 268587520 2048 196609
shrinkage=0.176478


Tree=45
num_leaves=9
num_cat=0
split_feature=5 4 5 7 7 10 0 10
split_gain=2.84444 2.77262 2.10245 1.93772 1.50571 1.06964 1.1795 0.538132
threshold=1863.2500000000002 4602.2500000000009 100650.25000000001 2353.0000000000005 94.750000000000014 881.50000000000011 1.7500000000000002 10.750000000000002
decision_type=2 2 2 2 2 2 2 2
left_child=1 3 7 4 5 6 -1 -2
right_child=2 -3 -4 -5 -6 -7 -8 -9
leaf_value=0.049644075663552535 -0.066984340231245845 0.12691672400201801 0.037046002877789946 -0.051832736148516113 0.11275666569395405 -0.040395274056649118 -0.0043184464164074919 -0
leaf_count=563 388 111 41 193 176 138 221 169
internal_value=0 0.168186 -0.161428 0.0575261 0.162795 0.0499871 0.15056 -0.287773
internal_count=2000 1402 598 1291 1098 922 784 557
shrinkage=0.176478


Tree=46
num_leaves=11
num_cat=1
split_feature=1 5 8 11 0 11 11 11 4 0
split_gain=3.32981 2.18778 1.28677 1.80625 2.00842 0.173358 1.05683 0.276675 0.199716 0.359626
threshold=0 1922.5000000000002 4.7500000000000009 26170.750000000004 1.7500000000000002 10322.500000000002 42622.000000000007 456.25000000000006 438.25000000000006 1.7500000000000002
decision_type=5 2 2 2 2 2 2 2 2 2
left_child=1 -1 5 4 -4 7 -7 8 9 -2
right_child=2 -3 3 -5 -6 6 -8 -9 -10 -11
leaf_value=0.14758652357296115 0.0012683495706241187 0 -0.095051356854775115 0.015782309173542126 0 0.071279199947667432 -0 -0.034807273965094844 0.024360496544743305 -0.034882162872459085
leaf_count=253 441 144 284 65 93 137 122 153 117 191
internal_value=0 0.331687 -0.0589196 -0.229683 -0.365901 0 0.10953 -0.00378782 0 -0.00702175
internal_count=2000 397 1603 442 377 1161 259 902 749 632
cat_boundaries=0 3
cat_threshold=290063398 262212 16
shrinkage=0.176478


Tree=47
num_leaves=11
num_cat=1
split_feature=1 5 8 8 8 5 4 0 10 10
split_gain=2.30466 1.31543 1.16442 2.33601 0.926742 0.231621 1.12498 1.29405 0.710665 0.444199
threshold=0 1922.5000000000002 4.7500000000000009 47.500000000000007 192.25000000000003 2019.2500000000002 438.25000000000006 4.7500000000000009 881.50000000000011 1.7500000000000002
decision_type=5 2 2 2 2 2 2 2 2 2
left_child=1 -1 5 -4 -5 6 7 8 9 -2
right_child=2 -3 3 4 -6 -7 -8 -9 -10 -11
leaf_value=0.12621027567645052 0.0034811430210731822 0 -0.12605091210437497 0.033867020287274278 -0.035467906066114628 -0.021707794548931028 0.063294099573858995 -0.056413688524669221 -0.020732196101123094 0.075857225602033077
leaf_count=211 504 160 114 127 195 93 132 221 118 125
internal_value=0 0.273858 -0.0468654 -0.217059 -0 0.00586819 0.0494868 -0 0.0752276 0.168884
internal_count=2000 371 1629 436 322 1193 1100 968 747 629
cat_boundaries=0 3
cat_threshold=285803558 262212 16
shrinkage=0.176478


Tree=48
num_leaves=11
num_cat=2
split_feature=1 11 6 6 1 5 10 6 11 11
split_gain=1.74925 0.838219 0.785019 3.49824 0.784976 0.820793 0.382999 0.247732 0.22568 0.00592437
threshold=0 847.00000000000011 1918.0000000000002 42301.000000000007 1 1189.0000000000002 107.50000000000001 3940.7500000000005 38638.750000000007 3.2500000000000004
decision_type=5 2 2 2 5 2 2 2 2 2
left_child=2 4 -1 -4 9 7 -3 -6 -8 -2
right_child=1 6 3 -5 5 -7 8 -9 -10 -11
leaf_value=0.12237498448587625 0.0028105494992706906 0.036125094482077805 -0.050783625953112803 0.10853072110452854 -0.032197911084093783 -0.073781178471845746 -0.028690147537108201 0.011305289922999937 0.0088728364954620016 -0
leaf_count=150 525 150 154 85 171 260 153 75 198 79
internal_value=0 -0.0443464 0.226708 0.0714307 -0.127142 -0.208871 0.0590203 -0 -0 0
internal_count=2000 1611 389 239 1110 506 501 246 351 604
cat_boundaries=0 3 5
cat_threshold=285803558 262220 16 294913 268443648
shrinkage=0.176478


Tree=49
num_leaves=11
num_cat=2
split_feature=2 1 10 11 10 11 4 10 6 0
split_gain=2.5778 1.39464 2.59313 2.94547 2.07801 1.027 0.536986 0.268338 0.0976566 0.0852939
threshold=0 1 1382.5000000000002 18401.500000000004 10.750000000000002 456.25000000000006 438.25000000000006 152.50000000000003 69409.000000000015 1.7500000000000002
decision_type=5 5 2 2 2 2 2 2 2 2
left_child=-1 2 3 5 8 6 9 -6 -3 -2
right_child=1 4 -4 -5 7 -7 -8 -9 -10 -11
leaf_value=0.05743204033164067 0.011791706974715821 -0.082115424135146359 -0.076506902521860459 0.13769237712748486 0.035585966898121588 -0.046433101216521347 0.061354455099169564 -0 -0.0029017486920131339 -0.0021414181590482871
leaf_count=236 389 375 140 95 55 158 133 158 99 162
internal_value=0 -0.0457275 0.0402639 0.160405 -0.172553 0.0185979 0.123868 0.00130055 -0.383361 0
internal_count=2000 1764 1077 937 687 842 684 213 474 551
cat_boundaries=0 3 5
cat_threshold=276830256 663552 9216 289506305 76
shrinkage=0.176478


Tree=50
num_leaves=12
num_cat=2
split_feature=1 6 5 7 1 6 0 6 3 10 5
split_gain=1.32802 1.196 3.35628 1.88776 0.869185 1.78238 0.526273 0.393822 0.257822 0.195049 0.16452
threshold=0 37411.000000000007 22582.750000000004 19322.500000000004 1 1844.5000000000002 4.7500000000000009 14377.000000000002 1502.5000000000002 384.25000000000006 13912.750000000002
decision_type=5 2 2 2 5 2 2 2 2 2 2
left_child=10 3 -3 4 6 -6 9 -5 -4 -2 -1
right_child=1 2 8 7 5 -7 -8 -9 -10 -11 -12
leaf_value=-0.079113351845978425 0.016708064210376964 0.14937835127890955 0.022074486304903856 -0.092304228202127039 0.098586057330292076 -0 -0.039714055408852159 -0 -0.023142120650403615 -0 -0
leaf_count=241 523 85 88 88 239 115 219 112 59 125 106
internal_value=0 0.0674035 0.281856 0 0.0859533 0.211317 -0 -0.3375 0 0.0344332 -0.186739
internal_count=2000 1653 232 1421 1221 354 867 200 147 648 347
cat_boundaries=0 3 4
cat_threshold=42283408 268587520 2048 132097
shrinkage=0.176478


Tree=51
num_leaves=10
num_cat=2
split_feature=2 6 7 6 10 10 9 4 7
split_gain=1.90084 0.715021 3.72968 1.43762 0.883391 1.61244 0.407179 0.181975 0.0970545
threshold=0 42301.000000000007 19322.500000000004 84234.250000000015 881.50000000000011 71.500000000000014 1 113075.00000000001 3.2500000000000004
decision_type=5 2 2 2 2 2 1 2 2
left_child=-1 2 4 -3 5 6 8 -5 -2
right_child=1 3 -4 7 -6 -7 -8 -9 -10
leaf_value=0.048086315642013495 0.018845982208708634 0.073171540631634321 -0.095200602155627451 0 -0.049217091666803568 0.079701130134959192 -0.022891836500874355 -0.031310670665290488 -0
leaf_count=226 365 112 280 113 184 144 346 42 188
internal_value=0 -0.047211 -0.108477 0.0681099 0 0.0598802 -0 -0.0436772 0.0615147
internal_count=2000 1774 1507 267 1227 1043 899 155 553
cat_boundaries=0 3 4
cat_threshold=276830256 663552 8192 2
shrinkage=0.176478


Tree=52
num_leaves=10
num_cat=3
split_feature=2 1 3 6 3 3 0 0 9
split_gain=1.54147 0.966238 1.01301 0.656002 0.590624 0.413063 0.571561 0.243648 0.260719
threshold=0 1 24.250000000000004 77962.000000000015 934.75000000000011 1.7500000000000002 3.2500000000000004 1.7500000000000002 2
decision_type=5 5 2 2 2 2 2 2 1
left_child=-1 2 7 5 -5 -3 -7 8 -2
right_child=1 3 -4 4 -6 6 -8 -9 -10
leaf_value=0.043378631773838203 -0.0043714384654381881 -0 0.053831788043697058 0.038865214629891974 -0.034899265282876353 -0.084803430822177533 -0 -0.024330366304810565 0.022527403529651335
leaf_count=205 334 209 167 57 73 258 102 283 312
internal_value=0 -0.0402099 0.0265098 -0.148445 0 -0.269624 -0.354352 -0.00601411 0.000924212
internal_count=2000 1795 1096 699 130 569 360 929 646
cat_boundaries=0 3 5 6
cat_threshold=276828208 663552 9216 289506305 8268 1
shrinkage=0.176478


Tree=53
num_leaves=10
num_cat=2
split_feature=2 1 10 10 6 6 0 10 5
split_gain=1.3202 0.873161 1.30942 1.04024 0.784306 0.602267 0.368602 0.186636 0.0566464
threshold=0 1 2018.5000000000002 10.750000000000002 42301.000000000007 2280.2500000000005 1.7500000000000002 152.50000000000003 727.75000000000011
decision_type=5 5 2 2 2 2 2 2 2
left_child=-1 2 4 8 5 6 -2 -5 -3
right_child=1 3 -4 7 -6 -7 -8 -9 -10
leaf_value=0.041385154926002837 0.028014159589808778 -0 -0.05915358327153751 0.02743712424652835 0.080226504234497883 -0.034091657674111563 -0 -0.0096457589392547321 -0.066714069611348695
leaf_count=203 577 167 133 49 67 142 281 136 245
internal_value=0 -0.0356666 0.023767 -0.142323 0.104248 0.0226521 0.0957831 0 -0.305095
internal_count=2000 1797 1200 597 1067 1000 858 185 412
cat_boundaries=0 3 5
cat_threshold=276826160 663552 8192 290161665 8268
shrinkage=0.176478


Tree=54
num_leaves=11
num_cat=2
split_feature=2 5 6 6 6 10 11 10 9 0
split_gain=1.06838 1.95706 0.390869 1.09808 1.06405 0.509805 1.2453 0.35397 0.229472 1.38113
threshold=0 3008.5000000000005 42301.000000000007 2280.2500000000005 84234.250000000015 881.50000000000011 19354.750000000004 37.750000000000007 1 6.2500000000000009
decision_type=5 2 2 2 2 2 2 2 1 2
left_child=1 -1 3 5 -4 6 8 -6 -2 -10
right_child=2 -3 4 -5 7 -7 -8 -9 9 -11
leaf_value=0.13180916363096226 0.0058482365015725497 -0 0.060311613450329454 -0.048484781350188216 -0.036934934719902592 -0.043269407135973291 0.078934038608937815 0 -0.057677871569337416 0.026549739387284915
leaf_count=113 503 98 112 400 105 163 80 51 287 88
internal_value=0 0.203813 -0.0342989 -0.0821047 0.0390708 -0 0.0356277 -0.0498334 -0 -0.103572
internal_count=2000 211 1789 1521 268 1121 958 156 878 375
cat_boundaries=0 2 3
cat_threshold=276830256 663552 2
shrinkage=0.176478


Tree=55
num_leaves=10
num_cat=1
split_feature=2 10 11 11 5 5 11 11 5
split_gain=4.8712 2.62069 2.20948 0.998671 0.93062 2.74515 0.467028 0.121843 0.0428913
threshold=0 2140.7500000000005 30176.500000000004 25.000000000000004 40.750000000000007 1922.5000000000002 6631.7500000000009 691.00000000000011 64876.750000000007
decision_type=5 2 2 2 2 2 2 2 2
left_child=-1 2 3 4 -2 -6 7 -5 -7
right_child=1 -3 -4 6 5 8 -8 -9 -10
leaf_value=0.051461377436047256 -0.083308220677681399 0.02410470621020144 -0.1500976945714915 -0 0.04676571830810506 -0.020048527991448351 -0.042986923803048242 0.025127114511044744 -0.10214622366958755
leaf_count=210 659 181 138 120 140 252 128 130 42
internal_value=0 -0.241672 -0.32504 -0.240392 -0.315869 -0.108533 -0 0.0260563 -0.345286
internal_count=2000 1790 1609 1471 1093 434 378 250 294
cat_boundaries=0 3
cat_threshold=8394772 584 8192
shrinkage=0.176478


Tree=56
num_leaves=7
num_cat=1
split_feature=1 0 3 10 0 6
split_gain=4.80348 5.33905 2.04993 2.2474 1.28124 0.328134
threshold=0 16.750000000000004 190.75000000000003 448.75000000000006 6.2500000000000009 12193.750000000002
decision_type=5 2 2 2 2 2
left_child=-1 2 3 4 5 -2
right_child=1 -3 -4 -5 -6 -7
leaf_value=0.051212994350640091 -0.068686024864803311 0.088940427383503967 -0.10843897232582329 0.029516492240071086 0 -0
leaf_count=307 823 95 300 201 163 111
internal_value=0 -0.222553 -0.324448 -0.193107 -0.281409 -0.346482
internal_count=2000 1693 1598 1298 1097 934
cat_boundaries=0 2
cat_threshold=9052320 268505600
shrinkage=0.176478


Tree=57
num_leaves=9
num_cat=1
split_feature=1 0 3 6 0 3 4 4
split_gain=3.83189 3.10546 1.65972 0.798827 0.728948 0.535636 0.0156078 0.360442
threshold=0 16.750000000000004 16.750000000000004 2916.2500000000005 6.2500000000000009 9.2500000000000018 52332.250000000007 17360.500000000004
decision_type=5 2 2 2 2 2 2 2
left_child=5 2 3 4 -2 -1 7 -4
right_child=1 -3 6 -5 -6 -7 -8 -9
leaf_value=0 -0.044658833581516032 0.053459635702229467 -0.068784713214512322 0.013162134876034471 0 0.082704751499776963 -0.13360748162502784 -0
leaf_count=199 788 93 242 84 148 208 106 132
internal_value=0 -0.201495 -0.293052 -0.124439 -0.190359 0.216395 -0.490094 -0.290325
internal_count=2000 1593 1500 1020 936 407 480 374
cat_boundaries=0 2
cat_threshold=9314480 268505612
shrinkage=0.176478


Tree=58
num_leaves=7
num_cat=2
split_feature=2 1 0 5 10 11
split_gain=3.3095 3.65413 1.73251 0.851151 0.923943 0.454476
threshold=0 1 6.2500000000000009 116.50000000000001 71.500000000000014 25.000000000000004
decision_type=5 5 2 2 2 2
left_child=-1 3 -3 4 5 -2
right_child=1 2 -4 -5 -6 -7
leaf_value=0.046724577145177998 -0.042609082735012654 -0.096508475368230567 -0 0.046959268117394613 0.029486061714932406 0
leaf_count=213 511 586 145 192 224 129
internal_value=0 -0.164773 -0.35487 0.0135412 -0.0245281 -0.15583
internal_count=2000 1787 731 1056 864 640
cat_boundaries=0 3 5
cat_threshold=8395028 72 8192 42115345 268439564
shrinkage=0.176478


Tree=59
num_leaves=9
num_cat=1
split_feature=2 0 4 5 10 0 4 4
split_gain=2.5859 2.29764 1.04991 4.38247 0.458298 0.456229 0.0311357 0.435681
threshold=0 18.250000000000004 3344.5000000000005 510.25000000000006 448.75000000000006 1.7500000000000002 24821.500000000004 70366.750000000015
decision_type=5 2 2 2 2 2 2 2
left_child=-1 2 3 4 -2 6 -4 -8
right_child=1 -3 5 -5 -6 -7 7 -9
leaf_value=0.041816490759084987 -0.047715573166485989 0.05858116846153362 -0.10663874008215316 0.099044093446018264 0 -0 0 -0.054515018480263015
leaf_count=213 900 85 239 141 165 92 98 67
internal_value=0 -0.138513 -0.211151 -0.0781573 -0.226916 -0.370198 -0.432785 -0.158191
internal_count=2000 1787 1702 1206 1065 496 404 165
cat_boundaries=0 3
cat_threshold=8395028 72 8192
shrinkage=0.176478


Tree=60
num_leaves=9
num_cat=1
split_feature=1 5 3 10 5 11 3 11
split_gain=3.11974 1.6133 2.95259 1.43255 1.35346 1.23446 0.984461 0.716001
threshold=0 472.75000000000006 220.00000000000003 448.75000000000006 8131.0000000000009 5749.7500000000009 670.00000000000011 25.000000000000004
decision_type=5 2 2 2 2 2 2 2
left_child=-1 3 4 5 -3 7 -4 -2
right_child=1 2 6 -5 -6 -7 -8 -9
leaf_value=-0.059117248044341784 -0.027934849986278647 0.13680684724657788 -0.057845066264282652 0.04858667602959988 0 -0.10441110928261735 0.021028547338595386 0.021965135662509527
leaf_count=371 689 165 113 172 87 107 136 160
internal_value=0 0.0349704 0.217554 -0.0586468 0.537368 -0.161594 -0 -0.0315185
internal_count=2000 1629 501 1128 252 956 249 849
cat_boundaries=0 3
cat_threshold=319882502 270408 2064
shrinkage=0.176478


Tree=61
num_leaves=7
num_cat=1
split_feature=1 5 6 5 4 10
split_gain=2.43951 2.05317 1.47952 5.77323 0.194494 0.114353
threshold=0 1488.2500000000002 12193.750000000002 13471.750000000002 54421.000000000007 448.75000000000006
decision_type=5 2 2 2 2 2
left_child=1 5 -2 -4 -5 -1
right_child=2 -3 3 4 -6 -7
leaf_value=-0.0048946961542204303 -0.075324527247200915 0.087337181550999662 0.085028715787284492 -0.0097723542244600725 -0.1095390314962237 0.020077632727563206
leaf_count=804 481 167 194 118 82 154
internal_value=0 0.0914173 -0.191452 -0.0118398 -0.429437 -0
internal_count=2000 1125 875 394 200 958
cat_boundaries=0 2
cat_threshold=9085105 268505600
shrinkage=0.176478


Tree=62
num_leaves=10
num_cat=2
split_feature=1 7 4 8 3 8 11 9 11
split_gain=2.18586 0.82547 3.02855 1.17266 1.66573 1.08268 0.120683 0.0290468 0.0103959
threshold=0 1937.5000000000002 3446.5000000000005 1138.0000000000002 208.75000000000003 11.500000000000002 847.00000000000011 1 25500.250000000004
decision_type=5 2 2 2 2 2 2 1 2
left_child=-1 6 -3 4 5 -4 7 -2 -8
right_child=1 2 3 -5 -6 -7 8 -9 -10
leaf_value=-0.052487097075085892 -0 0.097168151478167458 -0.018624293484758116 0.058626313297956228 -0.072987625909234244 0.07053201769503456 0.0070568914491503003 -0.023475803704313687 -0
leaf_count=351 256 237 79 84 168 107 151 425 142
internal_value=0 0.0248373 0.135834 -0 -0.135754 0.0229752 -0.0523653 -0.0934006 0
internal_count=2000 1649 675 438 354 186 974 681 293
cat_boundaries=0 3 4
cat_threshold=319882502 270400 2064 1
shrinkage=0.176478


Tree=63
num_leaves=6
num_cat=2
split_feature=1 5 2 0 0
split_gain=1.76204 1.82869 1.34191 0.771156 0.534346
threshold=0 3754.7500000000005 1 6.2500000000000009 3.2500000000000004
decision_type=5 2 5 2 2
left_child=1 4 -2 -4 -1
right_child=2 -3 3 -5 -6
leaf_value=-0.013151427550676952 0.016118591408124681 0.089620533126965551 -0.066715171434709813 -0 0.032168823034241054
leaf_count=713 105 130 618 144 290
internal_value=0 0.0752221 -0.164575 -0.244234 -0
internal_count=2000 1133 867 762 1003
cat_boundaries=0 2 4
cat_threshold=9085089 70156 8395028 8
shrinkage=0.176478


Tree=64
num_leaves=11
num_cat=1
split_feature=1 10 11 11 11 4 3 0 4 4
split_gain=1.5613 0.602611 2.83408 1.05056 0.657391 0.388082 2.81421 0.542781 0.502317 0.0248061
threshold=0 448.75000000000006 10114.750000000002 847.00000000000011 42214.750000000007 4066.0000000000005 1.7500000000000002 6.2500000000000009 17799.250000000004 59307.250000000007
decision_type=5 2 2 2 2 2 2 2 2 2
left_child=-1 2 3 5 -3 6 7 -2 -7 -10
right_child=1 4 -4 -5 -6 8 -8 -9 9 -11
leaf_value=-0.04470461809789477 -0.025643551981847364 -0 -0.097568130941498493 0.078563014418023214 0.071461040353914318 -0.057602311340897959 0.11746433755516016 0.021769710982826498 0.0093578359619485973 -0.004314438821285258
leaf_count=356 564 130 133 122 135 99 125 156 111 69
internal_value=0 0.0231006 -0 0.0628189 0.209327 0 0.0783354 -0.0145288 -0.0967326 0
internal_count=2000 1644 1379 1246 265 1124 845 720 279 180
cat_boundaries=0 3
cat_threshold=286332166 270400 2064
shrinkage=0.176478


end of trees

feature importances:
n_table_3.n_3=99
n_table_1.n_15=63
n_table_1.n_16=63
n_table_1.n_18=58
n_table_2.n_13=55
c_table_1.c_2=52
n_1=47
n_table_1.n_19=34
n_table_1.n_12=32
n_table_1.n_26=27
c_table_2.c_1=26
c_table_1.c_4=23

parameters:
[boosting: gbdt]
[objective: binary]
[metric: auc]
[tree_learner: serial]
[device_type: cpu]
[data: ]
[valid: ]
[num_iterations: 100]
[learning_rate: 0.176478]
[num_leaves: 77]
[num_threads: 4]
[max_depth: 7]
[min_data_in_leaf: 20]
[min_sum_hessian_in_leaf: 5.6864]
[bagging_fraction: 0.5]
[bagging_freq: 11]
[bagging_seed: 3]
[feature_fraction: 0.7]
[feature_fraction_seed: 2]
[early_stopping_round: 0]
[max_delta_step: 0]
[lambda_l1: 1.47776]
[lambda_l2: 0.632291]
[min_gain_to_split: 0]
[drop_rate: 0.1]
[max_drop: 50]
[skip_drop: 0.5]
[xgboost_dart_mode: 0]
[uniform_drop: 0]
[drop_seed: 4]
[top_rate: 0.2]
[other_rate: 0.1]
[min_data_per_group: 100]
[max_cat_threshold: 32]
[cat_l2: 10]
[cat_smooth: 10]
[max_cat_to_onehot: 4]
[top_k: 20]
[monotone_constraints: ]
[feature_contri: ]
[forcedsplits_filename: ]
[refit_decay_rate: 0.9]
[verbosity: -1]
[max_bin: 255]
[min_data_in_bin: 3]
[bin_construct_sample_cnt: 200000]
[histogram_pool_size: -1]
[data_random_seed: 1]
[output_model: LightGBM_model.txt]
[snapshot_freq: -1]
[input_model: ]
[output_result: LightGBM_predict_result.txt]
[initscore_filename: ]
[valid_data_initscores: ]
[pre_partition: 0]
[enable_bundle: 1]
[max_conflict_rate: 0]
[is_enable_sparse: 1]
[sparse_threshold: 0.8]
[use_missing: 1]
[zero_as_missing: 0]
[two_round: 0]
[save_binary: 0]
[enable_load_from_binary_file: 1]
[header: 0]
[label_column: ]
[weight_column: ]
[group_column: ]
[ignore_column: ]
[categorical_feature: ]
[predict_raw_score: 0]
[predict_leaf_index: 0]
[predict_contrib: 0]
[num_iteration_predict: -1]
[pred_early_stop: 0]
[pred_early_stop_freq: 10]
[pred_early_stop_margin: 10]
[convert_model_language: ]
[convert_model: gbdt_prediction.cpp]
[num_class: 1]
[is_unbalance: 0]
[scale_pos_weight: 1]
[sigmoid: 1]
[boost_from_average: 1]
[reg_sqrt: 0]
[alpha: 0.9]
[fair_c: 1]
[poisson_max_delta_step: 0.7]
[tweedie_variance_power: 1.5]
[max_position: 20]
[label_gain: ]
[metric_freq: 1]
[is_provide_training_metric: 0]
[eval_at: ]
[num_machines: 1]
[local_listen_port: 12400]
[time_out: 120]
[machine_list_filename: ]
[machines: ]
[gpu_platform_id: -1]
[gpu_device_id: -1]
[gpu_use_dp: 0]

end of parameters

pandas_categorical:[[0, 1, 2, 3, 4, 5, 6, 7, 8, 9, 10, 11, 12, 13, 14, 15, 16, 17, 18, 19, 20, 21, 22, 23, 24, 25, 26, 27, 28, 29, 30, 31, 32, 33, 34, 35, 36, 37, 38, 39, 40, 41, 42, 43, 44, 45, 46, 47, 48, 49, 50, 51, 52, 53, 54, 55, 56, 57, 58, 59, 60, 61, 62, 63, 64, 65, 66, 67, 68, 69, 70, 71, 72, 73, 74, 75, 76, 77, 78, 79, 80, 81, 82, 83, 84, 85, 86, 87, 88, 89, 90, 91, 92, 93, 94, 95, 96, 97, 98, 99, 100, 101, 102, 103, 104, 105, 106, 107, 108, 109, 110, 111, 112, 113, 114, 115, 116, 117, 118, 119, 120, 121, 122, 123, 124, 125, 126, 127, 128, 129, 130, 131, 132, 133, 134, 135, 136, 137, 138, 139, 140, 141, 142, 143, 144, 145, 146, 147, 148, 149, 150, 151, 152, 153, 154, 155, 156, 157, 158, 159, 160, 161, 162, 163, 164, 165, 166, 167, 168, 169, 170, 171, 172, 173, 174, 175, 176, 177, 178, 179, 180, 181, 182, 183, 184, 185, 186, 187, 188, 189, 190, 191, 192, 193, 194, 195], [0, 1, 2, 3, 4, 5, 6, 7, 8, 9, 10, 11, 12, 13, 14, 15, 16, 17, 18, 19, 20, 21, 22, 23, 24, 25, 26, 27, 28, 29, 30, 31, 32, 33, 34, 35, 36, 37, 38, 39, 40, 41, 42, 43, 44, 45, 46, 47, 48, 49, 50, 51, 52, 53, 54, 55, 56, 57, 58, 59, 60, 61, 62, 63, 64, 65, 66, 67, 68, 69, 70, 71, 72, 73, 74, 75, 76, 77, 78, 79, 80, 81, 82, 83, 84, 85, 86, 87, 88, 89, 90, 91, 92, 93, 94, 95, 96, 97, 98, 99, 100, 101, 102, 103, 104, 105, 106, 107, 108, 109, 110, 111, 112, 113, 114, 115, 116, 117, 118, 119, 120, 121, 122, 123, 124, 125, 126, 127, 128, 129, 130, 131, 132, 133, 134, 135, 136, 137, 138, 139, 140, 141, 142, 143, 144, 145, 146, 147, 148, 149, 150, 151], [0, 1]]
