tree
version=v2
num_class=1
num_tree_per_iteration=1
label_index=0
max_feature_idx=21
objective=binary sigmoid:1
feature_names=n_1 c_02 c_table_1.c_4 n_table_1.n_8 n_table_1.n_15 n_table_1.n_18 n_table_1.n_19 c_table_2.c_1 n_table_2.n_13 n_table_2.n_14 n_table_1.n_2 n_table_1.n_3 n_table_1.n_7 n_table_1.n_9 n_table_1.n_10 n_table_1.n_12 n_table_1.n_16 n_table_1.n_17 n_table_1.n_20 n_table_1.n_26 c_table_2.c_4 n_table_3.n_3
feature_infos=[1:335.5] 40:3:68:15:50:10:80:6:35:91:9:5:12:20:165:46:2:48:69:34:83:58:62:87:115:73:77:225:252:45:126:132:149:61:66:111:209:102:196:36:37:39:208:29:124:135:203:121:22:42:71:82:99:108:156:194:14:33:49:70:93:110:118:195:296:308:4:26:28:238:261:55:86:90:150:175:177:199:231:250:18:21:67:125:138:23:131:134:141:161:205:220:228:230:244:285:7:17:38:43:59:122:139:142:166:170:179:198:222:256:345:57:227:248:8:98:100:112:130:144:151:178:188:189:190:269:305:323:11:75:92:116:146:164:186:213:214:268:312:349:377:1:44:63:101:123:154:176:206:212:216:232:251:273:275:354:13:54:65:74:79:84:95:114:120:133:145:153:162:173:181:187:192:211:243:262:277:318:324:334:361:366:368:0:31:104:109:148:169:202:204:239:283:293:295:310:322:380:393:399:19:32:53:94:106:127:140:158:167:172:207:229:234:240:246:264:284:289:291:292:297:306:309:338:350:359:374:386:407:52:72:81:103:107:113:117:180:182:233:236:237:247:255:257:266:267:271:274:282:286:288:301:304:315:336:375:400:418:478:498:24:25:27:30:60:78:105:119:136:137:143:147:163:168:171:174:185:191:217:218:221:224:226:235:249:254:260:263:272:279:280:281:300:302:320:332:337:340:347:351:356:376:378:383:387:392:394:397:414:420:424:430:433:438:442:453:457:462:467:476:479:481 4:0:10:12:2:11:7:5:45:51:35:8:18:23:33:40:77:30:37:38:41:57:29:28:16:74:62:49:13:21:48:104:6:69:22:26:39:54:19:27:72:87:95:3:31:55:56:106:15:17:60:61:96:103:92:25:66:67:78:80:81:93:94:109:113:117:122:1:24:44:46:47:53:59:65:83:84:99:112:121:133:14:20:36:63:70:82:97:102:116:136:32:34:42:52:58:64:71:75:85:90:98:107:111:115:124:129:130:131:132 [1:244588] [1:274774] [1:574087] [1:1285890] 1:0 [1:395101] [1:275.5] [-49.8874:81.708399999999997] [1:175] [1:38456.5] [1:1556770] [1:68.5] [1:8524] [1:249100] [1:448222] [1:19936] [1:121640] 20:0:2:33:16:38:10:8:24:31:6:53:18:21:44:48:26:35:55:12:39:40:14:43:61:42:60:17:22:11:29:9:3:4:37:19:41:67:47:46:49:25:71:98:27:69:57:73:1:30:52:100:59:62:63:77:106:45:56:87:92:103:7:15:32:58:80:82:94:34:65:66:68:74:75:79:84:97:107:112:13:51:54:64:70:76:85:91:95:109 [1:509664]
tree_sizes=738 1108 1237 1098 1155 809 965 961 1036 1287 949 998 1053 1438 1075 893 995 976 1109 935 1441 895 847 1133 1525 917 1311 865 819 675 1093 1453 1298 1291 1013 1279

Tree=0
num_leaves=8
num_cat=1
split_feature=6 20 3 19 18 0 6
split_gain=39.3272 28.4976 5.93663 5.50041 4.35731 4.31367 2.56683
threshold=346413.00000000006 0 115.00000000000001 54.250000000000007 104.50000000000001 18.250000000000004 66613.000000000015
decision_type=2 5 2 2 2 2 2
left_child=1 4 5 -4 -1 6 -3
right_child=-2 2 3 -5 -6 -7 -8
leaf_value=-2.6335546636795337 -2.3017328016217422 -2.9157078820890852 -2.5204690838088122 -2.8204621924307016 -2.2117227649657702 -2.704097450417462 -2.8106757024829077
leaf_count=129 153 2202 84 135 104 93 300
internal_value=0 -0.113477 -0.256595 0.34564 0.933406 -0.336557 -0.376716
internal_count=3200 3047 2814 219 233 2595 2502
cat_boundaries=0 2
cat_threshold=17842184 131594
shrinkage=1


Tree=1
num_leaves=12
num_cat=3
split_feature=1 4 15 0 20 7 0 12 12 0 19
split_gain=71.3879 17.1398 15.115 6.8812 6.78506 2.28547 2.05251 1.3925 0.936336 1.26906 0.781972
threshold=0 132478.00000000003 370.75000000000006 1.7500000000000002 1 2 1.7500000000000002 1.7500000000000002 364.00000000000006 9.2500000000000018 6.2500000000000009
decision_type=5 2 2 2 5 1 2 2 2 2 2
left_child=2 4 3 10 8 -5 7 -6 9 -2 -1
right_child=1 -3 -4 5 6 -7 -8 -9 -10 -11 -12
leaf_value=0.40111235457303768 -0.17669332832540482 0.34470693580149758 0.78855921314417321 -0.00089285651739073326 0.010566144255842879 0.15968656092379166 0.10682761576828585 -0.07852793896281425 -0.0083592483716430424 -0.031328872561135375 0.11259336737975054
leaf_count=269 1494 53 66 96 241 121 144 309 134 193 80
internal_value=0 -0.352995 1.06687 1.02774 -0.453705 0.298043 -0 -0.129507 -0.571731 -0.666601 1.42467
internal_count=3200 2568 632 566 2515 217 694 550 1821 1687 349
cat_boundaries=0 10 12 13
cat_threshold=538968292 1073766788 604054020 1107296256 12599424 131072 65664 67108864 32 1048832 67700741 815828416 2
shrinkage=0.24562


Tree=2
num_leaves=13
num_cat=2
split_feature=1 6 4 1 3 6 10 13 6 10 8 0
split_gain=39.5232 16.4006 5.30753 4.83956 4.59172 4.23546 1.96912 1.88169 1.83604 1.2124 1.03882 0.642201
threshold=0 509778.00000000006 1622.5000000000002 1 150.25000000000003 847.75000000000011 34.998900000000006 25749.250000000004 77851.750000000015 16.114810000000002 3.2500000000000004 4.7500000000000009
decision_type=5 2 2 5 2 2 2 2 2 2 2 2
left_child=2 3 5 8 6 11 -5 -4 9 -2 -6 -1
right_child=1 -3 7 4 10 -7 -8 -9 -10 -11 -12 -13
leaf_value=0.24188019008534448 0.033906280893518471 0.33598494870087536 0.43078972455707193 -0.086000360323962077 -0.017722004066838302 -0.0032754548040944674 -0.18146270692313438 0.099611951655779504 0.1467270308920863 -0.081224427301803556 0.11530080651847621 0.045859608047281779
leaf_count=167 183 50 129 1019 98 85 992 53 70 171 71 112
internal_value=0 -0.285551 0.747194 -0.385071 -0.454954 0.524764 -0.56644 1.44471 0.0447344 -0.0184636 0.0398672 0.769555
internal_count=3200 2654 546 2604 2180 364 2011 182 424 354 169 279
cat_boundaries=0 10 19
cat_threshold=536887872 1073750400 545333892 1107296256 16512 0 65672 67108864 0 1048832 33924 213012 67108864 268435456 14680088 131072 0 268451968 32
shrinkage=0.24562


Tree=3
num_leaves=12
num_cat=3
split_feature=1 4 20 1 4 12 16 4 3 5 12
split_gain=22.6156 8.14664 5.11423 5.2977 3.48415 1.65559 7.55972 1.58461 1.1902 1.15487 0.962188
threshold=0 135130.00000000003 1 2 23104.000000000004 16.750000000000004 18608.500000000004 25.750000000000004 210.25000000000003 1.7500000000000002 76.750000000000014
decision_type=5 2 5 5 2 2 2 2 2 2 2
left_child=4 2 3 7 10 9 -7 -2 -5 -4 -1
right_child=1 -3 5 8 -6 6 -8 -9 -10 -11 -12
leaf_value=0.14199539818992146 -0.04704765213576792 0.22488601436370564 0.097635388057052713 -0.17077222351031943 0.35269984653863962 -0.16115994793070706 0.18734153971050987 0.070247852681852851 -0 -0 0
leaf_count=322 257 35 293 1430 58 221 67 220 79 130 88
internal_value=0 -0.22452 -0.299975 -0.407191 0.553408 0.0244321 -0.164195 0 -0.567407 0.240252 0.478602
internal_count=3200 2732 2697 1986 468 711 288 477 1509 423 410
cat_boundaries=0 10 12 21
cat_threshold=538968640 1073750400 536944640 1107296256 16512 0 65668 67108864 0 1048832 2219378693 813698496 33952 475148 512 268435456 14680064 131072 8 268435456 32
shrinkage=0.24562


Tree=4
num_leaves=13
num_cat=2
split_feature=1 14 4 13 2 10 13 12 18 18 14 12
split_gain=14.903 8.49661 4.34416 8.12308 4.21347 2.82352 7.44776 2.25851 1.47045 1.9623 1.4271 1.33125
threshold=0 12.250000000000002 25779.250000000004 11449.750000000002 1 39.261900000000004 4261.0000000000009 76.750000000000014 1342.0000000000002 244.00000000000003 1.7500000000000002 227.50000000000003
decision_type=5 2 2 2 5 2 2 2 2 2 2 2
left_child=2 4 7 -4 -2 6 -6 8 9 -1 -7 -9
right_child=1 -3 3 -5 5 10 -8 11 -10 -11 -12 -13
leaf_value=0.071948619385956494 0.064184129258608447 0.21476666059637922 0.49615582573044537 0 -0.076642021905242219 -0.1636469506351089 0.20486803987462951 -0.10952892624688859 -0 0.30006784443169809 -0.012966265209731855 0.050198886961984261
leaf_count=295 110 87 36 32 1340 790 104 71 50 47 188 50
internal_value=0 -0.20726 0.39439 1.14888 -0.294387 -0.331455 -0.184672 0.283127 0.417472 0.508506 -0.564994 -0.0271028
internal_count=3200 2619 581 68 2532 2422 1444 513 392 342 978 121
cat_boundaries=0 10 14
cat_threshold=538968132 1140982148 65540 1376256000 6307976 131072 65664 67108992 32 1048832 8394752 32 0 256
shrinkage=0.24562


Tree=5
num_leaves=8
num_cat=3
split_feature=1 16 1 20 11 21 0
split_gain=10.2123 5.8279 8.09096 4.73081 4.9713 4.94556 4.15304
threshold=0 122692.50000000001 1 2 36.250000000000007 9262.7500000000018 12.250000000000002
decision_type=5 2 5 5 2 2 2
left_child=-1 2 6 4 -4 -5 -2
right_child=1 -3 3 5 -6 -7 -8
leaf_value=-0.14316487504098227 0.21673493800545504 0.28758457937477228 -0.085706944366229595 -0 0.060762371739836368 0.17209375641897726 -0
leaf_count=454 173 29 1568 393 289 232 62
internal_value=0 0.0868471 0.0463175 -0.0648408 -0.201677 0.178593 0.472825
internal_count=3200 2746 2717 2482 1857 625 235
cat_boundaries=0 9 19 21
cat_threshold=8654864 536871970 135004256 536920136 1088 32768 133136 2 1 536870976 1073741952 66048 0 128 0 65664 67108864 0 256 2219318085 278986880
shrinkage=0.24562


Tree=6
num_leaves=10
num_cat=2
split_feature=1 18 16 1 16 5 18 0 12
split_gain=8.24194 4.17462 15.2912 6.47826 3.80521 3.61692 3.46565 1.55805 0.739948
threshold=0 3679.0000000000005 18608.500000000004 1 100650.25000000001 127291.50000000001 921.25000000000011 12.250000000000002 21.250000000000004
decision_type=5 2 2 5 2 2 2 2 2
left_child=-1 2 3 7 8 -4 -5 -2 -3
right_child=1 4 5 6 -6 -7 -8 -9 -10
leaf_value=-0.13519176138043554 0.11978916598216939 -0 0.088477963703237475 -0.006626956578924521 0.038504045717584458 0.44868740834826742 -0.14437468667502928 -0 -0.19263424444007252
leaf_count=462 467 63 95 1434 52 44 304 121 158
internal_value=0 0.0660979 0.145042 0.0191839 -0.317888 1.17683 -0.136721 0.311541 -0.622598
internal_count=3200 2738 2465 2326 273 139 1738 588 221
cat_boundaries=0 9 19
cat_threshold=12849168 536871970 135004256 536903752 1088 32768 133200 2 1 536905280 286864 74384 1342177280 2097280 0 65544 67108992 32 256
shrinkage=0.24562


Tree=7
num_leaves=10
num_cat=4
split_feature=1 2 1 21 7 11 5 5 13
split_gain=6.39992 4.48206 3.29117 6.13231 4.29392 3.29948 2.48595 2.25911 1.7104
threshold=0 1 2 25.000000000000004 3 37.750000000000007 11620.000000000002 83866.750000000015 20687.500000000004
decision_type=5 5 5 2 1 2 2 2 2
left_child=-1 -2 5 7 -5 6 -3 -4 -7
right_child=1 2 3 4 -6 8 -8 -9 -10
leaf_value=-0.12606790363479717 -0.089404306834616962 0 -0.10046400965278639 0 0.16900650440693946 0.3486261983881046 0.13107346685838711 0.018858497077583091 0.01901827680630571
leaf_count=467 214 492 893 579 247 47 132 84 45
internal_value=0 0.0445315 0.110948 -0.00843699 0.243162 0.279032 0.186166 -0.294238 0.926931
internal_count=3200 2733 2519 1803 826 716 624 977 92
cat_boundaries=0 9 12 20 21
cat_threshold=8392720 536872034 135004256 536920136 268436544 32768 133136 2 1 805577988 1073742082 8192 604030564 409988 67182592 1375731712 6307840 131072 65676 335544320 1
shrinkage=0.24562


Tree=8
num_leaves=12
num_cat=2
split_feature=2 18 10 4 10 10 11 20 0 0 18
split_gain=4.90894 4.60392 2.9042 5.17204 2.28868 2.5648 1.77451 1.64637 2.79812 1.21131 0.303342
threshold=0 869.50000000000011 40.026150000000008 25779.250000000004 45.53820000000001 47.192750000000011 40.750000000000007 1 1.7500000000000002 3.2500000000000004 3059.5000000000005
decision_type=5 2 2 2 2 2 2 5 2 2 2
left_child=1 -1 3 7 -4 -6 -7 8 -2 -9 -5
right_child=2 -3 4 10 5 6 -8 9 -10 -11 -12
leaf_value=0.3249826344597268 -0.0010980910446126803 0 -0.16233815144024744 0.22602285708456041 0.076662047410447756 -0.085401458286823023 0.010877509430177007 -0 -0.14180943158583945 0.10315322780485808 0.0076282533941518429
leaf_count=93 800 110 263 64 150 690 137 368 345 135 45
internal_value=0 0.38786 -0.0907657 0.00935708 -0.256886 -0.128179 -0.24131 -0.0648004 -0.168251 0.0907851 0.683619
internal_count=3200 203 2997 1757 1240 977 827 1648 1145 503 109
cat_boundaries=0 4 6
cat_threshold=1086328960 204832 0 256 2164327505 8458240
shrinkage=0.24562


Tree=9
num_leaves=15
num_cat=4
split_feature=1 1 6 18 21 7 17 3 3 1 12 6 5 0
split_gain=5.46611 2.06855 3.1715 4.07622 3.03506 2.46597 4.45787 1.88982 1.19295 2.2408 2.00596 0.812385 0.630172 0.316414
threshold=0 1 34645.750000000007 3059.5000000000005 25.000000000000004 2 1475.5000000000002 15.250000000000002 18.250000000000004 3 232.75000000000003 1.7500000000000002 1551.2500000000002 4.7500000000000009
decision_type=5 5 2 2 2 1 2 2 2 5 2 2 2 2
left_child=-1 2 11 -4 8 7 -7 -6 9 -3 -10 13 -13 -2
right_child=1 4 3 -5 5 6 -8 -9 10 -11 -12 12 -14 -15
leaf_value=-0.1102161296819178 0.086941027100508383 0.043778412712439943 0.34407482235403741 0 0.032044822289628919 -0 0.23892115912821701 -0.096416311717990158 -0.17728702997424112 -0.046811723086333593 0 -0.092072041147578915 0 0
leaf_count=514 95 223 43 34 567 147 102 128 160 912 101 59 43 72
internal_value=0 0.0492694 0.244228 0.81943 -0.0075773 0.150964 0.483595 0 -0.168736 -0.0591123 -0.441973 0.0433292 -0.0900585 0.242579
internal_count=3200 2686 346 77 2340 944 249 695 1396 1135 261 269 102 167
cat_boundaries=0 9 16 17 25
cat_threshold=8654864 536872034 147587168 32840 268436544 32768 133200 16386 1 576 1074077824 65540 1073741824 0 131072 65664 1 17440 16388 640 268435456 6291584 0 0 335544320
shrinkage=0.24562


Tree=10
num_leaves=10
num_cat=4
split_feature=1 2 4 17 20 0 4 1 11
split_gain=5.23581 3.23624 3.80956 2.79345 2.18121 1.98615 1.78113 1.28278 0.989409
threshold=0 1 254.50000000000003 3.2500000000000004 2 1.7500000000000002 12943.000000000002 3 37.750000000000007
decision_type=5 5 2 2 5 2 2 5 2
left_child=-1 8 4 -4 7 -6 -5 -3 -2
right_child=1 2 3 6 5 -7 -8 -9 -10
leaf_value=-0.11412483189385791 -0.20269028383970203 0.024999835822810356 0.2616567390530018 0.1007175271236362 -0 0.12658500648240656 0.0043756980159369288 -0.060851739304705547 -0
leaf_count=541 156 100 87 420 296 144 453 934 69
internal_value=0 0.0416507 0.0994162 0.281399 -0.0369751 0.137808 0.193513 -0.168813 -0.306473
internal_count=3200 2659 2434 960 1474 440 873 1034 225
cat_boundaries=0 9 12 14 21
cat_threshold=13897744 536872034 139198560 536920136 268436544 32768 133200 2 1 805577988 1073742088 9216 2164327425 270602240 1536 262144 0 0 0 0 65536
shrinkage=0.24562


Tree=11
num_leaves=11
num_cat=2
split_feature=1 2 4 18 19 16 18 18 13 11
split_gain=3.84977 2.21407 2.40061 4.76571 3.06998 2.95799 1.81176 2.10488 1.36889 0.198653
threshold=0 1 1423.0000000000002 921.25000000000011 19.750000000000004 37876.000000000007 40.000000000000007 7.7500000000000009 1616.5000000000002 40.750000000000007
decision_type=5 5 2 2 2 2 2 2 2 2
left_child=-1 9 6 4 -4 -5 7 -3 -8 -2
right_child=1 2 3 5 -6 -7 8 -9 -10 -11
leaf_value=-0.095483951777810452 -0.17878500401275857 -0 0.2339425386972816 -0.034931547654705034 0 0.095035245118307007 -0.12591631294637159 0.15159607175462081 0 -0.0041845524491048169
leaf_count=597 152 1092 160 420 92 128 240 110 132 77
internal_value=0 0.0311579 0.0798259 0.236971 0.679818 0.022887 -0.0152187 0.0525251 -0.295801 -0.261631
internal_count=3200 2603 2374 800 252 548 1574 1202 372 229
cat_boundaries=0 8 11
cat_threshold=12849176 536872034 135004192 536903752 268435520 558112 133200 16402 805580036 1073742080 8192
shrinkage=0.24562


Tree=12
num_leaves=13
num_cat=1
split_feature=10 10 20 10 17 15 4 17 18 18 18 18
split_gain=1.96973 4.55071 2.98862 2.91655 4.59551 2.64796 1.58083 1.42726 0.0945513 0.0511873 0.373038 0.0127431
threshold=54.403800000000011 51.296500000000002 0 40.026150000000008 3537.2500000000005 208.75000000000003 15484.750000000002 69.250000000000014 721.75000000000011 544.00000000000011 2918.5000000000005 1455.2500000000002
decision_type=2 2 5 2 2 2 2 2 2 2 2 2
left_child=1 2 8 4 -4 -3 -5 -2 -1 -9 11 -11
right_child=7 5 3 6 -6 -7 -8 9 -10 10 -12 -13
leaf_value=-0.13287232840099686 0 0.26210316697021291 7.0129634011851841e-05 -0 0.15121219041701939 0 -0.12026137164977885 -0.18008757057499925 -0 -0.0097825219556942674 -0.11502279269883296 0
leaf_count=278 167 87 1399 375 169 75 202 122 73 148 52 53
internal_value=0 0.0144465 -0.0292217 0.038964 0.15464 0.647464 -0.213397 -0.268572 -0.310348 -0.401466 -0.206853 -0
internal_count=3200 2658 2496 2145 1568 162 577 542 351 375 253 201
cat_boundaries=0 2
cat_threshold=68766800 815794376
shrinkage=0.24562


Tree=13
num_leaves=17
num_cat=2
split_feature=1 10 14 6 13 1 17 10 10 10 6 10 4 9 18 15
split_gain=2.85223 2.59831 1.86509 1.79287 2.6756 1.1841 2.4735 1.16289 5.00927 1.04277 1.43676 0.742295 0.319849 0.299117 0.230212 0.00020849
threshold=0 34.998900000000006 12.250000000000002 1.7500000000000002 13723.000000000002 1 70079.500000000015 51.137950000000011 54.741350000000004 37.428150000000009 13798.000000000002 34.868550000000006 15484.750000000002 1.7500000000000002 170.50000000000003 51.250000000000007
decision_type=5 2 2 2 2 5 2 2 2 2 2 2 2 2 2 2
left_child=7 3 5 13 -5 -3 -7 9 -9 11 -11 14 -12 -2 -1 -10
right_child=1 2 -4 4 -6 6 -8 8 15 10 12 -13 -14 -15 -16 -17
leaf_value=0.025639472522789981 -0.035856340866717441 0.0091195825953941708 0.036215358005222215 0.17970118835517102 -0 -0.14018190259679905 0 0.27183002196197775 0 -0.14367488741721524 0.061769673694345377 0.13537142666339888 -0.014840104720117736 0 -0.0079957678467415475 -0.0016422579069020489
leaf_count=320 823 103 61 127 49 1087 94 38 49 66 38 48 51 161 42 43
internal_value=0 -0.128511 -0.289217 0.00646291 0.331357 -0.353968 -0.376031 0.126183 0.405941 0.0338576 -0.150004 0.154946 0 -0.0893506 0.0347227 -0
internal_count=3200 2505 1345 1160 176 1284 1181 695 130 565 155 410 89 984 362 92
cat_boundaries=0 10 18
cat_threshold=539017920 475524 73860 1375731712 4194432 131072 65672 128 0 256 1024 1073750016 8389120 0 8 0 0 268435456
shrinkage=0.24562


Tree=14
num_leaves=12
num_cat=1
split_feature=20 21 18 12 13 16 16 18 18 5 6
split_gain=1.73616 1.71708 2.7871 1.34304 3.80317 1.98384 0.936917 2.25455 2.02291 1.31281 0.0914649
threshold=0 25.000000000000004 3679.0000000000005 104.50000000000001 16.750000000000004 3997.7500000000005 241.75000000000003 40.000000000000007 338.50000000000006 42301.000000000007 113.50000000000001
decision_type=5 2 2 2 2 2 2 2 2 2 2
left_child=-1 6 3 4 -3 -5 7 10 -8 -10 -2
right_child=1 2 -4 5 -6 -7 8 -9 9 -11 -12
leaf_value=-0.070474645464322846 -0.014018598994363703 0.011081060113741709 -0.088010720658071834 -0.13658208866838745 0.16936341499748384 0.061226076460347008 0.14202552238718064 -0.1491621066359001 -0.068966709138020027 0.019578294835494722 0.0015980847863424851
leaf_count=378 760 542 101 92 231 65 121 245 314 249 102
internal_value=0 0.0141913 0.141627 0.229499 0.304127 -0 -0.0714894 -0.179241 0.00877826 -0.0479358 -0.00755822
internal_count=3200 2822 1031 930 773 157 1791 1107 684 563 862
cat_boundaries=0 3
cat_threshold=2219317504 813813184 128
shrinkage=0.24562


Tree=15
num_leaves=9
num_cat=3
split_feature=1 2 1 13 6 18 13 6
split_gain=2.51448 1.49136 1.60125 1.501 1.45984 1.187 0.200799 0.082476
threshold=0 1 2 51.250000000000007 576519.00000000012 2918.5000000000005 205387.00000000003 145401.00000000003
decision_type=5 5 5 2 2 2 2 2
left_child=-1 6 3 -3 5 -4 -2 -5
right_child=1 2 4 7 -6 -7 -8 -9
leaf_value=-0.088033531427480327 -0.11436188341144092 0 0.031768412027423101 -0.17404283970332318 0.1747938674711437 -0.036533461414366711 -0 -0
leaf_count=485 235 192 1871 103 22 200 53 39
internal_value=0 0.0185353 0.0621098 -0.148287 0.111567 0.0845163 -0.206662 -0.507131
internal_count=3200 2715 2427 334 2093 2071 288 142
cat_boundaries=0 9 12 22
cat_threshold=8654864 536871970 139198568 536924224 268435520 33792 2064 16386 1 537144740 1073742080 8192 1048576 8280 545259536 524296 8404992 32 268566532 268435456 0 1048576
shrinkage=0.24562


Tree=16
num_leaves=10
num_cat=3
split_feature=1 1 0 2 21 0 18 6 12
split_gain=2.22543 0.81641 2.11519 2.11523 1.8451 1.52374 1.2312 3.00317 0.620033
threshold=0 1 18.250000000000004 2 14005.750000000002 6.2500000000000009 4840.0000000000009 60628.000000000007 22.750000000000004
decision_type=5 5 2 5 2 2 2 2 2
left_child=-1 5 3 -3 -5 6 7 -2 -7
right_child=1 2 -4 4 -6 8 -8 -9 -10
leaf_value=-0.083286992650854194 0.02615925995625528 0.055089891446046778 0.12285807072683874 -0.06272753434120297 0.0062310363838535511 -0.081640276118604846 -0.010316643549113751 0.23109765665600135 0
leaf_count=505 328 122 89 1440 466 91 43 58 58
internal_value=0 0.010245 -0.0328933 -0.0862931 -0.140944 0.10925 0.243078 0.321265 -0.105458
internal_count=3200 2695 2117 2028 1906 578 429 386 149
cat_boundaries=0 9 19 21
cat_threshold=12849168 536871968 139199072 536924224 268443712 557056 2128 18 1 2130148 155780 536944772 1342177280 4194432 131072 65664 335544448 32 256 8392720 524288
shrinkage=0.24562


Tree=17
num_leaves=10
num_cat=3
split_feature=1 10 1 10 1 15 21 12 15
split_gain=1.65267 1.13417 2.41509 1.96556 2.93779 1.00978 0.681928 0.27518 0.191544
threshold=0 54.403800000000011 1 51.137950000000011 2 4.7500000000000009 7720.7500000000009 34.750000000000007 181.75000000000003
decision_type=5 2 5 2 5 2 2 2 2
left_child=-1 2 5 4 -4 -2 7 -3 -5
right_child=1 6 3 8 -6 -7 -8 -9 -10
leaf_value=-0.070381138947678917 -0.14159544821010966 -0 -0.039612423720778764 0.19376052704043947 0.042897539719222368 -0 0 -0.096143044059940869 0.0049068103242490644
leaf_count=528 152 165 336 58 1524 72 108 185 72
internal_value=0 0.012938 0.0619946 0.121256 0.0711676 -0.21616 -0.166446 -0.274343 0.563736
internal_count=3200 2672 2214 1990 1860 224 458 350 130
cat_boundaries=0 8 17 27
cat_threshold=12849176 1058 139198560 49216 1088 558080 2128 16402 536870976 1610620992 545260044 8 268435456 0 131072 0 1 17408 344324 65536 0 4194320 32 0 268435456 0 1048576
shrinkage=0.24562


Tree=18
num_leaves=13
num_cat=1
split_feature=2 10 16 18 6 16 19 5 18 6 8 11
split_gain=0.977119 1.33497 3.50709 3.55239 1.41026 1.38669 0.712043 0.71085 0.579042 0.468689 0.753069 0.00162585
threshold=0 34.218200000000003 40.750000000000007 954.25000000000011 51646.000000000007 114552.50000000001 1.7500000000000002 40848.250000000007 456.25000000000006 865.75000000000011 849.25000000000011 27.250000000000004
decision_type=5 2 2 2 2 2 2 2 2 2 2 2
left_child=6 7 8 4 -4 -5 -1 9 -3 10 -2 -8
right_child=1 2 3 5 -6 -7 11 -9 -10 -11 -12 -13
leaf_value=0.10913345373302731 0.024230660489835892 -0.16717221482785011 0.011394701127520614 -0.071329336653937828 0.20516246995116746 0.036383134343410485 0.0044838703406474183 0.081524887167499352 -0 -0.062910092255759484 -0.045773830463261271 -0
leaf_count=103 1104 383 301 642 70 32 50 39 113 107 187 69
internal_value=0 -0.0544692 -0.155217 -0.00971765 0.324556 -0.20427 0.147467 0.0272904 -0.557409 -0 0.0230633 0
internal_count=3200 2978 1541 1045 371 674 222 1437 496 1398 1291 119
cat_boundaries=0 4
cat_threshold=1086394368 663592 0 256
shrinkage=0.24562


Tree=19
num_leaves=11
num_cat=2
split_feature=20 2 21 8 12 12 12 10 5 4
split_gain=1.2108 1.30818 1.18675 1.09979 1.09748 0.859192 0.760277 1.34479 0.553967 0.217863
threshold=0 1 7720.7500000000009 133.00000000000003 109.00000000000001 44.500000000000007 232.75000000000003 52.647650000000006 3847.0000000000005 4602.2500000000009
decision_type=5 5 2 2 2 2 2 2 2 2
left_child=9 5 6 -4 -5 -2 8 -8 -3 -1
right_child=1 2 3 4 -6 -7 7 -9 -10 -11
leaf_value=-0.13520765741784874 -0 -0.024207464249310501 0.15212643341398738 0.05249831819088388 -0.057908349651131542 -0.17507176813836947 0.11678284995708668 -0 0.012485792670449946 -0
leaf_count=273 68 1299 87 362 81 168 124 111 516 111
internal_value=0 0.0149623 0.0561326 0.232379 0.0616503 -0.207296 0 0.219121 -0.0272809 -0.228952
internal_count=3200 2816 2580 530 443 236 2050 235 1815 384
cat_boundaries=0 2 5
cat_threshold=2219318344 276925888 545531268 768 8192
shrinkage=0.24562


Tree=20
num_leaves=17
num_cat=2
split_feature=1 10 0 17 18 20 12 4 16 4 10 5 3 3 16 12
split_gain=1.74819 2.0462 1.79854 1.48002 4.05758 2.14306 2.85118 1.73825 1.2518 1.24518 0.807377 0.996511 0.746742 0.949196 0.167257 0.0869835
threshold=0 52.60455000000001 4.7500000000000009 4880.5000000000009 2056.0000000000005 1 15.250000000000002 438.25000000000006 1922.5000000000002 140616.00000000003 51.296500000000002 1.7500000000000002 109.00000000000001 3.2500000000000004 95.500000000000014 247.75000000000003
decision_type=5 2 2 2 2 5 2 2 2 2 2 2 2 2 2 2
left_child=2 3 12 5 -5 7 -7 -2 -3 -6 11 -4 13 14 -1 -10
right_child=1 8 10 4 9 6 -8 -9 15 -11 -12 -13 -14 -15 -16 -17
leaf_value=0.075945808118076413 -0.11678380268398281 -0 -0 0.17482643730427419 -0.075423440224732699 0.089042802437013707 -0.11187850548640073 0 -0.20536417372632584 0.043470626437530462 0.026674165318335302 -0.13084787630960112 0.18144858921593324 -0.019613375682810196 0 -0.014946959680701583
leaf_count=228 827 252 119 153 257 401 140 228 136 28 51 71 34 66 93 116
internal_value=0 -0.0981601 0.104321 -0.0192169 0.151703 -0.131339 0.0847877 -0.260106 -0.418013 -0.0617285 -0.0716487 -0.239208 0.256622 0.150211 0.240238 -0.626641
internal_count=3200 2538 662 2034 438 1596 541 1055 504 285 241 190 421 387 321 252
cat_boundaries=0 9 12
cat_threshold=538969792 1073766788 536944772 1342177280 6291472 131072 65672 335544320 32 16846865 69632 8
shrinkage=0.24562


Tree=21
num_leaves=10
num_cat=3
split_feature=20 2 4 18 20 0 6 3 10
split_gain=0.941018 0.923186 1.0738 3.19433 1.38677 2.05159 1.20401 1.05431 0.701462
threshold=0 1 250.75000000000003 208.75000000000003 2 1.7500000000000002 3.2500000000000004 115.00000000000001 38.596850000000011
decision_type=5 5 2 2 5 2 2 2 2
left_child=8 -2 4 -4 6 -6 -3 -5 -1
right_child=1 2 3 7 5 -7 -8 -9 -10
leaf_value=-0 -0.046908246896104483 -0.0064067500968756777 0.17890275060224359 -0.0027621781858589815 -0 0.14423830388285366 -0.11602323214180531 0.071232043346010257 -0.17056250294091388
leaf_count=227 224 948 141 744 242 101 269 128 176
internal_value=0 0.0103202 0.0442826 0.141053 -0.0256884 0.128241 -0.127448 0.0333118 -0.205115
internal_count=3200 2797 2573 1013 1560 343 1217 872 403
cat_boundaries=0 3 5 7
cat_threshold=2219317508 276859360 136 537142660 33555202 16843777 2166786
shrinkage=0.24562


Tree=22
num_leaves=10
num_cat=2
split_feature=20 2 16 16 13 5 8 6 3
split_gain=0.885206 0.546686 0.860101 1.28371 1.86106 0.985959 0.717039 1.41085 0.884171
threshold=0 1 21175.750000000004 8467.7500000000018 36682.750000000007 40848.250000000007 1.7500000000000002 359479.00000000006 9.2500000000000018
decision_type=5 5 2 2 2 2 2 2 2
left_child=-1 -2 3 5 -5 -3 8 -8 -4
right_child=1 2 6 4 -6 -7 7 -9 -10
leaf_value=-0.051255293448748185 -0.036146447935102487 0 0.064892537296392425 -0.19324607348278744 0 0.10719283830557469 0 0.19539973677553921 -0.057909276496845706
leaf_count=429 225 2065 92 88 78 68 65 27 63
internal_value=0 0.00220537 0.0309824 -0 -0.340094 0.0307498 0.208903 0.411878 0
internal_count=3200 2771 2546 2299 166 2133 247 92 155
cat_boundaries=0 2 4
cat_threshold=2219317836 813747648 805578116 33554720
shrinkage=0.24562


Tree=23
num_leaves=14
num_cat=1
split_feature=20 4 18 4 21 5 18 5 5 13 17 8 6
split_gain=0.801217 0.813025 0.639772 1.4962 1.20561 4.41729 1.27196 0.704177 1.87279 0.950179 0.320727 0.164766 0.0714016
threshold=0 4602.2500000000009 2918.5000000000005 108301.00000000001 469.00000000000006 29513.500000000004 126.25000000000001 17067.250000000004 3377.5000000000005 553.00000000000011 77385.250000000015 10.750000000000002 226530.50000000003
decision_type=5 2 2 2 2 2 2 2 2 2 2 2 2
left_child=1 -1 4 10 7 6 -6 8 -2 -9 12 -5 -4
right_child=2 -3 3 11 5 -7 -8 9 -10 -11 -12 -13 -14
leaf_value=-0.14897602656348854 -0.011878138164364621 -0 -0.1714293985740992 0.047116375009968403 0.036704432436072396 0.22086653092460662 -0.069614808140532641 0 0.091344911236591261 -0.087378657639792842 -0 -0 -0
leaf_count=308 1188 126 115 43 486 72 181 53 220 217 80 30 81
internal_value=0 -0.201067 0.000695389 -0.136498 0.0400147 0.18778 0 -0.0152718 0.0145927 -0.202409 -0.369263 0.051675 -0.500574
internal_count=3200 434 2766 349 2417 739 667 1678 1408 270 276 73 196
cat_boundaries=0 3
cat_threshold=2219384384 813747648 128
shrinkage=0.24562


Tree=24
num_leaves=18
num_cat=3
split_feature=1 2 4 4 17 18 0 3 8 20 19 17 12 5 18 16 11
split_gain=1.90733 1.80925 2.04234 2.6281 1.70376 2.02282 1.70303 1.66196 1.91328 1.43823 4.00467 3.16887 1.10338 0.684076 1.09835 0.579894 0.260818
threshold=0 1 12943.000000000002 250.75000000000003 69.250000000000014 22.750000000000004 4.7500000000000009 158.50000000000003 1.7500000000000002 2 285.25000000000006 1.7500000000000002 81.250000000000014 10849.000000000002 1449.2500000000002 33187.000000000007 33.250000000000007
decision_type=5 5 2 2 2 2 2 2 2 5 2 2 2 2 2 2 2
left_child=4 9 3 -3 5 6 -1 8 -4 10 -2 -11 -5 16 -15 -16 -6
right_child=1 2 7 12 13 -7 -8 -9 -10 11 -12 -13 -14 14 15 -17 -18
leaf_value=0.077476725104700661 -0.12233070546828922 -0 -0.15508809668677453 0.0031104956945504805 -0.1033673243563647 0.20295408685127295 -0.057152563614352017 0.058641933306390441 0 0.06928455654550153 0.076217770349748679 -0.11333470824855581 0.27391004036352939 0.094908835913844108 -0.075969526187691747 0.003096369719526025 -0
leaf_count=218 1135 171 144 119 69 74 142 53 67 404 80 212 85 76 62 46 43
internal_value=0 -0.103767 0.0599826 0.388241 0.110802 0.311208 0.0776503 -0.0868447 -0.339443 -0.195066 -0.301999 0 0.711391 -0 0.0568656 -0.0451369 -0.258265
internal_count=3200 2470 639 375 730 434 360 264 211 1831 1215 616 204 296 184 108 112
cat_boundaries=0 10 12 15
cat_threshold=606111296 1074077824 66068 1342177280 6291608 131072 65664 335544320 32 256 268508325 1073741888 2232418321 2166784 8
shrinkage=0.24562


Tree=25
num_leaves=11
num_cat=1
split_feature=0 0 2 3 18 6 15 10 18 8
split_gain=0.808976 1.81298 1.09393 2.23331 1.65593 1.41524 4.39284 0.879153 0.857622 0.467733
threshold=18.250000000000004 13.750000000000002 0 115.00000000000001 701.50000000000011 60783.250000000007 100.00000000000001 40.026150000000008 126.25000000000001 34.750000000000007
decision_type=2 2 5 2 2 2 2 2 2 2
left_child=1 2 5 4 -4 8 -7 -2 -1 -5
right_child=7 -3 3 9 -6 6 -8 -9 -10 -11
leaf_value=0.012030120175417011 0.12983756364110727 -0.13949524749000144 -0 0.071660793174741652 -0.14498469485868629 0.27727114358023564 0 -0 -0.044399576782310865 -0
leaf_count=1389 70 104 335 95 280 39 253 57 527 51
internal_value=0 -0.0374473 -0.00284306 -0.138592 -0.358282 0.0430657 0.276747 0.250065 -0 0.106197
internal_count=3200 3073 2969 761 615 2208 292 127 1916 146
cat_boundaries=0 4
cat_threshold=1354766369 664128 1024 256
shrinkage=0.24562


Tree=26
num_leaves=16
num_cat=2
split_feature=1 4 18 10 5 18 16 10 10 0 10 15 15 1 9
split_gain=1.42735 1.41032 1.91666 1.64624 1.34732 1.41156 1.24769 1.23995 2.37621 1.65317 0.874209 0.763185 0.741377 0.413414 0.626444
threshold=0 147.25000000000003 3188.5000000000005 35.254650000000005 29513.500000000004 379.00000000000006 82784.500000000015 58.507200000000005 51.137950000000011 10.750000000000002 37.428150000000009 181.75000000000003 2107.0000000000005 1 3.2500000000000004
decision_type=5 2 2 2 2 2 2 2 2 2 2 2 2 5 2
left_child=7 3 4 13 5 -3 -4 8 9 10 -1 -10 -6 -2 -15
right_child=1 2 6 -5 12 -7 -8 -9 11 -11 -12 -13 -14 14 -16
leaf_value=0.067873941637959193 0.011249373460847169 0.048173268585999129 -0.1504323210664229 -0.15664008795942916 0.10621879525057826 -0.074698467420295359 0 -0.062446019436738297 0.22307064902908968 -0.076785405230687581 -0 0 -0 -0.058264870104266335 0
leaf_count=277 126 280 212 349 224 306 77 59 43 105 112 51 36 858 85
internal_value=0 -0.0839192 0 -0.225374 0.128447 -0 -0.307977 0.103278 0.186353 0.036818 0.167469 0.62842 0.324972 -0.07977 -0.123119
internal_count=3200 2553 1135 1418 846 586 289 647 588 494 389 94 260 1069 943
cat_boundaries=0 10 13
cat_threshold=539018272 156036 66048 1375731712 6291608 0 65664 335544320 32 256 1049160 0 16
shrinkage=0.24562


Tree=27
num_leaves=10
num_cat=1
split_feature=20 16 18 16 18 21 15 0 13
split_gain=0.744937 0.403316 1.22352 0.979322 0.957431 1.02599 0.892982 0.518604 0.0805113
threshold=0 18433.000000000004 770.50000000000011 1922.5000000000002 5588.5000000000009 10322.500000000002 129.25000000000003 24.250000000000004 3977.5000000000005
decision_type=5 2 2 2 2 2 2 2 2
left_child=-1 2 6 -4 5 -3 7 -2 -6
right_child=1 4 3 -5 8 -7 -8 -9 -10
leaf_value=-0.045028730533854318 -0.0021160432079239907 0.10878143758613958 0 -0.08916109325048506 0 -0 0.10316666697665504 0.07930311748651668 -0.028851071774946089
leaf_count=453 1763 126 140 371 53 41 86 64 103
internal_value=0 0.012678 -0.00205882 -0.223338 0.124239 0.27719 0.0377366 0 -0.0181499
internal_count=3200 2747 2424 511 323 167 1913 1827 156
cat_boundaries=0 3
cat_threshold=2219511552 813747648 136
shrinkage=0.24562


Tree=28
num_leaves=10
num_cat=0
split_feature=0 0 10 16 8 16 8 10 12
split_gain=0.360091 1.06238 0.498562 0.820748 1.52584 0.996777 0.678961 0.478184 0.273428
threshold=18.250000000000004 13.750000000000002 34.218200000000003 39.250000000000007 71.500000000000014 2409.2500000000005 2018.5000000000002 40.026150000000008 40.750000000000007
decision_type=2 2 2 2 2 2 2 2 2
left_child=1 2 6 4 -4 -5 8 -2 -1
right_child=7 -3 3 5 -6 -7 -8 -9 -10
leaf_value=0.035396110613451971 0.086747752109634646 -0.11387572167158315 -0.12212812456352819 0.051455489432123309 0 -0.022072354943249908 -0.032772113630252737 -0 -0
leaf_count=1134 70 104 367 319 140 787 146 57 76
internal_value=0 -0.0278261 -0 -0.0664791 -0.264249 -0 0.0544502 0.15716 0.113947
internal_count=3200 3073 2969 1613 507 1106 1356 127 1210
shrinkage=0.24562


Tree=29
num_leaves=7
num_cat=1
split_feature=20 16 18 16 16 4
split_gain=0.46757 0.287236 0.698404 0.76218 1.08328 0.357369
threshold=0 100650.25000000001 3679.0000000000005 21175.750000000004 6836.5000000000009 16066.750000000002
decision_type=5 2 2 2 2 2
left_child=-1 2 3 4 -2 -5
right_child=1 -3 -4 5 -6 -7
leaf_value=-0.040577359747611196 0.0041437456173892334 0.043565719595918775 -0.068000405394275987 0 -0.077232469196716072 0.092002918486429761
leaf_count=354 2221 65 231 50 214 65
internal_value=0 0.00430527 -0 0.0118846 -0.00251638 0.250467
internal_count=3200 2846 2781 2550 2435 115
cat_boundaries=0 3
cat_threshold=2219378944 276876736 128
shrinkage=0.24562


Tree=30
num_leaves=13
num_cat=1
split_feature=2 13 5 5 16 12 13 16 5 21 12 6
split_gain=0.709847 0.550319 1.73764 1.5383 1.10665 0.97483 0.525763 1.0231 0.464984 0.244122 0.109565 0.0559438
threshold=0 130.00000000000003 3940.7500000000005 313.00000000000006 510.25000000000006 22.750000000000004 1516.0000000000002 2409.2500000000005 4162.7500000000009 42622.000000000007 93.250000000000014 1229.5000000000002
decision_type=5 2 2 2 2 2 2 2 2 2 2 2
left_child=10 2 3 9 8 -4 -6 -8 11 -2 -1 -3
right_child=1 4 5 -5 6 -7 7 -9 -10 -11 -12 -13
leaf_value=0.081013840610382956 0.0056665091805662236 -0.028556510855477363 0 -0.14337229718803207 -0.067776714353087145 0.17646408505401651 0.087874277988825703 -0.0092541627444074383 -0.16966413780414591 -0.037815675264676107 0 0
leaf_count=92 1303 193 142 131 142 42 100 510 140 150 143 112
internal_value=0 -0.0389939 0 -0.0476334 -0.116329 0.374091 -0.00795083 0.00516784 -0.375206 -0 0.142525 -0.0317387
internal_count=3200 2965 1768 1584 1197 184 752 610 445 1453 235 305
cat_boundaries=0 4
cat_threshold=12589088 663552 0 256
shrinkage=0.24562


Tree=31
num_leaves=18
num_cat=3
split_feature=1 0 5 5 2 21 21 10 4 7 21 12 6 12 6 6 0
split_gain=1.05085 1.33978 1.60032 1.55906 1.1429 1.83821 1.64855 1.28662 1.10714 2.08803 1.00079 0.867214 0.680915 0.430587 0.332791 0.0983022 0.00798145
threshold=0 4.7500000000000009 2255.5000000000005 1623.2500000000002 1 14005.750000000002 26478.250000000004 52.647650000000006 31756.000000000004 2 941.50000000000011 46.750000000000007 66613.000000000015 219.25000000000003 43.000000000000007 1.7500000000000002 10.750000000000002
decision_type=5 2 2 2 5 2 2 2 2 1 2 2 2 2 2 2 2
left_child=1 2 15 16 5 10 -7 8 9 -6 12 -4 -2 -13 -8 -1 -3
right_child=4 3 11 -5 7 6 14 -9 -10 -11 -12 13 -14 -15 -16 -17 -18
leaf_value=0.013118439571971041 -0.058917175261709163 0.014347739188956812 0.17227123713728834 -0.13417692279766338 0.18099937161034099 0.12921633811802513 0 -0.037578111841936428 -0 -0 -0.16584428537323129 -0 0 0.07231922763249575 -0.059706125552244922 -0.026012751804478214 0
leaf_count=195 1080 83 74 83 169 104 177 216 107 128 224 53 156 64 127 78 82
internal_value=0 0.086949 0.216235 -0.0853312 -0.0743545 -0.146226 0.0260563 0.0599942 0.260331 0.434802 -0.2828 0.428119 -0.162649 0.0519544 -0.0712787 0 0.0288604
internal_count=3200 712 464 248 2488 1868 408 620 404 297 1460 191 1236 117 304 273 165
cat_boundaries=0 8 10 11
cat_threshold=539002532 139660 66176 1375731712 10485784 131072 65676 268435456 1073749121 1074266442 2
shrinkage=0.24562


Tree=32
num_leaves=15
num_cat=2
split_feature=1 1 3 13 21 8 10 10 10 4 4 19 4 13
split_gain=0.82526 0.381438 0.70841 1.55189 0.669836 1.51419 1.50924 1.26156 1.02494 0.600672 0.525371 0.494352 0.287798 0.282842
threshold=0 1 1.7500000000000002 47.500000000000007 25.000000000000004 107.50000000000001 46.624800000000008 39.261900000000004 35.032850000000003 12943.000000000002 10924.000000000002 6.2500000000000009 4602.2500000000009 25952.500000000004
decision_type=5 5 2 2 2 2 2 2 2 2 2 2 2 2
left_child=12 2 3 -2 6 7 8 -6 -3 -7 -5 -8 -1 -4
right_child=1 4 13 10 5 9 11 -9 -10 -11 -12 -13 -14 -15
leaf_value=-0.13809861941256552 0 -0.01304574677302908 -0.056574884616054935 0.014799766119369936 0.12197242914491546 0 0.065338070795652334 -0 -0.1365744668744798 -0.070113329951111969 0.20524006981521581 -0 -0 0
leaf_count=341 287 582 78 97 206 468 220 113 266 134 44 193 120 51
internal_value=0 0.0136276 0.0877715 0.192824 -0.0113083 0.0520463 -0.109026 0.307498 -0.251511 -0.0401691 0.481823 0.0827266 -0.198164 -0.0303643
internal_count=3200 2739 557 428 2182 921 1261 319 848 602 141 413 461 129
cat_boundaries=0 10 18
cat_threshold=4460560 536871970 147587168 536903680 24640 32768 133120 16386 1 1048576 2130944 1074012544 128 1375731712 10485912 131072 65676 335544320
shrinkage=0.24562


Tree=33
num_leaves=16
num_cat=3
split_feature=1 4 20 16 0 6 0 21 21 6 10 4 4 7 16
split_gain=0.707521 0.944178 1.68703 1.56187 2.91743 1.59074 1.33543 0.664865 1.13635 0.560007 1.892 0.903342 0.574304 1.16618 0.0998905
threshold=0 147.25000000000003 1 2409.2500000000005 7.7500000000000009 63418.750000000007 1.7500000000000002 14005.750000000002 40044.250000000007 2353.0000000000005 46.756800000000005 3028.0000000000005 25064.500000000004 2 68.500000000000014
decision_type=5 2 5 2 2 2 2 2 2 2 2 2 2 1 2
left_child=9 2 -2 6 5 -5 14 -4 -9 10 -1 -11 13 -13 -3
right_child=1 3 7 4 -6 -7 -8 8 -10 11 -12 12 -14 -15 -16
leaf_value=0 -0.071663088958932947 0 -0.0090789946384361962 -0.17486834168592411 0.13063950259934634 -0.014475982053909356 -0 0.14369975752230707 -0 -0.097449724439678059 0.18861069100218034 0.1465260221151804 -0 -0 0.12929367889135471
leaf_count=335 922 141 264 220 56 414 139 105 102 83 52 72 85 60 150
internal_value=0 -0.0607738 -0.178199 0 -0.10133 -0.248738 0.251631 0.0434144 0.256234 0.0731148 0.18818 -0 0.0727487 0.250573 0.430494
internal_count=3200 2513 1393 1120 690 634 430 471 207 687 387 300 217 132 291
cat_boundaries=0 10 12 13
cat_threshold=606127108 418176 536871040 1342177280 14680200 131104 65676 335544320 0 256 16843777 69634 2
shrinkage=0.24562


Tree=34
num_leaves=13
num_cat=0
split_feature=12 12 16 13 14 15 3 19 13 8 0 10
split_gain=0.315394 0.898379 1.17094 1.23439 0.694883 0.405026 0.2331 1.23156 0.804059 0.623803 0.425741 0.060183
threshold=364.00000000000006 46.750000000000007 21175.750000000004 12898.000000000002 1.7500000000000002 783.25000000000011 13.750000000000002 3.2500000000000004 12684.250000000002 13.750000000000002 4.7500000000000009 52.466450000000002
decision_type=2 2 2 2 2 2 2 2 2 2 2 2
left_child=1 6 3 11 -2 -4 7 10 -9 -8 -1 -3
right_child=4 2 5 -5 -6 -7 9 8 -10 -11 -12 -13
leaf_value=0.0075197687529391646 -0 -0.13594952126299931 0.047634585326508064 0 0.096973134496428429 -0.02919291070383714 -0.083099417186823288 0.12205656548599872 -0 0 -0.034325025523245213 -0
leaf_count=1331 154 352 85 184 70 65 108 156 87 68 420 120
internal_value=0 -0.0311555 -0.167198 -0.305987 0.130646 0 0.00616729 0.0368327 0.323801 -0.0992488 -0 -0.458802
internal_count=3200 2976 806 656 224 150 2170 1994 243 176 1751 472
shrinkage=0.24562


Tree=35
num_leaves=15
num_cat=3
split_feature=1 2 1 21 19 19 17 13 21 6 6 17 18 12
split_gain=0.723713 1.44685 1.34738 1.55252 1.17951 1.13231 1.00331 1.45392 0.957592 0.922868 0.644715 0.480867 0.676995 0.005149
threshold=0 1 2 14005.750000000002 285.25000000000006 238.75000000000003 24.250000000000004 43804.750000000007 40044.250000000007 226530.50000000003 36515.500000000007 313.00000000000006 770.50000000000011 232.75000000000003
decision_type=5 5 5 2 2 2 2 2 2 2 2 2 2 2
left_child=6 2 -2 4 -4 11 -1 9 -5 10 -8 -3 -13 -7
right_child=1 5 3 8 -6 13 7 -9 -10 -11 -12 12 -14 -15
leaf_value=0.059901435270518257 0.019233803715863935 -0 -0.11014636007368811 0.072408043582716491 0 -0.03635167127895636 -0 0.11025577377728232 -0.044340067190952528 0.014635495008172321 -0.13246500944527229 0.12918740246661037 0 -0
leaf_count=355 212 188 1234 122 104 76 135 44 226 41 88 148 166 61
internal_value=0 -0.0632339 -0.149098 -0.221201 -0.380579 0.0776312 0.0721382 -0 -0 -0.150928 -0.279797 0.248582 0.332861 -0.102903
internal_count=3200 2537 1898 1686 1338 639 663 308 348 264 223 502 314 137
cat_boundaries=0 10 12 20
cat_threshold=69238944 270732 604045316 268435456 10485888 131104 140 335544320 32 256 265633 1073742634 524 16 8389136 1073741824 0 0 0 128
shrinkage=0.24562


end of trees

feature importances:
c_02=37
n_table_1.n_20=37
n_table_1.n_2=34
n_table_1.n_15=29
n_1=27
n_table_1.n_19=27
n_table_1.n_16=27
n_table_1.n_7=25
n_table_1.n_18=20
n_table_1.n_9=19
c_table_2.c_4=18
n_table_3.n_3=18
c_table_1.c_4=16
n_table_1.n_8=13
n_table_2.n_13=11
n_table_1.n_17=11
n_table_1.n_12=10
n_table_1.n_26=9
n_table_1.n_3=7
c_table_2.c_1=5
n_table_1.n_10=4
n_table_2.n_14=2

parameters:
[boosting: gbdt]
[objective: binary]
[metric: auc]
[tree_learner: serial]
[device_type: cpu]
[data: ]
[valid: ]
[num_iterations: 100]
[learning_rate: 0.24562]
[num_leaves: 55]
[num_threads: 4]
[max_depth: 5]
[min_data_in_leaf: 20]
[min_sum_hessian_in_leaf: 4.14051]
[bagging_fraction: 0.8]
[bagging_freq: 44]
[bagging_seed: 3]
[feature_fraction: 0.7]
[feature_fraction_seed: 2]
[early_stopping_round: 0]
[max_delta_step: 0]
[lambda_l1: 1.35423]
[lambda_l2: 0.479101]
[min_gain_to_split: 0]
[drop_rate: 0.1]
[max_drop: 50]
[skip_drop: 0.5]
[xgboost_dart_mode: 0]
[uniform_drop: 0]
[drop_seed: 4]
[top_rate: 0.2]
[other_rate: 0.1]
[min_data_per_group: 100]
[max_cat_threshold: 32]
[cat_l2: 10]
[cat_smooth: 10]
[max_cat_to_onehot: 4]
[top_k: 20]
[monotone_constraints: ]
[feature_contri: ]
[forcedsplits_filename: ]
[refit_decay_rate: 0.9]
[verbosity: -1]
[max_bin: 255]
[min_data_in_bin: 3]
[bin_construct_sample_cnt: 200000]
[histogram_pool_size: -1]
[data_random_seed: 1]
[output_model: LightGBM_model.txt]
[snapshot_freq: -1]
[input_model: ]
[output_result: LightGBM_predict_result.txt]
[initscore_filename: ]
[valid_data_initscores: ]
[pre_partition: 0]
[enable_bundle: 1]
[max_conflict_rate: 0]
[is_enable_sparse: 1]
[sparse_threshold: 0.8]
[use_missing: 1]
[zero_as_missing: 0]
[two_round: 0]
[save_binary: 0]
[enable_load_from_binary_file: 1]
[header: 0]
[label_column: ]
[weight_column: ]
[group_column: ]
[ignore_column: ]
[categorical_feature: ]
[predict_raw_score: 0]
[predict_leaf_index: 0]
[predict_contrib: 0]
[num_iteration_predict: -1]
[pred_early_stop: 0]
[pred_early_stop_freq: 10]
[pred_early_stop_margin: 10]
[convert_model_language: ]
[convert_model: gbdt_prediction.cpp]
[num_class: 1]
[is_unbalance: 0]
[scale_pos_weight: 1]
[sigmoid: 1]
[boost_from_average: 1]
[reg_sqrt: 0]
[alpha: 0.9]
[fair_c: 1]
[poisson_max_delta_step: 0.7]
[tweedie_variance_power: 1.5]
[max_position: 20]
[label_gain: ]
[metric_freq: 1]
[is_provide_training_metric: 0]
[eval_at: ]
[num_machines: 1]
[local_listen_port: 12400]
[time_out: 120]
[machine_list_filename: ]
[machines: ]
[gpu_platform_id: -1]
[gpu_device_id: -1]
[gpu_use_dp: 0]

end of parameters

pandas_categorical:[[0, 1, 2, 3, 4, 5, 6, 7, 8, 9, 10, 11, 12, 13, 14, 15, 16, 17, 18, 19, 20, 21, 22, 23, 24, 25, 26, 27, 28, 29, 30, 31, 32, 33, 34, 35, 36, 37, 38, 39, 40, 41, 42, 43, 44, 45, 46, 47, 48, 49, 50, 51, 52, 53, 54, 55, 56, 57, 58, 59, 60, 61, 62, 63, 64, 65, 66, 67, 68, 69, 70, 71, 72, 73, 74, 75, 76, 77, 78, 79, 80, 81, 82, 83, 84, 85, 86, 87, 88, 89, 90, 91, 92, 93, 94, 95, 96, 97, 98, 99, 100, 101, 102, 103, 104, 105, 106, 107, 108, 109, 110, 111, 112, 113, 114, 115, 116, 117, 118, 119, 120, 121, 122, 123, 124, 125, 126, 127, 128, 129, 130, 131, 132, 133, 134, 135, 136, 137, 138, 139, 140, 141, 142, 143, 144, 145, 146, 147, 148, 149, 150, 151, 152, 153, 154, 155, 156, 157, 158, 159, 160, 161, 162, 163, 164, 165, 166, 167, 168, 169, 170, 171, 172, 173, 174, 175, 176, 177, 178, 179, 180, 181, 182, 183, 184, 185, 186, 187, 188, 189, 190, 191, 192, 193, 194, 195, 196, 197, 198, 199, 200, 201, 202, 203, 204, 205, 206, 207, 208, 209, 210, 211, 212, 213, 214, 215, 216, 217, 218, 219, 220, 221, 222, 223, 224, 225, 226, 227, 228, 229, 230, 231, 232, 233, 234, 235, 236, 237, 238, 239, 240, 241, 242, 243, 244, 245, 246, 247, 248, 249, 250, 251, 252, 253, 254, 255, 256, 257, 258, 259, 260, 261, 262, 263, 264, 265, 266, 267, 268, 269, 270, 271, 272, 273, 274, 275, 276, 277, 278, 279, 280, 281, 282, 283, 284, 285, 286, 287, 288, 289, 290, 291, 292, 293, 294, 295, 296, 297, 298, 299, 300, 301, 302, 303, 304, 305, 306, 307, 308, 309, 310, 311, 312, 313, 314, 315, 316, 317, 318, 319, 320, 321, 322, 323, 324, 325, 326, 327, 328, 329, 330, 331, 332, 333, 334, 335, 336, 337, 338, 339, 340, 341, 342, 343, 344, 345, 346, 347, 348, 349, 350, 351, 352, 353, 354, 355, 356, 357, 358, 359, 360, 361, 362, 363, 364, 365, 366, 367, 368, 369, 370, 371, 372, 373, 374, 375, 376, 377, 378, 379, 380, 381, 382, 383, 384, 385, 386, 387, 388, 389, 390, 391, 392, 393, 394, 395, 396, 397, 398, 399, 400, 401, 402, 403, 404, 405, 406, 407, 408, 409, 410, 411, 412, 413, 414, 415, 416, 417, 418, 419, 420, 421, 422, 423, 424, 425, 426, 427, 428, 429, 430, 431, 432, 433, 434, 435, 436, 437, 438, 439, 440, 441, 442, 443, 444, 445, 446, 447, 448, 449, 450, 451, 452, 453, 454, 455, 456, 457, 458, 459, 460, 461, 462, 463, 464, 465, 466, 467, 468, 469, 470, 471, 472, 473, 474, 475, 476, 477, 478, 479, 480, 481, 482, 483, 484, 485, 486, 487, 488, 489, 490, 491, 492, 493, 494, 495, 496, 497, 498, 499, 500, 501, 502, 503, 504, 505, 506, 507, 508, 509, 510, 511, 512, 513, 514, 515, 516, 517, 518, 519, 520, 521, 522, 523, 524, 525, 526, 527, 528, 529, 530, 531, 532, 533, 534, 535, 536, 537, 538, 539, 540, 541, 542, 543, 544, 545, 546, 547, 548, 549, 550, 551, 552, 553, 554, 555, 556, 557, 558], [0, 1, 2, 3, 4, 5, 6, 7, 8, 9, 10, 11, 12, 13, 14, 15, 16, 17, 18, 19, 20, 21, 22, 23, 24, 25, 26, 27, 28, 29, 30, 31, 32, 33, 34, 35, 36, 37, 38, 39, 40, 41, 42, 43, 44, 45, 46, 47, 48, 49, 50, 51, 52, 53, 54, 55, 56, 57, 58, 59, 60, 61, 62, 63, 64, 65, 66, 67, 68, 69, 70, 71, 72, 73, 74, 75, 76, 77, 78, 79, 80, 81, 82, 83, 84, 85, 86, 87, 88, 89, 90, 91, 92, 93, 94, 95, 96, 97, 98, 99, 100, 101, 102, 103, 104, 105, 106, 107, 108, 109, 110, 111, 112, 113, 114, 115, 116, 117, 118, 119, 120, 121, 122, 123, 124, 125, 126, 127, 128, 129, 130, 131, 132, 133, 134, 135, 136, 137, 138, 139, 140, 141, 142, 143, 144, 145, 146, 147, 148, 149, 150, 151], [0, 1], [0, 1, 2, 3, 4, 5, 6, 7, 8, 9, 10, 11, 12, 13, 14, 15, 16, 17, 18, 19, 20, 21, 22, 23, 24, 25, 26, 27, 28, 29, 30, 31, 32, 33, 34, 35, 36, 37, 38, 39, 40, 41, 42, 43, 44, 45, 46, 47, 48, 49, 50, 51, 52, 53, 54, 55, 56, 57, 58, 59, 60, 61, 62, 63, 64, 65, 66, 67, 68, 69, 70, 71, 72, 73, 74, 75, 76, 77, 78, 79, 80, 81, 82, 83, 84, 85, 86, 87, 88, 89, 90, 91, 92, 93, 94, 95, 96, 97, 98, 99, 100, 101, 102, 103, 104, 105, 106, 107, 108, 109, 110, 111, 112, 113, 114, 115, 116, 117, 118, 119, 120, 121, 122, 123, 124, 125, 126, 127, 128, 129, 130, 131, 132, 133]]
