tree
version=v2
num_class=1
num_tree_per_iteration=1
label_index=0
max_feature_idx=22
objective=binary sigmoid:1
feature_names=n_1 c_table_1.c_1 c_table_1.c_2 n_table_1.n_2 c_table_1.c_3 c_table_1.c_4 n_table_1.n_5 n_table_1.n_6 n_table_1.n_7 n_table_1.n_8 n_table_1.n_9 n_table_1.n_10 n_table_1.n_11 n_table_1.n_12 n_table_1.n_15 n_table_1.n_16 n_table_1.n_17 n_table_1.n_18 n_table_1.n_19 n_table_1.n_20 n_table_1.n_25 n_table_1.n_26 n_table_1.n_27
feature_infos=[1:62.5] 1:0 3:0:5:36:20:4:21:8:11:62:25:56:33:44:1:31:30:153:18:69:2:28:85:135:6:35:40:43:54:61:98:9:38:49:176:55:87:84:26:42:101:155:80:137:149:19:52:39:51:27:47:177:57:58:59:125:34:63:75:94:102:113:13:29:83:103:132:151:14:15:23:66:76:88:90:99:108:114:169:180:93:126:134:171:24:68:78:95:112:117:121:127:138:139:154:158:159:10:16:53:67:97:107:109:111:123:133:166:175:182 [-49.719499999999996:81.200400000000002] 36:0:3:33:28:13:9:1:42:8:178:19:5:66:24:95:72:2:12:17:14:56:58:139:25:31:70:119:90:112:88:81:83:6:21:50:75:100:204:4:43:64:74:79:116:44:48:49:94:123:67:26:97:22:30:32:122:11:29:46:182:102:158:161:167:206:16:39:60:135:143:10:18:34:57:63:120:128:155:68:71:98:147:159:172:175:212:15:35:54:62:82:99:113:134:140:177:196:23:69:76:89:138:162:166:199:205:27:40:51:65:73:115:168:181:188:193:198:41:45:53:59:61:92:96:108:111:121:129:136:157:163:174:180:184:185:189:191:192:194:195:201 34:0:24:2:8:36:10:1:41:52:77:6:13:31:5:28:78:3:12:15:17:20:32:23:30:35:75:58:18:47:100:14:37:27:61:88:4:7:45:48:64:73:82:133:38:56:62:71:106:115:135:9:40:70:83:85:96:108:125:21:29:46:54:113:132:25:39:42:44:72:97:111:119:122:19:68:76:103:110:117:121:123:124:127:131:138 [1:24272.5] [1:46363] [1:3314.5] [1:703902] [1:2481850] [1:70] [1:6121] [1:7070.5] [1:423494] [1:245767] [1:448222] [1:441384] [1:1178200] [1:18856] [1:38.5] [1:121640] [1:151]
tree_sizes=560 711 792 782 837 792 705

Tree=0
num_leaves=6
num_cat=0
split_feature=17 21 8 0 0
split_gain=50.2473 8.54636 8.28432 2.55857 1.47604
threshold=15400.750000000002 4.7500000000000009 220.00000000000003 16.750000000000004 1.7500000000000002
decision_type=2 2 2 2 2
left_child=1 3 -2 4 -1
right_child=2 -3 -4 -5 -6
leaf_value=-3.1962886696608805 -2.9258772319942805 -3.0787257319504397 -3.1063279990596619 -3.1376321818537805 -3.2381896820013467
leaf_count=1838 383 237 223 210 709
internal_value=0 -0.296903 1.25002 -0.379138 -0.423549
internal_count=3600 2994 606 2757 2547
shrinkage=1


Tree=1
num_leaves=7
num_cat=2
split_feature=18 2 10 4 15 3
split_gain=34.0739 15.4979 6.99925 4.70039 3.76495 0.617226
threshold=30745.750000000004 0 779.50000000000011 1 1.7500000000000002 35.802900000000008
decision_type=2 5 2 5 2 2
left_child=3 -2 -3 -1 5 -5
right_child=1 2 -4 4 -6 -7
leaf_value=0.033406127459781734 -0.046812447553087874 0.068650157484076685 0.24262004487322567 -0.041044861702988142 -0.10640331654529056 -0.00042023734915224966
leaf_count=239 211 205 346 1869 467 263
internal_value=0 0.831347 1.01583 -0.298537 -0.345884 -0.271067
internal_count=3600 762 551 2838 2599 2132
cat_boundaries=0 3 9
cat_threshold=2148532306 554173440 65568 137220 18 0 65536 2048 262144
shrinkage=0.135166


Tree=2
num_leaves=8
num_cat=1
split_feature=4 21 16 6 18 17 0
split_gain=26.6234 20.4647 10.723 4.29133 2.84806 1.04493 0.491134
threshold=0 94.750000000000014 15788.500000000002 1.7500000000000002 152.50000000000003 34685.500000000007 9.2500000000000018
decision_type=5 2 2 2 2 2 2
left_child=4 2 3 -2 6 -6 -1
right_child=1 -3 -4 -5 5 -7 -8
leaf_value=-0.039132957831477813 -0.070944749390100675 0.20712869576381684 0.13573715662410629 0.028993274020063842 -0.11511070207695059 -0.035635519370667272 -0.0030737491189980126
leaf_count=1542 373 274 190 350 396 170 305
internal_value=0 0.49082 0.157448 -0.154864 -0.337092 -0.678564 -0.251211
internal_count=3600 1187 913 723 2413 566 1847
cat_boundaries=0 7
cat_threshold=2691195681 83958784 3288335429 76546130 0 0 4096
shrinkage=0.135166


Tree=3
num_leaves=8
num_cat=1
split_feature=2 21 14 8 8 0 0
split_gain=18.855 12.7398 8.12029 3.2591 2.32719 0.389678 0.585425
threshold=0 190.00000000000003 243.25000000000003 4.7500000000000009 91.750000000000014 9.2500000000000018 1.7500000000000002
decision_type=5 2 2 2 2 2 2
left_child=3 2 -2 5 -4 6 -1
right_child=1 -3 4 -5 -6 -7 -8
leaf_value=-0.025746471021879557 -0.065620841371181196 0.15761594687216118 0.090553212862648988 -0.098111181957225249 0.011494019832688145 -0.0028631783304550597 -0.067418214252776595
leaf_count=1267 367 251 347 463 317 306 282
internal_value=0 0.372832 0.129574 -0.312363 0.415165 -0.22854 -0.26383
internal_count=3600 1282 1031 2318 664 1855 1549
cat_boundaries=0 6
cat_threshold=2148532307 562039832 3211296 0 0 65536
shrinkage=0.135166


Tree=4
num_leaves=9
num_cat=1
split_feature=2 10 0 19 8 0 0 7
split_gain=17.0651 10.39 6.8749 3.8074 1.32958 0.334789 0.455134 0.147861
threshold=0 16.750000000000004 7.7500000000000009 1.7500000000000002 257.50000000000006 9.2500000000000018 1.7500000000000002 79.000000000000014
decision_type=5 2 2 2 2 2 2 2
left_child=3 -2 4 5 -3 6 -1 -5
right_child=1 2 -4 7 -6 -7 -8 -9
leaf_value=-0.020251842663632062 -0.049495131579467867 0.069090453401597016 0.18619286886391617 -0.11090310272497533 0.0064419551388187708 -0 -0.058751652219846677 -0.051964462436655499
leaf_count=1204 331 509 169 361 187 297 265 277
internal_value=0 0.357697 0.632382 -0.295643 0.396218 -0.182568 -0.21654 -0.671317
internal_count=3600 1196 865 2404 696 1766 1469 638
cat_boundaries=0 6
cat_threshold=2148532563 562564312 3211296 0 0 65536
shrinkage=0.135166


Tree=5
num_leaves=8
num_cat=1
split_feature=4 19 15 3 14 10 15
split_gain=16.1725 10.3598 2.96261 3.45934 2.25766 1.42039 0.0569738
threshold=0 323.50000000000006 14739.250000000002 46.924550000000004 43318.000000000007 41.500000000000007 480.25000000000006
decision_type=5 2 2 2 2 2 2
left_child=1 -1 3 5 -4 -2 -5
right_child=2 -3 4 6 -6 -7 -8
leaf_value=-0.0053877271725509572 -0.030986524896502932 0.16536430364503218 0.067504107373607999 -0.044464415435078966 -0.022392981808486135 0.013134166890663442 -0.10189419298175786
leaf_count=270 1925 266 141 240 160 285 313
internal_value=0 0.561413 -0.190189 -0.273096 0.160616 -0.165268 -0.632549
internal_count=3600 536 3064 2763 301 2210 553
cat_boundaries=0 6
cat_threshold=83892318 409616 17467400 134283264 0 262146
shrinkage=0.135166


Tree=6
num_leaves=7
num_cat=2
split_feature=2 10 3 0 5 0
split_gain=10.0804 6.67078 5.27898 5.11761 4.34988 0.566629
threshold=0 16.750000000000004 34.901850000000003 10.750000000000002 1 9.2500000000000018
decision_type=5 2 2 2 5 2
left_child=2 -2 5 4 -3 -1
right_child=1 3 -4 -5 -6 -7
leaf_value=-0.026551624306894079 -0.049200082671669733 -0.033090422229975616 -0.11263378161641113 0.1442428711369913 0.048176729341593234 0.0038913817104041242
leaf_count=1517 348 166 427 147 686 309
internal_value=0 0.236926 -0.260081 0.417371 0.256563 -0.150276
internal_count=3600 1347 2253 999 852 1826
cat_boundaries=0 6 9
cat_threshold=2148532307 562564296 3211296 0 0 65536 168258 516 8192
shrinkage=0.135166


end of trees

feature importances:
n_1=10
c_table_1.c_2=4
n_table_1.n_7=4
n_table_1.n_9=4
n_table_1.n_2=3
c_table_1.c_3=3
n_table_1.n_16=3
n_table_1.n_26=3
n_table_1.n_15=2
n_table_1.n_18=2
n_table_1.n_19=2
n_table_1.n_20=2
c_table_1.c_4=1
n_table_1.n_5=1
n_table_1.n_6=1
n_table_1.n_17=1

parameters:
[boosting: gbdt]
[objective: binary]
[metric: auc]
[tree_learner: serial]
[device_type: cpu]
[data: ]
[valid: ]
[num_iterations: 100]
[learning_rate: 0.135166]
[num_leaves: 10]
[num_threads: 4]
[max_depth: 4]
[min_data_in_leaf: 20]
[min_sum_hessian_in_leaf: 8.16864]
[bagging_fraction: 0.9]
[bagging_freq: 55]
[bagging_seed: 3]
[feature_fraction: 0.8]
[feature_fraction_seed: 2]
[early_stopping_round: 0]
[max_delta_step: 0]
[lambda_l1: 0.314167]
[lambda_l2: 1.64411]
[min_gain_to_split: 0]
[drop_rate: 0.1]
[max_drop: 50]
[skip_drop: 0.5]
[xgboost_dart_mode: 0]
[uniform_drop: 0]
[drop_seed: 4]
[top_rate: 0.2]
[other_rate: 0.1]
[min_data_per_group: 100]
[max_cat_threshold: 32]
[cat_l2: 10]
[cat_smooth: 10]
[max_cat_to_onehot: 4]
[top_k: 20]
[monotone_constraints: ]
[feature_contri: ]
[forcedsplits_filename: ]
[refit_decay_rate: 0.9]
[verbosity: -1]
[max_bin: 255]
[min_data_in_bin: 3]
[bin_construct_sample_cnt: 200000]
[histogram_pool_size: -1]
[data_random_seed: 1]
[output_model: LightGBM_model.txt]
[snapshot_freq: -1]
[input_model: ]
[output_result: LightGBM_predict_result.txt]
[initscore_filename: ]
[valid_data_initscores: ]
[pre_partition: 0]
[enable_bundle: 1]
[max_conflict_rate: 0]
[is_enable_sparse: 1]
[sparse_threshold: 0.8]
[use_missing: 1]
[zero_as_missing: 0]
[two_round: 0]
[save_binary: 0]
[enable_load_from_binary_file: 1]
[header: 0]
[label_column: ]
[weight_column: ]
[group_column: ]
[ignore_column: ]
[categorical_feature: ]
[predict_raw_score: 0]
[predict_leaf_index: 0]
[predict_contrib: 0]
[num_iteration_predict: -1]
[pred_early_stop: 0]
[pred_early_stop_freq: 10]
[pred_early_stop_margin: 10]
[convert_model_language: ]
[convert_model: gbdt_prediction.cpp]
[num_class: 1]
[is_unbalance: 0]
[scale_pos_weight: 1]
[sigmoid: 1]
[boost_from_average: 1]
[reg_sqrt: 0]
[alpha: 0.9]
[fair_c: 1]
[poisson_max_delta_step: 0.7]
[tweedie_variance_power: 1.5]
[max_position: 20]
[label_gain: ]
[metric_freq: 1]
[is_provide_training_metric: 0]
[eval_at: ]
[num_machines: 1]
[local_listen_port: 12400]
[time_out: 120]
[machine_list_filename: ]
[machines: ]
[gpu_platform_id: -1]
[gpu_device_id: -1]
[gpu_use_dp: 0]

end of parameters

pandas_categorical:[[0, 1, 2], [0, 1, 2, 3, 4, 5, 6, 7, 8, 9, 10, 11, 12, 13, 14, 15, 16, 17, 18, 19, 20, 21, 22, 23, 24, 25, 26, 27, 28, 29, 30, 31, 32, 33, 34, 35, 36, 37, 38, 39, 40, 41, 42, 43, 44, 45, 46, 47, 48, 49, 50, 51, 52, 53, 54, 55, 56, 57, 58, 59, 60, 61, 62, 63, 64, 65, 66, 67, 68, 69, 70, 71, 72, 73, 74, 75, 76, 77, 78, 79, 80, 81, 82, 83, 84, 85, 86, 87, 88, 89, 90, 91, 92, 93, 94, 95, 96, 97, 98, 99, 100, 101, 102, 103, 104, 105, 106, 107, 108, 109, 110, 111, 112, 113, 114, 115, 116, 117, 118, 119, 120, 121, 122, 123, 124, 125, 126, 127, 128, 129, 130, 131, 132, 133, 134, 135, 136, 137, 138, 139, 140, 141, 142, 143, 144, 145, 146, 147, 148, 149, 150, 151, 152, 153, 154, 155, 156, 157, 158, 159, 160, 161, 162, 163, 164, 165, 166, 167, 168, 169, 170, 171, 172, 173, 174, 175, 176, 177, 178, 179, 180, 181, 182, 183, 184], [0, 1, 2, 3, 4, 5, 6, 7, 8, 9, 10, 11, 12, 13, 14, 15, 16, 17, 18, 19, 20, 21, 22, 23, 24, 25, 26, 27, 28, 29, 30, 31, 32, 33, 34, 35, 36, 37, 38, 39, 40, 41, 42, 43, 44, 45, 46, 47, 48, 49, 50, 51, 52, 53, 54, 55, 56, 57, 58, 59, 60, 61, 62, 63, 64, 65, 66, 67, 68, 69, 70, 71, 72, 73, 74, 75, 76, 77, 78, 79, 80, 81, 82, 83, 84, 85, 86, 87, 88, 89, 90, 91, 92, 93, 94, 95, 96, 97, 98, 99, 100, 101, 102, 103, 104, 105, 106, 107, 108, 109, 110, 111, 112, 113, 114, 115, 116, 117, 118, 119, 120, 121, 122, 123, 124, 125, 126, 127, 128, 129, 130, 131, 132, 133, 134, 135, 136, 137, 138, 139, 140, 141, 142, 143, 144, 145, 146, 147, 148, 149, 150, 151, 152, 153, 154, 155, 156, 157, 158, 159, 160, 161, 162, 163, 164, 165, 166, 167, 168, 169, 170, 171, 172, 173, 174, 175, 176, 177, 178, 179, 180, 181, 182, 183, 184, 185, 186, 187, 188, 189, 190, 191, 192, 193, 194, 195, 196, 197, 198, 199, 200, 201, 202, 203, 204, 205, 206, 207, 208, 209, 210, 211, 212, 213, 214, 215, 216], [0, 1, 2, 3, 4, 5, 6, 7, 8, 9, 10, 11, 12, 13, 14, 15, 16, 17, 18, 19, 20, 21, 22, 23, 24, 25, 26, 27, 28, 29, 30, 31, 32, 33, 34, 35, 36, 37, 38, 39, 40, 41, 42, 43, 44, 45, 46, 47, 48, 49, 50, 51, 52, 53, 54, 55, 56, 57, 58, 59, 60, 61, 62, 63, 64, 65, 66, 67, 68, 69, 70, 71, 72, 73, 74, 75, 76, 77, 78, 79, 80, 81, 82, 83, 84, 85, 86, 87, 88, 89, 90, 91, 92, 93, 94, 95, 96, 97, 98, 99, 100, 101, 102, 103, 104, 105, 106, 107, 108, 109, 110, 111, 112, 113, 114, 115, 116, 117, 118, 119, 120, 121, 122, 123, 124, 125, 126, 127, 128, 129, 130, 131, 132, 133, 134, 135, 136, 137, 138]]
