tree
version=v2
num_class=1
num_tree_per_iteration=1
label_index=0
max_feature_idx=21
objective=binary sigmoid:1
feature_names=n_1 c_02 c_table_1.c_4 n_table_1.n_8 n_table_1.n_15 n_table_1.n_18 n_table_1.n_19 c_table_2.c_1 n_table_2.n_13 n_table_2.n_14 n_table_1.n_2 n_table_1.n_3 n_table_1.n_7 n_table_1.n_9 n_table_1.n_10 n_table_1.n_12 n_table_1.n_16 n_table_1.n_17 n_table_1.n_20 n_table_1.n_26 c_table_2.c_4 n_table_3.n_3
feature_infos=[1:335.5] 40:3:68:15:50:10:80:6:35:91:9:5:12:20:165:46:2:48:69:34:83:58:62:87:115:73:77:225:252:45:126:132:149:61:66:111:209:102:196:36:37:39:208:29:124:135:203:121:22:42:71:82:99:108:156:194:14:33:49:70:93:110:118:195:296:308:4:26:28:238:261:55:86:90:150:175:177:199:231:250:18:21:67:125:138:23:131:134:141:161:205:220:228:230:244:285:7:17:38:43:59:122:139:142:166:170:179:198:222:256:345:57:227:248:8:98:100:112:130:144:151:178:188:189:190:269:305:323:11:75:92:116:146:164:186:213:214:268:312:349:377:1:44:63:101:123:154:176:206:212:216:232:251:273:275:354:13:54:65:74:79:84:95:114:120:133:145:153:162:173:181:187:192:211:243:262:277:318:324:334:361:366:368:0:31:104:109:148:169:202:204:239:283:293:295:310:322:380:393:399:19:32:53:94:106:127:140:158:167:172:207:229:234:240:246:264:284:289:291:292:297:306:309:338:350:359:374:386:407:52:72:81:103:107:113:117:180:182:233:236:237:247:255:257:266:267:271:274:282:286:288:301:304:315:336:375:400:418:478:498:24:25:27:30:60:78:105:119:136:137:143:147:163:168:171:174:185:191:217:218:221:224:226:235:249:254:260:263:272:279:280:281:300:302:320:332:337:340:347:351:356:376:378:383:387:392:394:397:414:420:424:430:433:438:442:453:457:462:467:476:479:481 4:0:10:12:2:11:7:5:45:51:35:8:18:23:33:40:77:30:37:38:41:57:29:28:16:74:62:49:13:21:48:104:6:69:22:26:39:54:19:27:72:87:95:3:31:55:56:106:15:17:60:61:96:103:92:25:66:67:78:80:81:93:94:109:113:117:122:1:24:44:46:47:53:59:65:83:84:99:112:121:133:14:20:36:63:70:82:97:102:116:136:32:34:42:52:58:64:71:75:85:90:98:107:111:115:124:129:130:131:132 [1:244588] [1:274774] [1:574087] [1:1285890] 1:0 [1:395101] [1:275.5] [-49.8874:81.708399999999997] [1:175] [1:38456.5] [1:1556770] [1:68.5] [1:8524] [1:249100] [1:448222] [1:19936] [1:121640] 20:0:2:33:16:38:10:8:24:31:6:53:18:21:44:48:26:35:55:12:39:40:14:43:61:42:60:17:22:11:29:9:3:4:37:19:41:67:47:46:49:25:71:98:27:69:57:73:1:30:52:100:59:62:63:77:106:45:56:87:92:103:7:15:32:58:80:82:94:34:65:66:68:74:75:79:84:97:107:112:13:51:54:64:70:76:85:91:95:109 [1:509664]
tree_sizes=667 1069 608 705 1024 1070 1138 790 889 1206 756 1055 1000 1204 917 977 1166 870 915 895 1201 576 912 998 1009 615 1260 805 734 1131 624 1241 1027 1036 1014 993 1003 850 1062 1093 1292 1286 939 1112

Tree=0
num_leaves=7
num_cat=1
split_feature=6 20 5 18 18 18
split_gain=46.491 38.0227 7.49397 11.9661 5.576 5.00072
threshold=346413.00000000006 0 31120.000000000004 1511.5000000000002 104.50000000000001 826.75000000000011
decision_type=2 5 2 2 2 2
left_child=1 4 5 -4 -1 -3
right_child=-2 2 3 -5 -6 -7
leaf_value=-2.5082651632040673 -2.1021384549601887 -2.9142619592214944 -2.4456853693797442 -2.9092465594701911 -1.9169688674799499 -3.1112075705835434
leaf_count=163 199 2537 193 392 111 405
internal_value=0 -0.114009 -0.253469 0.165907 1.02389 -0.355602
internal_count=4000 3801 3527 585 274 2942
cat_boundaries=0 4
cat_threshold=34619392 65546 8 4
shrinkage=1


Tree=1
num_leaves=11
num_cat=4
split_feature=1 4 4 1 7 0 9 7 4 0
split_gain=78.8836 17.05 14.4645 7.55205 5.61338 3.65903 3.63561 2.45864 2.2385 1.59821
threshold=0 1459.0000000000002 132478.00000000003 1 2 1.7500000000000002 6.2500000000000009 3 2934.2500000000005 10.750000000000002
decision_type=5 2 2 5 1 2 2 1 2 2
left_child=1 4 3 8 5 -1 -5 -3 -2 -6
right_child=2 7 -4 6 9 -7 -8 -9 -10 -11
leaf_value=0.17696989848021141 -0.020776315265519207 0.87179767131552788 0.3445088809882631 -0.22170794604492516 0.40992319343044498 -0.18177816306693786 0.067184023219406419 0.41017943328167206 0.20688700318356631 0.09249648470903038
leaf_count=144 281 157 66 2565 224 114 98 139 138 74
internal_value=0 0.934338 -0.363212 -0.449096 0.575159 0.0231919 -0.515594 1.79473 0.120629 0.898346
internal_count=4000 852 3148 3082 556 258 2663 296 419 298
cat_boundaries=0 10 21 22 23
cat_threshold=539001440 1140875648 545333764 1107296256 82052 262144 65664 67108864 0 1048832 67125376 42076180 67108992 268435464 12582936 163842 8 268451968 32 0 33554432 2 2
shrinkage=0.37847


Tree=2
num_leaves=6
num_cat=2
split_feature=4 0 2 20 19
split_gain=15.9156 11.0534 8.31016 6.53052 1.37281
threshold=135130.00000000003 18.250000000000004 0 1 43.000000000000007
decision_type=2 2 5 5 2
left_child=1 2 4 -4 -1
right_child=-2 -3 3 -5 -6
leaf_value=0.37039780792632393 0.48419713721341628 0.33622410201467656 0.1071242279425018 -0.099165828729133293 0.070266379781226712
leaf_count=136 53 154 209 3360 88
internal_value=0 -0.0881342 -0.14177 -0.198601 0.42725
internal_count=4000 3947 3793 3569 224
cat_boundaries=0 3 5
cat_threshold=1354764352 4391008 1024 671105032 197410
shrinkage=0.37847


Tree=3
num_leaves=7
num_cat=3
split_feature=2 20 16 18 20 11
split_gain=12.0729 11.8365 10.8448 16.0686 4.92963 0.343
threshold=0 1 18608.500000000004 3831.2500000000005 2 37.750000000000007
decision_type=5 5 2 2 5 2
left_child=5 -2 4 -4 -3 -1
right_child=1 2 3 -5 -6 -7
leaf_value=-0.30737225462946804 -0.17202726396196141 -0.017603834665277398 0.54611597654594568 -0.017843436859523394 0.12908740676357633 -0.11712981181744285
leaf_count=319 565 2117 174 141 572 112
internal_value=0 0.0837312 0.187527 0.764746 0.0779191 -0.528096
internal_count=4000 3569 3004 315 2689 431
cat_boundaries=0 3 6 9
cat_threshold=606874916 525056 2147484672 2215447364 815828160 640 555745281 69896 8
shrinkage=0.37847


Tree=4
num_leaves=10
num_cat=2
split_feature=1 12 1 4 10 18 10 13 10
split_gain=25.6967 9.6939 7.1496 4.68438 7.26859 4.225 3.74476 2.17076 1.1638
threshold=0 44.500000000000007 1 2328.2500000000005 40.523250000000004 84.250000000000014 50.77405000000001 4261.0000000000009 53.154700000000012
decision_type=5 2 5 2 2 2 2 2 2
left_child=1 8 -2 5 -5 -4 7 -3 -1
right_child=2 6 3 4 -6 -7 -8 -9 -10
leaf_value=0.37427237957185211 -0.23878078369071604 0.032646489148780551 -0.050374582246042021 0.22327712124341278 -0.055928778636140104 -0.26857053524604368 0.18995950380167018 -0.23817903554800279 0.094418832558064658
leaf_count=374 689 76 1366 261 668 355 85 65 61
internal_value=0 0.495417 -0.235939 -0.103922 0.10177 -0.276339 0.0376286 -0.274881 0.903456
internal_count=4000 661 3339 2650 929 1721 226 141 435
cat_boundaries=0 10 19
cat_threshold=538968260 1073760644 536936960 1107296272 16516 131074 65664 67108864 0 256 277090320 536871978 139198576 541102144 268445696 536870912 133136 64 536870912
shrinkage=0.37847


Tree=5
num_leaves=10
num_cat=4
split_feature=1 0 1 3 2 1 13 4 0
split_gain=14.8371 6.79749 6.42751 5.87505 3.90587 4.33494 3.31149 1.06321 0.0223187
threshold=0 4.7500000000000009 1 3.2500000000000004 2 3 1527.2500000000002 6556.7500000000009 12.250000000000002
decision_type=5 2 5 2 5 5 2 2 2
left_child=1 3 -2 7 -4 -6 8 -1 -3
right_child=2 6 4 -5 5 -7 -8 -9 -10
leaf_value=0.24826573007413433 -0.2369325801306488 -0.045444141285245272 0.12483494620165012 -0 -0.15572266635901971 -0.0079215502070712259 0.17561658362876795 0.52835302835621001 -0.16880162457098613
leaf_count=232 581 76 123 86 581 2146 53 55 67
internal_value=0 0.382565 -0.190136 0.719222 -0.0886072 -0.142353 -0.0305781 0.957178 -0.349773
internal_count=4000 569 3431 373 2850 2727 196 287 143
cat_boundaries=0 10 19 21 32
cat_threshold=2097856 1107296384 66052 1107312656 8470660 294914 65664 67125248 32 256 281022480 536871968 139198568 608211008 268436544 536870912 133136 16777216 536870912 8392704 532512 410624 8716550 0 65536 10256 1074267200 268443712 1048664 1 1048576 8
shrinkage=0.37847


Tree=6
num_leaves=12
num_cat=2
split_feature=1 6 18 1 0 12 0 13 13 5 13
split_gain=8.38474 4.93729 5.69161 4.99511 3.58398 3.25682 2.74819 2.32325 4.9963 0.76363 0.340601
threshold=0 553938.00000000012 3291.2500000000005 1 7.7500000000000009 44.500000000000007 18.250000000000004 9934.7500000000018 34.750000000000007 42301.000000000007 3977.5000000000005
decision_type=5 2 2 5 2 2 2 2 2 2 2
left_child=4 2 3 -2 7 6 -6 8 -1 -9 -4
right_child=1 -3 10 -5 5 -7 -8 9 -10 -11 -12
leaf_value=0.071144144000318002 -0.18985482607898979 0.17925741515348428 -0.11811274711609572 -0.0082758428232536669 -0.056353259832515004 -0.20200119308496065 0.22352231532328642 -0.0879472126890435 0.37737327240587604 0.081344439737604898 -0.34304156875005271
leaf_count=276 630 47 98 2190 102 90 81 60 140 62 224
internal_value=0 -0.181104 -0.244321 -0.154861 0.217488 -0.0530461 0.187181 0.408816 0.536232 0 -0.760735
internal_count=4000 3189 3142 2820 811 273 183 538 416 122 322
cat_boundaries=0 8 15
cat_threshold=2114784 1116144004 66048 1375731728 8470532 2 65664 67125248 348131336 603980800 135004268 577600 268445760 64 1073874964
shrinkage=0.37847


Tree=7
num_leaves=7
num_cat=3
split_feature=1 2 1 15 0 10
split_gain=6.20268 5.91582 5.62859 4.25705 2.29688 2.11867
threshold=0 1 2 4.7500000000000009 9.2500000000000018 40.523250000000004
decision_type=5 5 5 2 2 2
left_child=-1 5 4 -4 -3 -2
right_child=1 2 3 -5 -6 -7
leaf_value=-0.1930379672536657 0 -0.18399979339635636 0.013622027448044496 0.14842526085963265 0.059582861846231419 -0.23914703698790316
leaf_count=560 52 442 1673 836 68 369
internal_value=0 0.0130338 0.08835 0.171832 -0.257554 -0.350366
internal_count=4000 3440 3019 2509 510 421
cat_boundaries=0 9 12 22
cat_threshold=268701968 536872048 139198560 536907840 268435456 805306368 133136 17825792 536870912 539307396 34078984 9472 4358144 8194 545325080 71303168 11328 525376 1342185540 88 1 1048576
shrinkage=0.37847


Tree=8
num_leaves=10
num_cat=2
split_feature=10 20 20 15 12 11 12 14 6
split_gain=4.00952 4.50858 4.13311 3.65092 3.54706 2.34706 1.69276 1.60779 1.04483
threshold=40.026150000000008 0 1 4.7500000000000009 51.250000000000007 39.250000000000007 33.250000000000007 6.2500000000000009 182719.00000000003
decision_type=2 5 5 2 2 2 2 2 2
left_child=1 -1 -2 4 -3 6 -4 -5 -7
right_child=2 3 5 7 -6 8 -8 -9 -10
leaf_value=-0.12837183877421082 0.097955273048183161 0.039642533829264026 -0.22401841768628286 0.21634235885730843 -0.2368851216740811 -0.050618573168287162 -0.084413666612427787 0 0.12580019817620147
leaf_count=212 102 1603 530 284 138 263 751 60 57
internal_value=0 0.0727235 -0.204649 0.144792 0.0343546 -0.265923 -0.386952 0.448914 0.00370801
internal_count=4000 2297 1703 2085 1741 1601 1281 344 320
cat_boundaries=0 2 4
cat_threshold=4262992 278986882 83008 2
shrinkage=0.37847


Tree=9
num_leaves=13
num_cat=3
split_feature=1 21 7 11 17 5 13 1 13 0 15 17
split_gain=5.52303 3.65378 4.57868 3.4074 3.50131 3.37887 2.94733 2.80076 3.00594 1.90355 1.40731 1.29441
threshold=0 25.000000000000004 1 36.250000000000007 1.7500000000000002 11620.000000000002 373.00000000000006 2 43.000000000000007 3.2500000000000004 670.00000000000011 1475.5000000000002
decision_type=5 2 1 2 2 2 2 5 2 2 2 2
left_child=3 7 11 4 9 -6 -4 8 -2 -1 -9 -3
right_child=1 2 6 -5 5 -7 -8 10 -10 -11 -12 -13
leaf_value=0.21705052461513363 0.093766737293088237 0.027477210362912351 0.019875446218476426 0.28457689124440194 -0.269950910462886 0.039567391876708893 -0.16509816546032352 -0.21276879216862157 -0.095497899371911804 -0.022860823273065094 -0 0.24565396287978625
leaf_count=184 364 203 665 101 80 106 318 1261 363 89 122 144
internal_value=0 -0.129337 0.0341094 0.226811 0.109879 -0.184932 -0.123823 -0.268402 -0.0214802 0.396881 -0.40685 0.434481
internal_count=4000 3440 1330 560 459 186 983 2110 727 273 1383 347
cat_boundaries=0 10 11 20
cat_threshold=2146432 1149315200 545325056 1107296256 8388608 32770 65676 67108864 0 256 2 1124 409628 67117700 268451848 6291588 0 0 268435586 32
shrinkage=0.37847


Tree=10
num_leaves=6
num_cat=3
split_feature=1 2 1 12 0
split_gain=4.00129 3.54838 4.41393 3.16122 1.7298
threshold=0 1 2 364.00000000000006 16.750000000000004
decision_type=5 5 5 2 2
left_child=-1 -2 4 -4 -3
right_child=1 2 3 -5 -6
leaf_value=-0.15385276953583471 -0.11524757491623568 -0.18854602671618151 0.039546615275955682 0.26162508043506666 0.026063544989515471
leaf_count=539 368 450 2476 125 42
internal_value=0 0.0172807 0.0698298 0.139013 -0.254708
internal_count=4000 3461 3093 2601 492
cat_boundaries=0 11 14 23
cat_threshold=277090560 536872000 138936416 604012612 65536 1610612736 133136 16777216 536879104 1179648 33554440 539241888 1073742090 8448 6422544 8482 537133064 4198400 268437568 525376 1342185540 269500504 1
shrinkage=0.37847


Tree=11
num_leaves=11
num_cat=2
split_feature=1 13 15 1 4 4 13 8 19 19
split_gain=3.41006 3.61988 7.53744 3.45165 2.80715 2.85607 2.32959 1.48964 0.759803 0.0974858
threshold=0 13349.500000000002 643.75000000000011 1 51271.000000000007 7045.7500000000009 8308.0000000000018 731.50000000000011 91.000000000000014 40.000000000000007
decision_type=5 2 2 5 2 2 2 2 2 2
left_child=4 2 3 -2 5 6 -1 9 -7 -3
right_child=1 7 -4 -5 -6 8 -8 -9 -10 -11
leaf_value=0.026980875133472221 0.037793383303590507 -0.080351181476606262 0.28033820322320835 -0.094824668667310416 0.23940970544450935 -0 0.27163259890083896 0 -0.20847631753701257 -0.23079351868594522
leaf_count=492 698 158 84 1874 72 65 65 90 65 337
internal_value=0 -0.121739 -0.0421954 -0.128425 0.14022 0.0602941 0.183054 -0.437276 -0.348218 -0.538787
internal_count=4000 3241 2656 2572 759 687 557 585 130 495
cat_boundaries=0 10 20
cat_threshold=538969096 1182869888 536944640 33554448 10485776 2 65668 128 32 256 1098404 134496280 75498128 1342177288 128 163872 8 335544322 0 1048576
shrinkage=0.37847


Tree=12
num_leaves=11
num_cat=2
split_feature=10 20 10 20 17 15 5 15 13 13
split_gain=1.8263 3.95356 4.20378 3.71625 1.66134 1.23556 2.19428 0.850954 0.354619 0.012416
threshold=54.403800000000011 0 51.296500000000002 1 69.250000000000014 55.000000000000007 117019.00000000001 190.75000000000003 4927.0000000000009 2.5000000000000004
decision_type=2 5 2 5 2 2 2 2 2 2
left_child=1 8 3 -3 -2 -6 -7 -4 9 -1
right_child=4 2 7 -5 5 6 -8 -9 -10 -11
leaf_value=-0.11418302692429086 0.045581739289652312 -0.02109689415235776 0.3438028627161428 0.11738474188723926 -0.26624107743476905 0.017703029402389506 -0.23497901873276716 0.072493302780054031 -0.043824625749066717 -0.29214850269166026
leaf_count=223 206 2221 80 492 176 215 64 84 104 135
internal_value=0 0.0130796 0.0751988 0.0271182 -0.239664 -0.362407 -0.172159 0.638065 -0.323366 -0.584435
internal_count=4000 3339 2877 2713 661 455 279 164 462 358
cat_boundaries=0 4 6
cat_threshold=2221428480 813780168 160 4 1507409 2097698
shrinkage=0.37847


Tree=13
num_leaves=13
num_cat=2
split_feature=1 10 2 14 4 17 10 17 3 15 10 17
split_gain=2.76586 3.88257 3.11658 3.81389 2.61946 2.19183 2.40197 1.84881 0.96947 0.845024 2.00778 0.516751
threshold=0 54.403800000000011 1 1.7500000000000002 14240.500000000002 821.50000000000011 47.394950000000001 21220.000000000004 1.7500000000000002 129.25000000000003 56.509450000000008 55775.500000000007
decision_type=5 2 5 2 2 2 2 2 2 2 2 2
left_child=4 2 -2 -4 5 6 -1 -6 -7 -3 -11 -9
right_child=1 9 3 -5 7 8 -8 11 -10 10 -12 -13
leaf_value=0.0032362173059852992 -0.14280556345226331 -0.26805030633309557 -0.014234664048671459 0.17598649162357827 0.32831697109306157 -0.21362005048872637 0.26002805311666971 -0.013786150505631192 0 -0.22136143482605034 0.051647840893286168 0.12287456482215391
leaf_count=317 263 330 2241 305 51 67 63 49 56 90 130 38
internal_value=0 -0.0966036 -0.0273863 0.0374614 0.144173 0.0198468 0.160677 0.481978 -0.332488 -0.484684 -0.208304 0.147086
internal_count=4000 3359 2809 2546 641 503 380 138 123 550 220 87
cat_boundaries=0 11 14
cat_threshold=538968128 1082141060 536879108 301989904 8388620 32770 65668 268435584 0 1048832 33554432 536872096 1073742666 8192
shrinkage=0.37847


Tree=14
num_leaves=10
num_cat=1
split_feature=13 3 13 20 4 12 4 4 13
split_gain=1.55797 2.68579 2.68287 3.57365 2.89241 2.30409 1.64462 1.14693 1.00322
threshold=9934.7500000000018 115.00000000000001 6383.5000000000009 0 147.25000000000003 15.250000000000002 36584.500000000007 2328.2500000000005 65139.250000000007
decision_type=2 2 2 5 2 2 2 2 2
left_child=2 7 3 4 -1 -5 -3 -2 -9
right_child=1 6 -4 5 -6 -7 -8 8 -10
leaf_value=-0.097320770667941925 0.014352118169734782 0.20775932780165798 0.24215853785314703 0.1478298435761268 0.029847553949903922 -0.023021310473548287 -0.040721130492038932 -0.20622247730041654 -0.032004755611034774
leaf_count=1549 140 99 66 574 755 253 94 333 137
internal_value=0 -0.186751 0.0228114 -0.0035235 -0.108496 0.197701 0.196254 -0.331186 -0.410474
internal_count=4000 803 3197 3131 2304 827 193 610 470
cat_boundaries=0 3
cat_threshold=2236155905 813763778 136
shrinkage=0.37847


Tree=15
num_leaves=10
num_cat=2
split_feature=2 1 15 18 18 6 17 18 11
split_gain=2.74564 3.28088 1.66472 2.875 1.47005 3.68681 1.4371 1.37085 0.419852
threshold=0 1 55.000000000000007 3314.5000000000005 2779.0000000000005 125962.00000000001 66374.500000000015 406.75000000000006 37.750000000000007
decision_type=5 5 2 2 2 2 2 2 2
left_child=8 2 7 -4 5 -3 -6 -2 -1
right_child=1 4 3 -5 6 -7 -8 -9 -10
leaf_value=-0.25309193484162767 0.077937294585649436 -0.028128897135507775 0.28579694568921521 -0.018207484096174498 -0.20121746093104856 0.19825536331753885 -0.009288940712497239 -0.098877870226460968 -0.069372591997797467
leaf_count=246 459 2401 88 65 251 123 133 82 152
internal_value=0 0.0255174 0.217104 0.503873 -0.059121 -0.00841268 -0.280416 0.106067 -0.315327
internal_count=4000 3602 694 153 2908 2524 384 541 398
cat_boundaries=0 3 13
cat_threshold=741092608 65986 2147493120 34400 1082148996 536879636 1375731712 0 131072 65668 335544320 32 256
shrinkage=0.37847


Tree=16
num_leaves=12
num_cat=3
split_feature=1 0 2 1 12 18 17 6 12 18 16
split_gain=1.85642 2.67834 1.9838 2.47284 2.26373 2.86617 1.89654 1.88943 1.81311 1.61736 0.99368
threshold=0 13.750000000000002 1 2 142.75000000000003 974.50000000000011 3436.7500000000005 226530.50000000003 24.250000000000004 72.250000000000014 1488.2500000000002
decision_type=5 2 5 5 2 2 2 2 2 2 2
left_child=1 6 4 10 5 -2 9 -8 -5 -1 -4
right_child=2 -3 3 8 -6 -7 7 -9 -10 -11 -12
leaf_value=0.063442371656728683 0.36245505969572817 -0.12521626557822499 -0.25758479783086768 0.024951010428232237 -0.049898361393788636 -0 -0.13112443233193799 0.10695451496951193 -0.077550321689714929 0.25669485206664211 -0.05805331055713888
leaf_count=267 82 72 440 1587 161 101 114 57 846 120 153
internal_value=0 0.122043 -0.0789101 -0.127963 0.167327 0.529419 0.239795 -0.031085 -0.0362147 0.375252 -0.368768
internal_count=4000 630 3370 3026 344 183 558 171 2433 387 593
cat_boundaries=0 11 15 24
cat_threshold=2098688 8462724 65536 1073741840 10485900 32768 65672 0 32 256 33554432 1086324852 8736 1056 256 75944032 537134080 134742048 872415232 24592 0 2064 268435456 536870912
shrinkage=0.37847


Tree=17
num_leaves=8
num_cat=3
split_feature=1 12 2 1 18 14 21
split_gain=2.02767 3.83934 1.52974 3.93192 1.66099 1.63979 1.54656
threshold=0 1.7500000000000002 1 2 1342.0000000000002 9.2500000000000018 469.00000000000006
decision_type=5 2 5 5 2 2 2
left_child=1 -1 6 4 -4 -5 -2
right_child=2 -3 3 5 -6 -7 -8
leaf_value=0.045834242454123403 0.20613976438160092 -0.28409430671323871 -0.060269817151990833 0.019036964483330629 -0.24415808417090004 0.18213701266365892 -0
leaf_count=291 165 400 610 2194 145 114 81
internal_value=0 -0.261159 0.0227294 -0.0143826 -0.234652 0.084614 0.230298
internal_count=4000 691 3309 3063 755 2308 246
cat_boundaries=0 11 14 24
cat_threshold=276828428 671089784 138936544 604012552 1024 1879048192 1073874944 0 536870912 0 8 1082134752 663584 8388608 4605024 8716548 73728 4264000 16 1024 73748 268435528 8193 131072
shrinkage=0.37847


Tree=18
num_leaves=10
num_cat=2
split_feature=2 3 10 11 7 5 6 5 11
split_gain=1.6406 1.47313 1.37457 0.958647 2.13397 1.86181 1.06666 0.681132 0.582781
threshold=0 178.75000000000003 35.254650000000005 36.250000000000007 1 166684.50000000003 108966.00000000001 42301.000000000007 40.750000000000007
decision_type=5 2 2 2 1 2 2 2 2
left_child=1 2 -1 5 8 6 -2 -6 -5
right_child=3 -3 -4 4 7 -7 -8 -9 -10
leaf_value=-0.00052420501615745561 -0.0046038146997628322 0.018905399008127311 -0.24422088138815345 0.24635838826736703 -0.089461745534676895 -0.1565059459808914 0.091489924268123468 0.056933736571381705 0.058888226887091964
leaf_count=49 2616 90 386 108 166 114 261 69 141
internal_value=0 -0.213435 -0.451663 0.0238101 0.184658 -0.00819666 0.0221703 -0.0729301 0.431213
internal_count=4000 525 435 3475 484 2991 2877 235 249
cat_boundaries=0 3 4
cat_threshold=1009526160 4260832 2147483904 2
shrinkage=0.37847


Tree=19
num_leaves=10
num_cat=2
split_feature=20 13 18 4 5 21 5 20 4
split_gain=1.79806 1.72669 1.25701 3.84691 2.67978 2.43588 2.31049 1.23627 0.419656
threshold=0 2.5000000000000004 921.25000000000011 2554.0000000000005 42301.000000000007 469.00000000000006 72269.500000000015 1 5305.7500000000009
decision_type=5 2 2 2 2 2 2 5 2
left_child=1 -1 3 7 8 -5 -6 -2 -4
right_child=2 -3 4 5 6 -7 -8 -9 -10
leaf_value=0 -0.029590419299771905 -0.2359644735037574 -0.055435346302696503 0.071882056914436748 0.21145906661250105 0.37294216963379251 -0.015198147825101101 0.051688878588636689 -0.19486600853212308
leaf_count=199 1700 310 250 226 100 88 413 463 251
internal_value=0 -0.24864 0.0238897 0.0889502 -0.0859315 0.466344 0.060884 -0 -0.361092
internal_count=4000 509 3491 2477 1014 314 513 2163 501
cat_boundaries=0 3 6
cat_threshold=2754349312 849445600 544 16860677 3072 8
shrinkage=0.37847


Tree=20
num_leaves=13
num_cat=3
split_feature=1 0 15 15 5 3 2 1 16 16 12 0
split_gain=2.22327 2.06476 2.35516 2.59242 1.31311 1.25502 2.60339 3.66008 2.46484 0.934397 1.09096 0.292056
threshold=0 4.7500000000000009 190.75000000000003 55.000000000000007 1623.2500000000002 115.00000000000001 1 2 114552.50000000001 33883.750000000007 75.250000000000014 13.750000000000002
decision_type=5 2 2 2 2 2 5 5 2 2 2 2
left_child=1 2 3 -1 11 6 7 -2 -8 10 -7 -3
right_child=5 4 -4 -5 -6 9 8 -9 -10 -11 -12 -13
leaf_value=0.086226138414147946 -0.13586450246103782 0.085694188689857967 -0.04942538532485078 0.36616516830768764 -0.14108842076500841 -0 -0.20567918609353289 0.035655078382994636 0.04962023432520557 -0.047251291485779688 0.21254108056200524 -0.0042461032133275399
leaf_count=329 466 88 98 50 96 133 740 1718 36 43 99 104
internal_value=0 0.13239 0.288111 0.414326 -0.0768889 -0.0828591 -0.12933 -0.00397931 -0.323329 0.148463 0.309618 0.087678
internal_count=4000 765 477 379 288 3235 2960 2184 776 275 232 192
cat_boundaries=0 7 11 20
cat_threshold=539001956 8661380 65536 268435472 20 2 65668 538968417 8448 256 256 71585808 1073938528 139206764 573440 268435456 1120 2056 64 1
shrinkage=0.37847


Tree=21
num_leaves=6
num_cat=0
split_feature=0 0 14 10 10
split_gain=1.50216 2.37137 1.45891 1.51717 0.185863
threshold=18.250000000000004 13.750000000000002 32.500000000000007 34.218200000000003 40.026150000000008
decision_type=2 2 2 2 2
left_child=1 2 3 -1 -2
right_child=4 -3 -4 -5 -6
leaf_value=0.025607444506165554 0.15147924909990634 -0.20899912413064051 0.16226406980915559 -0.046116294979124041 0.016833333518378738
leaf_count=1689 85 123 44 1989 70
internal_value=0 -0.0384448 -0.0105302 -0.0311928 0.302017
internal_count=4000 3845 3722 3678 155
shrinkage=0.37847


Tree=22
num_leaves=10
num_cat=1
split_feature=20 16 16 8 10 8 13 21 12
split_gain=1.16414 1.80916 4.91305 2.13552 2.04501 1.32261 0.973266 0.952535 0.771335
threshold=0 39.250000000000007 1922.5000000000002 1.7500000000000002 34.218200000000003 1.7500000000000002 360.25000000000006 14005.750000000002 1.7500000000000002
decision_type=5 2 2 2 2 2 2 2 2
left_child=8 4 3 -3 7 -4 -6 -2 -1
right_child=1 2 5 -5 6 -7 -8 -9 -10
leaf_value=-0.0038842681036072042 -0.016320680359828178 0.28032558539025026 -0.046418950015314382 0 -0.2065843917674525 0.064218104401549375 -0.031278439331190004 0.091373025931837853 -0.17670593233215007
leaf_count=199 1235 289 717 112 315 325 291 235 282
internal_value=0 0.0225004 0.131764 0.546535 -0.0718428 -0.00637712 -0.327941 0.011727 -0.193337
internal_count=4000 3519 1443 401 2076 1042 606 1470 481
cat_boundaries=0 3
cat_threshold=2888304960 310477544 512
shrinkage=0.37847


Tree=23
num_leaves=11
num_cat=2
split_feature=2 0 18 6 11 20 17 17 4 0
split_gain=1.35745 2.36393 2.13416 2.52144 1.6685 1.88795 1.42133 2.53123 1.05152 0.32472
threshold=0 1.7500000000000002 353.50000000000006 256617.50000000003 1.7500000000000002 1 1475.5000000000002 9250.7500000000018 47280.250000000007 12.250000000000002
decision_type=5 2 2 2 2 5 2 2 2 2
left_child=4 2 -2 -4 5 9 -6 -8 -7 -1
right_child=1 -3 3 -5 6 8 7 -9 -10 -11
leaf_value=-0.1862059680080545 0.14926800091380327 0.16899150425397985 -0.16359248906440357 0.064157176921548723 -0.24102831194539059 0.0063730037173859973 0.11962182182044299 -0.14505987993730116 0.14351841786608685 -0.031621780816290364
leaf_count=251 158 251 309 123 264 2128 153 236 67 60
internal_value=0 0.119925 -0.00802674 -0.163879 -0.0593088 -0.00933244 -0.292682 -0.096903 0.0475443 -0.244229
internal_count=4000 841 590 432 3159 2506 653 389 2195 311
cat_boundaries=0 2 4
cat_threshold=1814834581 1077936608 2236680272 278925440
shrinkage=0.37847


Tree=24
num_leaves=10
num_cat=3
split_feature=1 2 10 1 10 11 11 0 12
split_gain=2.05599 1.74862 1.35649 2.20276 2.09718 1.22591 1.438 1.10321 0.68787
threshold=0 1 47.817850000000007 2 56.509450000000008 39.250000000000007 31.750000000000004 10.750000000000002 142.75000000000003
decision_type=5 5 2 5 2 2 2 2 2
left_child=5 8 3 -3 -4 6 7 -1 -2
right_child=1 2 4 -5 -6 -7 -8 -9 -10
leaf_value=0.097554686734387816 0.19625154050706861 -0.10745805240730585 -0.19572082495082713 0.010430593070299152 0.011454434084334221 0.17620246193832759 -0.11420856661611128 -0.036661236938026129 0.0015487267405794043
leaf_count=389 104 455 399 1838 327 96 121 131 140
internal_value=0 -0.0763393 -0.118058 -0.0649584 -0.324018 0.137781 0.0754173 0.156578 0.18464
internal_count=4000 3263 3019 2293 726 737 641 520 244
cat_boundaries=0 7 11 21
cat_threshold=2114592 8874372 73732 268435472 152 32 128 272629872 139328 0 256 805736512 1610612736 541590112 1073778688 272629824 0 67584 268435520 0 1048576
shrinkage=0.37847


Tree=25
num_leaves=6
num_cat=1
split_feature=0 0 8 2 6
split_gain=0.877656 1.53064 1.29793 1.21073 1.15823
threshold=18.250000000000004 13.750000000000002 384.25000000000006 0 51646.000000000007
decision_type=2 2 2 5 2
left_child=1 2 3 -1 -4
right_child=-2 -3 4 -5 -6
leaf_value=0.033201978966938051 0.084642466723776955 -0.17848720077788716 -0.11731739201619609 -0.039089505007880908 0.018142832682081875
leaf_count=2197 155 123 508 843 174
internal_value=0 -0.0328278 -0.0108736 0.0321703 -0.181611
internal_count=4000 3845 3722 3040 682
cat_boundaries=0 3
cat_threshold=4198469 34087490 9216
shrinkage=0.37847


Tree=26
num_leaves=13
num_cat=4
split_feature=1 10 19 1 4 2 10 10 19 14 1 18
split_gain=1.36523 1.9409 3.51943 2.68309 3.33369 1.40888 2.50676 1.56424 1.42492 1.83748 1.16346 0.512846
threshold=0 51.296500000000002 4.7500000000000009 1 2790.2500000000005 2 34.871900000000004 55.510550000000002 238.75000000000003 1.7500000000000002 3 130.75000000000003
decision_type=5 2 2 5 2 5 2 2 2 2 5 2
left_child=1 3 -3 4 -1 6 10 -8 9 -7 -2 -5
right_child=5 2 -4 11 -6 8 7 -9 -10 -11 -12 -13
leaf_value=-0.0059197604852639458 0.071486004552481636 0.34128551151205772 -0.0073308907710212664 -0.045368416960360848 0.25134518754825419 0.013129389639288955 -0.16905133679964171 0 -0.066500349321456154 0.2428141116061702 -0.030071195176287705 -0.19743435589503075
leaf_count=239 208 82 87 212 94 476 773 265 151 122 1182 109
internal_value=0 0.102566 0.429 0.0079935 0.185535 -0.0683901 -0.128577 -0.335019 0.0889289 0.248923 -0.00183551 -0.212259
internal_count=4000 823 169 654 333 3177 2428 1038 749 598 1390 321
cat_boundaries=0 10 17 20 30
cat_threshold=537952256 1116031364 545267712 1342177296 4259868 32800 65668 268435456 0 1048576 1081344 1107313024 8192 268435456 0 32768 132 813707573 842 8192 548 67108872 134218256 32768 0 131072 0 2 0 256
shrinkage=0.37847


Tree=27
num_leaves=9
num_cat=0
split_feature=16 18 16 10 16 6 16 6
split_gain=0.572705 1.83387 1.2669 1.302 1.31281 1.09452 0.925839 0.781465
threshold=21175.750000000004 3729.2500000000005 8467.7500000000018 59.899850000000008 510.25000000000006 256617.50000000003 100650.25000000001 145401.00000000003
decision_type=2 2 2 2 2 2 2 2
left_child=2 5 3 4 -1 -2 -3 -4
right_child=1 6 7 -5 -6 -7 -8 -9
leaf_value=-0.012649336383334193 0.0078044709807660378 -0.13868022698069485 -0.19363287742469312 -0.16000908429918761 0.074666249399369458 0.19761930744334832 0.030544227771205607 -0.00043383303777841842
leaf_count=2446 129 190 143 185 672 59 71 105
internal_value=0 0.108947 -0.0332329 -0.00084744 0.01904 0.305032 -0.142742 -0.309212
internal_count=4000 449 3551 3303 3118 188 261 248
shrinkage=0.37847


Tree=28
num_leaves=8
num_cat=0
split_feature=4 17 5 9 8 16 4
split_gain=0.433797 2.89644 1.30095 1.14744 1.18218 1.11382 1.50929
threshold=147.25000000000003 1.7500000000000002 1.7500000000000002 9.2500000000000018 849.25000000000011 68.500000000000014 19108.750000000004
decision_type=2 2 2 2 2 2 2
left_child=2 -2 3 4 -1 -3 -7
right_child=1 5 -4 -5 -6 6 -8
leaf_value=-0.00012582610899881873 0.22641831338332805 -0.13478727888769612 -0.14861097195856535 0.13396343616600814 -0.14640884554003342 0.062124521094331552 -0.039609212263236521
leaf_count=1630 196 177 313 74 195 718 697
internal_value=0 0.0387563 -0.0574628 -0.0106161 -0.0506572 -0.0124301 0.0206512
internal_count=4000 1788 2212 1899 1825 1592 1415
shrinkage=0.37847


Tree=29
num_leaves=13
num_cat=1
split_feature=20 6 19 10 19 0 19 10 5 12 19 10
split_gain=0.645558 1.45623 1.62326 1.88336 1.50747 1.18661 3.03729 1.63636 2.78425 1.93685 1.58493 1.32242
threshold=0 346413.00000000006 4.7500000000000009 35.266050000000007 307.00000000000006 1.7500000000000002 3.2500000000000004 34.998900000000006 2916.2500000000005 51.250000000000007 412.00000000000006 46.756800000000005
decision_type=5 2 2 2 2 2 2 2 2 2 2 2
left_child=5 2 3 -2 -4 7 11 9 -9 -1 -8 -7
right_child=1 -3 4 -5 -6 6 10 8 -10 -11 -12 -13
leaf_value=0.090157012994033184 -0.0074323682586086449 0.17918623412382487 -0.18076697550501716 0.14832637333362658 0.044338821121884177 -0.21348191068295194 0.13882177536267151 -0.22750177583887365 0.001924916916245221 -0.11699322535082984 -0.088762413114743949 0
leaf_count=886 533 48 177 256 83 486 150 315 757 67 97 145
internal_value=0 0.0627882 0.0133757 0.108074 -0.260047 -0.0522543 -0.205031 0.00821808 -0.133881 0.145939 0.128435 -0.435165
internal_count=4000 1097 1049 789 260 2903 878 2025 1072 953 247 631
cat_boundaries=0 3
cat_threshold=69929985 847301856 544
shrinkage=0.37847


Tree=30
num_leaves=6
num_cat=1
split_feature=9 9 2 21 18
split_gain=0.596838 0.83445 0.864957 2.84432 0.789583
threshold=26.500000000000004 10.750000000000002 0 25.000000000000004 208.75000000000003
decision_type=2 2 5 2 2
left_child=1 2 3 -1 -4
right_child=-2 -3 4 -5 -6
leaf_value=-0.038909257669356795 0.10337568885573988 -0.13976707305431757 0.006958467394790455 0.21040750349034593 -0.047271704493476084
leaf_count=243 59 76 2127 126 1369
internal_value=0 -0.0237591 -0.00824031 0.135028 -0.039612
internal_count=4000 3941 3865 369 3496
cat_boundaries=0 4
cat_threshold=12587088 4268074 8388608 256
shrinkage=0.37847


Tree=31
num_leaves=13
num_cat=3
split_feature=1 12 2 12 12 1 8 11 0 6 21 5
split_gain=1.20156 2.35476 1.65634 2.61112 2.47362 2.36471 1.5958 0.929139 0.855513 0.701895 0.680915 0.299219
threshold=0 44.500000000000007 1 31.750000000000004 30.250000000000004 2 16.000000000000004 34.750000000000007 1.7500000000000002 14834.500000000002 1342.7500000000002 42301.000000000007
decision_type=5 2 5 2 2 5 2 2 2 2 2 2
left_child=1 7 4 -4 5 -2 -5 9 11 -1 -6 -3
right_child=2 8 3 6 10 -7 -8 -9 -10 -11 -12 -13
leaf_value=0.10363187838902425 0.060367948434379697 -0.16291247161429995 -0.10042738771988276 0.18058534733322343 -0.20750874012104148 -0.057870772830758338 -0.004009927052926081 0.25045409743546826 0.048348988272952968 -0.028179758505028431 -0.046748803264559421 -0.0093787411747821917
leaf_count=284 465 110 176 444 415 1510 191 38 71 73 178 45
internal_value=0 0.117294 -0.0544145 0.109482 -0.117726 -0.0369058 0.307701 0.310862 -0.144074 0.179177 -0.404847 -0.297293
internal_count=4000 621 3379 811 2568 1975 635 395 226 357 593 155
cat_boundaries=0 10 13 23
cat_threshold=538984512 8661124 545259524 1375731728 6357148 32 128 0 32 1048576 1619070097 1073742656 8192 1081900 67108888 66192 8 0 163842 0 16514 0 256
shrinkage=0.37847


Tree=32
num_leaves=9
num_cat=3
split_feature=1 3 4 10 1 1 10 17
split_gain=0.975886 1.13373 2.08279 2.47972 0.961984 0.69385 0.960715 0.74813
threshold=0 9.2500000000000018 457.75000000000006 43.211950000000009 1 2 45.530850000000008 8999.5000000000018
decision_type=5 2 2 2 5 5 2 2
left_child=1 2 -1 -4 -2 7 -7 -6
right_child=4 -3 3 -5 5 6 -8 -9
leaf_value=-0.1042879400832107 -0.061530770111162966 -0.18681024277412386 0.23794235967420529 -0.066724923141955383 2.8220553512275051e-05 0.011602491583387069 0.090206635988847123 -0.13011777252924608
leaf_count=431 553 157 89 116 455 1309 776 114
internal_value=0 -0.135059 -0.0584552 0.238055 0.0287822 0.0585272 0.096948 -0.0583125
internal_count=4000 793 636 205 3207 2654 2085 569
cat_boundaries=0 10 21 32
cat_threshold=37276 67109898 860208 536903680 17408 1611005952 2048 16777216 0 1179904 276824576 536870960 675283016 71389256 268443712 268436544 1073881104 136 8192 0 8 71696480 1207976000 640 4 2192 557058 268435528 1065042 536870945 0 33554432
shrinkage=0.37847


Tree=33
num_leaves=12
num_cat=3
split_feature=16 4 20 4 13 6 4 20 19 7 14
split_gain=0.539982 1.0108 0.899325 1.49017 2.18754 1.46264 1.28541 0.55347 0.526388 0.857817 0.107813
threshold=21175.750000000004 13135.000000000002 0 31756.000000000004 7348.7500000000009 2325.2500000000005 3298.7500000000005 1 550.00000000000011 2 44.500000000000007
decision_type=2 2 5 2 2 2 2 5 2 1 2
left_child=2 -2 3 4 -1 7 -7 -4 9 -3 -10
right_child=1 8 5 -5 -6 6 -8 -9 10 -11 -12
leaf_value=-0.043812418428424406 0.16324607238362615 0.12268882954818158 -0.027519760546800855 -0.1841127036547944 0.10053685178477166 -0.17700911210126044 0.031251997506639755 0.099132391108256918 -0.091388710887936278 -0.029823631249414669 -0
leaf_count=2160 71 97 182 163 347 138 205 356 150 105 26
internal_value=0 0.0995569 -0.0397963 -0.0817816 -0.0514194 0.0802766 -0.137197 0.251867 0 0.114106 -0.156431
internal_count=4000 449 3551 2670 2507 881 343 538 378 202 176
cat_boundaries=0 3 5 6
cat_threshold=89917441 813795522 40 2684421652 5120 1
shrinkage=0.37847


Tree=34
num_leaves=12
num_cat=0
split_feature=12 8 0 12 4 8 19 19 19 0 0
split_gain=0.65182 1.81983 1.08799 2.54587 0.893457 1.15184 5.10599 2.43728 0.869824 0.81729 1.56958
threshold=46.750000000000007 107.50000000000001 4.7500000000000009 70.750000000000014 147.25000000000003 10.750000000000002 102.25000000000001 367.00000000000006 176.50000000000003 22.750000000000004 10.750000000000002
decision_type=2 2 2 2 2 2 2 2 2 2 2
left_child=4 2 3 -2 9 7 -7 -6 -3 10 -1
right_child=1 8 -4 -5 5 6 -8 -9 -10 -11 -12
leaf_value=-0.0026080842541865122 -0.16885105169482068 -0.19918136717955373 -0.10208213299951814 0.086376699198153953 -0.054079760112086997 0.27129618901522368 -0.12145144952184324 0.2026461702692029 -0 0.10293313998310666 -0.17894462846445025
leaf_count=1737 121 232 212 639 395 167 85 104 89 61 158
internal_value=0 -0.0956221 0.0105091 0.100685 0.0321892 0.146397 0.33955 0.00125593 -0.371517 -0.0278539 -0.0627252
internal_count=4000 1293 972 760 2707 751 252 499 321 1956 1895
shrinkage=0.37847


Tree=35
num_leaves=9
num_cat=3
split_feature=2 1 1 17 13 13 21 13
split_gain=0.840347 1.34164 0.829184 0.857893 0.808283 1.26997 0.158733 0.287655
threshold=0 1 2 7171.7500000000009 7348.7500000000009 13.750000000000002 469.00000000000006 2285.5000000000005
decision_type=5 5 5 2 2 2 2 2
left_child=6 4 -3 -4 5 -2 7 -1
right_child=1 2 3 -5 -6 -7 -8 -9
leaf_value=0.005435077255578828 -0.031195133580948092 -0.058186031037541795 0.012210954106584715 0.081884636530814722 0.02125021693117592 -0.23787389218467694 -0.15182694025155463 -0.089784390239584719
leaf_count=127 375 452 1862 578 111 173 151 171
internal_value=0 0.0149048 0.0596124 0.0833463 -0.149186 -0.295931 -0.167612 -0.114525
internal_count=4000 3551 2892 2440 659 548 449 298
cat_boundaries=0 4 13 24
cat_threshold=1819092352 524712 2147491840 256 537040032 67109888 671940640 603979776 268461120 268698656 1073743876 0 536870913 282329104 536871010 4194376 4231232 2048 557120 268574800 1048664 0 0 33554432
shrinkage=0.37847


Tree=36
num_leaves=10
num_cat=2
split_feature=1 11 0 19 0 1 5 17 10
split_gain=0.781501 2.32036 1.61762 1.38928 0.738831 1.9024 1.21833 0.800566 0.249495
threshold=0 34.750000000000007 10.750000000000002 7.7500000000000009 7.7500000000000009 1 569.50000000000011 5602.7500000000009 1.9836450000000003
decision_type=5 2 2 2 2 5 2 2 2
left_child=1 2 3 -1 5 8 -6 -7 -2
right_child=4 -3 -4 -5 6 7 -8 -9 -10
leaf_value=0.17302219425493134 -0.081147330511942686 -0.11396721271055288 -0.059376710105137787 -0.019645658948011433 0.11372455583968165 -0.029471442443326543 -0.056431830154223553 0.040029358089424469 -0.2204248697059821
leaf_count=276 284 104 111 64 249 1748 187 650 327
internal_value=0 0.0890155 0.236942 0.346259 -0.0525976 -0.0881134 0.107413 -0.00672234 -0.297272
internal_count=4000 555 451 340 3445 3009 436 2398 611
cat_boundaries=0 8 18
cat_threshold=34408 16512 65536 0 4 0 65668 16384 536875412 134480920 786480 604012552 17408 1879343136 2048 268435456 8192 131328
shrinkage=0.37847


Tree=37
num_leaves=9
num_cat=1
split_feature=2 15 5 15 13 5 15 16
split_gain=0.554311 0.375868 1.09643 0.816497 0.716511 0.449307 0.43973 0.100149
threshold=0 783.25000000000011 40848.250000000007 129.25000000000003 67500.250000000015 69409.000000000015 2107.0000000000005 57996.250000000007
decision_type=5 2 2 2 2 2 2 2
left_child=7 2 3 -2 6 -4 -3 -1
right_child=1 4 5 -5 -6 -7 -8 -9
leaf_value=-0.12508591711516459 -0.01293457278071916 -0.14527261960006904 0.17943413684666484 0.088772812610759214 0.040583207143135298 0.029931887427757351 -0.0007380177801812848 -0.016432592961762166
leaf_count=328 2805 129 63 251 66 189 87 82
internal_value=0 0.00272836 0.023356 -0.00660761 -0.113871 0.25706 -0.237929 -0.15522
internal_count=4000 3590 3308 3056 282 252 216 410
cat_boundaries=0 4
cat_threshold=1747791104 1107820960 0 256
shrinkage=0.37847


Tree=38
num_leaves=10
num_cat=4
split_feature=20 2 1 1 10 5 5 0 18
split_gain=0.592785 1.0454 2.11933 0.700577 0.687468 0.576016 0.396561 0.0355739 0.0334539
threshold=0 1 2 3 35.795200000000008 36334.750000000007 10849.000000000002 3.2500000000000004 1.7500000000000002
decision_type=5 5 5 5 2 2 2 2 2
left_child=4 6 8 -4 7 -6 -2 -1 -3
right_child=1 2 3 -5 5 -7 -8 -9 -10
leaf_value=-0.017533366825177442 -0.16981929148357894 -0.052929088888561703 -0.027210257981364106 0.049764041345828278 -0.18299117540108983 -0.0034606370673286703 -0.025883896080059733 0.014489865623358765 -0.15815454808108176
leaf_count=242 238 275 465 1921 221 127 151 95 265
internal_value=0 0.015267 0.0492541 0.101207 -0.120684 -0.31904 -0.165149 -0 -0.205466
internal_count=4000 3315 2926 2386 685 348 389 337 540
cat_boundaries=0 3 5 15 26
cat_threshold=2222787904 310477536 544 679490832 525066 268719616 537134084 524360 1610645568 4210688 268436544 133120 0 1 1048576 73400368 33685504 4456992 71847936 268445696 131104 268443664 1048664 536870912 0 33554432
shrinkage=0.37847


Tree=39
num_leaves=11
num_cat=2
split_feature=1 14 12 13 17 1 6 13 17 13
split_gain=0.692118 1.43822 0.956247 1.54176 0.816251 2.70802 2.12779 1.91866 1.81511 1.32009
threshold=0 1.7500000000000002 106.75000000000001 10.000000000000002 5602.7500000000009 1 79565.500000000015 51.250000000000007 36350.500000000007 1527.2500000000002
decision_type=5 2 2 2 2 5 2 2 2 2
left_child=1 2 3 -1 5 7 -6 -2 -8 -7
right_child=4 -3 -4 -5 6 9 8 -9 -10 -11
leaf_value=0.020158814114057677 0.12743261193606684 -0.11147485682317637 -0.047056652966824986 0.18095640308072153 0.15409900779738075 -0.1235887672271419 -0.16691688615930314 -0.095588764473861887 0.020895450097651768 0.016540189017273253
leaf_count=406 297 86 119 151 261 1628 232 150 329 341
internal_value=0 0.0673144 0.146239 0.21207 -0.0572737 -0.121228 0.0438783 0.131637 -0.0782475 -0.219806
internal_count=4000 762 676 557 3238 2416 822 447 561 1969
cat_boundaries=0 10 20
cat_threshold=536921152 1082395012 16 1073741840 16536 2 132 16384 0 1048576 1049120 201343000 75498112 536870920 2097152 163872 8 335544320 32 256
shrinkage=0.37847


Tree=40
num_leaves=14
num_cat=3
split_feature=18 1 4 1 1 16 17 0 18 18 0 18 0
split_gain=0.69796 5.59226 1.67201 1.61517 1.512 2.18145 2.9788 1.0311 0.862673 0.771062 0.740155 0.677673 0.0475069
threshold=208.75000000000003 0 25.750000000000004 1 2 15069.250000000002 177.25000000000003 4.7500000000000009 1449.2500000000002 84.250000000000014 9.2500000000000018 5588.5000000000009 19.750000000000004
decision_type=2 5 2 5 5 2 2 2 2 2 2 2 2
left_child=1 10 3 -3 7 6 -6 8 -2 -4 -1 -7 -12
right_child=4 2 9 -5 5 11 -8 -9 -10 -11 12 -13 -14
leaf_value=-0.18044488491957067 0.1832931369784575 -0.0620748170900704 0.29871194595841516 0.071817070504726715 0.073547923862826034 0.038316079078090821 -0.19588681894201382 -0.048306411544834768 0 0.051670248320984311 -0 -0.07406342275555193 -0.051952892040252691
leaf_count=460 82 241 151 1223 197 283 763 70 71 128 89 198 44
internal_value=0 0.0432036 0.194922 0.134549 -0.0812606 -0.148669 -0.361348 0.117663 0.307122 0.559854 -0.266425 0.00124606 -0.0848968
internal_count=4000 2336 1743 1464 1664 1441 960 223 153 279 593 481 133
cat_boundaries=0 10 18 22
cat_threshold=4231280 1073946912 537468972 1342734336 268435456 1088 198668 0 0 1048576 262144 537149452 134217744 4194304 0 32 0 268435458 32864 8462596 73728 1342701568
shrinkage=0.37847


Tree=41
num_leaves=14
num_cat=4
split_feature=1 18 17 4 7 16 18 12 20 18 6 1 17
split_gain=0.829442 1.13872 2.59114 1.8344 1.43725 1.02197 2.02531 1.03373 0.937639 0.796414 0.667221 0.590162 0.218983
threshold=0 379.00000000000006 4880.5000000000009 147.25000000000003 1 601.75000000000011 954.25000000000011 1.7500000000000002 2 2437.7500000000005 182719.00000000003 3 1.7500000000000002
decision_type=5 2 2 2 1 2 2 2 5 2 2 5 2
left_child=5 3 -3 8 -5 7 -7 11 -2 -4 -8 -1 -9
right_child=1 2 9 4 -6 6 10 12 -10 -11 -12 -13 -14
leaf_value=-0.038382523599025505 -0.057978354412790575 -0.22393792709403432 0.037952048404324833 -0.025245937434685606 0.18941984541771983 0.24663427548293251 -0.063001187760309357 -0.0090008460136423111 0.030441962956951386 -0.065275916488924904 0.072183591877669276 0.051413277486743694 -0.14746456779515563
leaf_count=144 1061 414 342 145 210 76 124 84 524 420 100 260 96
internal_value=0 -0.0604041 -0.17996 0.0163025 0.303795 0.0736907 0.241243 -0.0122091 -0.0724105 -0.0426195 0.023888 0.0833509 -0.264965
internal_count=4000 3116 1176 1940 355 884 300 584 1585 762 224 404 180
cat_boundaries=0 11 12 14 17
cat_threshold=536904716 1074203012 536936468 1073741840 8 0 65668 0 0 1048576 33554432 1 2166359041 2166784 33792 1074069508 4
shrinkage=0.37847


Tree=42
num_leaves=9
num_cat=2
split_feature=1 17 3 1 18 3 21 14
split_gain=0.498691 3.17086 0.559775 1.78478 1.49579 0.985405 0.906545 0.132032
threshold=0 152.50000000000003 150.25000000000003 1 235.00000000000003 45.250000000000007 10114.750000000002 1.7500000000000002
decision_type=5 2 2 5 2 2 2 2
left_child=1 -1 3 4 -2 -5 7 -4
right_child=2 -3 6 5 -6 -7 -8 -9
leaf_value=0.038929946253882707 -0.2547744791827703 -0.2054347971021844 0.028033058099975805 0.025272877109898596 -0 -0.12016456830409145 -0.040239427716979054 0.1637054772964856
leaf_count=328 298 198 124 2560 172 172 80 68
internal_value=0 -0.1117 0.0133685 -0.0064818 -0.255145 0.0395345 0.179686 0.32943
internal_count=4000 526 3474 3202 470 2732 272 192
cat_boundaries=0 11 21
cat_threshold=5024 134243328 76022400 65544 2097220 1611005952 0 83902464 0 131072 8 805699584 1073938432 675553284 603983872 3072 268435488 1073743880 1048648 1 1048576
shrinkage=0.37847


Tree=43
num_leaves=12
num_cat=3
split_feature=1 16 15 1 15 15 14 13 13 12 7
split_gain=0.612876 1.82544 0.88672 1.34246 1.36891 1.05444 0.992084 0.718958 0.682603 0.529485 0.0517309
threshold=0 241.75000000000003 190.75000000000003 1 129.25000000000003 643.75000000000011 3.2500000000000004 18031.000000000004 11449.750000000002 1.7500000000000002 2
decision_type=5 2 2 5 2 2 2 2 2 2 1
left_child=1 10 3 9 -5 8 -7 -3 -4 -2 -1
right_child=2 7 5 4 -6 6 -8 -9 -10 -11 -12
leaf_value=-0.060587118066640439 -0.021271710622897479 0.18891911743391276 -0.21324299583300022 0.0058422318134212061 0.15732968796180702 0.069536127209879575 -0.08345972649385025 0 -0.013542813220816663 -0.1585732233821221 -0
leaf_count=172 295 122 181 2174 151 169 157 70 126 272 111
internal_value=0 0.0950438 -0.0415 -0 0.0556871 -0.183195 -0.0183337 0.355405 -0.38967 -0.178854 -0.10775
internal_count=4000 475 3525 2892 2325 633 326 192 307 567 283
cat_boundaries=0 10 18 19
cat_threshold=536871936 1074069636 536879108 1073741824 0 32 65676 0 0 1048576 67244624 75629570 67960992 4767808 272630848 0 8208 16777216 2
shrinkage=0.37847


end of trees

feature importances:
c_02=52
n_1=31
n_table_1.n_2=27
n_table_1.n_9=26
n_table_1.n_20=26
n_table_1.n_15=25
n_table_1.n_7=21
c_table_1.c_4=20
n_table_1.n_17=20
c_table_2.c_4=18
n_table_1.n_18=17
n_table_1.n_12=16
n_table_1.n_16=16
n_table_1.n_19=15
n_table_1.n_26=14
n_table_1.n_3=11
n_table_1.n_10=9
n_table_1.n_8=8
n_table_2.n_13=8
n_table_3.n_3=8
c_table_2.c_1=7
n_table_2.n_14=4

parameters:
[boosting: gbdt]
[objective: binary]
[metric: auc]
[tree_learner: serial]
[device_type: cpu]
[data: ]
[valid: ]
[num_iterations: 100]
[learning_rate: 0.37847]
[num_leaves: 32]
[num_threads: 4]
[max_depth: 4]
[min_data_in_leaf: 20]
[min_sum_hessian_in_leaf: 4.87958]
[bagging_fraction: 1]
[bagging_freq: 11]
[bagging_seed: 3]
[feature_fraction: 0.6]
[feature_fraction_seed: 2]
[early_stopping_round: 0]
[max_delta_step: 0]
[lambda_l1: 0.298799]
[lambda_l2: 1.85114]
[min_gain_to_split: 0]
[drop_rate: 0.1]
[max_drop: 50]
[skip_drop: 0.5]
[xgboost_dart_mode: 0]
[uniform_drop: 0]
[drop_seed: 4]
[top_rate: 0.2]
[other_rate: 0.1]
[min_data_per_group: 100]
[max_cat_threshold: 32]
[cat_l2: 10]
[cat_smooth: 10]
[max_cat_to_onehot: 4]
[top_k: 20]
[monotone_constraints: ]
[feature_contri: ]
[forcedsplits_filename: ]
[refit_decay_rate: 0.9]
[verbosity: -1]
[max_bin: 255]
[min_data_in_bin: 3]
[bin_construct_sample_cnt: 200000]
[histogram_pool_size: -1]
[data_random_seed: 1]
[output_model: LightGBM_model.txt]
[snapshot_freq: -1]
[input_model: ]
[output_result: LightGBM_predict_result.txt]
[initscore_filename: ]
[valid_data_initscores: ]
[pre_partition: 0]
[enable_bundle: 1]
[max_conflict_rate: 0]
[is_enable_sparse: 1]
[sparse_threshold: 0.8]
[use_missing: 1]
[zero_as_missing: 0]
[two_round: 0]
[save_binary: 0]
[enable_load_from_binary_file: 1]
[header: 0]
[label_column: ]
[weight_column: ]
[group_column: ]
[ignore_column: ]
[categorical_feature: ]
[predict_raw_score: 0]
[predict_leaf_index: 0]
[predict_contrib: 0]
[num_iteration_predict: -1]
[pred_early_stop: 0]
[pred_early_stop_freq: 10]
[pred_early_stop_margin: 10]
[convert_model_language: ]
[convert_model: gbdt_prediction.cpp]
[num_class: 1]
[is_unbalance: 0]
[scale_pos_weight: 1]
[sigmoid: 1]
[boost_from_average: 1]
[reg_sqrt: 0]
[alpha: 0.9]
[fair_c: 1]
[poisson_max_delta_step: 0.7]
[tweedie_variance_power: 1.5]
[max_position: 20]
[label_gain: ]
[metric_freq: 1]
[is_provide_training_metric: 0]
[eval_at: ]
[num_machines: 1]
[local_listen_port: 12400]
[time_out: 120]
[machine_list_filename: ]
[machines: ]
[gpu_platform_id: -1]
[gpu_device_id: -1]
[gpu_use_dp: 0]

end of parameters

pandas_categorical:[[0, 1, 2, 3, 4, 5, 6, 7, 8, 9, 10, 11, 12, 13, 14, 15, 16, 17, 18, 19, 20, 21, 22, 23, 24, 25, 26, 27, 28, 29, 30, 31, 32, 33, 34, 35, 36, 37, 38, 39, 40, 41, 42, 43, 44, 45, 46, 47, 48, 49, 50, 51, 52, 53, 54, 55, 56, 57, 58, 59, 60, 61, 62, 63, 64, 65, 66, 67, 68, 69, 70, 71, 72, 73, 74, 75, 76, 77, 78, 79, 80, 81, 82, 83, 84, 85, 86, 87, 88, 89, 90, 91, 92, 93, 94, 95, 96, 97, 98, 99, 100, 101, 102, 103, 104, 105, 106, 107, 108, 109, 110, 111, 112, 113, 114, 115, 116, 117, 118, 119, 120, 121, 122, 123, 124, 125, 126, 127, 128, 129, 130, 131, 132, 133, 134, 135, 136, 137, 138, 139, 140, 141, 142, 143, 144, 145, 146, 147, 148, 149, 150, 151, 152, 153, 154, 155, 156, 157, 158, 159, 160, 161, 162, 163, 164, 165, 166, 167, 168, 169, 170, 171, 172, 173, 174, 175, 176, 177, 178, 179, 180, 181, 182, 183, 184, 185, 186, 187, 188, 189, 190, 191, 192, 193, 194, 195, 196, 197, 198, 199, 200, 201, 202, 203, 204, 205, 206, 207, 208, 209, 210, 211, 212, 213, 214, 215, 216, 217, 218, 219, 220, 221, 222, 223, 224, 225, 226, 227, 228, 229, 230, 231, 232, 233, 234, 235, 236, 237, 238, 239, 240, 241, 242, 243, 244, 245, 246, 247, 248, 249, 250, 251, 252, 253, 254, 255, 256, 257, 258, 259, 260, 261, 262, 263, 264, 265, 266, 267, 268, 269, 270, 271, 272, 273, 274, 275, 276, 277, 278, 279, 280, 281, 282, 283, 284, 285, 286, 287, 288, 289, 290, 291, 292, 293, 294, 295, 296, 297, 298, 299, 300, 301, 302, 303, 304, 305, 306, 307, 308, 309, 310, 311, 312, 313, 314, 315, 316, 317, 318, 319, 320, 321, 322, 323, 324, 325, 326, 327, 328, 329, 330, 331, 332, 333, 334, 335, 336, 337, 338, 339, 340, 341, 342, 343, 344, 345, 346, 347, 348, 349, 350, 351, 352, 353, 354, 355, 356, 357, 358, 359, 360, 361, 362, 363, 364, 365, 366, 367, 368, 369, 370, 371, 372, 373, 374, 375, 376, 377, 378, 379, 380, 381, 382, 383, 384, 385, 386, 387, 388, 389, 390, 391, 392, 393, 394, 395, 396, 397, 398, 399, 400, 401, 402, 403, 404, 405, 406, 407, 408, 409, 410, 411, 412, 413, 414, 415, 416, 417, 418, 419, 420, 421, 422, 423, 424, 425, 426, 427, 428, 429, 430, 431, 432, 433, 434, 435, 436, 437, 438, 439, 440, 441, 442, 443, 444, 445, 446, 447, 448, 449, 450, 451, 452, 453, 454, 455, 456, 457, 458, 459, 460, 461, 462, 463, 464, 465, 466, 467, 468, 469, 470, 471, 472, 473, 474, 475, 476, 477, 478, 479, 480, 481, 482, 483, 484, 485, 486, 487, 488, 489, 490, 491, 492, 493, 494, 495, 496, 497, 498, 499, 500, 501, 502, 503, 504, 505, 506, 507, 508, 509, 510, 511, 512, 513, 514, 515, 516, 517, 518, 519, 520, 521, 522, 523, 524, 525, 526, 527, 528, 529, 530, 531, 532, 533, 534, 535, 536, 537, 538, 539, 540, 541, 542, 543, 544, 545, 546, 547, 548, 549, 550, 551, 552, 553, 554, 555, 556, 557, 558], [0, 1, 2, 3, 4, 5, 6, 7, 8, 9, 10, 11, 12, 13, 14, 15, 16, 17, 18, 19, 20, 21, 22, 23, 24, 25, 26, 27, 28, 29, 30, 31, 32, 33, 34, 35, 36, 37, 38, 39, 40, 41, 42, 43, 44, 45, 46, 47, 48, 49, 50, 51, 52, 53, 54, 55, 56, 57, 58, 59, 60, 61, 62, 63, 64, 65, 66, 67, 68, 69, 70, 71, 72, 73, 74, 75, 76, 77, 78, 79, 80, 81, 82, 83, 84, 85, 86, 87, 88, 89, 90, 91, 92, 93, 94, 95, 96, 97, 98, 99, 100, 101, 102, 103, 104, 105, 106, 107, 108, 109, 110, 111, 112, 113, 114, 115, 116, 117, 118, 119, 120, 121, 122, 123, 124, 125, 126, 127, 128, 129, 130, 131, 132, 133, 134, 135, 136, 137, 138, 139, 140, 141, 142, 143, 144, 145, 146, 147, 148, 149, 150, 151], [0, 1], [0, 1, 2, 3, 4, 5, 6, 7, 8, 9, 10, 11, 12, 13, 14, 15, 16, 17, 18, 19, 20, 21, 22, 23, 24, 25, 26, 27, 28, 29, 30, 31, 32, 33, 34, 35, 36, 37, 38, 39, 40, 41, 42, 43, 44, 45, 46, 47, 48, 49, 50, 51, 52, 53, 54, 55, 56, 57, 58, 59, 60, 61, 62, 63, 64, 65, 66, 67, 68, 69, 70, 71, 72, 73, 74, 75, 76, 77, 78, 79, 80, 81, 82, 83, 84, 85, 86, 87, 88, 89, 90, 91, 92, 93, 94, 95, 96, 97, 98, 99, 100, 101, 102, 103, 104, 105, 106, 107, 108, 109, 110, 111, 112, 113, 114, 115, 116, 117, 118, 119, 120, 121, 122, 123, 124, 125, 126, 127, 128, 129, 130, 131, 132, 133]]
