tree
version=v2
num_class=1
num_tree_per_iteration=1
label_index=0
max_feature_idx=21
objective=binary sigmoid:1
feature_names=n_1 c_02 c_table_1.c_4 n_table_1.n_8 n_table_1.n_15 n_table_1.n_18 n_table_1.n_19 c_table_2.c_1 n_table_2.n_13 n_table_2.n_14 n_table_1.n_2 n_table_1.n_3 n_table_1.n_7 n_table_1.n_9 n_table_1.n_10 n_table_1.n_12 n_table_1.n_16 n_table_1.n_17 n_table_1.n_20 n_table_1.n_26 c_table_2.c_4 n_table_3.n_3
feature_infos=[1:335.5] 40:3:68:15:50:10:80:6:35:91:9:5:12:20:165:46:2:48:69:34:83:58:62:87:115:73:77:225:252:45:126:132:149:61:66:111:209:102:196:36:37:39:208:29:124:135:203:121:22:42:71:82:99:108:156:194:14:33:49:70:93:110:118:195:296:308:4:26:28:238:261:55:86:90:150:175:177:199:231:250:18:21:67:125:138:23:131:134:141:161:205:220:228:230:244:285:7:17:38:43:59:122:139:142:166:170:179:198:222:256:345:57:227:248:8:98:100:112:130:144:151:178:188:189:190:269:305:323:11:75:92:116:146:164:186:213:214:268:312:349:377:1:44:63:101:123:154:176:206:212:216:232:251:273:275:354:13:54:65:74:79:84:95:114:120:133:145:153:162:173:181:187:192:211:243:262:277:318:324:334:361:366:368:0:31:104:109:148:169:202:204:239:283:293:295:310:322:380:393:399:19:32:53:94:106:127:140:158:167:172:207:229:234:240:246:264:284:289:291:292:297:306:309:338:350:359:374:386:407:52:72:81:103:107:113:117:180:182:233:236:237:247:255:257:266:267:271:274:282:286:288:301:304:315:336:375:400:418:478:498:24:25:27:30:60:78:105:119:136:137:143:147:163:168:171:174:185:191:217:218:221:224:226:235:249:254:260:263:272:279:280:281:300:302:320:332:337:340:347:351:356:376:378:383:387:392:394:397:414:420:424:430:433:438:442:453:457:462:467:476:479:481 4:0:10:12:2:11:7:5:45:51:35:8:18:23:33:40:77:30:37:38:41:57:29:28:16:74:62:49:13:21:48:104:6:69:22:26:39:54:19:27:72:87:95:3:31:55:56:106:15:17:60:61:96:103:92:25:66:67:78:80:81:93:94:109:113:117:122:1:24:44:46:47:53:59:65:83:84:99:112:121:133:14:20:36:63:70:82:97:102:116:136:32:34:42:52:58:64:71:75:85:90:98:107:111:115:124:129:130:131:132 [1:244588] [1:274774] [1:574087] [1:1285890] 1:0 [1:395101] [1:275.5] [-49.8874:81.708399999999997] [1:175] [1:38456.5] [1:1556770] [1:68.5] [1:8524] [1:249100] [1:448222] [1:19936] [1:121640] 20:0:2:33:16:38:10:8:24:31:6:53:18:21:44:48:26:35:55:12:39:40:14:43:61:42:60:17:22:11:29:9:3:4:37:19:41:67:47:46:49:25:71:98:27:69:57:73:1:30:52:100:59:62:63:77:106:45:56:87:92:103:7:15:32:58:80:82:94:34:65:66:68:74:75:79:84:97:107:112:13:51:54:64:70:76:85:91:95:109 [1:509664]
tree_sizes=750 790 761 766 828 932 841 921 830 982 1132 898 995 864 889 914 984 1044 914 941 1009 816 1068 696 877 917 975 1034 960 983 696 1090 974 983 695 890 1044 892 796 970

Tree=0
num_leaves=8
num_cat=1
split_feature=6 20 21 15 10 6 18
split_gain=30.3442 24.7638 2.64008 2.53924 2.72958 2.90007 2.50155
threshold=222467.00000000003 0 56427.250000000007 43.000000000000007 54.403800000000011 9667.0000000000018 940.00000000000011
decision_type=2 5 2 2 2 2 2
left_child=1 -1 3 4 5 -3 -5
right_child=-2 2 -4 6 -6 -7 -8
leaf_value=-2.6868249636495083 -2.6119952001868376 -2.8787785003203843 -2.7952660618181557 -2.7596614377783344 -2.9575760735476844 -2.7969365552152992 -2.8581911404081173
leaf_count=295 324 1443 194 172 254 196 322
internal_value=0 -0.14979 -0.297205 -0.359258 -0.431552 -0.336237 -0.0412839
internal_count=3200 2876 2581 2387 1893 1639 494
cat_boundaries=0 3
cat_threshold=554714136 131114 8
shrinkage=1


Tree=1
num_leaves=7
num_cat=2
split_feature=1 5 4 1 9 4
split_gain=79.3379 11.8425 11.7566 5.47817 1.61542 0.29218
threshold=0 113580.00000000001 1622.5000000000002 1 3.2500000000000004 25.750000000000004
decision_type=5 2 2 5 2 2
left_child=2 3 -1 5 -5 -2
right_child=1 -3 -4 4 -6 -7
leaf_value=0.14092527391891244 -0.00015714457837466303 0.079898826121713395 0.38526549208964828 -0.10769538101376074 -0.014970043469286048 0.02890862620723942
leaf_count=380 270 196 218 1764 194 178
internal_value=0 -0.346785 1.17216 -0.468475 -0.542132 0.0308943
internal_count=3200 2602 598 2406 1958 448
cat_boundaries=0 10 18
cat_threshold=538968132 1073766788 545333764 1107296256 12599424 131072 65664 67108864 32 1048832 1099424 393232 67108992 268435456 2097168 0 8 268451968
shrinkage=0.168364


Tree=2
num_leaves=8
num_cat=1
split_feature=6 20 3 4 10 0 10
split_gain=20.4753 18.0206 5.4304 3.31129 1.46338 1.86564 1.66875
threshold=346413.00000000006 0 115.00000000000001 25779.250000000004 35.032850000000003 1.7500000000000002 52.466450000000002
decision_type=2 5 2 2 2 2 2
left_child=1 -1 3 4 5 -3 -6
right_child=-2 2 -4 -5 6 -7 -8
leaf_value=0.10626871254960306 0.20618623413367382 -0.013653378871301509 0.057026254926032825 0.027084541009791421 -0.10933439597973596 -0.080737383485437464 -0.032681183392130046
leaf_count=262 153 963 215 173 609 376 449
internal_value=0 -0.0958341 -0.225677 -0.304224 -0.353492 -0.217303 -0.490701
internal_count=3200 3047 2785 2570 2397 1339 1058
cat_boundaries=0 2
cat_threshold=17973256 131626
shrinkage=0.168364


Tree=3
num_leaves=8
num_cat=2
split_feature=20 4 2 4 18 5 18
split_gain=13.8801 9.84779 3.96688 3.19304 8.26318 6.0215 4.04337
threshold=0 101587.00000000001 1 2554.0000000000005 4249.0000000000009 40848.250000000007 3.2500000000000004
decision_type=5 2 5 2 2 2 2
left_child=-1 2 -2 6 5 -5 -4
right_child=1 -3 3 4 -6 -7 -8
leaf_value=0.10656761564796771 0.041006949115609793 0.12870276957345531 -0.029088160620941748 -0.008526269889469645 -0.12583333631279103 0.13049852064979553 -0.11045956982729097
leaf_count=254 185 123 1193 456 162 170 657
internal_value=0 -0.109853 -0.191385 -0.234825 -0.0117158 0.208406 -0.361752
internal_count=3200 2946 2823 2638 788 626 1850
cat_boundaries=0 2 5
cat_threshold=152059920 135682 1354764288 139808 8192
shrinkage=0.168364


Tree=4
num_leaves=8
num_cat=3
split_feature=1 18 20 14 5 18 1
split_gain=45.649 8.67471 8.47554 5.112 2.08184 3.84964 1.98977
threshold=0 104.50000000000001 1 1.7500000000000002 29513.500000000004 12.250000000000002 2
decision_type=5 2 5 2 2 2 5
left_child=1 -1 3 6 5 -4 -2
right_child=2 -3 4 -5 -6 -7 -8
leaf_value=0.064960493657296198 0.0065137249918804964 0.24574770365538046 0.048914037046082548 0 0.075739135886769893 -0.070636716710152939 -0.10320024677243061
leaf_count=299 200 273 292 278 172 250 1436
internal_value=0 0.822408 -0.282641 -0.441667 0.0974525 -0.00789356 -0.593165
internal_count=3200 572 2628 1914 714 542 1636
cat_boundaries=0 10 12 21
cat_threshold=606077156 1073750404 536945156 1107296256 16512 131072 65664 67108864 0 1048832 67700997 813731264 1536 65536 16 0 6291456 0 8 0 32
shrinkage=0.168364


Tree=5
num_leaves=9
num_cat=3
split_feature=1 16 0 1 21 7 12 16
split_gain=31.8449 9.30642 7.29043 4.84711 7.84011 6.48278 2.60563 0.981082
threshold=0 37876.000000000007 4.7500000000000009 1 25.000000000000004 2 13.750000000000002 727.75000000000011
decision_type=5 2 2 5 2 1 2 2
left_child=2 3 -1 6 -5 -6 -2 -7
right_child=1 -3 -4 4 5 7 -8 -9
leaf_value=0.18851601964649337 0.063064746681791725 0.076527959746699625 0.029849917793941923 -0.12623084112809255 0.082144113278219189 -0.024930538842492883 -0.038803381978256946 -0.1078917442329583
leaf_count=343 263 176 215 1199 206 436 176 186
internal_value=0 -0.251147 0.653203 -0.36831 -0.447159 -0.1188 0.0623437 -0.372487
internal_count=3200 2642 558 2466 2027 828 439 622
cat_boundaries=0 10 19 20
cat_threshold=536871488 1073766784 536945156 1107296256 12599432 0 65668 67108864 0 1048832 1097888 458772 75497600 268435456 2097168 131072 8 268435584 32 2
shrinkage=0.168364


Tree=6
num_leaves=8
num_cat=2
split_feature=1 6 1 18 6 3 18
split_gain=22.939 6.8959 4.9036 3.6492 3.31593 2.12309 1.70711
threshold=0 359479.00000000006 1 104.50000000000001 558.25000000000011 87.250000000000014 70.000000000000014
decision_type=5 2 5 2 2 2 2
left_child=3 2 4 -1 -2 6 -4
right_child=1 -3 5 -5 -6 -7 -8
leaf_value=0.043527978667295852 -0.037333856834042875 0.08128155580636251 -0.050539679316495861 0.16947768176042627 0.059730792227086209 0 -0.11633500524045164
leaf_count=229 330 112 1068 200 313 185 763
internal_value=0 -0.204495 -0.29317 0.582611 0.0413602 -0.397122 -0.496998
internal_count=3200 2771 2659 429 643 2016 1831
cat_boundaries=0 10 19
cat_threshold=606076992 1073742208 536944644 1107296256 16512 0 65664 67108864 0 1048832 50848 483352 75498112 268435456 6291472 131104 8 268451968 32
shrinkage=0.168364


Tree=7
num_leaves=9
num_cat=3
split_feature=1 12 20 12 0 10 1 5
split_gain=16.8259 5.69697 4.98559 4.14148 4.06463 3.29029 2.00574 0.917338
threshold=0 106.75000000000001 1 122.50000000000001 10.750000000000002 36.471150000000002 2 11620.000000000002
decision_type=5 2 5 2 2 2 5 2
left_child=1 4 3 6 7 -4 -2 -1
right_child=2 -3 5 -5 -6 -7 -8 -9
leaf_value=0.09287404849307998 0.0068253835126088616 -0.0021126561832865874 0.06339204157706825 0.00034840043331840076 0.005656413144208886 -0.028990799865110366 -0.089011295576971544 0.21518683066701691
leaf_count=245 220 122 393 365 110 350 1314 81
internal_value=0 0.433266 -0.203018 -0.337079 0.705715 0.0775217 -0.496539 0.89375
internal_count=3200 558 2642 1899 436 743 1534 326
cat_boundaries=0 10 12 17
cat_threshold=606077124 1073742212 604045316 1375731712 8405120 131072 65676 67108864 32 1048832 2214658053 813698496 1544 327680 512 0 2097152
shrinkage=0.168364


Tree=8
num_leaves=9
num_cat=2
split_feature=2 16 18 12 4 14 20 0
split_gain=7.07505 4.17569 14.8942 5.25894 4.35362 2.7664 2.37593 3.78862
threshold=0 18608.500000000004 3831.2500000000005 16.750000000000004 852.25000000000011 1.7500000000000002 1 1.7500000000000002
decision_type=5 2 2 2 2 2 5 2
left_child=-1 3 -3 4 6 -5 7 -2
right_child=1 2 -4 5 -6 -7 -8 -9
leaf_value=0.074908796782024736 -0.0076846594309288151 0.19155944331955616 -0.052792214603489603 -0.095237313387513733 0.08349456574758958 0 0.016743718336460597 -0.11967230031882937
leaf_count=300 706 122 193 693 226 183 467 310
internal_value=0 -0.0846077 0.257176 -0.169692 -0.00289515 -0.438141 -0.115149 -0.232523
internal_count=3200 2900 315 2585 1709 876 1483 1016
cat_boundaries=0 4 6
cat_threshold=1086328976 204832 0 256 16843841 8458304
shrinkage=0.168364


Tree=9
num_leaves=10
num_cat=2
split_feature=1 6 18 15 1 11 18 18 14
split_gain=12.7332 6.88879 2.56258 4.92098 3.14777 2.14658 1.34256 1.12003 0.173837
threshold=0 350007.50000000006 921.25000000000011 12.250000000000002 1 36.250000000000007 940.00000000000011 89.500000000000014 1.7500000000000002
decision_type=5 2 2 2 5 2 2 2 2
left_child=5 2 3 4 -2 6 7 -1 -4
right_child=1 -3 8 -5 -6 -7 -8 -9 -10
leaf_value=0.027177778366720928 0.025122589367555102 0.070839184339909947 -0.11335638982397662 0.058027425791173703 -0.062166141044148027 0.13519463796722817 -0 0.11185507853211477 -0.032991253427641337
leaf_count=347 227 131 451 283 1260 120 129 97 155
internal_value=0 -0.192434 -0.305811 -0.174521 -0.303838 0.346612 0.257109 0.364716 -0.567373
internal_count=3200 2507 2376 1770 1487 693 573 444 606
cat_boundaries=0 10 18
cat_threshold=536904420 1141006720 74240 1107296256 4210816 131072 65676 67108864 0 1048832 1049608 28 144 0 2097152 32 0 268435456
shrinkage=0.168364


Tree=10
num_leaves=11
num_cat=4
split_feature=1 1 17 20 1 12 0 17 4 12
split_gain=11.8671 4.9608 5.92027 4.40559 3.82573 3.59684 2.02571 2.07503 1.61517 1.21795
threshold=0 1 56967.250000000007 2 3 13.750000000000002 4.7500000000000009 813.25000000000011 147.25000000000003 3.2500000000000004
decision_type=5 5 2 5 5 2 2 2 2 2
left_child=-1 6 3 4 9 -5 7 -2 -6 -3
right_child=1 2 -4 5 8 -7 -8 -9 -10 -11
leaf_value=-0.089910226221887046 0.15869564169271633 -0.01893316350799806 0.090311945735498944 0.094375548634763259 -0.11456798349389841 -0.021717734569663315 0.016301671454127944 0.033137704359971883 -0.028871412010250449 0.047733162246369365
leaf_count=604 130 201 167 295 674 198 172 84 454 221
internal_value=0 0.119451 -0 -0.108281 -0.231982 0.19262 0.378328 0.651751 -0.399222 0.0676617
internal_count=3200 2596 2210 2043 1550 493 386 214 1128 422
cat_boundaries=0 9 19 22 31
cat_threshold=13897752 536872034 139198560 49224 268436480 32800 133136 2 1 536871488 1073742208 65536 1107296256 4210816 0 65664 67108864 0 256 2218793025 276906112 8 33952 286724 8704 268435456 2097168 131072 8 268435456 32
shrinkage=0.168364


Tree=11
num_leaves=8
num_cat=5
split_feature=1 2 1 17 20 1 13
split_gain=8.71334 6.93152 5.48632 7.23907 3.12837 3.95482 1.06558
threshold=0 1 2 56967.250000000007 3 4 47.500000000000007
decision_type=5 5 5 2 5 5 2
left_child=-1 -2 -3 4 5 -4 -6
right_child=1 2 3 -5 6 -7 -8
leaf_value=-0.085813471043914111 -0.061452246991377642 0.091279029760840291 0.02420101640584885 0.1153684302087369 0.0036014978651980273 -0.050309792569961737 0.081470699039345784
leaf_count=519 283 229 404 133 287 1147 198
internal_value=0 0.0881735 0.176311 0.049973 -0.0394649 -0.149827 0.19418
internal_count=3200 2681 2398 2169 2036 1551 485
cat_boundaries=0 9 12 20 22 32
cat_threshold=8654872 536872034 135004256 53320 1024 32768 133136 2 1 537144612 1073742090 8192 1088 1073741952 65536 1073741824 128 0 65664 67108864 2756712769 278986880 33312 278540 8720 268435456 6291456 131072 8 0 32 256
shrinkage=0.168364


Tree=12
num_leaves=11
num_cat=1
split_feature=20 21 17 10 10 12 10 10 21 10
split_gain=4.84925 6.8259 2.85995 2.35555 1.91628 1.84703 0.874635 0.650702 0.55152 0.547522
threshold=0 25.000000000000004 43639.750000000007 40.026150000000008 34.218200000000003 96.250000000000014 52.074300000000001 49.809450000000005 26170.750000000004 52.60455000000001
decision_type=5 2 2 2 2 2 2 2 2 2
left_child=-1 4 3 8 -2 6 -6 -5 -3 -7
right_child=1 2 -4 7 5 9 -8 -9 -10 -11
leaf_value=-0.061534012579741122 0.010477553561909688 0.075196016855467035 0.13262781092582457 -0.0407496783294585 -0.086547900189810165 0.022902021629637549 -0.010176419014267572 0.011301289640121909 0.0059769200821911663 -0.026838843689158003
leaf_count=519 786 349 100 148 350 224 235 151 185 153
internal_value=0 0.0657802 0.326041 0.187334 -0.103488 -0.224157 -0.374163 -0.0546114 0.351706 0
internal_count=3200 2681 933 833 1748 962 585 299 534 377
cat_boundaries=0 3
cat_threshold=2219380484 815844800 128
shrinkage=0.168364


Tree=13
num_leaves=10
num_cat=2
split_feature=4 2 10 17 3 17 4 6 7
split_gain=6.04975 3.96667 3.01079 2.71998 1.88015 2.17689 0.814768 0.42429 0.0444128
threshold=126202.50000000001 0 40.026150000000008 645.25000000000011 150.25000000000003 12.250000000000002 19108.750000000004 1.7500000000000002 1
decision_type=2 5 2 2 2 2 2 2 1
left_child=1 -1 3 7 5 -4 -7 8 -3
right_child=-2 2 4 -5 -6 6 -8 -9 -10
leaf_value=0.058192262656161071 0.11789897818593727 -0.010720389890157608 0 0.057185957007238462 0.006257475133244479 -0.040822387338148386 -0.11073744943187352 -0.04702810439049393 -0
leaf_count=147 79 632 276 266 158 525 261 206 650
internal_value=0 -0.0590823 -0.111151 0 -0.280012 -0.356558 -0.455213 -0.0866457 -0.0324178
internal_count=3200 3121 2974 1754 1220 1062 786 1488 1282
cat_boundaries=0 2 3
cat_threshold=1082134528 204832 2
shrinkage=0.168364


Tree=14
num_leaves=10
num_cat=0
split_feature=4 3 3 21 16 16 10 4 8
split_gain=4.58955 2.68432 3.87484 2.20372 2.20059 3.22016 1.30472 0.325374 0.0999795
threshold=129368.50000000001 115.00000000000001 1.7500000000000002 17563.000000000004 1.7500000000000002 2122.7500000000005 5.0603900000000008 4070.5000000000005 2018.5000000000002
decision_type=2 2 2 2 2 2 2 2 2
left_child=1 2 3 4 6 -6 -1 -4 -5
right_child=-2 -3 7 8 5 -7 -8 -9 -10
leaf_value=-0.015993879429709711 0.10105275814218692 0.050490207103509974 -0.017341678685355539 0.060334963712806833 0.075081741693865278 -0.022254264186515649 -0.083364810560049477 -0.090885610457278915 0.0071687819393138818
leaf_count=1066 75 240 211 237 280 335 301 270 185
internal_value=0 -0.0493839 -0.100576 -0.00913786 -0.083937 0.100677 -0.204226 -0.433502 0.26259
internal_count=3200 3125 2885 2404 1982 615 1367 481 422
shrinkage=0.168364


Tree=15
num_leaves=9
num_cat=3
split_feature=1 2 18 5 15 6 1 9
split_gain=6.99178 4.05754 4.29568 7.70754 2.43769 3.14469 2.08663 0.556696
threshold=0 1 770.50000000000011 127291.50000000001 55.000000000000007 865.75000000000011 2 1.7500000000000002
decision_type=5 5 2 2 2 2 5 2
left_child=4 6 -3 -4 5 -1 -2 -8
right_child=1 2 3 -5 -6 -7 7 -9
leaf_value=0.060364453477560212 0.015063739010722062 0.094215494605762506 -0.10272466149047491 0.079818247791559299 0.10424161910952644 -0.030770056913087769 -0.074256735992866973 -0.0072595832254509322
leaf_count=306 222 322 266 80 150 158 1497 199
internal_value=0 -0.145833 0.103843 -0.107536 0.25799 0.121897 -0.271226 -0.345764
internal_count=3200 2586 668 346 614 464 1918 1696
cat_boundaries=0 10 12 20
cat_threshold=538968132 1141252480 73860 1376256000 4194432 0 65664 335544320 32 256 268700709 1107296522 520 24 8389136 0 2097152 0 0 128
shrinkage=0.168364


Tree=16
num_leaves=10
num_cat=3
split_feature=1 2 4 18 5 18 1 18 8
split_gain=7.52157 4.57818 3.0564 4.59925 2.97694 6.70049 2.5941 1.08189 0.80005
threshold=0 1 254.50000000000003 3776.5000000000005 40848.250000000007 826.75000000000011 2 12.250000000000002 384.25000000000006
decision_type=5 5 2 2 2 2 5 2 2
left_child=-1 -2 6 4 5 -4 -3 8 -8
right_child=1 2 3 -5 -6 -7 7 -9 -10
leaf_value=-0.082111464974232801 -0.059268275324567993 -0.050668017774536354 0.097280450646024502 -0.020449831665089516 0.13031704622625911 -0.039829672895585339 0.041555310628392933 -0.018834417808854659 -0.00038200800712128965
leaf_count=502 191 218 345 203 185 273 813 272 198
internal_value=0 0.0809596 0.142174 0.297117 0.438309 0.215005 0 0.0939946 0.182377
internal_count=3200 2698 2507 1006 803 618 1501 1283 1011
cat_boundaries=0 9 12 18
cat_threshold=8654864 536872034 143392864 536920136 268436544 32768 133136 2 1 537142532 264 8192 32800 1073807368 8724 1074266112 0 32
shrinkage=0.168364


Tree=17
num_leaves=11
num_cat=3
split_feature=1 2 1 21 18 18 18 4 18 18
split_gain=6.16735 3.81261 3.49229 3.82319 3.73605 2.18278 1.84878 2.30108 1.2179 1.48853
threshold=0 1 2 25.000000000000004 104.50000000000001 1240.7500000000002 2918.5000000000005 1423.0000000000002 1422.2500000000002 40.000000000000007
decision_type=5 5 5 2 2 2 2 2 2 2
left_child=-1 -2 4 8 -3 -6 7 -5 9 -4
right_child=1 2 3 6 5 -7 -8 -9 -10 -11
leaf_value=-0.082114431381875727 -0.056062959958738209 0 -0.011270005906370194 0.011565102478068643 0.15922111631133656 0.036250088350973278 -0.026673776254403529 0.099566183433786731 0 -0.099001047474706047
leaf_count=474 204 307 520 608 109 143 100 195 246 294
internal_value=0 0.0527679 0.109515 -0 0.311357 0.618704 0.168618 0.260476 -0.22084 -0.331568
internal_count=3200 2726 2522 1963 559 252 903 803 1060 814
cat_boundaries=0 9 12 21
cat_threshold=12849168 536871970 139198560 536907848 1024 32768 133200 2 1 537142532 258 9216 606110944 1074151552 73728 1342701568 4194432 0 65676 67108864 32
shrinkage=0.168364


Tree=18
num_leaves=10
num_cat=2
split_feature=2 13 5 5 13 7 11 21 6
split_gain=3.79609 1.88182 3.35748 3.04013 4.3235 1.78813 1.59068 1.26719 0.158515
threshold=0 184.75000000000003 3940.7500000000005 77962.000000000015 13349.500000000002 1 33.250000000000007 19354.750000000004 3.2500000000000004
decision_type=5 2 2 2 2 1 2 2 2
left_child=-1 2 7 5 -5 6 -3 8 -2
right_child=1 3 -4 4 -6 -7 -8 -9 -10
leaf_value=0.052262215850277904 -0.01511770688186208 -0.0644848244019183 0.07237813005048982 0.080585969698105456 -0.048578154202087061 -0.098382909024388759 0.017754290232262333 0.028101730629382461 -0.051753560957221383
leaf_count=233 1105 212 220 112 181 406 238 263 230
internal_value=0 -0.0818885 0.00424117 -0.211289 0.0307148 -0.377144 -0.0950066 -0.0792764 -0.150573
internal_count=3200 2967 1818 1149 293 856 450 1598 1335
cat_boundaries=0 4 5
cat_threshold=1086328960 205408 0 256 2
shrinkage=0.168364


Tree=19
num_leaves=11
num_cat=2
split_feature=4 18 2 18 10 4 14 18 21 7
split_gain=3.67046 5.97765 3.74743 4.2731 2.45677 4.64094 1.83535 1.45286 0.90958 0.173212
threshold=132478.00000000003 4249.0000000000009 0 421.75000000000006 3.0594150000000009 3342.2500000000005 1.7500000000000002 1231.0000000000002 14005.750000000002 1
decision_type=2 2 5 2 2 2 2 2 2 1
left_child=1 2 4 -4 8 -6 -5 -7 9 -1
right_child=-2 -3 3 6 5 7 -8 -9 -10 -11
leaf_value=0 0.086986915420431507 -0.1158820092402543 0.11652552529419556 -0.043304845760849121 -0.10657781640386708 0.045240148387591078 0.048907637144778214 -0.029073775298441375 0.040168974719155447 -0.015545042386022985
leaf_count=623 68 215 262 199 519 172 118 279 269 476
internal_value=0 -0.0593184 0 0.241208 -0.0927307 -0.271588 0 -0 0.0185881 -0.0331938
internal_count=3200 3132 2917 579 2338 970 317 451 1368 1099
cat_boundaries=0 3 4
cat_threshold=536882581 258 8192 2
shrinkage=0.168364


Tree=20
num_leaves=10
num_cat=2
split_feature=1 4 1 16 16 8 10 10 10
split_gain=5.46285 3.29435 4.56809 2.84808 7.766 3.62132 2.14875 1.05128 2.28968
threshold=0 132478.00000000003 1 2409.2500000000005 39.250000000000007 3.2500000000000004 34.218200000000003 51.296500000000002 16.114810000000002
decision_type=5 2 5 2 2 2 2 2 2
left_child=-1 2 7 4 6 -5 -4 8 -2
right_child=1 -3 3 5 -6 -7 -8 -9 -10
leaf_value=-0.069721072700117168 0.062309698196590255 0.098870896962517663 -0.0027465967793821166 -0.1013172981389613 0.11375412825571518 0.0048716366615570751 -0.08529707135363819 0.089082149492841697 -0.018107084552747812
leaf_count=595 241 56 837 385 240 181 361 138 166
internal_value=0 0.0583761 0.0130779 -0.110842 0 -0.359187 -0.176452 0.238467 0.13728
internal_count=3200 2605 2549 2004 1438 566 1198 545 407
cat_boundaries=0 9 19
cat_threshold=9703448 536872034 147587168 536920136 268435520 32768 133136 2 1 606109888 1073946756 66048 1342177280 6307992 0 65664 335544320 32 256
shrinkage=0.168364


Tree=21
num_leaves=9
num_cat=3
split_feature=20 2 10 10 6 18 18 7
split_gain=2.35445 2.55775 2.24909 4.94687 3.23183 2.43042 1.85678 0.26095
threshold=0 1 54.403800000000011 50.77405000000001 18337.000000000004 3059.5000000000005 70.000000000000014 2
decision_type=5 5 2 2 2 2 2 1
left_child=-1 -2 3 4 6 -6 -3 -4
right_child=1 2 7 -5 5 -7 -8 -9
leaf_value=-0.04999955392573479 -0.048200488673937267 0.0023682958745484114 -0.042448182730724433 0.13222310233497764 0.079497688415057402 -0.0011458909677206567 -0.064896620159316062 -0
leaf_count=418 211 1278 264 140 323 161 233 172
internal_value=0 0.0280788 0.0771776 0.145393 0.067813 0.303075 -0.0504444 -0.168664
internal_count=3200 2782 2571 2135 1995 484 1511 436
cat_boundaries=0 2 4 5
cat_threshold=2219314436 813731264 537142532 525064 2
shrinkage=0.168364


Tree=22
num_leaves=12
num_cat=3
split_feature=2 10 13 13 20 21 8 16 12 13 7
split_gain=1.90196 1.94362 3.53047 2.77695 1.38274 1.89268 0.771069 0.487694 0.201746 0.702862 0.0838729
threshold=0 40.026150000000008 3706.0000000000005 130.00000000000003 1 8374.7500000000018 3.2500000000000004 50557.750000000007 22.750000000000004 20137.750000000004 2
decision_type=5 2 2 2 5 2 2 2 2 2 1
left_child=-1 2 4 -3 6 -6 10 8 -5 -10 -2
right_child=1 3 -4 7 5 -7 -8 -9 9 -11 -12
leaf_value=0.034577782008496337 -0.016580297054894191 0.023414443848722957 0.084970175602228207 -0.013439765351331717 -0.0053351062513129419 0.076681646810941681 -0.068995460269120262 -0.0027887300508966429 -0.097046936350179427 -0.015817946905862607 0
leaf_count=229 645 320 141 182 298 184 225 113 426 186 251
internal_value=0 -0.0659671 0.0193321 -0.205582 -0.0548247 0.0924326 -0.148757 -0.323229 -0.379239 -0.440904 -0.0669635
internal_count=3200 2971 1744 1227 1603 482 1121 907 794 612 896
cat_boundaries=0 4 6 7
cat_threshold=1086394496 205344 0 256 2164331601 2166784 2
shrinkage=0.168364


Tree=23
num_leaves=7
num_cat=3
split_feature=20 2 0 18 6 20
split_gain=2.10979 2.41617 2.11408 1.54207 4.60092 1.21315
threshold=0 1 16.750000000000004 3776.5000000000005 228130.00000000003 2
decision_type=5 5 2 2 2 5
left_child=-1 -2 3 4 5 -3
right_child=1 2 -4 -5 -6 -7
leaf_value=-0.048352224713698544 -0.047680670702383535 -0.010636249540324862 0.082062277597563155 -0.043453411248713637 0.10813161379757495 0.02398504266657725
leaf_count=402 221 1690 127 201 75 484
internal_value=0 0.0224573 0.0705586 0.0309711 0.0748021 0
internal_count=3200 2798 2577 2450 2249 2174
cat_boundaries=0 2 5 8
cat_threshold=2219313412 813731272 537142532 34079488 8192 1118209 2166784 8
shrinkage=0.168364


Tree=24
num_leaves=8
num_cat=2
split_feature=1 4 1 18 10 11 0
split_gain=3.98514 2.21986 3.53191 4.32264 2.24648 1.97477 0.480446
threshold=0 132478.00000000003 1 2779.0000000000005 54.403800000000011 33.250000000000007 4.7500000000000009
decision_type=5 2 5 2 2 2 2
left_child=-1 2 6 4 5 -4 -2
right_child=1 -3 3 -5 -6 -7 -8
leaf_value=-0.063334355490293578 0.055212523260777691 0.079193503120718281 -0.0029304886781598696 -0.10076156956748163 -0.064155511608437507 0.064010057596369352 0.0028279826837495879
leaf_count=496 320 58 1286 261 325 287 167
internal_value=0 0.0387706 0.000292674 -0.101333 -0.0080426 0.0544051 0.209569
internal_count=3200 2704 2646 2159 1898 1573 487
cat_boundaries=0 10 20
cat_threshold=12849168 536871970 147587168 32840 16448 32768 133200 2 1 1048576 606077120 1073946760 74240 1342177280 152 131072 65664 335544320 32 256
shrinkage=0.168364


Tree=25
num_leaves=11
num_cat=0
split_feature=6 18 6 8 18 15 6 18 19 0
split_gain=1.56511 2.82886 1.10889 2.50035 0.882371 1.25571 0.796703 1.0121 0.356377 0.237808
threshold=509778.00000000006 3679.0000000000005 51646.000000000007 3.2500000000000004 273.25000000000006 21.250000000000004 558.25000000000011 84.250000000000014 188.50000000000003 10.750000000000002
decision_type=2 2 2 2 2 2 2 2 2 2
left_child=1 2 4 8 6 -6 9 -8 -4 -1
right_child=-2 -3 3 -5 5 -7 7 -9 -10 -11
leaf_value=-0.0018760036896699479 0.055670101576082195 -0.075853138320740185 -0.026118743690664838 0.086533756632296344 -0.068733262814130364 0 0.06363359903072105 -0 0.011240167321779359 -0.033679684034892673
leaf_count=1280 59 271 187 142 286 243 251 212 106 163
internal_value=0 -0.0509523 -0 0.156088 -0.0531592 -0.208552 -0 0.161718 -0.0187937 -0.0581285
internal_count=3200 3141 2870 435 2435 529 1906 463 293 1443
shrinkage=0.168364


Tree=26
num_leaves=10
num_cat=2
split_feature=1 10 17 4 4 10 1 18 10
split_gain=3.48522 3.40782 4.24935 2.65792 3.51951 2.54602 3.43659 1.78098 0.980873
threshold=0 40.026150000000008 5602.7500000000009 12719.500000000002 1622.5000000000002 51.137950000000011 1 33.250000000000007 16.114810000000002
decision_type=5 2 2 2 2 2 5 2 2
left_child=5 2 7 4 -3 6 -1 -2 -8
right_child=1 3 -4 -5 -6 -7 8 -9 -10
leaf_value=-0.037674145874617003 -0 -0.069180770015939128 0.079573702521168743 -0.10006627039541707 0.055565531177696664 0.084593482356746547 0.079724313897326371 -0.080969814348958641 0.0021441914680614699
leaf_count=223 1041 429 132 378 258 160 196 233 150
internal_value=0 -0.129492 0.0014704 -0.352255 -0.0470764 0.150962 0.0262307 -0.132787 0.226144
internal_count=3200 2471 1406 1065 687 729 569 1274 346
cat_boundaries=0 8 16
cat_threshold=539002080 1074225540 65668 1342177280 2097152 0 65672 335544320 536870912 1074077956 4 0 0 0 0 268435456
shrinkage=0.168364


Tree=27
num_leaves=12
num_cat=3
split_feature=20 21 18 7 13 12 16 18 16 16 7
split_gain=1.64647 2.23899 2.10065 1.64202 1.19965 1.488 0.902218 1.93816 1.29646 1.19658 0.00149509
threshold=0 25.000000000000004 3059.5000000000005 1 2522.5000000000005 1.7500000000000002 510.25000000000006 40.000000000000007 2746.7500000000005 18433.000000000004 2
decision_type=5 2 2 1 2 2 2 2 2 2 1
left_child=-1 6 3 4 5 -3 7 10 -8 -10 -2
right_child=1 2 -4 -5 -6 -7 8 -9 9 -11 -12
leaf_value=-0.046156727721729601 -0.0046911354516510559 0.027117675464809653 -0.034473187275248882 0.092785240153565623 0.065061318404223745 -0.040998568714675013 0.052968815502133552 -0.086116298685510753 -0.047518522056980213 0.012055589462733234 -0
leaf_count=323 641 392 130 205 126 219 163 275 293 197 236
internal_value=0 0.0145681 0.153474 0.233427 0.110128 0 -0.0870946 -0.18379 0.00363105 -0.0780471 -0.0223951
internal_count=3200 2877 1072 942 737 611 1805 1152 653 490 877
cat_boundaries=0 3 4 5
cat_threshold=2219317312 813730240 8 1 2
shrinkage=0.168364


Tree=28
num_leaves=11
num_cat=0
split_feature=10 11 10 10 11 19 19 8 8 0
split_gain=1.44077 2.07493 1.7139 1.22602 1.19954 0.889816 1.35469 0.575 1.22426 0.472968
threshold=59.277450000000009 33.250000000000007 46.859000000000009 35.795200000000008 25.750000000000004 3.2500000000000004 102.25000000000001 36.250000000000007 469.00000000000006 1.7500000000000002
decision_type=2 2 2 2 2 2 2 2 2 2
left_child=1 4 3 -3 5 7 -7 9 -9 -1
right_child=-2 2 -4 -5 -6 6 -8 8 -10 -11
leaf_value=-0.0052672807254576948 -0.049413916072779451 0.03689010294266741 0.072326081224605598 -0.03650127598499215 -0.059053738176713062 0.063234657329210742 -0.0072997511979988536 0.049213564129624625 -0.021090668761094659 -0.045814754616706095
leaf_count=856 296 142 284 245 214 163 172 188 265 375
internal_value=0 0.00822034 0.206059 0 -0.0579053 -0.0101221 0.147781 -0.0707492 0.0324059 -0.132133
internal_count=3200 2904 671 387 2233 2019 335 1684 453 1231
shrinkage=0.168364


Tree=29
num_leaves=11
num_cat=1
split_feature=20 21 16 4 21 10 16 19 12 0
split_gain=1.88957 1.89432 0.921683 1.41006 1.20192 0.630718 1.9204 1.23549 0.629891 0.374876
threshold=0 25.000000000000004 19.750000000000004 12943.000000000002 19354.750000000004 35.032850000000003 510.25000000000006 19.750000000000004 100.75000000000001 1.7500000000000002
decision_type=5 2 2 2 2 2 2 2 2 2
left_child=-1 5 4 -4 -3 9 -7 -8 -9 -2
right_child=1 2 3 -5 -6 6 7 8 -10 -11
leaf_value=-0.043652285089280089 0.014976605532423842 -0.019479239727404282 0.081949916396770642 0.0029024643514068077 0.043799411969416523 -0.073838948151513137 0.039617488486929628 -0.052542131969538261 0 -0.019871371289106498
leaf_count=481 593 341 193 201 206 377 237 165 166 240
internal_value=0 0.0220074 0.154456 0.270447 0.00216939 -0.0705587 -0.148352 -0 -0.149691 0.00846283
internal_count=3200 2719 941 394 547 1778 945 568 331 833
cat_boundaries=0 3
cat_threshold=2219318532 813747656 128
shrinkage=0.168364


Tree=30
num_leaves=7
num_cat=1
split_feature=2 12 18 5 12 21
split_gain=1.31326 1.08314 0.841913 1.93887 1.73703 2.17614
threshold=0 364.00000000000006 3776.5000000000005 40848.250000000007 102.25000000000001 25.000000000000004
decision_type=5 2 2 2 2 2
left_child=-1 2 3 4 5 -2
right_child=1 -3 -4 -5 -6 -7
leaf_value=-0.040544737417820401 -0.023091461357498715 0.048971439749798784 -0.045076281722528325 0.048420603019492393 -0.065431124054273107 0.026219655760052842
leaf_count=281 1292 190 150 191 246 850
internal_value=0 0.0117695 -0.00736985 0.00954895 -0.0376624 0
internal_count=3200 2919 2729 2579 2388 2142
cat_boundaries=0 3
cat_threshold=537144580 34078976 8192
shrinkage=0.168364


Tree=31
num_leaves=12
num_cat=1
split_feature=1 21 8 5 19 9 12 4 6 4 0
split_gain=3.4403 3.31889 2.55515 1.95023 1.535 1.41528 0.71513 0.660904 0.408008 0.0957589 0.0851358
threshold=0 25.000000000000004 107.50000000000001 55756.000000000007 4.7500000000000009 3.2500000000000004 44.500000000000007 1622.5000000000002 1.7500000000000002 3344.5000000000005 1.7500000000000002
decision_type=5 2 2 2 2 2 2 2 2 2 2
left_child=3 9 -3 4 7 6 -4 8 10 -2 -1
right_child=1 2 5 -5 -6 -7 -8 -9 -10 -11 -12
leaf_value=0.030678156351909496 -0.033527372926593926 0.050515995082318584 -0.0091956132904974022 0.091972752432844515 -0.035076832729059121 0.013648117431143799 -0.082209985062369512 0.065620137360611674 -0.010450150081716611 -0.08249473821723019 0
leaf_count=189 957 345 324 87 132 220 175 77 142 418 134
internal_value=0 -0.135939 0 0.140928 0.0624376 -0.13882 -0.280174 0.160962 0.0553107 -0.361286 0.134217
internal_count=3200 2439 1064 761 674 719 499 542 465 1375 323
cat_boundaries=0 8
cat_threshold=538969696 1074225540 67182596 1375731712 6291584 0 65672 335544448
shrinkage=0.168364


Tree=32
num_leaves=10
num_cat=1
split_feature=1 14 10 19 19 10 10 9 6
split_gain=2.73817 1.65201 1.69515 0.840346 0.961871 0.795708 1.07007 0.313722 0.0139887
threshold=0 9.2500000000000018 32.743850000000002 40.000000000000007 1.7500000000000002 51.296500000000002 39.261900000000004 1.7500000000000002 4166.5000000000009
decision_type=5 2 2 2 2 2 2 2 2
left_child=5 2 7 4 -4 6 8 -2 -1
right_child=1 -3 3 -5 -6 -7 -8 -9 -10
leaf_value=0.010806308310067609 -0.012968757325042978 0.03096830623388953 -0.047015605651502444 -0.084218534009785198 0.0075067818204810908 0.056253197124402889 -0.02533356178802312 0.017003532691156349 0.043584008340662228
leaf_count=313 940 131 633 409 205 158 150 176 85
internal_value=0 -0.118877 -0.182023 -0.315995 -0.137009 0.129599 0.0511581 -0.013909 0.158687
internal_count=3200 2494 2363 1247 838 706 548 1116 398
cat_boundaries=0 9
cat_threshold=539000900 1074209156 67182596 1375731712 6291592 0 65672 335544320 32
shrinkage=0.168364


Tree=33
num_leaves=11
num_cat=2
split_feature=20 11 13 20 21 21 19 10 13 6
split_gain=1.51592 1.05018 1.71055 1.65329 1.8519 1.27898 1.4065 2.23518 1.53676 0.249849
threshold=0 36.250000000000007 28233.250000000004 1 9262.7500000000018 8491.0000000000018 3.2500000000000004 34.817550000000004 5133.2500000000009 2206.7500000000005
decision_type=5 2 2 5 2 2 2 2 2 2
left_child=-1 3 -3 5 9 6 7 -2 -8 -5
right_child=1 2 -4 4 -6 -7 8 -9 -10 -11
leaf_value=-0.043797306042388469 0 0.060872604138565267 -0.0093002261575610926 0.010116245661100288 0.069118617031565868 -0.063492450354361255 0.068454991528834025 -0.076960163928135372 -0.0095900350269411648 -0.022245045981773192
leaf_count=360 845 312 149 160 272 229 169 390 182 132
internal_value=0 0.019221 0.180795 -0.0171145 0.131246 -0.0968554 -0.0345607 -0.136654 0.158407 -0
internal_count=3200 2840 461 2379 564 1815 1586 1235 351 292
cat_boundaries=0 3 5
cat_threshold=2219378696 813731264 136 17826385 86016
shrinkage=0.168364


Tree=34
num_leaves=8
num_cat=0
split_feature=16 15 5 12 0 16 0
split_gain=1.08047 1.23859 1.12577 0.552168 0.839694 0.829435 0.589688
threshold=94512.250000000015 783.25000000000011 40848.250000000007 46.750000000000007 9.2500000000000018 510.25000000000006 1.7500000000000002
decision_type=2 2 2 2 2 2 2
left_child=1 2 3 4 6 -5 -1
right_child=-2 -3 -4 5 -6 -7 -8
leaf_value=-0 0.04670881978590001 -0.048603929249030807 0.039421448637362931 -0.056165480618229034 0.03309087716192842 -0 -0.040050880064521809
leaf_count=1359 70 231 212 376 264 354 334
internal_value=0 -0.0407824 -0.000878499 -0.041145 0 -0.152478 -0.0466874
internal_count=3200 3130 2899 2687 1957 730 1693
shrinkage=0.168364


Tree=35
num_leaves=8
num_cat=3
split_feature=1 1 16 16 15 1 18
split_gain=2.51257 1.16351 1.1901 2.41391 2.58958 2.84171 1.28519
threshold=0 1 18433.000000000004 7144.7500000000009 129.25000000000003 2 5747.5000000000009
decision_type=5 5 2 2 2 5 2
left_child=-1 -2 3 4 5 -3 -4
right_child=1 2 6 -5 -6 -7 -8
leaf_value=-0.051013385985817901 -0.027303411328155992 0.03761100457561569 0.068616618837271159 -0.067262879516008123 0.087567925143903588 -0.01877867724925112 -0
leaf_count=557 367 387 152 162 179 1265 131
internal_value=0 0.0328019 0.0697506 0.0161007 0.0758397 0.004562 0.258555
internal_count=3200 2643 2276 1993 1831 1652 283
cat_boundaries=0 9 19 29
cat_threshold=9703440 536871970 143392816 536903752 0 33824 133136 2 1 4194312 88 4194376 4214784 268461120 524288 268435524 1064976 0 1048576 536905248 278912 0 1073741824 2097280 0 65536 268435584 0 256
shrinkage=0.168364


Tree=36
num_leaves=11
num_cat=3
split_feature=1 10 1 11 21 21 19 2 21 21
split_gain=2.76331 1.34039 2.18297 2.34423 1.59218 1.15571 0.758093 0.744487 0.513632 0.129703
threshold=0 54.403800000000011 1 33.250000000000007 941.50000000000011 25.000000000000004 1.7500000000000002 2 40044.250000000007 143.50000000000003
decision_type=5 2 5 2 2 2 2 5 2 2
left_child=-1 2 9 5 -5 6 -4 -3 -7 -2
right_child=1 7 3 4 -6 8 -8 -9 -10 -11
leaf_value=-0.057191889604896545 0.066949107736603355 0.0032449369885820339 -0.06145095311570218 0 0.087596803276000307 0.015042168360960433 -0 -0.043210923753704861 -0.024449214464501927 0.014086621692462668
leaf_count=533 353 268 565 249 125 421 178 185 224 99
internal_value=0 0.0297083 0.0791403 -0.00879889 0.242141 -0.114754 -0.256364 -0.166292 0 0.254972
internal_count=3200 2667 2214 1762 374 1388 743 453 645 452
cat_boundaries=0 9 19 21
cat_threshold=12849168 536871970 147587168 536920136 268435456 33824 133136 2 1 67143200 344196 73856 1342177280 128 0 128 335544320 0 256 17 131072
shrinkage=0.168364


Tree=37
num_leaves=10
num_cat=1
split_feature=2 13 5 5 13 13 21 8 0
split_gain=1.05442 0.797794 2.23211 1.3717 1.65969 1.22916 0.454365 0.772056 0.0440482
threshold=0 130.00000000000003 3940.7500000000005 42301.000000000007 12898.000000000002 12190.750000000002 14005.750000000002 3.2500000000000004 4.7500000000000009
decision_type=5 2 2 2 2 2 2 2 2
left_child=-1 2 6 4 -3 -5 7 8 -2
right_child=1 3 -4 5 -6 -7 -8 -9 -10
leaf_value=0.0255788490469246 -0 -0.077285548348439093 0.063678522768420232 0.031959862820636689 0 -0.029561479015628684 0.0084659399193377487 -0.059204939248977538 -0.011914556508353416
leaf_count=244 805 525 184 163 243 263 299 194 280
internal_value=0 -0.0528695 0.00124521 -0.139362 -0.288678 0 -0.0628833 -0.113837 -0.0243462
internal_count=3200 2956 1762 1194 768 426 1578 1279 1085
cat_boundaries=0 4
cat_threshold=1086394400 1073947168 0 256
shrinkage=0.168364


Tree=38
num_leaves=9
num_cat=2
split_feature=20 18 5 18 4 7 15 21
split_gain=1.28108 0.83535 1.21635 1.20192 2.0533 1.9043 0.970415 0.598927
threshold=0 3679.0000000000005 83866.750000000015 826.75000000000011 250.75000000000003 1 187.75000000000003 19354.750000000004
decision_type=5 2 2 2 2 1 2 2
left_child=-1 2 3 4 7 -6 -5 -2
right_child=1 -3 -4 6 5 -7 -8 -9
leaf_value=-0.038237741770034937 -0.01275973808154662 -0.028826662551171771 0.052990215643353711 -0.057867841840976583 0.091559338503519425 0 0 0.025300160671625677
leaf_count=428 1271 277 97 288 259 209 175 196
internal_value=0 0.0172576 0.0517774 0.00767833 0.0676067 0.296118 -0.176147 -0.018109
internal_count=3200 2772 2495 2398 1935 468 463 1467
cat_boundaries=0 3 4
cat_threshold=2219317516 813731264 8 2
shrinkage=0.168364


Tree=39
num_leaves=11
num_cat=3
split_feature=20 2 4 16 20 16 8 4 6 16
split_gain=1.14734 1.13208 0.643418 1.70169 1.64261 1.53677 1.50912 1.00724 0.899992 0.687859
threshold=0 1 250.75000000000003 2142.2500000000005 2 18433.000000000004 1.7500000000000002 17509.750000000004 3.2500000000000004 510.25000000000006
decision_type=5 5 2 2 5 2 2 2 2 2
left_child=-1 -2 4 9 8 7 -7 -5 -3 -4
right_child=1 2 3 5 -6 6 -8 -9 -10 -11
leaf_value=-0.037414138124601697 -0.030591266520697932 -0.0050949687767704466 0.011403258551546893 0 0.028369464174391928 -0 0.074145167347574578 -0.06574763054524678 -0.065806640247873027 0.088573600031833497
leaf_count=422 247 943 244 209 332 159 88 160 267 129
internal_value=0 0.0149179 0.0517407 0.124627 -0.00206556 0 0.174157 -0.186872 -0.111394 0.333674
internal_count=3200 2778 2531 989 1542 616 247 369 1210 373
cat_boundaries=0 3 6 8
cat_threshold=71899148 813796800 128 537142660 34078976 9216 2164261889 2101258
shrinkage=0.168364


end of trees

feature importances:
c_02=37
n_table_1.n_20=37
n_table_1.n_2=31
n_table_1.n_15=25
n_table_3.n_3=22
n_table_1.n_16=20
c_table_2.c_4=20
n_table_1.n_19=18
c_table_1.c_4=16
n_1=14
n_table_1.n_18=14
n_table_1.n_7=14
n_table_1.n_9=12
n_table_2.n_13=10
c_table_2.c_1=9
n_table_1.n_26=9
n_table_1.n_3=7
n_table_1.n_12=7
n_table_1.n_17=7
n_table_1.n_8=5
n_table_1.n_10=5
n_table_2.n_14=4

parameters:
[boosting: gbdt]
[objective: binary]
[metric: auc]
[tree_learner: serial]
[device_type: cpu]
[data: ]
[valid: ]
[num_iterations: 100]
[learning_rate: 0.168364]
[num_leaves: 77]
[num_threads: 4]
[max_depth: 6]
[min_data_in_leaf: 20]
[min_sum_hessian_in_leaf: 9.19587]
[bagging_fraction: 0.8]
[bagging_freq: 44]
[bagging_seed: 3]
[feature_fraction: 0.5]
[feature_fraction_seed: 2]
[early_stopping_round: 0]
[max_delta_step: 0]
[lambda_l1: 0.862918]
[lambda_l2: 1.93513]
[min_gain_to_split: 0]
[drop_rate: 0.1]
[max_drop: 50]
[skip_drop: 0.5]
[xgboost_dart_mode: 0]
[uniform_drop: 0]
[drop_seed: 4]
[top_rate: 0.2]
[other_rate: 0.1]
[min_data_per_group: 100]
[max_cat_threshold: 32]
[cat_l2: 10]
[cat_smooth: 10]
[max_cat_to_onehot: 4]
[top_k: 20]
[monotone_constraints: ]
[feature_contri: ]
[forcedsplits_filename: ]
[refit_decay_rate: 0.9]
[verbosity: -1]
[max_bin: 255]
[min_data_in_bin: 3]
[bin_construct_sample_cnt: 200000]
[histogram_pool_size: -1]
[data_random_seed: 1]
[output_model: LightGBM_model.txt]
[snapshot_freq: -1]
[input_model: ]
[output_result: LightGBM_predict_result.txt]
[initscore_filename: ]
[valid_data_initscores: ]
[pre_partition: 0]
[enable_bundle: 1]
[max_conflict_rate: 0]
[is_enable_sparse: 1]
[sparse_threshold: 0.8]
[use_missing: 1]
[zero_as_missing: 0]
[two_round: 0]
[save_binary: 0]
[enable_load_from_binary_file: 1]
[header: 0]
[label_column: ]
[weight_column: ]
[group_column: ]
[ignore_column: ]
[categorical_feature: ]
[predict_raw_score: 0]
[predict_leaf_index: 0]
[predict_contrib: 0]
[num_iteration_predict: -1]
[pred_early_stop: 0]
[pred_early_stop_freq: 10]
[pred_early_stop_margin: 10]
[convert_model_language: ]
[convert_model: gbdt_prediction.cpp]
[num_class: 1]
[is_unbalance: 0]
[scale_pos_weight: 1]
[sigmoid: 1]
[boost_from_average: 1]
[reg_sqrt: 0]
[alpha: 0.9]
[fair_c: 1]
[poisson_max_delta_step: 0.7]
[tweedie_variance_power: 1.5]
[max_position: 20]
[label_gain: ]
[metric_freq: 1]
[is_provide_training_metric: 0]
[eval_at: ]
[num_machines: 1]
[local_listen_port: 12400]
[time_out: 120]
[machine_list_filename: ]
[machines: ]
[gpu_platform_id: -1]
[gpu_device_id: -1]
[gpu_use_dp: 0]

end of parameters

pandas_categorical:[[0, 1, 2, 3, 4, 5, 6, 7, 8, 9, 10, 11, 12, 13, 14, 15, 16, 17, 18, 19, 20, 21, 22, 23, 24, 25, 26, 27, 28, 29, 30, 31, 32, 33, 34, 35, 36, 37, 38, 39, 40, 41, 42, 43, 44, 45, 46, 47, 48, 49, 50, 51, 52, 53, 54, 55, 56, 57, 58, 59, 60, 61, 62, 63, 64, 65, 66, 67, 68, 69, 70, 71, 72, 73, 74, 75, 76, 77, 78, 79, 80, 81, 82, 83, 84, 85, 86, 87, 88, 89, 90, 91, 92, 93, 94, 95, 96, 97, 98, 99, 100, 101, 102, 103, 104, 105, 106, 107, 108, 109, 110, 111, 112, 113, 114, 115, 116, 117, 118, 119, 120, 121, 122, 123, 124, 125, 126, 127, 128, 129, 130, 131, 132, 133, 134, 135, 136, 137, 138, 139, 140, 141, 142, 143, 144, 145, 146, 147, 148, 149, 150, 151, 152, 153, 154, 155, 156, 157, 158, 159, 160, 161, 162, 163, 164, 165, 166, 167, 168, 169, 170, 171, 172, 173, 174, 175, 176, 177, 178, 179, 180, 181, 182, 183, 184, 185, 186, 187, 188, 189, 190, 191, 192, 193, 194, 195, 196, 197, 198, 199, 200, 201, 202, 203, 204, 205, 206, 207, 208, 209, 210, 211, 212, 213, 214, 215, 216, 217, 218, 219, 220, 221, 222, 223, 224, 225, 226, 227, 228, 229, 230, 231, 232, 233, 234, 235, 236, 237, 238, 239, 240, 241, 242, 243, 244, 245, 246, 247, 248, 249, 250, 251, 252, 253, 254, 255, 256, 257, 258, 259, 260, 261, 262, 263, 264, 265, 266, 267, 268, 269, 270, 271, 272, 273, 274, 275, 276, 277, 278, 279, 280, 281, 282, 283, 284, 285, 286, 287, 288, 289, 290, 291, 292, 293, 294, 295, 296, 297, 298, 299, 300, 301, 302, 303, 304, 305, 306, 307, 308, 309, 310, 311, 312, 313, 314, 315, 316, 317, 318, 319, 320, 321, 322, 323, 324, 325, 326, 327, 328, 329, 330, 331, 332, 333, 334, 335, 336, 337, 338, 339, 340, 341, 342, 343, 344, 345, 346, 347, 348, 349, 350, 351, 352, 353, 354, 355, 356, 357, 358, 359, 360, 361, 362, 363, 364, 365, 366, 367, 368, 369, 370, 371, 372, 373, 374, 375, 376, 377, 378, 379, 380, 381, 382, 383, 384, 385, 386, 387, 388, 389, 390, 391, 392, 393, 394, 395, 396, 397, 398, 399, 400, 401, 402, 403, 404, 405, 406, 407, 408, 409, 410, 411, 412, 413, 414, 415, 416, 417, 418, 419, 420, 421, 422, 423, 424, 425, 426, 427, 428, 429, 430, 431, 432, 433, 434, 435, 436, 437, 438, 439, 440, 441, 442, 443, 444, 445, 446, 447, 448, 449, 450, 451, 452, 453, 454, 455, 456, 457, 458, 459, 460, 461, 462, 463, 464, 465, 466, 467, 468, 469, 470, 471, 472, 473, 474, 475, 476, 477, 478, 479, 480, 481, 482, 483, 484, 485, 486, 487, 488, 489, 490, 491, 492, 493, 494, 495, 496, 497, 498, 499, 500, 501, 502, 503, 504, 505, 506, 507, 508, 509, 510, 511, 512, 513, 514, 515, 516, 517, 518, 519, 520, 521, 522, 523, 524, 525, 526, 527, 528, 529, 530, 531, 532, 533, 534, 535, 536, 537, 538, 539, 540, 541, 542, 543, 544, 545, 546, 547, 548, 549, 550, 551, 552, 553, 554, 555, 556, 557, 558], [0, 1, 2, 3, 4, 5, 6, 7, 8, 9, 10, 11, 12, 13, 14, 15, 16, 17, 18, 19, 20, 21, 22, 23, 24, 25, 26, 27, 28, 29, 30, 31, 32, 33, 34, 35, 36, 37, 38, 39, 40, 41, 42, 43, 44, 45, 46, 47, 48, 49, 50, 51, 52, 53, 54, 55, 56, 57, 58, 59, 60, 61, 62, 63, 64, 65, 66, 67, 68, 69, 70, 71, 72, 73, 74, 75, 76, 77, 78, 79, 80, 81, 82, 83, 84, 85, 86, 87, 88, 89, 90, 91, 92, 93, 94, 95, 96, 97, 98, 99, 100, 101, 102, 103, 104, 105, 106, 107, 108, 109, 110, 111, 112, 113, 114, 115, 116, 117, 118, 119, 120, 121, 122, 123, 124, 125, 126, 127, 128, 129, 130, 131, 132, 133, 134, 135, 136, 137, 138, 139, 140, 141, 142, 143, 144, 145, 146, 147, 148, 149, 150, 151], [0, 1], [0, 1, 2, 3, 4, 5, 6, 7, 8, 9, 10, 11, 12, 13, 14, 15, 16, 17, 18, 19, 20, 21, 22, 23, 24, 25, 26, 27, 28, 29, 30, 31, 32, 33, 34, 35, 36, 37, 38, 39, 40, 41, 42, 43, 44, 45, 46, 47, 48, 49, 50, 51, 52, 53, 54, 55, 56, 57, 58, 59, 60, 61, 62, 63, 64, 65, 66, 67, 68, 69, 70, 71, 72, 73, 74, 75, 76, 77, 78, 79, 80, 81, 82, 83, 84, 85, 86, 87, 88, 89, 90, 91, 92, 93, 94, 95, 96, 97, 98, 99, 100, 101, 102, 103, 104, 105, 106, 107, 108, 109, 110, 111, 112, 113, 114, 115, 116, 117, 118, 119, 120, 121, 122, 123, 124, 125, 126, 127, 128, 129, 130, 131, 132, 133]]
