tree
version=v2
num_class=1
num_tree_per_iteration=1
label_index=0
max_feature_idx=21
objective=binary sigmoid:1
feature_names=n_1 c_02 c_table_1.c_4 n_table_1.n_8 n_table_1.n_15 n_table_1.n_18 n_table_1.n_19 c_table_2.c_1 n_table_2.n_13 n_table_2.n_14 n_table_1.n_2 n_table_1.n_3 n_table_1.n_7 n_table_1.n_9 n_table_1.n_10 n_table_1.n_12 n_table_1.n_16 n_table_1.n_17 n_table_1.n_20 n_table_1.n_26 c_table_2.c_4 n_table_3.n_3
feature_infos=[1:335.5] 40:3:68:15:50:10:80:6:35:91:9:5:12:20:165:46:2:48:69:34:83:58:62:87:115:73:77:225:252:45:126:132:149:61:66:111:209:102:196:36:37:39:208:29:124:135:203:121:22:42:71:82:99:108:156:194:14:33:49:70:93:110:118:195:296:308:4:26:28:238:261:55:86:90:150:175:177:199:231:250:18:21:67:125:138:23:131:134:141:161:205:220:228:230:244:285:7:17:38:43:59:122:139:142:166:170:179:198:222:256:345:57:227:248:8:98:100:112:130:144:151:178:188:189:190:269:305:323:11:75:92:116:146:164:186:213:214:268:312:349:377:1:44:63:101:123:154:176:206:212:216:232:251:273:275:354:13:54:65:74:79:84:95:114:120:133:145:153:162:173:181:187:192:211:243:262:277:318:324:334:361:366:368:0:31:104:109:148:169:202:204:239:283:293:295:310:322:380:393:399:19:32:53:94:106:127:140:158:167:172:207:229:234:240:246:264:284:289:291:292:297:306:309:338:350:359:374:386:407:52:72:81:103:107:113:117:180:182:233:236:237:247:255:257:266:267:271:274:282:286:288:301:304:315:336:375:400:418:478:498:24:25:27:30:60:78:105:119:136:137:143:147:163:168:171:174:185:191:217:218:221:224:226:235:249:254:260:263:272:279:280:281:300:302:320:332:337:340:347:351:356:376:378:383:387:392:394:397:414:420:424:430:433:438:442:453:457:462:467:476:479:481 4:0:10:12:2:11:7:5:45:51:35:8:18:23:33:40:77:30:37:38:41:57:29:28:16:74:62:49:13:21:48:104:6:69:22:26:39:54:19:27:72:87:95:3:31:55:56:106:15:17:60:61:96:103:92:25:66:67:78:80:81:93:94:109:113:117:122:1:24:44:46:47:53:59:65:83:84:99:112:121:133:14:20:36:63:70:82:97:102:116:136:32:34:42:52:58:64:71:75:85:90:98:107:111:115:124:129:130:131:132 [1:244588] [1:274774] [1:574087] [1:1285890] 1:0 [1:395101] [1:275.5] [-49.8874:81.708399999999997] [1:175] [1:38456.5] [1:1556770] [1:68.5] [1:8524] [1:249100] [1:448222] [1:19936] [1:121640] 20:0:2:33:16:38:10:8:24:31:6:53:18:21:44:48:26:35:55:12:39:40:14:43:61:42:60:17:22:11:29:9:3:4:37:19:41:67:47:46:49:25:71:98:27:69:57:73:1:30:52:100:59:62:63:77:106:45:56:87:92:103:7:15:32:58:80:82:94:34:65:66:68:74:75:79:84:97:107:112:13:51:54:64:70:76:85:91:95:109 [1:509664]
tree_sizes=1637 2170 1949 1984 1898 1684 2331

Tree=0
num_leaves=20
num_cat=1
split_feature=6 20 5 10 8 8 5 18 6 10 10 10 15 0 10 15 0 3 18
split_gain=45.9561 36.0786 11.2629 10.8492 8.97747 4.12223 3.42929 3.34172 3.51936 2.99376 2.95441 2.77016 4.01186 1.85541 1.30452 1.21143 0.947947 0.750083 0.192192
threshold=553938.00000000012 0 31120.000000000004 40.523250000000004 224327.50000000003 202.75000000000003 37411.000000000007 1511.5000000000002 92431.750000000015 51.137950000000011 52.512850000000007 35.032850000000003 21.250000000000004 13.750000000000002 71.474800000000016 13.750000000000002 1.7500000000000002 45.250000000000007 104.50000000000001
decision_type=2 5 2 2 2 2 2 2 2 2 2 2 2 2 2 2 2 2 2
left_child=1 5 4 6 11 18 -4 8 -5 15 -11 12 16 14 -13 -9 -3 -2 -1
right_child=17 2 3 7 -6 -7 -8 9 -10 10 -12 13 -14 -15 -16 -17 -18 -19 -20
leaf_value=-2.3725489950072758 -0.80180340401013739 -2.8997799477804542 -2.8106757024829077 -2.8106757024829077 -2.1192288007405322 -2.6890993153144369 -1.9699053965987843 -2.8106757024829077 -2.1696953244086594 -2.3954693748581239 -2.8956705297199621 -3.1485769270121442 -2.5063109934078671 -2.8106757024829077 -2.8106757024829077 -3.1306518176019407 -3.0799896270425786 -2.7961015461990555 -1.353803384237579
leaf_count=110 33 1167 46 81 26 86 99 21 45 62 103 1137 62 82 23 264 447 21 85
internal_value=0 -0.0667238 -0.208173 0.232621 -0.341352 1.02578 1.18014 -0 0.493627 -0.225953 0.0864242 -0.379375 -0.223181 -0.554522 -0.598183 -0.500923 -0.282533 3.16963 2.01188
internal_count=4000 3946 3665 721 2944 281 145 576 126 450 165 2918 1676 1242 1160 285 1614 54 195
cat_boundaries=0 3
cat_threshold=1064960 65802 8
shrinkage=1


Tree=1
num_leaves=29
num_cat=6
split_feature=1 17 1 4 7 5 0 9 15 7 5 0 8 17 5 19 4 0 5 19 1 7 0 4 4 5 8 4
split_gain=59.9031 7.83617 8.89532 6.9944 12.8472 4.45972 4.0408 3.46828 2.81089 2.54822 1.78553 1.68909 1.64273 1.63674 1.31618 1.26341 0.809803 0.588824 0.546963 0.37719 0.43907 0.344286 0.318494 0.261433 0.115532 0.0812751 0.0369066 0.00481364
threshold=0 36350.500000000007 1 1459.0000000000002 2 1.7500000000000002 12.250000000000002 6.2500000000000009 430.75000000000006 3 108895.00000000001 1.7500000000000002 3.2500000000000004 79459.000000000015 3940.7500000000005 967.75000000000011 48773.500000000007 9.2500000000000018 177081.50000000003 43.000000000000007 4 5 16.750000000000004 45467.500000000007 250.75000000000003 9682.7500000000018 357.25000000000006 12.250000000000002
decision_type=5 2 5 2 1 2 2 2 2 1 2 2 2 2 2 2 2 2 2 2 5 1 2 2 2 2 2 2
left_child=3 2 19 5 14 9 18 15 12 11 16 -1 -3 -12 -5 -4 -10 24 25 20 27 -9 -13 -15 -7 -6 -25 -2
right_child=1 8 7 4 6 17 -8 21 10 -11 13 22 -14 23 -16 -17 -18 -19 -20 -21 -22 -23 -24 26 -26 -27 -28 -29
leaf_value=0.24824423775606416 0 -0 -0.35727493502159102 0 0 -0 -0.086767678521054964 -0 0 0.51908831908525266 0.33192730082219024 -0.16880940560865706 0.54293124080353805 0.023376511220889067 1.2746092244658183 0 -0.31917593214848972 -0.19686444565712127 0 -0 0.12569969825917729 0.19154177390312846 0 -0.12418562296102613 0.094188227134988575 0.56010733293982917 -0 -0.020696754457845218
leaf_count=132 76 41 2176 23 28 47 21 66 47 224 39 70 47 20 151 51 83 35 20 69 294 20 29 49 32 58 20 32
internal_value=0 -0.339541 -0.459946 0.771015 1.36346 0.484127 0.457937 -0.551349 0.097136 0.680741 -0.0126389 0.0819561 0.67262 0.137601 2.20809 -0.639205 -0.404154 -0 0.760131 0.105204 0.210755 0 -0.144881 -0 0 0.861844 -0.179287 -0
internal_count=4000 3130 2784 870 301 569 127 2313 346 455 258 231 88 128 174 2227 130 114 106 471 402 86 99 89 79 86 69 108
cat_boundaries=0 10 21 22 23 28 29
cat_threshold=539001440 1073766788 545333764 1107296272 82052 0 65664 67125248 0 1048832 17536 201590800 67108992 268435464 6291480 425986 8 268435584 32 0 33554432 2 2 0 262160 0 268435456 16 1
shrinkage=0.544036


Tree=2
num_leaves=26
num_cat=3
split_feature=2 20 4 20 10 13 6 12 16 10 16 4 6 0 4 6 0 12 12 4 4 16 10 0 6
split_gain=8.90796 6.75939 6.55631 6.11617 3.73756 2.14943 2.04708 1.64177 3.85677 3.39747 1.35856 1.76988 1.17973 1.72678 1.10181 1.03118 0.940008 0.910273 0.574787 0.565394 0.476334 0.334328 0.228792 0.170458 0.044905
threshold=0 1 147.25000000000003 2 36.038300000000007 17521.750000000004 2325.2500000000005 46.750000000000007 45154.000000000007 53.154700000000012 5611.7500000000009 13135.000000000002 3.2500000000000004 1.7500000000000002 23104.000000000004 46636.000000000007 22.750000000000004 72.250000000000014 373.00000000000006 55.000000000000007 33350.500000000007 8993.5000000000018 56.509450000000008 15.250000000000002 42508.750000000007
decision_type=5 5 2 5 2 2 2 2 2 2 2 2 2 2 2 2 2 2 2 2 2 2 2 2 2
left_child=4 20 3 12 -1 7 17 9 15 21 18 -12 13 -3 -13 -9 -15 -5 -7 -6 -2 -4 -11 24 -14
right_child=1 2 5 6 19 10 -8 8 -10 22 11 14 23 16 -16 -17 -18 -19 -20 -21 -22 -23 -24 -25 -26
leaf_value=0 -0.34331597681467491 -0 0.51861781748261226 0.3125488178935289 -0 -0.22466007546333475 -0.016317131003654787 0.12274776078980779 0.41241849714120354 -0.08013939603500192 0.40298242632120523 -0.18044223485336772 -0.34863344988291795 -0.26577446384733788 0.10891506487690557 -0.098564792813876423 0 -0 0 -0.47305739767372623 -0 0 0.089523565113709486 -0 -0
leaf_count=22 455 826 256 347 28 87 39 165 66 63 42 73 236 316 96 186 28 24 41 392 50 50 66 22 24
internal_value=0 0.0405415 0.120673 -0.0434283 -0.497997 0.336111 0.29112 0.447423 0.181907 0.668438 0.00901756 0.210905 -0.208618 -0.124338 0 -0 -0.402682 0.514525 -0.243742 -0.834492 -0.380702 0.864844 0 -0.565701 -0.603537
internal_count=4000 3558 3053 1862 442 1191 410 852 417 435 339 211 1452 1170 169 351 344 371 128 420 505 306 129 282 260
cat_boundaries=0 4 7 9
cat_threshold=741092644 392 2147484672 256 2215185220 813747392 640 16778241 2167042
shrinkage=0.544036


Tree=3
num_leaves=27
num_cat=3
split_feature=2 16 20 14 17 18 14 11 11 4 15 4 18 15 18 20 11 15 8 14 11 16 8 4 4 18
split_gain=4.74238 3.05504 2.92296 2.43862 1.63222 1.58412 1.7111 1.52043 2.52108 1.51904 1.37107 1.51713 1.30031 1.67085 1.56859 1.24834 1.11195 0.873448 0.810273 0.554981 0.507326 0.484991 0.407496 0.336269 0.15008 0.0457888
threshold=0 109311.50000000001 1 7.7500000000000009 69.250000000000014 1490.5000000000002 1.7500000000000002 37.750000000000007 1.7500000000000002 66029.500000000015 55.000000000000007 16379.500000000002 261.25000000000006 157.00000000000003 37.750000000000007 2 16.000000000000004 643.75000000000011 1.7500000000000002 12.250000000000002 42.250000000000007 16378.750000000002 1301.5000000000002 2934.2500000000005 4379.5000000000009 2201.5000000000005
decision_type=5 2 5 2 2 2 2 2 2 2 2 2 2 2 2 5 2 2 2 2 2 2 2 2 2 2
left_child=5 2 7 4 15 6 -1 8 10 17 23 -12 14 -14 -9 -4 -17 -6 -5 -10 -3 -11 -20 -2 -15 -7
right_child=1 20 3 18 9 25 -8 12 19 21 11 -13 13 24 -16 16 -18 -19 22 -21 -22 -23 -24 -25 -26 -27
leaf_value=0.56858929660332136 -0.13473646466342826 0.35647304863044532 -0.048382225175379434 -0 -0.26154461393034556 -0 -0 -0 -0.33808719469178689 -0 0.21514056048504959 -0.063741366770346752 -0.29552490742603593 -0 0.47742156930046126 0.23158282856689144 -0 0 0.5226886867391437 -0 0 0.17934390390267019 0 -0 0.069930058586310143 0.052783312472496229
leaf_count=113 1524 22 124 20 251 42 24 44 515 21 128 140 98 52 41 330 49 22 27 33 32 26 20 167 95 40
internal_value=0 -0.1008 -0.138895 0.0481507 -0 0.354689 0.870774 -0.207145 -0.2629 -0.235666 -0.160507 0.00900456 0 -0.0918915 0.476767 0.13295 0.226598 -0.402557 0.629319 -0.579219 0.423493 0.0044773 0.787764 -0.220433 0.00692758 0
internal_count=4000 3781 3727 890 823 219 137 2837 2507 320 1959 268 330 245 85 503 379 273 67 548 54 47 47 1691 147 82
cat_boundaries=0 3 6 8
cat_threshold=1086328832 204832 8388640 75432529 813698496 32 2164262912 2166786
shrinkage=0.544036


Tree=4
num_leaves=24
num_cat=3
split_feature=1 2 1 12 18 13 13 14 4 5 5 13 4 12 13 12 13 13 4 18 15 12 15
split_gain=20.0356 4.10741 3.00182 2.05106 2.02218 1.89106 2.77132 1.75911 1.50794 1.38705 0.939104 0.932499 1.24898 0.913345 0.591075 0.677237 0.563979 2.93222 0.476672 0.442077 0.324701 0.287214 0.0254837
threshold=0 1 2 44.500000000000007 3964.0000000000005 1930.7500000000002 9934.7500000000018 12.250000000000002 135130.00000000003 20100.250000000004 215976.50000000003 18.250000000000004 147.25000000000003 6.2500000000000009 122100.00000000001 490.00000000000006 1527.2500000000002 51.250000000000007 58801.750000000007 1235.5000000000002 10.750000000000002 419.50000000000006 204.25000000000003
decision_type=5 5 5 2 2 2 2 2 2 2 2 2 2 2 2 2 2 2 2 2 2 2 2
left_child=3 4 11 16 -2 20 19 8 10 -9 13 12 -3 -4 15 18 17 -1 -13 -7 -5 22 -8
right_child=1 2 7 5 -6 6 21 9 -10 -11 -12 14 -14 -15 -16 -17 -18 -19 -20 -21 -22 -23 -24
leaf_value=0.33762686795228236 0.32306410799153007 0 -0.14873201173634129 0 -0 0 -0.10298506039757505 0.36127830687119838 0 -0.07087278262031288 0 -0.24111697217274286 0.37026553252714334 -0.32237716682090312 0 0 0.68110472591083415 -0.011728585718823868 0 0.60379519467632969 -0.18518354559275857 0.11049515112126819 -0
leaf_count=307 137 288 1323 43 84 31 43 29 23 51 21 162 37 1139 27 21 66 43 21 25 34 20 25
internal_value=0 -0.207375 -0.266154 0.47046 0.18239 0.139805 0.383602 -0.34002 -0.400481 0 -0.424653 0.0091199 0.220867 -0.438267 -0.10142 -0.243584 0.748634 0.461699 -0.356685 0.844965 -0.15967 -0 -0.141395
internal_count=4000 3363 3142 637 221 221 144 2586 2506 80 2483 556 325 2462 231 204 416 350 183 56 77 88 68
cat_boundaries=0 10 13 24
cat_threshold=2097860 1115818112 536936964 1375731712 8470668 294914 65664 67108864 0 256 12587104 524386 8389632 1048616 201351176 67109008 16384 6291456 131072 12 16514 32 0 33554432
shrinkage=0.544036


Tree=5
num_leaves=20
num_cat=4
split_feature=1 1 18 16 1 16 16 13 16 21 16 3 13 7 4 4 15 13 21
split_gain=7.83172 3.31483 1.88481 3.53882 3.2688 2.80395 5.31396 1.63558 1.4262 1.38556 0.781695 0.820802 0.744474 0.303568 0.19807 0.284672 0.189409 0.17978 0.0552969
threshold=0 1 3679.0000000000005 21175.750000000004 2 1922.5000000000002 68.500000000000014 6.2500000000000009 100650.25000000001 941.50000000000011 8993.5000000000018 15.250000000000002 177577.00000000003 3 12943.000000000002 95599.750000000015 55.000000000000007 77514.250000000015 1371.2500000000002
decision_type=5 5 2 2 5 2 2 2 2 2 2 2 2 1 2 2 2 2 2
left_child=-1 7 3 4 10 6 -6 18 14 -7 11 -3 16 -10 -4 -16 -5 -9 -2
right_child=1 2 8 12 5 9 -8 17 13 -11 -12 -13 -14 -15 15 -17 -18 -19 -20
leaf_value=-0.26813678346793485 -0.053597095864933282 0.24332267950118094 -0 0 -0.027326029618349273 -0.29073768584057991 0.35179714249133021 -0.38563398523901565 -0 0 -0 -0 0 0.14824753083635281 -0.27351308523726303 -0 0.41447234877595052 -0 0.0035016772227718196
leaf_count=570 127 460 49 33 1333 242 249 221 28 111 35 64 22 30 149 51 97 24 105
internal_value=0 0.0604667 0.116758 0.169574 0.0918845 -0.0171838 0.0536429 -0.242712 -0.11196 -0.373347 0.286679 0.396182 0.60374 0.0921953 -0.333345 -0.378998 0.698244 -0.656079 -0
internal_count=4000 3430 2953 2646 2494 1935 1582 477 307 353 559 524 152 58 249 200 130 245 232
cat_boundaries=0 9 20 30 31
cat_threshold=277090352 536871968 139198560 604016704 268435456 536870912 133136 16777280 536870912 4326152 66 67109000 4194304 11328 1342178368 1342185536 1064968 1 131072 8 538968064 1074094224 8462848 1342177288 152 163840 65664 67108864 32 256 2
shrinkage=0.544036


Tree=6
num_leaves=30
num_cat=3
split_feature=1 0 0 14 13 1 16 16 0 1 13 18 6 12 0 0 19 3 18 3 18 14 9 13 6 18 3 18 12
split_gain=5.04774 4.76169 3.46406 2.14516 2.09032 1.95688 1.49837 5.08552 1.91622 1.80778 1.7491 1.24284 1.99961 1.15794 1.09971 1.02629 0.881148 0.680195 0.660463 0.54876 0.352905 0.306701 0.70735 0.904358 0.290005 0.198206 0.0458785 0.00391782 0.00294266
threshold=0 7.7500000000000009 18.250000000000004 1.7500000000000002 17521.750000000004 1 650.50000000000011 2019.2500000000002 4.7500000000000009 2 21253.750000000004 3291.2500000000005 553938.00000000012 44.500000000000007 18.250000000000004 4.7500000000000009 36.250000000000007 10.750000000000002 3.2500000000000004 87.250000000000014 130.75000000000003 7.7500000000000009 9.2500000000000018 19505.500000000004 169.75000000000003 7.7500000000000009 18.250000000000004 1511.5000000000002 9.2500000000000018
decision_type=5 2 2 2 2 5 2 2 2 5 2 2 2 2 2 2 2 2 2 2 2 2 2 2 2 2 2 2 2
left_child=1 3 5 4 15 21 9 8 17 20 18 16 -13 -4 -3 -1 -9 -8 -11 27 25 22 23 -2 -16 -7 -6 -5 -17
right_child=2 14 13 19 26 6 7 11 -10 10 -12 12 -14 -15 24 28 -18 -19 -20 -21 -22 -23 -24 -25 -26 -27 -28 -29 -30
leaf_value=0.35066317457325663 -0.38630897124618369 -0.23371430515563782 0.45374379479309984 -0.17841857931647101 0 0 0.67621533681822077 -0.084862005139782495 -0 -0.088210860261069682 0.099899872188839264 -0.29741819649588619 0 -0 0.12265314690278065 -0 0.1003404123469675 0 -0.31237330811985453 0.084050672397300505 -0 -0 -0 -0 -0.036705229069372312 0.26128352871508359 -0.055177778013062749 -0 0.01669398868185374
leaf_count=383 520 111 49 50 32 168 56 234 42 823 50 252 21 27 46 55 224 22 448 21 33 38 42 82 33 43 55 20 20
internal_value=0 0.180114 -0.141948 0.391248 0.48491 -0.191035 -0.070046 0.0292476 0.779749 -0.184162 -0.246742 -0.0769616 -0.315042 0.569876 -0.185506 0.57912 0 1.04942 -0.350649 -0 0.0900877 -0.394237 -0.550897 -0.616623 0 0.253821 -0 -0.280149 0
internal_count=4000 826 3174 636 545 3098 2416 851 120 1565 1321 731 273 76 190 458 458 78 1271 91 244 682 644 602 79 211 87 70 75
cat_boundaries=0 10 19 28
cat_threshold=2115308 1182925188 8192 1107296272 8388748 131072 132 128 0 256 335548432 537134112 147652704 541102152 268435456 536870944 133136 16793600 536870912 1048576 16 656 0 2097168 32770 8 268435458 32
shrinkage=0.544036


end of trees

feature importances:
n_table_1.n_15=19
n_1=14
n_table_1.n_20=14
n_table_1.n_9=13
n_table_1.n_16=12
c_02=11
n_table_1.n_18=9
n_table_1.n_7=9
n_table_1.n_12=9
n_table_1.n_19=8
n_table_1.n_2=8
n_table_2.n_13=6
n_table_1.n_10=6
n_table_1.n_8=5
c_table_2.c_4=5
c_table_2.c_1=4
n_table_1.n_3=4
c_table_1.c_4=3
n_table_1.n_17=3
n_table_1.n_26=3
n_table_2.n_14=2
n_table_3.n_3=2

parameters:
[boosting: gbdt]
[objective: binary]
[metric: auc]
[tree_learner: serial]
[device_type: cpu]
[data: ]
[valid: ]
[num_iterations: 100]
[learning_rate: 0.544036]
[num_leaves: 55]
[num_threads: 4]
[max_depth: 7]
[min_data_in_leaf: 20]
[min_sum_hessian_in_leaf: 1.04542]
[bagging_fraction: 0.5]
[bagging_freq: 0]
[bagging_seed: 3]
[feature_fraction: 0.6]
[feature_fraction_seed: 2]
[early_stopping_round: 0]
[max_delta_step: 0]
[lambda_l1: 1.73556]
[lambda_l2: 1.58941]
[min_gain_to_split: 0]
[drop_rate: 0.1]
[max_drop: 50]
[skip_drop: 0.5]
[xgboost_dart_mode: 0]
[uniform_drop: 0]
[drop_seed: 4]
[top_rate: 0.2]
[other_rate: 0.1]
[min_data_per_group: 100]
[max_cat_threshold: 32]
[cat_l2: 10]
[cat_smooth: 10]
[max_cat_to_onehot: 4]
[top_k: 20]
[monotone_constraints: ]
[feature_contri: ]
[forcedsplits_filename: ]
[refit_decay_rate: 0.9]
[verbosity: -1]
[max_bin: 255]
[min_data_in_bin: 3]
[bin_construct_sample_cnt: 200000]
[histogram_pool_size: -1]
[data_random_seed: 1]
[output_model: LightGBM_model.txt]
[snapshot_freq: -1]
[input_model: ]
[output_result: LightGBM_predict_result.txt]
[initscore_filename: ]
[valid_data_initscores: ]
[pre_partition: 0]
[enable_bundle: 1]
[max_conflict_rate: 0]
[is_enable_sparse: 1]
[sparse_threshold: 0.8]
[use_missing: 1]
[zero_as_missing: 0]
[two_round: 0]
[save_binary: 0]
[enable_load_from_binary_file: 1]
[header: 0]
[label_column: ]
[weight_column: ]
[group_column: ]
[ignore_column: ]
[categorical_feature: ]
[predict_raw_score: 0]
[predict_leaf_index: 0]
[predict_contrib: 0]
[num_iteration_predict: -1]
[pred_early_stop: 0]
[pred_early_stop_freq: 10]
[pred_early_stop_margin: 10]
[convert_model_language: ]
[convert_model: gbdt_prediction.cpp]
[num_class: 1]
[is_unbalance: 0]
[scale_pos_weight: 1]
[sigmoid: 1]
[boost_from_average: 1]
[reg_sqrt: 0]
[alpha: 0.9]
[fair_c: 1]
[poisson_max_delta_step: 0.7]
[tweedie_variance_power: 1.5]
[max_position: 20]
[label_gain: ]
[metric_freq: 1]
[is_provide_training_metric: 0]
[eval_at: ]
[num_machines: 1]
[local_listen_port: 12400]
[time_out: 120]
[machine_list_filename: ]
[machines: ]
[gpu_platform_id: -1]
[gpu_device_id: -1]
[gpu_use_dp: 0]

end of parameters

pandas_categorical:[[0, 1, 2, 3, 4, 5, 6, 7, 8, 9, 10, 11, 12, 13, 14, 15, 16, 17, 18, 19, 20, 21, 22, 23, 24, 25, 26, 27, 28, 29, 30, 31, 32, 33, 34, 35, 36, 37, 38, 39, 40, 41, 42, 43, 44, 45, 46, 47, 48, 49, 50, 51, 52, 53, 54, 55, 56, 57, 58, 59, 60, 61, 62, 63, 64, 65, 66, 67, 68, 69, 70, 71, 72, 73, 74, 75, 76, 77, 78, 79, 80, 81, 82, 83, 84, 85, 86, 87, 88, 89, 90, 91, 92, 93, 94, 95, 96, 97, 98, 99, 100, 101, 102, 103, 104, 105, 106, 107, 108, 109, 110, 111, 112, 113, 114, 115, 116, 117, 118, 119, 120, 121, 122, 123, 124, 125, 126, 127, 128, 129, 130, 131, 132, 133, 134, 135, 136, 137, 138, 139, 140, 141, 142, 143, 144, 145, 146, 147, 148, 149, 150, 151, 152, 153, 154, 155, 156, 157, 158, 159, 160, 161, 162, 163, 164, 165, 166, 167, 168, 169, 170, 171, 172, 173, 174, 175, 176, 177, 178, 179, 180, 181, 182, 183, 184, 185, 186, 187, 188, 189, 190, 191, 192, 193, 194, 195, 196, 197, 198, 199, 200, 201, 202, 203, 204, 205, 206, 207, 208, 209, 210, 211, 212, 213, 214, 215, 216, 217, 218, 219, 220, 221, 222, 223, 224, 225, 226, 227, 228, 229, 230, 231, 232, 233, 234, 235, 236, 237, 238, 239, 240, 241, 242, 243, 244, 245, 246, 247, 248, 249, 250, 251, 252, 253, 254, 255, 256, 257, 258, 259, 260, 261, 262, 263, 264, 265, 266, 267, 268, 269, 270, 271, 272, 273, 274, 275, 276, 277, 278, 279, 280, 281, 282, 283, 284, 285, 286, 287, 288, 289, 290, 291, 292, 293, 294, 295, 296, 297, 298, 299, 300, 301, 302, 303, 304, 305, 306, 307, 308, 309, 310, 311, 312, 313, 314, 315, 316, 317, 318, 319, 320, 321, 322, 323, 324, 325, 326, 327, 328, 329, 330, 331, 332, 333, 334, 335, 336, 337, 338, 339, 340, 341, 342, 343, 344, 345, 346, 347, 348, 349, 350, 351, 352, 353, 354, 355, 356, 357, 358, 359, 360, 361, 362, 363, 364, 365, 366, 367, 368, 369, 370, 371, 372, 373, 374, 375, 376, 377, 378, 379, 380, 381, 382, 383, 384, 385, 386, 387, 388, 389, 390, 391, 392, 393, 394, 395, 396, 397, 398, 399, 400, 401, 402, 403, 404, 405, 406, 407, 408, 409, 410, 411, 412, 413, 414, 415, 416, 417, 418, 419, 420, 421, 422, 423, 424, 425, 426, 427, 428, 429, 430, 431, 432, 433, 434, 435, 436, 437, 438, 439, 440, 441, 442, 443, 444, 445, 446, 447, 448, 449, 450, 451, 452, 453, 454, 455, 456, 457, 458, 459, 460, 461, 462, 463, 464, 465, 466, 467, 468, 469, 470, 471, 472, 473, 474, 475, 476, 477, 478, 479, 480, 481, 482, 483, 484, 485, 486, 487, 488, 489, 490, 491, 492, 493, 494, 495, 496, 497, 498, 499, 500, 501, 502, 503, 504, 505, 506, 507, 508, 509, 510, 511, 512, 513, 514, 515, 516, 517, 518, 519, 520, 521, 522, 523, 524, 525, 526, 527, 528, 529, 530, 531, 532, 533, 534, 535, 536, 537, 538, 539, 540, 541, 542, 543, 544, 545, 546, 547, 548, 549, 550, 551, 552, 553, 554, 555, 556, 557, 558], [0, 1, 2, 3, 4, 5, 6, 7, 8, 9, 10, 11, 12, 13, 14, 15, 16, 17, 18, 19, 20, 21, 22, 23, 24, 25, 26, 27, 28, 29, 30, 31, 32, 33, 34, 35, 36, 37, 38, 39, 40, 41, 42, 43, 44, 45, 46, 47, 48, 49, 50, 51, 52, 53, 54, 55, 56, 57, 58, 59, 60, 61, 62, 63, 64, 65, 66, 67, 68, 69, 70, 71, 72, 73, 74, 75, 76, 77, 78, 79, 80, 81, 82, 83, 84, 85, 86, 87, 88, 89, 90, 91, 92, 93, 94, 95, 96, 97, 98, 99, 100, 101, 102, 103, 104, 105, 106, 107, 108, 109, 110, 111, 112, 113, 114, 115, 116, 117, 118, 119, 120, 121, 122, 123, 124, 125, 126, 127, 128, 129, 130, 131, 132, 133, 134, 135, 136, 137, 138, 139, 140, 141, 142, 143, 144, 145, 146, 147, 148, 149, 150, 151], [0, 1], [0, 1, 2, 3, 4, 5, 6, 7, 8, 9, 10, 11, 12, 13, 14, 15, 16, 17, 18, 19, 20, 21, 22, 23, 24, 25, 26, 27, 28, 29, 30, 31, 32, 33, 34, 35, 36, 37, 38, 39, 40, 41, 42, 43, 44, 45, 46, 47, 48, 49, 50, 51, 52, 53, 54, 55, 56, 57, 58, 59, 60, 61, 62, 63, 64, 65, 66, 67, 68, 69, 70, 71, 72, 73, 74, 75, 76, 77, 78, 79, 80, 81, 82, 83, 84, 85, 86, 87, 88, 89, 90, 91, 92, 93, 94, 95, 96, 97, 98, 99, 100, 101, 102, 103, 104, 105, 106, 107, 108, 109, 110, 111, 112, 113, 114, 115, 116, 117, 118, 119, 120, 121, 122, 123, 124, 125, 126, 127, 128, 129, 130, 131, 132, 133]]
