tree
version=v2
num_class=1
num_tree_per_iteration=1
label_index=0
max_feature_idx=21
objective=binary sigmoid:1
feature_names=n_1 c_02 c_table_1.c_4 n_table_1.n_8 n_table_1.n_15 n_table_1.n_18 n_table_1.n_19 c_table_2.c_1 n_table_2.n_13 n_table_2.n_14 n_table_1.n_2 n_table_1.n_3 n_table_1.n_7 n_table_1.n_9 n_table_1.n_10 n_table_1.n_12 n_table_1.n_16 n_table_1.n_17 n_table_1.n_20 n_table_1.n_26 c_table_2.c_4 n_table_3.n_3
feature_infos=[1:335.5] 40:3:68:15:50:10:80:6:35:91:9:5:12:20:165:46:2:48:69:34:83:58:62:87:115:73:77:225:252:45:126:132:149:61:66:111:209:102:196:36:37:39:208:29:124:135:203:121:22:42:71:82:99:108:156:194:14:33:49:70:93:110:118:195:296:308:4:26:28:238:261:55:86:90:150:175:177:199:231:250:18:21:67:125:138:23:131:134:141:161:205:220:228:230:244:285:7:17:38:43:59:122:139:142:166:170:179:198:222:256:345:57:227:248:8:98:100:112:130:144:151:178:188:189:190:269:305:323:11:75:92:116:146:164:186:213:214:268:312:349:377:1:44:63:101:123:154:176:206:212:216:232:251:273:275:354:13:54:65:74:79:84:95:114:120:133:145:153:162:173:181:187:192:211:243:262:277:318:324:334:361:366:368:0:31:104:109:148:169:202:204:239:283:293:295:310:322:380:393:399:19:32:53:94:106:127:140:158:167:172:207:229:234:240:246:264:284:289:291:292:297:306:309:338:350:359:374:386:407:52:72:81:103:107:113:117:180:182:233:236:237:247:255:257:266:267:271:274:282:286:288:301:304:315:336:375:400:418:478:498:24:25:27:30:60:78:105:119:136:137:143:147:163:168:171:174:185:191:217:218:221:224:226:235:249:254:260:263:272:279:280:281:300:302:320:332:337:340:347:351:356:376:378:383:387:392:394:397:414:420:424:430:433:438:442:453:457:462:467:476:479:481 4:0:10:12:2:11:7:5:45:51:35:8:18:23:33:40:77:30:37:38:41:57:29:28:16:74:62:49:13:21:48:104:6:69:22:26:39:54:19:27:72:87:95:3:31:55:56:106:15:17:60:61:96:103:92:25:66:67:78:80:81:93:94:109:113:117:122:1:24:44:46:47:53:59:65:83:84:99:112:121:133:14:20:36:63:70:82:97:102:116:136:32:34:42:52:58:64:71:75:85:90:98:107:111:115:124:129:130:131:132 [1:244588] [1:274774] [1:574087] [1:1285890] 1:0 [1:395101] [1:275.5] [-49.8874:81.708399999999997] [1:175] [1:38456.5] [1:1556770] [1:68.5] [1:8524] [1:249100] [1:448222] [1:19936] [1:121640] 20:0:2:33:16:38:10:8:24:31:6:53:18:21:44:48:26:35:55:12:39:40:14:43:61:42:60:17:22:11:29:9:3:4:37:19:41:67:47:46:49:25:71:98:27:69:57:73:1:30:52:100:59:62:63:77:106:45:56:87:92:103:7:15:32:58:80:82:94:34:65:66:68:74:75:79:84:97:107:112:13:51:54:64:70:76:85:91:95:109 [1:509664]
tree_sizes=1499 1445 1310 1668 1746 1984 1829 1753 1391 2031 1805 2191 2002 2103 1778 1914

Tree=0
num_leaves=18
num_cat=2
split_feature=6 20 16 2 5 18 10 10 17 13 21 6 13 12 15 18 10
split_gain=47.1609 29.6201 9.91453 7.50623 5.89686 8.65281 4.84269 3.84721 3.44805 1.89565 1.85745 1.34876 1.3142 0.847053 0.3927 0.181251 0.129609
threshold=509778.00000000006 0 28.750000000000004 1 29513.500000000004 3645.2500000000005 53.875500000000009 34.817550000000004 23452.000000000004 247.75000000000003 99332.500000000015 1.7500000000000002 6.2500000000000009 6.2500000000000009 493.75000000000006 448.75000000000006 58.726000000000006
decision_type=2 5 2 5 2 2 2 2 2 2 2 2 2 2 2 2 2
left_child=1 2 -1 9 7 6 8 10 -6 -3 11 -5 -9 -14 -7 -11 -8
right_child=-2 3 -4 4 5 14 16 12 -10 15 -12 -13 13 -15 -16 -17 -18
leaf_value=-2.7493261058336111 -2.4607919242304881 -2.8106757024829077 -2.5445852549181276 -2.8460316629996503 -2.6369787425730191 -2.8110535415847329 -2.8280393105282569 -2.8106757024829077 -2.7948368676994151 -2.6745318899000812 -2.7847513910966604 -2.8055248766346006 -2.8242163139119372 -2.8914915576409457 -2.8916103284836256 -2.7781632878046847 -2.806438859664607
leaf_count=153 59 55 107 1095 72 70 65 104 91 54 83 101 122 699 110 92 68
internal_value=0 -0.0845628 0.937516 -0.233382 -0.305309 0.0769363 0.551411 -0.421533 1.01502 0.352236 -0.239633 -0.291283 -0.645103 -0.705037 -0.59279 0.887824 -0
internal_count=3200 3141 260 2881 2680 476 296 2204 163 201 1279 1196 925 821 180 146 133
cat_boundaries=0 2 5
cat_threshold=152059904 135690 1354764288 664096 1024
shrinkage=1


Tree=1
num_leaves=16
num_cat=4
split_feature=1 4 4 20 7 0 5 12 13 3 1 0 3 0 9
split_gain=79.3851 24.0951 15.8693 7.37604 4.39894 5.23833 3.8676 3.87033 3.78464 3.13674 3.84198 1.88779 1.67211 1.3103 0.738795
threshold=0 132478.00000000003 11596.000000000002 1 2 3.2500000000000004 83866.750000000015 46.750000000000007 12684.250000000002 150.25000000000003 3 1.7500000000000002 238.75000000000003 4.7500000000000009 1.7500000000000002
decision_type=5 2 2 5 1 2 2 2 2 2 5 2 2 2 2
left_child=2 3 4 9 -1 -6 7 11 -4 10 13 14 -11 -2 -5
right_child=1 -3 8 6 5 -7 -8 -9 -10 12 -12 -13 -14 -15 -16
leaf_value=0.14954848175145222 0.03665828825600783 0.1996832973517623 0.41595581939192799 -0.017770774096106022 0.099279756640639663 -0.030950915831163439 0.092397392841261236 -0.067028693698344174 0.13854088819083649 0.05463018977242097 -0.07311613429987382 0.061492300516673162 -0.035393705150418585 -0.021138347725965682 0.027775709612499429
leaf_count=254 145 53 52 256 116 81 64 157 71 52 1534 96 87 115 67
internal_value=0 -0.342861 1.20339 -0.444724 1.05587 0.370292 0.00810671 -0.0872365 2.90689 -0.554069 -0.657542 0.099243 0 0.0259175 -0.0172514
internal_count=3200 2626 574 2573 451 197 640 576 123 1933 1794 419 139 260 323
cat_boundaries=0 10 12 13 22
cat_threshold=538968132 1073766788 545333764 1107296256 8405120 131072 65664 67108864 0 1048832 2219378693 815828416 1 33440 262144 0 268435456 6291456 0 0 268435456 32
shrinkage=0.104284


Tree=2
num_leaves=15
num_cat=2
split_feature=1 6 4 14 2 6 10 16 19 19 0 9 10 16
split_gain=62.1357 27.9719 12.5735 9.24634 6.02805 5.30291 3.93324 4.80774 2.43578 1.79688 1.55632 1.41299 0.916041 0.0397841
threshold=0 528983.50000000012 1622.5000000000002 12.250000000000002 1 3.2500000000000004 34.817550000000004 1488.2500000000002 542.50000000000011 28.750000000000004 10.750000000000002 3.2500000000000004 47.28905000000001 40927.750000000007
decision_type=5 2 2 2 5 2 2 2 2 2 2 2 2 2
left_child=2 3 5 4 9 10 7 11 -4 -2 -1 -6 -7 -8
right_child=1 -3 8 -5 6 12 13 -9 -10 -11 -12 -13 -14 -15
leaf_value=0.1177730681583882 0.097361803536673605 0.23351458545944742 0.22715239855638353 0.092086250189488641 -0.05021783830516291 -0.033593626462097716 -0.083937390333443176 0.06312213557344705 0.060696049195135084 -0 0.0038639069862611828 0 0.030049440637270552 -0.017740715076484857
leaf_count=203 73 36 180 70 1019 72 1089 59 59 51 62 80 60 87
internal_value=0 -0.338367 0.956004 -0.447376 -0.500833 0.62329 -0.532025 -0.352547 1.89539 0.252276 0.947869 -0.435423 -0 -0.774625
internal_count=3200 2564 636 2528 2458 397 2334 1158 239 124 265 1099 132 1176
cat_boundaries=0 10 12
cat_threshold=538968260 1073766788 612442628 1107296256 12599432 0 65672 67108864 32 1048832 1082134528 533024
shrinkage=0.104284


Tree=3
num_leaves=19
num_cat=2
split_feature=1 4 18 1 14 18 4 18 5 10 17 16 9 18 15 15 13 3
split_gain=49.7409 16.6217 10.5862 8.59734 9.49951 4.25174 3.46146 4.37281 3.82601 2.26666 5.55437 3.42271 1.56993 1.29217 1.14024 2.0611 0.874387 0.306902
threshold=0 135130.00000000003 104.50000000000001 1 12.250000000000002 1.7500000000000002 2156.5000000000005 921.25000000000011 42301.000000000007 34.998900000000006 3537.2500000000005 43495.750000000007 3.2500000000000004 91.750000000000014 370.75000000000006 77.500000000000014 34.750000000000007 268.00000000000006
decision_type=5 2 2 5 2 2 2 2 2 2 2 2 2 2 2 2 2 2
left_child=2 3 5 6 9 -1 13 -8 -9 10 12 17 -5 16 15 -4 -2 -11
right_child=1 -3 14 4 -6 -7 7 8 -10 11 -12 -13 -14 -15 -16 -17 -18 -19
leaf_value=0.08875730124125629 -0.0051534135981250286 0.1659677413668548 0.17567871390002393 -0.054459330373722546 0.084992714050329501 -0.019731891142230611 0.15256222330673522 -0.04994544642286132 0.076513075332123509 -0.088980204336807894 0.072992253429937995 0 0 -0.060627942903089593 0.30186359777075816 0.033133549857580866 0.047990916460281155 -0.001655302575671559
leaf_count=164 262 35 106 878 67 60 53 73 67 931 54 96 80 60 43 53 59 59
internal_value=0 -0.261954 0.985921 -0.345973 -0.458801 0.528988 0.115181 0.583079 0.0342824 -0.568271 -0.361688 -0.736325 -0.464118 -0.0600326 1.89005 1.35507 0.00776747 -0.823295
internal_count=3200 2774 426 2739 2165 224 574 193 140 2098 1012 1086 958 381 202 159 321 990
cat_boundaries=0 10 19
cat_threshold=536870976 1073750400 536944644 1107296256 16512 0 65664 67108864 0 1048832 69224096 475156 75498112 268435456 14680088 131072 8 268451968 32
shrinkage=0.104284


Tree=4
num_leaves=20
num_cat=4
split_feature=1 6 15 20 1 0 12 10 10 13 4 18 21 19 0 3 21 10 1
split_gain=39.3323 18.3643 9.62351 8.07205 4.87244 4.62708 6.02013 3.88825 3.46455 2.84606 2.47517 3.96067 2.13832 1.83467 1.37788 1.44578 1.04651 0.883513 0.453025
threshold=0 576519.00000000012 370.75000000000006 1 2 1.7500000000000002 78.250000000000014 47.920550000000006 35.765900000000009 5133.2500000000009 2156.5000000000005 1449.2500000000002 14005.750000000002 3.2500000000000004 16.750000000000004 210.25000000000003 941.50000000000011 25.332950000000004 3
decision_type=5 2 2 5 5 2 2 2 2 2 2 2 2 2 2 2 2 2 5
left_child=2 3 5 4 10 6 -1 17 12 13 18 -12 16 -10 15 -6 -5 -7 -2
right_child=1 -3 -4 8 14 7 -8 -9 9 -11 11 -13 -14 -15 -16 -17 -18 -19 -20
leaf_value=0.13570578922281223 0.003702792693935602 0.16858188587503109 0.23322820136534975 0.031982986781522768 -0.078964760067012904 0.00037990071015712139 0 0.10642010336246963 -0.021023514896203681 -0.069570774781126971 0.11973806237656547 -0.0031578217391573758 0.082750125442534031 0.057267896188878634 -0 -0 -0.033942540019884213 -0.048302123874773277 -0.02389739375169881
leaf_count=208 103 34 53 114 1496 98 75 41 101 126 63 66 142 87 61 86 61 54 131
internal_value=0 -0.265763 0.767145 -0.362537 -0.483977 0.687925 0.981793 0.122872 0.0821641 -0.17995 0.0217032 0.490513 0.435216 0.0912326 -0.61185 -0.720223 0 -0.10729 -0.195889
internal_count=3200 2671 529 2637 2006 476 283 193 631 314 363 129 317 188 1643 1582 175 152 234
cat_boundaries=0 10 12 21 29
cat_threshold=536887364 1073750404 536945156 1107296256 8405120 131072 65664 67108864 0 1048832 2219382789 813813184 2131616 212992 0 268435456 6291456 0 8 268435456 32 1536 16384 0 0 2097152 0 0 268435456
shrinkage=0.104284


Tree=5
num_leaves=25
num_cat=6
split_feature=1 16 21 7 17 18 1 12 18 0 15 18 13 0 21 17 16 18 4 16 7 1 7 0
split_gain=31.9274 11.9311 6.77566 6.46601 8.16355 5.60186 3.85686 3.45497 3.32204 4.89707 3.33517 3.11707 2.07446 1.76068 1.74077 1.56314 2.98263 1.45996 1.27071 1.15404 0.913507 0.235111 0.163988 0.693772
threshold=0 122692.50000000001 25.000000000000004 1 2296.7500000000005 104.50000000000001 2 22.750000000000004 3679.0000000000005 7.7500000000000009 370.75000000000006 12.250000000000002 16.750000000000004 9.2500000000000018 42622.000000000007 780.25000000000011 3324.2500000000005 1.7500000000000002 5444.5000000000009 43495.750000000007 3 4 5 9.2500000000000018
decision_type=5 2 2 1 2 2 5 2 2 2 2 2 2 2 2 2 2 2 2 2 1 5 1 2
left_child=5 2 6 7 17 11 15 12 9 10 18 22 14 19 -4 21 -17 -5 20 -8 -7 -2 -1 -24
right_child=1 -3 3 4 -6 8 13 -9 -10 -11 -12 -13 -14 -15 -16 16 -18 -19 -20 -21 -22 -23 23 -25
leaf_value=0.0073563831677381283 -0.020839560144281857 0.14653588763229103 -0 0.020332014821003861 0.14841326253178219 0.073735784858740355 -0.085028253405825927 -0.067145962410828777 0.0060369771917340824 0.027769116000760475 0.29362141235145117 -0.037322436868054559 0.048516767556242089 -0 -0.071168246596272411 0.1091655576999858 -0 -0.058739322999081529 0.16083361403644561 -0 -0 0 0.02051313464804953 0.10866759436661803
leaf_count=84 101 26 308 96 91 35 1097 282 42 65 27 55 109 92 84 47 78 66 50 59 40 122 89 55
internal_value=0 -0.250625 -0.329355 -0.0256057 0.542572 0.661882 -0.5238 -0.252959 1.15668 1.33475 1.66992 0.317775 -0 -0.609642 -0.183925 0 0.374959 -0.0195884 1.07186 -0.773205 0.39095 -0.178342 0.523519 0.639571
internal_count=3200 2658 2632 1036 253 542 1596 783 259 217 152 283 501 1248 392 348 125 162 125 1156 75 223 228 144
cat_boundaries=0 10 11 20 21 23 24
cat_threshold=538968132 1073750400 604054148 1107296256 12599424 0 65664 67108992 0 1048832 1 50208 213012 0 268435456 2097152 0 8 268435456 32 1 49184 196608 2
shrinkage=0.104284


Tree=6
num_leaves=22
num_cat=3
split_feature=1 6 14 1 18 12 9 12 6 18 5 0 18 0 6 16 19 0 9 18 7
split_gain=27.1064 10.1733 5.66239 5.31924 4.03667 3.3692 2.99933 2.59444 1.94019 5.83913 2.64806 1.72805 2.06975 0.990292 0.529434 0.469076 0.629944 0.318326 0.129682 0.11572 0.0233645
threshold=0 576519.00000000012 12.250000000000002 1 104.50000000000001 6.2500000000000009 3.2500000000000004 150.25000000000003 558.25000000000011 701.50000000000011 55756.000000000007 10.750000000000002 3645.2500000000005 10.750000000000002 9667.0000000000018 43495.750000000007 800.50000000000011 4.7500000000000009 9.2500000000000018 1543.7500000000002 2
decision_type=5 2 2 5 2 2 2 2 2 2 2 2 2 2 2 2 2 2 2 2 1
left_child=4 2 3 8 5 13 15 11 17 14 -11 12 -6 -1 -10 16 -5 20 -8 -9 -2
right_child=1 -3 -4 6 7 -7 18 19 9 10 -12 -13 -14 -15 -16 -17 -18 -19 -20 -21 -22
leaf_value=0.069510151220386729 0 0.11053838208796447 0.06768274921439886 -0.066076254711326665 0.17832039770703351 -0.040481277997730415 0.0098817675847426307 0 0.017347627243585899 -0.062999690807002975 0.032685660346616428 0.02233803131123455 0.019822645839542845 0 0.14136790376716254 -0.001101507252034911 -0 -0.039517161647184988 -0.013121396511211025 0.046376595273024526 -0.0060567848473566145
leaf_count=160 72 33 70 1648 99 58 125 49 61 96 63 41 29 63 47 85 78 98 75 33 117
internal_value=0 -0.231875 -0.315122 -0.364385 0.605454 0.304337 -0.466163 1.03199 0.0276934 0.295399 -0.123658 1.27653 1.47299 0.522607 0.990462 -0.586764 -0.611222 -0.180332 0 0.300342 -0
internal_count=3200 2668 2635 2565 532 281 2011 251 554 267 159 169 128 223 108 1811 1726 287 200 82 189
cat_boundaries=0 10 19 20
cat_threshold=538968256 1073750400 604054148 1107296256 8405120 131072 65668 67108864 0 1048832 50724 475156 8388608 268435456 6291480 0 8 268451968 32 1
shrinkage=0.104284


Tree=7
num_leaves=20
num_cat=5
split_feature=1 5 10 1 21 3 20 18 21 5 18 5 15 0 0 1 0 7 10
split_gain=22.483 9.58524 13.9269 5.69451 6.01663 3.63141 2.96437 3.88188 3.00755 2.70771 5.35575 2.17496 1.58205 1.52204 3.04164 0.821256 1.41267 0.0929297 0.0045743
threshold=0 113580.00000000001 42.877300000000012 1 25.000000000000004 43.000000000000007 2 921.25000000000011 19354.750000000004 2255.5000000000005 701.50000000000011 39340.000000000007 135.25000000000003 13.750000000000002 19.750000000000004 3 7.7500000000000009 4 60.704950000000004
decision_type=5 2 2 5 2 2 5 2 2 2 2 2 2 2 2 5 2 1 2
left_child=13 3 -3 9 18 -4 12 8 -8 15 -11 -12 -6 -1 -15 -2 17 -17 -5
right_child=1 2 5 4 6 -7 7 -9 -10 10 11 -13 -14 14 -16 16 -18 -19 -20
leaf_value=0.091537380957770642 0.010895998176695678 0.18154633206270909 -0.059386867758166512 -0.076649644360675395 -0.067707487458588594 0.056295577209334098 0 -0.042236063981972084 0.098066969405021479 0.13040006981165739 -0.051637823438903545 0.050969209849374524 0 -0.039251236374689136 0.07601185081373453 -0.0039442869870980795 0.0065466870198779125 -0.061298707260007981 -0.0022345032557696729
leaf_count=323 103 45 131 1099 351 37 145 105 127 65 80 43 71 37 54 95 75 144 70
internal_value=0 -0.1905 0.49885 -0.309934 -0.422488 -0.111752 -0.125624 0.12879 0.507905 0.0609029 0.468999 -0 -0.328561 0.605145 0.140931 -0.0996659 -0.179747 -0.459444 -0.712345
internal_count=3200 2786 213 2573 1968 168 799 377 272 605 188 123 422 414 91 417 314 239 1169
cat_boundaries=0 10 19 21 29 30
cat_threshold=536887360 1073750400 604045312 1107296256 16512 0 65664 67108864 0 1048832 34464 409624 8397456 268435456 6291472 131072 8 268451968 32 67178501 813761664 1536 0 128 0 2097168 0 0 268435456 1
shrinkage=0.104284


Tree=8
num_leaves=17
num_cat=2
split_feature=4 20 0 15 2 10 0 6 4 18 0 18 15 18 16 17
split_gain=8.71256 7.63813 4.15231 3.95248 3.40059 3.41703 3.21374 3.51534 2.80913 3.86086 2.19733 2.24314 1.583 1.4178 0.99028 0.292148
threshold=132478.00000000003 0 18.250000000000004 4.7500000000000009 1 34.998900000000006 1.7500000000000002 2648.5000000000005 2554.0000000000005 921.25000000000011 13.750000000000002 104.50000000000001 43.000000000000007 10259.500000000002 2919.2500000000005 18781.750000000004
decision_type=2 5 2 2 5 2 2 2 2 2 2 2 2 2 2 2
left_child=1 10 4 -4 14 6 7 -6 12 -10 11 -1 -7 -2 -3 -16
right_child=13 2 3 -5 5 8 -8 -9 9 -11 -12 -13 -14 -15 15 -17
leaf_value=0.013133151017504225 0.13324109267826137 0.061872237262266441 -0 0.13328072787442072 -0.0043663803640998098 -0.085284401259142481 -0.049502476714674414 0.080650963874471335 0.026870693535104413 -0.0444735333925423 -0 0.11032032807050965 -0 0.0051717920472571961 -0.014863695322556277 0.024149518270124799
leaf_count=103 33 103 70 37 900 504 324 74 190 488 48 105 73 35 67 46
internal_value=0 -0.0444724 -0.140242 0.550312 -0.196128 -0.242664 -0.0739602 0.0403326 -0.439071 -0.207288 0.399218 0.73431 -0.721906 0.95026 0.193484 0
internal_count=3200 3132 2876 107 2769 2553 1298 974 1255 678 256 208 577 68 216 113
cat_boundaries=0 2 5
cat_threshold=17973256 135682 1354766336 1073873440 9216
shrinkage=0.104284


Tree=9
num_leaves=25
num_cat=2
split_feature=1 5 21 8 5 1 12 0 8 0 5 21 16 21 4 12 8 18 16 16 5 4 16 15
split_gain=16.7875 8.60464 4.51976 5.9935 3.71426 3.53256 2.78066 3.53801 2.59223 2.36729 2.04957 1.99718 1.90486 1.90338 1.85039 1.743 1.21094 1.15527 0.818329 3.5871 0.672262 0.518871 0.407018 0.330479
threshold=0 264750.50000000006 25.000000000000004 84.250000000000014 40848.250000000007 1 39.250000000000007 1.7500000000000002 448.75000000000006 9.2500000000000018 5700.2500000000009 9262.7500000000018 28054.000000000004 1441.0000000000002 25779.250000000004 27.250000000000004 1.7500000000000002 235.00000000000003 3302.5000000000005 510.25000000000006 1627.0000000000002 33.250000000000007 5925.2500000000009 778.75000000000011
decision_type=5 2 2 2 2 5 2 2 2 2 2 2 2 2 2 2 2 2 2 2 2 2 2 2
left_child=4 2 5 11 6 18 7 20 -5 -9 17 13 15 -4 -6 -10 -7 -8 19 21 -1 -2 -12 -16
right_child=1 -3 3 8 14 16 10 9 12 -11 22 -13 -14 -15 23 -17 -18 -19 -20 -21 -22 -23 -24 -25
leaf_value=0.049100165556620196 0 0.12076644288019389 0.055290883421329394 -0.070308275322876965 0.008505260307403166 -0.075582531629231328 -0 -0.049379428295171321 0 0.04146586566836457 -0.066557865589466358 0.116020316444847 0.056214050887889409 -0.024969206383776206 0.19246689107394979 -0.063507063685106974 -0 0.068893947568166469 -0.03035035851136501 0.095970231812556511 0.13781049374753088 -0.038628427191842458 -0 0.040330863274134113
leaf_count=142 225 20 126 242 30 1116 49 65 274 94 36 72 46 91 25 126 83 35 99 56 37 56 31 24
internal_value=0 -0.196587 -0.27101 -0.00449335 0.44409 -0.435216 0.347175 0.524032 -0.254768 0 -0 0.525524 -0.020256 0.120941 1.11897 -0.182612 -0.546923 0.321624 0 0.123497 0.813414 -0.0604138 -0.42302 1.4337
internal_count=3200 2632 2612 977 568 1635 489 338 688 159 151 289 446 217 79 400 1199 84 436 337 179 281 67 49
cat_boundaries=0 10 19
cat_threshold=538968644 1073750404 74244 1107296256 12599432 131072 65664 67108864 0 1048832 50208 475152 67108992 268435456 2097152 0 8 269484160 32
shrinkage=0.104284


Tree=10
num_leaves=21
num_cat=3
split_feature=1 5 20 6 6 11 5 12 4 3 1 18 18 11 0 0 18 10 12 6
split_gain=13.9589 6.61437 6.80563 3.88936 3.17928 3.35935 2.58374 3.47244 2.55485 2.43586 4.43427 3.57505 6.71971 2.95176 1.82586 1.72336 1.42495 1.06734 0.995453 0.286954
threshold=0 268776.50000000006 1 56427.250000000007 1.7500000000000002 39.250000000000007 83866.750000000015 46.750000000000007 6556.7500000000009 150.25000000000003 2 571.00000000000011 22.750000000000004 33.250000000000007 4.7500000000000009 1.7500000000000002 5588.5000000000009 56.157600000000009 364.00000000000006 14834.500000000002
decision_type=5 2 5 2 2 2 2 2 2 2 5 2 2 2 2 2 2 2 2 2
left_child=3 2 9 4 14 8 7 15 -6 10 11 12 -2 -11 -1 19 17 -5 -12 -4
right_child=1 -3 6 16 5 -7 -8 -9 -10 13 18 -13 -14 -15 -16 -17 -18 -19 -20 -21
leaf_value=0.078422014901663173 -0.0056827806022207283 0.099898103643406996 0.013447779285824159 0.14520066216486399 -0.062975002391839868 0.073429791625736082 0.081856103143981673 -0.056047706961522628 0.018037002140590893 -0.041786293002136328 -0.079323082705917758 -0.057348944390606817 0.12975735025017029 0.069523849067374327 0 0.076700616152906451 0.0031726601291932966 0.013570077786006083 -0 -0.014139648698852415
leaf_count=150 277 21 232 60 120 36 66 155 37 89 1305 122 73 66 97 87 32 23 87 65
internal_value=0 -0.177293 -0.246026 0.407992 0.266062 -0.00326102 0.133733 0.00450962 -0.290553 -0.376186 -0.48318 0 0.276743 0 0.535363 0.250222 0.961604 1.15479 -0.59898 0.00607101
internal_count=3200 2645 2624 555 440 193 605 539 157 2019 1864 472 350 155 247 384 115 83 1392 297
cat_boundaries=0 10 13 22
cat_threshold=538968644 1073750404 73860 1375731712 4210816 131072 65664 67108864 0 1048832 2215184645 815893952 128 1082536 278536 528 0 2097152 0 0 268435456 32
shrinkage=0.104284


Tree=11
num_leaves=27
num_cat=3
split_feature=1 20 15 17 15 16 17 0 0 18 16 16 12 18 13 12 12 1 18 3 0 18 18 13 8 0
split_gain=12.1758 5.97747 5.0717 4.80589 6.20216 4.87319 3.3264 2.99586 2.90628 2.54282 2.18183 1.81541 4.64552 4.24649 2.78039 1.0427 0.996678 1.50595 1.0408 0.76877 0.734862 0.446761 0.403973 0.213266 0.15261 0.0952875
threshold=0 1 370.75000000000006 4880.5000000000009 190.75000000000003 94512.250000000015 4451.5000000000009 16.750000000000004 1.7500000000000002 2056.0000000000005 6836.5000000000009 18608.500000000004 16.750000000000004 4535.5000000000009 47.500000000000007 78.250000000000014 304.00000000000006 2 40.000000000000007 50.500000000000007 1.7500000000000002 2201.5000000000005 104.50000000000001 120.25000000000001 36.250000000000007 16.750000000000004
decision_type=5 5 2 2 2 2 2 2 2 2 2 2 2 2 2 2 2 5 2 2 2 2 2 2 2 2
left_child=2 3 6 7 9 -6 8 16 15 -5 -8 12 14 -13 20 22 17 18 -2 -14 24 -12 -1 25 -3 -10
right_child=1 11 -4 4 5 -7 10 -9 23 -11 21 13 19 -15 -16 -17 -18 -19 -20 -21 -22 -23 -24 -25 -26 -27
leaf_value=0.046842245007191523 0.029336745197107269 -0.015808853168327541 0.12448707122459778 0.10232415439032087 -0.07141378039904743 0.051620374019740185 -0.073205098116170639 0.020703832560414966 -0.012028597490119296 -0 -0 0.12451102463503096 -0.077139320053033797 -0.0011056497619313418 0.11133462741313986 0 -0 -0.066947638923840855 -0.032875305059007584 -0 0.046143815444784769 0.037864483860050091 0.12896316513850806 0.020844414440489976 0.0015471385188564853 0
leaf_count=133 171 122 56 138 277 20 47 64 96 60 25 46 122 46 55 38 76 1143 58 69 58 27 37 56 121 39
internal_value=0 -0.165587 0.379852 -0.313549 0 -0.367496 0.274765 -0.517207 0.43571 0.637312 -0.154698 0.142443 0.0165783 0.59114 0.325593 0.683323 -0.581573 -0.615268 0.00654085 -0.527682 0.0547469 0.104516 0.785832 0.00432811 -0 -0.00482904
internal_count=3200 2646 554 2007 495 297 498 1512 399 198 99 639 547 92 356 208 1448 1372 229 191 301 52 170 191 243 135
cat_boundaries=0 10 13 21
cat_threshold=538968768 1073873284 536945152 1107296256 12599424 0 65672 67108864 32 1048832 2219378949 815828416 128 1049612 8 16 0 2097152 131072 0 268435456
shrinkage=0.104284


Tree=12
num_leaves=26
num_cat=2
split_feature=2 10 10 4 18 5 7 10 5 5 17 21 21 21 18 21 3 3 21 17 5 11 12 21 16
split_gain=5.53216 6.1492 6.73307 4.76248 5.85873 5.98775 4.32352 2.94464 3.53895 2.63593 2.73578 2.36167 1.90394 2.38363 1.76844 1.68629 1.42772 1.2919 1.08641 1.05601 1.99241 0.638668 0.614106 0.130726 0.0305392
threshold=0 54.403800000000011 51.296500000000002 250.75000000000003 701.50000000000011 77962.000000000015 1 37.428150000000009 42301.000000000007 4778.5000000000009 235.75000000000003 424.75000000000006 25.000000000000004 941.50000000000011 9054.2500000000018 14005.750000000002 1.7500000000000002 57.250000000000007 42622.000000000007 11043.250000000002 77053.000000000015 39.250000000000007 51.250000000000007 4838.5000000000009 733.75000000000011
decision_type=5 2 2 2 2 2 1 2 2 2 2 2 2 2 2 2 2 2 2 2 2 2 2 2 2
left_child=7 2 3 22 6 17 -5 8 12 -9 -11 -3 24 -14 -7 23 19 -6 -17 -12 -21 -18 -2 -15 -1
right_child=1 11 -4 4 5 14 -8 9 -10 10 16 -13 13 15 -16 18 21 -19 -20 20 -22 -23 -24 -25 -26
leaf_value=-0.023044263162946974 -0 -0.071496432322114126 0.14880726019114462 0.20060269180167126 -0.068088388284919504 0.091339910142878664 0.0048201655529944857 -0.070154008468127249 0.092249501089662359 0.064079207626436707 -0.035110134923563685 0.011123130080327791 0.053461673426419158 -0 0 0.045344479351968538 -0.067159414288597924 0 -0.0028281302304175556 0.064705646417478432 -0.018946117769870107 -0 -0.065007219999965157 -0.064157362620899133 -0
leaf_count=827 59 115 95 57 112 68 56 367 42 45 99 62 140 84 57 131 148 56 152 78 70 54 94 80 52
internal_value=0 0.260371 0.498213 0.266327 0.46681 0.123503 1.2305 -0.107968 0 -0.32608 -0.093068 -0.3058 -0.0483244 0.113204 0.627507 -0.0367661 -0.24177 -0.3977 0.112113 -0 0.196693 -0.501531 -0.391319 -0.437116 -0.210108
internal_count=3200 831 654 559 406 293 113 2369 1508 861 494 177 1466 587 125 447 449 168 283 247 148 202 153 164 879
cat_boundaries=0 3 4
cat_threshold=805580069 33554688 8192 2
shrinkage=0.104284


Tree=13
num_leaves=26
num_cat=4
split_feature=1 21 7 17 15 17 1 17 18 7 18 5 3 10 13 4 19 21 21 10 10 10 21 14 21
split_gain=10.4583 5.26495 3.52131 4.26533 2.64965 2.51291 2.19077 2.18234 4.29234 1.87196 1.86811 1.85215 1.75376 1.49754 2.86619 2.47325 1.75041 1.12531 2.90811 1.02832 3.20156 0.706501 0.64177 1.39136 0.129156
threshold=0 847.00000000000011 1 1475.5000000000002 55.000000000000007 3447.2500000000005 2 780.25000000000011 619.75000000000011 3 5386.0000000000009 77962.000000000015 22.000000000000004 35.032850000000003 10.000000000000002 12719.500000000002 32.500000000000007 43208.500000000007 19354.750000000004 49.537600000000005 35.795200000000008 45.66040000000001 25.000000000000004 9.2500000000000018 80202.250000000015
decision_type=5 2 1 2 2 2 5 2 2 1 2 2 2 2 2 2 2 2 2 2 2 2 2 2 2
left_child=4 6 13 24 5 9 7 -2 -9 21 -6 -10 -5 14 17 16 -15 18 -3 20 -11 -1 23 -8 -4
right_child=1 2 3 12 10 -7 22 8 11 19 -12 -13 -14 15 -16 -17 -18 -19 -20 -21 -22 -23 -24 -25 -26
leaf_value=0.01614283622012978 -0.02597492011537134 -0.033133158178586024 -0.017783013217497558 0.0034894289536146019 0.098677311359087597 -0.033410149026448371 -0.066373952781596537 0.12709321229753875 -0.060815479294296856 0.054939079000973667 0 0.036636843485713638 0.14205926908548683 -0.029790913015243042 0.089282978680956762 -0.075619840262388188 0.055918861250261222 -0.058240582151083568 0.072968623208460162 0.11520491073586377 -0.040496508003404194 -0.037031508333903014 -5.379413395635885e-05 0 0
leaf_count=114 234 127 84 45 103 49 1181 31 58 170 37 39 45 157 37 137 58 64 84 31 42 43 122 54 54
internal_value=0 -0.159648 0.0707612 0.48333 0.343566 0.214116 -0.356527 0 0.377213 0.334674 0.77538 -0 0.96007 -0.092786 0.0826276 -0.315099 0 -0.081216 0.0132887 0.506347 0.297778 -0 -0.436053 -0.5808 -0
internal_count=3200 2611 892 228 589 449 1719 362 128 400 140 97 90 664 312 352 215 275 211 243 212 157 1357 1235 138
cat_boundaries=0 10 11 19 20
cat_threshold=538968768 1073881476 67175044 1375731712 12583040 0 65676 67108864 32 256 1 50212 344064 536879104 0 2097152 0 0 128 2
shrinkage=0.104284


Tree=14
num_leaves=21
num_cat=2
split_feature=1 16 18 1 4 21 8 10 6 15 9 15 16 16 16 12 5 16 10 21
split_gain=9.53804 5.23039 8.50187 6.02783 4.26172 3.08156 3.392 3.19994 2.9177 1.54836 1.38531 1.36115 3.3204 1.00144 2.59645 2.75522 0.950164 0.768893 0.288413 0.0950643
threshold=0 18433.000000000004 4249.0000000000009 1 101587.00000000001 25.000000000000004 97.750000000000014 40.026150000000008 110584.00000000001 4.7500000000000009 3.2500000000000004 16.750000000000004 510.25000000000006 6836.5000000000009 1488.2500000000002 76.750000000000014 127291.50000000001 1922.5000000000002 46.93330000000001 38638.750000000007
decision_type=5 2 2 5 2 2 2 2 2 2 2 2 2 2 2 2 2 2 2 2
left_child=19 3 16 8 -4 11 7 -7 13 10 -8 12 18 14 15 -2 -3 -13 -5 -1
right_child=1 2 4 5 -6 6 9 -9 -10 -11 -12 17 -14 -15 -16 -17 -18 -19 -20 -21
leaf_value=-0.080767751431549517 0.043801123715171496 0.047056598446385191 -0.068617212515863307 -0.040932302242352975 0.0468007092659877 0.092574714870326744 -0.070033860951232429 -0.0078970103558438226 -0.042867549854525913 0.012552433594877038 0 -0 0.051996859786674669 -0 0.11059990583701562 -0.023290571673337233 0.14508498255254471 -0.088557074035562539 -0 -0.012221894259127243
leaf_count=531 389 102 112 595 50 136 151 70 31 112 102 94 80 37 56 87 51 209 99 106
internal_value=0 0.116714 0.521978 0.0218077 -0.0462582 -0.15855 0.0484327 0.516446 0.266053 -0.18195 -0.409064 -0.361999 -0.178376 0.398679 0.443732 0.282995 1.01202 -0.673766 -0.350514 -0.480665
internal_count=3200 2563 315 2248 162 1648 571 206 600 365 253 1077 774 569 532 476 153 303 694 637
cat_boundaries=0 9 19
cat_threshold=9703448 536871970 135004272 536920136 1024 32800 133200 2 1 536904384 287108 8462976 1342177280 2097280 0 65544 67108864 32 256
shrinkage=0.104284


Tree=15
num_leaves=23
num_cat=5
split_feature=1 6 2 3 20 12 1 21 21 18 4 11 15 4 4 18 18 11 18 7 3 21
split_gain=7.62085 4.26331 3.25806 3.77882 3.7264 4.629 3.26777 2.84631 2.65224 2.2573 2.08648 2.00204 2.32263 1.97117 3.66162 0.694036 0.605056 0.545209 0.534326 0.520341 0.492995 0.000966552
threshold=0 350007.50000000006 1 151.75000000000003 2 3.2500000000000004 3 14005.750000000002 38638.750000000007 3903.2500000000005 26239.750000000004 42.250000000000007 301.00000000000006 25.750000000000004 5597.5000000000009 1342.0000000000002 721.75000000000011 39.250000000000007 12.250000000000002 4 16.750000000000004 40.000000000000007
decision_type=5 2 5 2 5 2 5 2 2 2 2 2 2 2 2 2 2 2 2 1 2 2
left_child=11 2 3 17 6 7 13 21 -9 -3 -7 12 15 19 -15 16 18 -2 -1 -4 -11 -6
right_child=1 9 4 -5 5 10 -8 8 -10 20 -12 -13 -14 14 -16 -17 -18 -19 -20 -21 -22 -23
leaf_value=0.038910554395937401 -0.023514289666084997 0.083289201205213409 -0.043741923035340566 0.12082339585418229 0 -0.060721962018267919 -0.053468414704226981 0.14579203487838518 0.0084182541559821075 0.019930815081059938 0.014338403512274681 -0.0065373726964497187 0.13550247732081055 0.10237791107260961 -0.0078811717687882633 0 0.096851619517800538 0.024476852846182704 0 0 -0.025570596570365926 -0.0016644950498308807
leaf_count=161 120 42 110 31 106 236 1515 51 104 69 55 29 20 69 67 44 22 67 75 108 34 65
internal_value=0 -0.114275 -0.197166 0.19267 -0.248472 0.0457406 -0.370813 0.438898 0.791349 0.34957 -0.335348 0.349336 0.521136 0.00792834 0.377117 0.359837 0.425255 -0 0.273293 -0.217733 0 -0
internal_count=3200 2849 2704 218 2486 617 1869 326 155 145 291 351 322 354 136 302 258 187 236 218 103 171
cat_boundaries=0 10 13 15 25 26
cat_threshold=536870976 1073873280 65540 1073741824 128 0 65664 67108864 0 256 12589072 544 1024 2214664273 813768128 676 16392 536879632 536870912 6291456 131072 8 268435456 32 1048576 2
shrinkage=0.104284


end of trees

feature importances:
n_table_1.n_20=38
c_02=28
n_1=26
n_table_3.n_3=26
n_table_1.n_2=22
n_table_1.n_16=22
n_table_1.n_18=19
n_table_1.n_15=18
n_table_1.n_7=16
n_table_1.n_12=15
n_table_1.n_19=14
n_table_1.n_8=12
n_table_1.n_17=12
c_table_2.c_1=10
n_table_1.n_9=9
c_table_2.c_4=8
n_table_2.n_14=6
c_table_1.c_4=5
n_table_2.n_13=5
n_table_1.n_3=5
n_table_1.n_26=5
n_table_1.n_10=4

parameters:
[boosting: gbdt]
[objective: binary]
[metric: auc]
[tree_learner: serial]
[device_type: cpu]
[data: ]
[valid: ]
[num_iterations: 100]
[learning_rate: 0.104284]
[num_leaves: 77]
[num_threads: 4]
[max_depth: 7]
[min_data_in_leaf: 20]
[min_sum_hessian_in_leaf: 2.85758]
[bagging_fraction: 0.8]
[bagging_freq: 100]
[bagging_seed: 3]
[feature_fraction: 0.8]
[feature_fraction_seed: 2]
[early_stopping_round: 0]
[max_delta_step: 0]
[lambda_l1: 0.955576]
[lambda_l2: 0.923962]
[min_gain_to_split: 0]
[drop_rate: 0.1]
[max_drop: 50]
[skip_drop: 0.5]
[xgboost_dart_mode: 0]
[uniform_drop: 0]
[drop_seed: 4]
[top_rate: 0.2]
[other_rate: 0.1]
[min_data_per_group: 100]
[max_cat_threshold: 32]
[cat_l2: 10]
[cat_smooth: 10]
[max_cat_to_onehot: 4]
[top_k: 20]
[monotone_constraints: ]
[feature_contri: ]
[forcedsplits_filename: ]
[refit_decay_rate: 0.9]
[verbosity: -1]
[max_bin: 255]
[min_data_in_bin: 3]
[bin_construct_sample_cnt: 200000]
[histogram_pool_size: -1]
[data_random_seed: 1]
[output_model: LightGBM_model.txt]
[snapshot_freq: -1]
[input_model: ]
[output_result: LightGBM_predict_result.txt]
[initscore_filename: ]
[valid_data_initscores: ]
[pre_partition: 0]
[enable_bundle: 1]
[max_conflict_rate: 0]
[is_enable_sparse: 1]
[sparse_threshold: 0.8]
[use_missing: 1]
[zero_as_missing: 0]
[two_round: 0]
[save_binary: 0]
[enable_load_from_binary_file: 1]
[header: 0]
[label_column: ]
[weight_column: ]
[group_column: ]
[ignore_column: ]
[categorical_feature: ]
[predict_raw_score: 0]
[predict_leaf_index: 0]
[predict_contrib: 0]
[num_iteration_predict: -1]
[pred_early_stop: 0]
[pred_early_stop_freq: 10]
[pred_early_stop_margin: 10]
[convert_model_language: ]
[convert_model: gbdt_prediction.cpp]
[num_class: 1]
[is_unbalance: 0]
[scale_pos_weight: 1]
[sigmoid: 1]
[boost_from_average: 1]
[reg_sqrt: 0]
[alpha: 0.9]
[fair_c: 1]
[poisson_max_delta_step: 0.7]
[tweedie_variance_power: 1.5]
[max_position: 20]
[label_gain: ]
[metric_freq: 1]
[is_provide_training_metric: 0]
[eval_at: ]
[num_machines: 1]
[local_listen_port: 12400]
[time_out: 120]
[machine_list_filename: ]
[machines: ]
[gpu_platform_id: -1]
[gpu_device_id: -1]
[gpu_use_dp: 0]

end of parameters

pandas_categorical:[[0, 1, 2, 3, 4, 5, 6, 7, 8, 9, 10, 11, 12, 13, 14, 15, 16, 17, 18, 19, 20, 21, 22, 23, 24, 25, 26, 27, 28, 29, 30, 31, 32, 33, 34, 35, 36, 37, 38, 39, 40, 41, 42, 43, 44, 45, 46, 47, 48, 49, 50, 51, 52, 53, 54, 55, 56, 57, 58, 59, 60, 61, 62, 63, 64, 65, 66, 67, 68, 69, 70, 71, 72, 73, 74, 75, 76, 77, 78, 79, 80, 81, 82, 83, 84, 85, 86, 87, 88, 89, 90, 91, 92, 93, 94, 95, 96, 97, 98, 99, 100, 101, 102, 103, 104, 105, 106, 107, 108, 109, 110, 111, 112, 113, 114, 115, 116, 117, 118, 119, 120, 121, 122, 123, 124, 125, 126, 127, 128, 129, 130, 131, 132, 133, 134, 135, 136, 137, 138, 139, 140, 141, 142, 143, 144, 145, 146, 147, 148, 149, 150, 151, 152, 153, 154, 155, 156, 157, 158, 159, 160, 161, 162, 163, 164, 165, 166, 167, 168, 169, 170, 171, 172, 173, 174, 175, 176, 177, 178, 179, 180, 181, 182, 183, 184, 185, 186, 187, 188, 189, 190, 191, 192, 193, 194, 195, 196, 197, 198, 199, 200, 201, 202, 203, 204, 205, 206, 207, 208, 209, 210, 211, 212, 213, 214, 215, 216, 217, 218, 219, 220, 221, 222, 223, 224, 225, 226, 227, 228, 229, 230, 231, 232, 233, 234, 235, 236, 237, 238, 239, 240, 241, 242, 243, 244, 245, 246, 247, 248, 249, 250, 251, 252, 253, 254, 255, 256, 257, 258, 259, 260, 261, 262, 263, 264, 265, 266, 267, 268, 269, 270, 271, 272, 273, 274, 275, 276, 277, 278, 279, 280, 281, 282, 283, 284, 285, 286, 287, 288, 289, 290, 291, 292, 293, 294, 295, 296, 297, 298, 299, 300, 301, 302, 303, 304, 305, 306, 307, 308, 309, 310, 311, 312, 313, 314, 315, 316, 317, 318, 319, 320, 321, 322, 323, 324, 325, 326, 327, 328, 329, 330, 331, 332, 333, 334, 335, 336, 337, 338, 339, 340, 341, 342, 343, 344, 345, 346, 347, 348, 349, 350, 351, 352, 353, 354, 355, 356, 357, 358, 359, 360, 361, 362, 363, 364, 365, 366, 367, 368, 369, 370, 371, 372, 373, 374, 375, 376, 377, 378, 379, 380, 381, 382, 383, 384, 385, 386, 387, 388, 389, 390, 391, 392, 393, 394, 395, 396, 397, 398, 399, 400, 401, 402, 403, 404, 405, 406, 407, 408, 409, 410, 411, 412, 413, 414, 415, 416, 417, 418, 419, 420, 421, 422, 423, 424, 425, 426, 427, 428, 429, 430, 431, 432, 433, 434, 435, 436, 437, 438, 439, 440, 441, 442, 443, 444, 445, 446, 447, 448, 449, 450, 451, 452, 453, 454, 455, 456, 457, 458, 459, 460, 461, 462, 463, 464, 465, 466, 467, 468, 469, 470, 471, 472, 473, 474, 475, 476, 477, 478, 479, 480, 481, 482, 483, 484, 485, 486, 487, 488, 489, 490, 491, 492, 493, 494, 495, 496, 497, 498, 499, 500, 501, 502, 503, 504, 505, 506, 507, 508, 509, 510, 511, 512, 513, 514, 515, 516, 517, 518, 519, 520, 521, 522, 523, 524, 525, 526, 527, 528, 529, 530, 531, 532, 533, 534, 535, 536, 537, 538, 539, 540, 541, 542, 543, 544, 545, 546, 547, 548, 549, 550, 551, 552, 553, 554, 555, 556, 557, 558], [0, 1, 2, 3, 4, 5, 6, 7, 8, 9, 10, 11, 12, 13, 14, 15, 16, 17, 18, 19, 20, 21, 22, 23, 24, 25, 26, 27, 28, 29, 30, 31, 32, 33, 34, 35, 36, 37, 38, 39, 40, 41, 42, 43, 44, 45, 46, 47, 48, 49, 50, 51, 52, 53, 54, 55, 56, 57, 58, 59, 60, 61, 62, 63, 64, 65, 66, 67, 68, 69, 70, 71, 72, 73, 74, 75, 76, 77, 78, 79, 80, 81, 82, 83, 84, 85, 86, 87, 88, 89, 90, 91, 92, 93, 94, 95, 96, 97, 98, 99, 100, 101, 102, 103, 104, 105, 106, 107, 108, 109, 110, 111, 112, 113, 114, 115, 116, 117, 118, 119, 120, 121, 122, 123, 124, 125, 126, 127, 128, 129, 130, 131, 132, 133, 134, 135, 136, 137, 138, 139, 140, 141, 142, 143, 144, 145, 146, 147, 148, 149, 150, 151], [0, 1], [0, 1, 2, 3, 4, 5, 6, 7, 8, 9, 10, 11, 12, 13, 14, 15, 16, 17, 18, 19, 20, 21, 22, 23, 24, 25, 26, 27, 28, 29, 30, 31, 32, 33, 34, 35, 36, 37, 38, 39, 40, 41, 42, 43, 44, 45, 46, 47, 48, 49, 50, 51, 52, 53, 54, 55, 56, 57, 58, 59, 60, 61, 62, 63, 64, 65, 66, 67, 68, 69, 70, 71, 72, 73, 74, 75, 76, 77, 78, 79, 80, 81, 82, 83, 84, 85, 86, 87, 88, 89, 90, 91, 92, 93, 94, 95, 96, 97, 98, 99, 100, 101, 102, 103, 104, 105, 106, 107, 108, 109, 110, 111, 112, 113, 114, 115, 116, 117, 118, 119, 120, 121, 122, 123, 124, 125, 126, 127, 128, 129, 130, 131, 132, 133]]
