tree
version=v2
num_class=1
num_tree_per_iteration=1
label_index=0
max_feature_idx=21
objective=binary sigmoid:1
feature_names=n_1 c_02 c_table_1.c_4 n_table_1.n_8 n_table_1.n_15 n_table_1.n_18 n_table_1.n_19 c_table_2.c_1 n_table_2.n_13 n_table_2.n_14 n_table_1.n_2 n_table_1.n_3 n_table_1.n_7 n_table_1.n_9 n_table_1.n_10 n_table_1.n_12 n_table_1.n_16 n_table_1.n_17 n_table_1.n_20 n_table_1.n_26 c_table_2.c_4 n_table_3.n_3
feature_infos=[1:335.5] 40:3:68:15:50:10:80:6:35:91:9:5:12:20:165:46:2:48:69:34:83:58:62:87:115:73:77:225:252:45:126:132:149:61:66:111:209:102:196:36:37:39:208:29:124:135:203:121:22:42:71:82:99:108:156:194:14:33:49:70:93:110:118:195:296:308:4:26:28:238:261:55:86:90:150:175:177:199:231:250:18:21:67:125:138:23:131:134:141:161:205:220:228:230:244:285:7:17:38:43:59:122:139:142:166:170:179:198:222:256:345:57:227:248:8:98:100:112:130:144:151:178:188:189:190:269:305:323:11:75:92:116:146:164:186:213:214:268:312:349:377:1:44:63:101:123:154:176:206:212:216:232:251:273:275:354:13:54:65:74:79:84:95:114:120:133:145:153:162:173:181:187:192:211:243:262:277:318:324:334:361:366:368:0:31:104:109:148:169:202:204:239:283:293:295:310:322:380:393:399:19:32:53:94:106:127:140:158:167:172:207:229:234:240:246:264:284:289:291:292:297:306:309:338:350:359:374:386:407:52:72:81:103:107:113:117:180:182:233:236:237:247:255:257:266:267:271:274:282:286:288:301:304:315:336:375:400:418:478:498:24:25:27:30:60:78:105:119:136:137:143:147:163:168:171:174:185:191:217:218:221:224:226:235:249:254:260:263:272:279:280:281:300:302:320:332:337:340:347:351:356:376:378:383:387:392:394:397:414:420:424:430:433:438:442:453:457:462:467:476:479:481 4:0:10:12:2:11:7:5:45:51:35:8:18:23:33:40:77:30:37:38:41:57:29:28:16:74:62:49:13:21:48:104:6:69:22:26:39:54:19:27:72:87:95:3:31:55:56:106:15:17:60:61:96:103:92:25:66:67:78:80:81:93:94:109:113:117:122:1:24:44:46:47:53:59:65:83:84:99:112:121:133:14:20:36:63:70:82:97:102:116:136:32:34:42:52:58:64:71:75:85:90:98:107:111:115:124:129:130:131:132 [1:244588] [1:274774] [1:574087] [1:1285890] 1:0 [1:395101] [1:275.5] [-49.8874:81.708399999999997] [1:175] [1:38456.5] [1:1556770] [1:68.5] [1:8524] [1:249100] [1:448222] [1:19936] [1:121640] 20:0:2:33:16:38:10:8:24:31:6:53:18:21:44:48:26:35:55:12:39:40:14:43:61:42:60:17:22:11:29:9:3:4:37:19:41:67:47:46:49:25:71:98:27:69:57:73:1:30:52:100:59:62:63:77:106:45:56:87:92:103:7:15:32:58:80:82:94:34:65:66:68:74:75:79:84:97:107:112:13:51:54:64:70:76:85:91:95:109 [1:509664]
tree_sizes=592 696 755 815 650 777 656 613 609 729 584 596 716 595 621 697 650 646 581 736 778 604 603 587 600 679 681 622 479 539 585 650 525 608 704 592 655 722 718 759 889 797 652 826 712 706 776 731 705 658 660 630 689 609 658 680 725 653 693 786 714 569 784 673 650 593 624 536 698 652 605 708 643 655 715 645 570 795

Tree=0
num_leaves=6
num_cat=1
split_feature=6 20 10 5 18
split_gain=46.0901 36.7654 12.8467 7.08033 6.31637
threshold=346413.00000000006 0 51.137950000000011 31120.000000000004 104.50000000000001
decision_type=2 5 2 2 2
left_child=1 4 -2 -3 -1
right_child=2 3 -4 -5 -6
leaf_value=-2.6361987151774531 -2.1125929235308769 -2.8895571360014687 -2.6930445220178765 -2.7793886170552566 -2.2347886034107152
leaf_count=163 90 2942 109 585 111
internal_value=0 -0.109578 1.94925 -0.249646 1.02474
internal_count=4000 3801 199 3527 274
cat_boundaries=0 4
cat_threshold=34619392 65546 8 4
shrinkage=1


Tree=1
num_leaves=6
num_cat=3
split_feature=1 4 4 7 1
split_gain=88.3308 26.8946 24.272 8.95741 7.27334
threshold=0 1459.0000000000002 132478.00000000003 1 2
decision_type=5 2 2 1 5
left_child=1 3 4 -1 -2
right_child=2 -3 -4 -5 -6
leaf_value=0.24198567918528918 0.019630877526177436 0.50494117804263716 0.35691403543460076 -0 -0.11640987894262909
leaf_count=284 425 285 67 262 2677
internal_value=0 1.05992 -0.35477 0.607185 -0.452778
internal_count=4000 831 3169 546 3102
cat_boundaries=0 10 11 22
cat_threshold=539001440 1073766784 545333764 1107296256 82048 262144 65664 67125248 0 1048832 1 67125376 176293908 67108992 268435464 12582940 163842 8 268435584 32 0 33554432
shrinkage=0.224453


Tree=2
num_leaves=7
num_cat=2
split_feature=1 6 1 0 3 0
split_gain=50.6863 16.3306 6.62214 5.56421 8.09208 3.24468
threshold=0 522365.00000000006 1 4.7500000000000009 3.2500000000000004 18.250000000000004
decision_type=5 2 5 2 2 2
left_child=3 2 -2 4 -1 -5
right_child=1 -3 -4 5 -6 -7
leaf_value=0.31609955608403095 0 0.29499542252213212 -0.11008719272314146 0 0.040721528527161141 0.20952231024558302
leaf_count=380 721 47 2433 213 129 77
internal_value=0 -0.305677 -0.390342 0.718969 1.0993 0.317247
internal_count=4000 3201 3154 799 509 290
cat_boundaries=0 10 21
cat_threshold=539001056 1174423940 536936960 1107296272 8470660 0 65664 67125248 0 1048832 17924 143007768 75505792 268435464 6291480 425986 8 268435586 32 0 33554432
shrinkage=0.224453


Tree=3
num_leaves=8
num_cat=3
split_feature=1 4 2 20 16 17 11
split_gain=32.6026 11.3354 9.1027 8.23295 2.50492 1.9553 1.44561
threshold=0 23104.000000000004 1 2 18608.500000000004 3537.2500000000005 36.250000000000007
decision_type=5 2 5 5 2 2 2
left_child=1 5 6 -4 -3 -1 -2
right_child=2 4 3 -5 -6 -7 -8
leaf_value=0.1158622373832057 0.015809739218924836 0.11975855916591376 -0.10751848386656862 0.013175147929155095 0.49681662827603629 0 0.22338809048638134
leaf_count=487 124 54 2306 760 46 123 100
internal_value=0 0.563271 -0.254025 -0.338477 1.62122 0.402058 0.349753
internal_count=4000 710 3290 3066 100 610 224
cat_boundaries=0 10 14 16
cat_threshold=538968132 1140875648 536936964 1107296272 8470532 262146 65664 67125248 0 1048832 1086329024 524832 8389632 256 2219641681 813698240
shrinkage=0.224453


Tree=4
num_leaves=6
num_cat=2
split_feature=1 4 20 15 18
split_gain=21.9675 12.5463 7.11228 4.46483 3.03671
threshold=0 148260.00000000003 1 370.75000000000006 940.00000000000011
decision_type=5 2 5 2 2
left_child=3 2 -2 4 -1
right_child=1 -3 -4 -5 -6
leaf_value=0.10848911027130805 -0.092562306939197841 0.2492785696023759 0.018925290003190418 0.26975527712640845 -0
leaf_count=552 2508 35 686 81 138
internal_value=0 -0.223772 -0.30547 0.43135 0.348602
internal_count=4000 3229 3194 771 690
cat_boundaries=0 10 13
cat_threshold=539001536 1082130816 74244 1107296272 8470668 425986 65664 67108864 0 256 2232224581 813747392 128
shrinkage=0.224453


Tree=5
num_leaves=7
num_cat=2
split_feature=1 1 4 0 11 13
split_gain=15.3506 6.85331 7.338 4.1132 2.57179 2.51359
threshold=0 1 135130.00000000003 10.750000000000002 33.250000000000007 9934.7500000000018
decision_type=5 5 2 2 2 2
left_child=3 -2 -3 5 -5 -1
right_child=1 2 -4 4 -6 -7
leaf_value=0.15063921050107903 -0.12861493793372461 -0.028606024986665708 0.21324110848309469 -0.055712040587148799 0.12443065640927899 0.0077360450051429906
leaf_count=486 753 2396 36 146 45 138
internal_value=0 -0.196977 -0.0505695 0.344734 -0 0.537646
internal_count=4000 3185 2432 815 191 624
cat_boundaries=0 9 16
cat_threshold=538969312 1174561156 66048 1107312656 12664836 131072 65672 67108864 32 281284632 536871970 139198576 608211008 268436480 536870944 133136
shrinkage=0.224453


Tree=6
num_leaves=5
num_cat=2
split_feature=1 1 5 13
split_gain=13.3978 7.55858 6.98838 1.54406
threshold=0 1 40848.250000000007 18.250000000000004
decision_type=5 5 2 2
left_child=-1 3 -3 -2
right_child=1 2 -4 -5
leaf_value=-0.14145570358346674 -0.018810727214938025 0.010966220656379012 0.1233656528828934 -0.17891362718001291
leaf_count=597 324 2338 474 267
internal_value=0 0.0785869 0.161265 -0.358644
internal_count=4000 3403 2812 591
cat_boundaries=0 9 20
cat_threshold=281022480 536871970 139198560 541102144 268444736 536870912 133136 16777216 536870913 1442056 88 24 67174404 2048 1342702688 1342185536 1048664 8192 131072 8
shrinkage=0.224453


Tree=7
num_leaves=5
num_cat=2
split_feature=1 2 15 10
split_gain=10.9098 8.64857 9.68739 2.92976
threshold=0 1 4.7500000000000009 36.038300000000007
decision_type=5 5 2 2
left_child=-1 3 -3 -2
right_child=1 2 -4 -5
leaf_value=-0.13433352564027043 0.00066651177916061228 -0.0020346662530909944 0.10777773809159064 -0.1400650688930597
leaf_count=610 45 2017 925 403
internal_value=0 0.0590289 0.157826 -0.356503
internal_count=4000 3390 2942 448
cat_boundaries=0 9 12
cat_threshold=281284624 536871970 135004264 541102144 268444736 536870912 133136 16777216 536870913 539307428 1107820810 1024
shrinkage=0.224453


Tree=8
num_leaves=6
num_cat=2
split_feature=2 4 20 18 11
split_gain=7.14576 6.96386 6.05239 4.73909 2.29374
threshold=0 1423.0000000000002 1 5464.0000000000009 37.750000000000007
decision_type=5 2 5 2 2
left_child=4 2 -2 -3 -1
right_child=1 3 -4 -5 -6
leaf_value=-0.20006576791259528 -0.059690496546315683 0.0904759317888221 0.038678344508769565 -0.036512909047058728 -0
leaf_count=324 1669 979 728 174 126
internal_value=0 0.0423062 -0.107375 0.277049 -0.464813
internal_count=4000 3550 2397 1153 450
cat_boundaries=0 3 5
cat_threshold=741092644 33554824 2147484672 2235630593 276893888
shrinkage=0.224453


Tree=9
num_leaves=7
num_cat=1
split_feature=1 0 17 12 12 15
split_gain=8.83755 6.00162 4.19907 3.90875 2.1463 1.85914
threshold=0 18.250000000000004 43639.750000000007 44.500000000000007 244.00000000000003 4.7500000000000009
decision_type=5 2 2 2 2 2
left_child=3 2 -2 5 -5 -1
right_child=1 -3 -4 4 -6 -7
leaf_value=0.061972719919818474 -0.063840330915574811 0.17312129888451311 0.029737188490356267 -0.055304720167797153 0.090144960825940326 0.21020683719688368
leaf_count=334 2968 71 315 144 76 92
internal_value=0 -0.150945 -0.206383 0.280321 -0 0.5312
internal_count=4000 3354 3283 646 220 426
cat_boundaries=0 10
cat_threshold=536871616 1115955332 67174912 1107296256 65668 131074 65672 67108864 32 256
shrinkage=0.224453


Tree=10
num_leaves=4
num_cat=3
split_feature=1 1 2
split_gain=6.89715 5.13011 5.10979
threshold=0 1 2
decision_type=5 5 5
left_child=-1 -2 -3
right_child=1 2 -4
leaf_value=-0.11661196967937164 -0.092381248692501236 -0.0616761230339622 0.036972444257764726
leaf_count=548 377 330 2745
internal_value=0 0.0414375 0.0969607
internal_count=4000 3452 3075
cat_boundaries=0 9 20 24
cat_threshold=281022464 536872034 139198560 67145792 268437504 536870912 133136 64 536870913 393488 0 8 541130756 9280 1342702688 1342185536 17825816 8192 131072 8 807677316 266 1024 256
shrinkage=0.224453


Tree=11
num_leaves=5
num_cat=2
split_feature=1 1 18 14
split_gain=5.68209 4.01806 3.59576 3.41109
threshold=0 1 104.50000000000001 29.500000000000004
decision_type=5 5 2 2
left_child=-1 2 -2 -3
right_child=1 3 -4 -5
leaf_value=-0.1109540837498518 -0 -0.015797900936411459 0.16141759924917809 0.15025451467679873
leaf_count=554 111 3170 114 51
internal_value=0 0.0236551 0.321753 -0.0335716
internal_count=4000 3446 225 3221
cat_boundaries=0 9 16
cat_threshold=12587008 536872034 139198560 67145792 268437504 1610612736 133200 1048640 1 64 1073741952 65536 33554432 0 0 65664
shrinkage=0.224453


Tree=12
num_leaves=8
num_cat=2
split_feature=10 17 11 20 20 13 4
split_gain=4.28063 5.61496 4.37072 4.10309 3.05669 2.5234 2.15562
threshold=40.026150000000008 3478.7500000000005 40.750000000000007 0 1 2419.0000000000005 132478.00000000003
decision_type=2 2 2 5 5 2 2
left_child=1 4 -3 5 -1 -2 -5
right_child=3 2 -4 6 -6 -7 -8
leaf_value=-0.084707757185513682 -0 0.18090382225981905 -0 -0.076432944208371337 0.013894300161688985 0.18417775092391672 0.042079234706545572
leaf_count=228 61 206 47 1539 1816 56 47
internal_value=0 0.0973688 0.536859 -0.188235 -0 0.228685 -0.260563
internal_count=4000 2297 253 1703 2044 117 1586
cat_boundaries=0 2 4
cat_threshold=83008 65538 2231438416 278993024
shrinkage=0.224453


Tree=13
num_leaves=5
num_cat=2
split_feature=1 2 15 10
split_gain=5.55793 3.6303 4.12534 2.84071
threshold=0 1 594.25000000000011 36.038300000000007
decision_type=5 5 2 2
left_child=-1 3 -3 -2
right_child=1 2 -4 -5
leaf_value=-0.10954826699491679 0 0.0051541302207084964 0.11393878293910019 -0.15876528678573462
leaf_count=592 62 2853 205 288
internal_value=0 0.0272168 0.0844234 -0.284894
internal_count=4000 3408 3058 350
cat_boundaries=0 9 13
cat_threshold=276959248 536872034 139198560 604016704 2112 536870912 268568592 16777296 536870912 539239812 1107297034 1024 256
shrinkage=0.224453


Tree=14
num_leaves=6
num_cat=1
split_feature=20 10 16 4 4
split_gain=2.81003 2.49881 3.22561 3.16773 0.542785
threshold=0 34.218200000000003 39.250000000000007 2934.2500000000005 4602.2500000000009
decision_type=5 2 2 2 2
left_child=4 3 -3 -2 -1
right_child=1 2 -4 -5 -6
leaf_value=-0.14032535065441171 0.00953516238438612 -0.084424704606503892 0.0024327407600184055 0.13284095468261833 -0.0034232279743336737
leaf_count=387 1478 594 1265 123 153
internal_value=0 0.0171843 -0.076183 0.153618 -0.310133
internal_count=4000 3460 1859 1601 540
cat_boundaries=0 3
cat_threshold=2217282880 813796544 512
shrinkage=0.224453


Tree=15
num_leaves=7
num_cat=2
split_feature=2 1 21 11 17 18
split_gain=4.30869 8.53487 3.29568 2.54491 2.44797 2.35164
threshold=0 1 25.000000000000004 16.000000000000004 313.00000000000006 3964.0000000000005
decision_type=5 5 2 2 2 2
left_child=4 3 -3 -2 -1 -6
right_child=1 2 -4 -5 5 -7
leaf_value=-0 0.11206143933988798 -0.084364315712001786 -0.0092954740138801555 -0 0.17451338331298535 0
leaf_count=156 401 1736 1274 154 201 78
internal_value=0 -0.0828661 -0.204537 0.271904 0.287342 0.565131
internal_count=4000 3565 3010 555 435 279
cat_boundaries=0 3 13
cat_threshold=1086328912 1078665312 8388640 644 1073899656 612368516 301989896 6291584 32770 136 67125250 32 256
shrinkage=0.224453


Tree=16
num_leaves=5
num_cat=2
split_feature=1 1 18 12
split_gain=3.68274 2.8197 2.68596 1.50723
threshold=0 1 3679.0000000000005 3.2500000000000004
decision_type=5 5 2 2
left_child=-1 3 -3 -2
right_child=1 2 -4 -5
leaf_value=-0.086650449763020956 -0 0.029625543967942244 -0.049611491873849403 -0.14754095375454135
leaf_count=571 235 2617 291 286
internal_value=0 0.0245713 0.0740375 -0.265526
internal_count=4000 3429 2908 521
cat_boundaries=0 9 20
cat_threshold=4460800 536871968 139198504 67145792 268451840 805307456 1073883152 16793600 1 276955160 82 8388672 541655044 11328 1074266112 268435520 1048664 536879104 1179648 8
shrinkage=0.224453


Tree=17
num_leaves=6
num_cat=2
split_feature=2 1 0 0 12
split_gain=3.24894 3.7791 4.41485 3.73268 0.706005
threshold=0 1 6.2500000000000009 18.250000000000004 75.250000000000014
decision_type=5 5 2 2 2
left_child=4 2 -2 -3 -1
right_child=1 3 -4 -5 -6
leaf_value=0.16030644476551117 0.090121227091810557 -0.04496290443658639 -0.052468914939035063 0.11215917085552281 0
leaf_count=131 388 3131 176 98 76
internal_value=0 -0.0658748 0.152726 -0.147867 0.316225
internal_count=4000 3793 564 3229 207
cat_boundaries=0 3 12
cat_threshold=1086328832 204832 8388608 2097224 1174415488 75497984 1375748112 132 131072 136 335560832 32
shrinkage=0.224453


Tree=18
num_leaves=6
num_cat=1
split_feature=2 16 18 18 10
split_gain=3.02186 3.65592 3.69344 3.1528 2.57852
threshold=0 37876.000000000007 1511.5000000000002 3831.2500000000005 36.038300000000007
decision_type=5 2 2 2 2
left_child=4 2 -2 -3 -1
right_child=1 3 -4 -5 -6
leaf_value=0 0.011057183111211523 0.20518902633008698 -0.075492907170446155 0 -0.17810220213357866
leaf_count=46 2968 74 460 110 342
internal_value=0 0.0263261 -0.0110792 0.453234 -0.326359
internal_count=4000 3612 3428 184 388
cat_boundaries=0 4
cat_threshold=741090692 386 2147484672 256
shrinkage=0.224453


Tree=19
num_leaves=8
num_cat=2
split_feature=2 10 4 18 5 7 10
split_gain=2.22648 4.27634 2.88025 2.87859 4.52238 2.40076 0.855261
threshold=0 38.313050000000011 2934.2500000000005 759.25000000000011 127291.50000000001 1 58.267400000000002
decision_type=5 2 2 2 2 1 2
left_child=1 2 -1 5 -5 -2 -3
right_child=3 6 -4 4 -6 -7 -8
leaf_value=-0.010657157713473839 0.17866766640118178 -0.09327176908532879 0.081976177535561801 -0.063110277288283265 0.10466699080162663 0 -0.00052735655831795587
leaf_count=1801 198 786 238 392 128 169 288
internal_value=0 -0.0774612 0.0246888 0.141708 -0 0.458159 -0.326856
internal_count=4000 3113 2039 887 520 367 1074
cat_boundaries=0 4 5
cat_threshold=741090709 898 2147484928 256 2
shrinkage=0.224453


Tree=20
num_leaves=8
num_cat=2
split_feature=1 20 12 4 12 0 12
split_gain=2.69547 2.4988 3.47359 3.17439 1.90053 1.81101 0.423349
threshold=0 1 3.2500000000000004 147.25000000000003 76.750000000000014 10.750000000000002 296.50000000000006
decision_type=5 5 2 2 2 2 2
left_child=4 3 -3 -2 5 -1 -6
right_child=1 2 -4 -5 6 -7 -8
leaf_value=0.088255091737222541 -0.086787685585510504 0.11309501975975211 -0.019393393183229614 -0 -0.04359335333746326 -0 0.0009394861986309304
leaf_count=383 1361 369 429 1067 152 179 60
internal_value=0 -0.0940746 0.0957375 -0.179414 0.135216 0.263026 -0.061457
internal_count=4000 3226 798 2428 774 562 212
cat_boundaries=0 8 11
cat_threshold=538985568 330116 74240 1375731728 8388612 294914 65664 128 2217478209 813796552 648
shrinkage=0.224453


Tree=21
num_leaves=6
num_cat=1
split_feature=20 11 19 17 6
split_gain=2.36222 2.42512 3.34874 2.19238 0.0872921
threshold=0 36.250000000000007 542.50000000000011 162.25000000000003 77851.750000000015
decision_type=5 2 2 2 2
left_child=4 2 -2 -3 -1
right_child=1 3 -4 -5 -6
leaf_value=-0.11501574331004441 0.0050121497633809735 -0.031262339831138929 -0.10578736306060783 0.088005406470467507 -0
leaf_count=459 2656 129 234 415 107
internal_value=0 0.0280673 -0.0190153 0.266633 -0.277114
internal_count=4000 3434 2890 544 566
cat_boundaries=0 3
cat_threshold=2217216772 813812928 680
shrinkage=0.224453


Tree=22
num_leaves=6
num_cat=2
split_feature=2 20 4 13 10
split_gain=2.53996 2.12372 2.82025 2.24228 0.749999
threshold=0 1 147.25000000000003 373.00000000000006 35.765900000000009
decision_type=5 5 2 2 2
left_child=4 3 -3 -2 -1
right_child=1 2 -4 -5 -6
leaf_value=-0 -0 -0.0084776569777929647 0.048636359929039454 -0.16175716664680578 -0.14132813979890047
leaf_count=53 313 1895 1225 149 365
internal_value=0 0.0273637 0.0771555 -0.194277 -0.293442
internal_count=4000 3582 3120 462 418
cat_boundaries=0 4 7
cat_threshold=741090688 33555338 2147484928 256 2235042368 276859072 640
shrinkage=0.224453


Tree=23
num_leaves=6
num_cat=2
split_feature=20 21 7 5 5
split_gain=1.76518 1.67093 2.67837 1.51096 1.27345
threshold=0 25.000000000000004 1 40848.250000000007 1.7500000000000002
decision_type=5 2 1 2 2
left_child=4 3 -3 -2 -1
right_child=1 2 -4 -5 -6
leaf_value=-0 -0.030215904003754793 0.10235897629916134 0.00079545539694066743 0.02778355038848172 -0.14577938351498074
leaf_count=275 1848 315 937 340 285
internal_value=0 0.0159385 0.132266 -0.0569972 -0.255024
internal_count=4000 3440 1252 2188 560
cat_boundaries=0 3 4
cat_threshold=2754349632 849398984 672 2
shrinkage=0.224453


Tree=24
num_leaves=4
num_cat=2
split_feature=1 1 10
split_gain=2.1909 1.77425 2.06384
threshold=0 1 54.403800000000011
decision_type=5 5 2
left_child=-1 -2 -3
right_child=1 2 -4
leaf_value=-0.069081921957711137 -0.057157509517902827 0.024949934298389924 -0.037330970490763886
leaf_count=509 395 2589 507
internal_value=0 0.0199662 0.0549188
internal_count=4000 3491 3096
cat_boundaries=0 10 21
cat_threshold=268701952 671089696 139198560 67145728 268443648 805306432 1073743888 16384 0 1048576 12714000 2 8 541065288 67648 1073742848 268574720 17825880 536879105 131072 33554440
shrinkage=0.224453


Tree=25
num_leaves=8
num_cat=0
split_feature=18 15 4 4 17 18 17
split_gain=1.71903 2.69035 3.37671 2.49345 2.0788 1.53812 0.662915
threshold=2779.0000000000005 594.25000000000011 27571.000000000004 86940.250000000015 77385.250000000015 921.25000000000011 81252.250000000015
decision_type=2 2 2 2 2 2 2
left_child=1 5 -3 4 -2 -1 -5
right_child=3 2 -4 6 -6 -7 -8
leaf_value=0.007072002755139908 -0.14442061189485786 0.23686771317450508 -0 0.063471865730359484 0 -0.051792823469651167 -0.01665834820101408
leaf_count=2807 261 69 71 97 99 527 69
internal_value=0 0.0219203 0.481262 -0.212585 -0.451954 -0.00559068 0
internal_count=4000 3474 140 526 360 3334 166
shrinkage=0.224453


Tree=26
num_leaves=5
num_cat=3
split_feature=1 20 1 18
split_gain=2.02461 1.36045 1.70413 1.0298
threshold=0 1 2 4.7500000000000009
decision_type=5 5 5 2
left_child=-1 3 -3 -2
right_child=1 2 -4 -5
leaf_value=-0.067195506716644551 0 -0.034956745883718693 0.02171627471243787 -0.10462067149260665
leaf_count=527 196 534 2470 273
internal_value=0 0.0163116 0.0529807 -0.1811
internal_count=4000 3473 3004 469
cat_boundaries=0 11 14 25
cat_threshold=268701952 671089666 139198560 67141632 268460032 1610612800 1073874960 16777216 0 1048576 8 610798340 276940416 520 75628564 67108904 536870920 541134856 2176 268436512 268443648 1048664 536879105 131328 33554432
shrinkage=0.224453


Tree=27
num_leaves=7
num_cat=1
split_feature=2 13 6 18 13 11
split_gain=1.58819 2.20414 4.31805 1.48787 1.14277 0.996812
threshold=0 9934.7500000000018 56427.250000000007 770.50000000000011 41692.000000000007 31.750000000000004
decision_type=5 2 2 2 2 2
left_child=4 2 -2 -3 5 -1
right_child=1 3 -4 -5 -6 -7
leaf_value=0 -0.017941854000349353 0 0.081633613676028852 -0.082915989549676966 -0 0.15408980808131525
leaf_count=85 2734 172 330 523 54 102
internal_value=0 -0.0515786 0 -0.269171 0.199254 0.469641
internal_count=4000 3759 3064 695 241 187
cat_boundaries=0 2
cat_threshold=1086328896 4399200
shrinkage=0.224453


Tree=28
num_leaves=5
num_cat=0
split_feature=0 0 3 5
split_gain=1.52917 2.54404 1.23241 1.06432
threshold=18.250000000000004 13.750000000000002 115.00000000000001 1.7500000000000002
decision_type=2 2 2 2
left_child=1 2 -1 -2
right_child=3 -3 -4 -5
leaf_value=-0.0092589893186795485 0.12564320461998443 -0.12691154448873332 0.049701959493023314 -0
leaf_count=3416 91 123 306 64
internal_value=0 -0.038624 -0.0049312 0.311894
internal_count=4000 3845 3722 155
shrinkage=0.224453


Tree=29
num_leaves=6
num_cat=0
split_feature=18 16 16 4 15
split_gain=1.10172 2.99267 2.24822 1.52739 1.13633
threshold=5386.0000000000009 21175.750000000004 2409.2500000000005 132478.00000000003 2777.5000000000005
decision_type=2 2 2 2 2
left_child=1 2 -1 -2 -3
right_child=3 4 -4 -5 -6
leaf_value=0.0051193652095105962 -0.11452347508716972 0.10673047947716362 -0.057812969404879649 0 -0
leaf_count=2857 227 177 629 58 52
internal_value=0 0.0101361 -0.0307195 -0.250703 0.355576
internal_count=4000 3715 3486 285 229
shrinkage=0.224453


Tree=30
num_leaves=6
num_cat=1
split_feature=2 21 16 18 10
split_gain=1.4031 1.62978 1.20489 1.59077 0.349054
threshold=0 1342.7500000000002 109311.50000000001 3679.0000000000005 35.254650000000005
decision_type=5 2 2 2 2
left_child=1 4 3 -2 -1
right_child=2 -3 -4 -5 -6
leaf_value=-0 0.0089703673775765862 0 0.10134018975581585 -0.066289172888847156 -0.13639503554801594
leaf_count=47 3141 152 43 300 317
internal_value=0 -0.196919 0.0245728 0.00165245 -0.475154
internal_count=4000 516 3484 3441 364
cat_boundaries=0 4
cat_threshold=741090704 898 2147493120 256
shrinkage=0.224453


Tree=31
num_leaves=6
num_cat=1
split_feature=1 0 10 11 19
split_gain=1.93012 2.96075 2.81494 2.25074 1.03476
threshold=0 18.250000000000004 34.998900000000006 37.750000000000007 379.75000000000006
decision_type=5 2 2 2 2
left_child=3 2 -2 4 -1
right_child=1 -3 -4 -5 -6
leaf_value=0.026850136339764047 0.0020226108945731649 0.10268136628018575 -0.058624168790651632 0.13589335615482781 -0.06489802624307256
leaf_count=444 1593 109 1705 90 59
internal_value=0 -0.0682075 -0.116808 0.139192 0.0312652
internal_count=4000 3407 3298 593 503
cat_boundaries=0 8
cat_threshold=538986048 8546432 73728 1375731728 0 32768 65664 268435584
shrinkage=0.224453


Tree=32
num_leaves=4
num_cat=1
split_feature=1 21 11
split_gain=1.82332 1.07205 1.09702
threshold=0 124670.00000000001 37.750000000000007
decision_type=5 2 2
left_child=-1 2 -2
right_child=1 -3 -4
leaf_value=-0.064148555928257467 -0.0059014990141499921 0.081899291312900552 0.040119717962412649
leaf_count=584 2821 146 449
internal_value=0 0.0257594 0.00225613
internal_count=4000 3416 3270
cat_boundaries=0 11
cat_threshold=268701968 537134080 139198504 67145728 268443648 805307456 1073752080 72 0 0 8
shrinkage=0.224453


Tree=33
num_leaves=4
num_cat=3
split_feature=1 1 20
split_gain=1.49229 1.31987 0.855564
threshold=0 1 2
decision_type=5 5 5
left_child=-1 -2 -3
right_child=1 2 -4
leaf_value=-0.062148286459930924 -0.048758612359701171 -0.015692092536087811 0.01908537270892554
leaf_count=507 475 492 2526
internal_value=0 0.019118 0.0497017
internal_count=4000 3493 3018
cat_boundaries=0 11 21 24
cat_threshold=277090560 536871938 139198560 604012544 268435456 1610612800 1073743888 16777216 536870912 1048576 8 5373968 96 8 4264000 27712 268960800 268574784 1048664 8193 131072 2792359940 276890272 520
shrinkage=0.224453


Tree=34
num_leaves=8
num_cat=0
split_feature=4 5 16 0 15 6 16
split_gain=0.693482 3.29249 2.83418 3.91727 2.67786 1.59682 1.19441
threshold=2328.2500000000005 1264.7500000000002 2409.2500000000005 6.2500000000000009 25.750000000000004 757.75000000000011 21175.750000000004
decision_type=2 2 2 2 2 2 2
left_child=1 5 3 -2 -3 -1 -4
right_child=2 4 6 -5 -6 -7 -8
leaf_value=-0.0080343140244791486 0.15165163603577267 -0.15847724672288405 -0.042769719205841092 -0.034919942168137534 0 0.081383275150283901 0.014921536184502522
leaf_count=1951 259 281 597 85 118 268 441
internal_value=0 -0.064994 0.0522373 0.386942 -0.448434 0 -0.0305595
internal_count=4000 2618 1382 344 399 2219 1038
shrinkage=0.224453


Tree=35
num_leaves=4
num_cat=2
split_feature=1 1 18
split_gain=1.45584 0.981812 1.04715
threshold=0 1 2779.0000000000005
decision_type=5 5 2
left_child=-1 -2 -3
right_child=1 2 -4
leaf_value=-0.065331784024130354 -0.044324489324230394 0.017862580311618324 -0.024963455717724289
leaf_count=518 431 2650 401
internal_value=0 0.0115478 0.0381964
internal_count=4000 3482 3051
cat_boundaries=0 9 20
cat_threshold=268833024 536871938 139198568 604012544 268435520 1610612736 1073743888 16777288 536870912 79691792 96 0 4788292 11264 268960832 268574784 1048592 8193 1179648 8
shrinkage=0.224453


Tree=36
num_leaves=5
num_cat=3
split_feature=1 2 1 13
split_gain=1.30385 0.987101 4.30058 0.381485
threshold=0 1 2 247.75000000000003
decision_type=5 5 5 2
left_child=-1 3 -3 -2
right_child=1 2 -4 -5
leaf_value=-0.063282673352937149 0 -0.057388792623245491 0.016061405778378595 0.08709182910557392
leaf_count=534 61 757 2477 171
internal_value=0 0.00426265 -0.0157275 0.18623
internal_count=4000 3466 3234 232
cat_boundaries=0 11 13 23
cat_threshold=273027328 536871970 139198496 67141632 268437568 1610612736 1073743888 16777288 536870912 0 8 1086328928 663616 545309792 8716548 72 541069312 24592 1088 204800 268435472 8193 1048576
shrinkage=0.224453


Tree=37
num_leaves=7
num_cat=2
split_feature=1 2 15 0 15 0
split_gain=1.46583 1.9756 2.38258 0.935198 1.92689 0.130416
threshold=0 1 129.25000000000003 15.250000000000002 187.75000000000003 22.750000000000004
decision_type=5 5 2 2 2 2
left_child=3 -2 -3 4 -1 -5
right_child=1 2 -4 5 -6 -7
leaf_value=0.06009137173281718 -0.07817480265743712 -0.026234009254530913 0.043739938785155266 -0.040187584500954866 -0.024772736357535335 0
leaf_count=584 322 2246 586 75 144 43
internal_value=0 -0.0810425 -0.0110704 0.0866575 0.161288 -0.0889956
internal_count=4000 3154 2832 846 728 118
cat_boundaries=0 8 10
cat_threshold=536921184 42027396 73728 268435472 10485788 32770 65668 268435584 1082135716 34079240
shrinkage=0.224453


Tree=38
num_leaves=7
num_cat=2
split_feature=2 1 0 5 21 10
split_gain=1.08476 4.00319 1.99892 1.55144 0.966857 1.02679
threshold=0 1 18.250000000000004 40848.250000000007 1065.2500000000002 52.512850000000007
decision_type=5 5 2 2 2 2
left_child=4 2 -2 -3 5 -1
right_child=1 3 -4 -5 -6 -7
leaf_value=0.10703876807874262 -0.092527597110017262 -0.0029265646876426143 0.013163538360719484 0.05136075517367103 -0 -0
leaf_count=200 743 2357 62 398 129 111
internal_value=0 -0.0516105 -0.273806 0.0369496 0.138145 0.322174
internal_count=4000 3560 805 2755 440 311
cat_boundaries=0 3 14
cat_threshold=1086330980 38412360 8388608 537187360 545595652 134815776 67108864 2064 0 67584 268435520 0 1048576 8
shrinkage=0.224453


Tree=39
num_leaves=7
num_cat=2
split_feature=1 2 0 16 12 13
split_gain=1.62114 2.02362 1.52292 2.46913 1.31413 0.686457
threshold=0 1 4.7500000000000009 24007.750000000004 182.50000000000003 10.000000000000002
decision_type=5 5 2 2 2 2
left_child=2 -2 3 -1 -3 -4
right_child=1 4 5 -5 -6 -7
leaf_value=0.072873095609996441 -0.080739283102017334 -0.015971395797958518 -0.052928600727367235 -0.041409996184038358 0.051532830531410077 0.0062159397659871177
leaf_count=542 336 2406 188 72 283 173
internal_value=0 -0.086593 0.0884806 0.210391 -0.0127711 -0.0576055
internal_count=4000 3025 975 614 2689 361
cat_boundaries=0 10 13
cat_threshold=536921192 8726916 73728 1342177296 10485784 32770 65664 268435456 0 1048576 1082137764 524810 8192
shrinkage=0.224453


Tree=40
num_leaves=8
num_cat=4
split_feature=1 2 1 16 11 1 17
split_gain=1.14673 2.15816 2.94859 2.59973 1.47625 2.28004 1.47195
threshold=0 1 2 131689.50000000003 37.750000000000007 3 3958.0000000000005
decision_type=5 5 5 2 2 5 2
left_child=4 2 -2 -3 5 -1 -6
right_child=1 3 -4 -5 6 -7 -8
leaf_value=-0.031853822337510905 -0.067284062175741829 -0.098891816036275115 0.023509855875089362 0.037438115741520769 0.14994498623408495 0.041746832193400085 -0
leaf_count=436 503 876 1688 23 69 352 53
internal_value=0 -0.0777067 0.00482006 -0.252538 0.0683411 0 0.38628
internal_count=4000 3090 2191 899 910 788 122
cat_boundaries=0 10 14 22 32
cat_threshold=536921664 1116146052 73728 268435472 8388636 131072 65664 268435456 32 1048832 1073743953 32 1024 256 71438336 603997280 675807336 4771840 16384 1120 268437532 64 49152 1082523908 73728 0 16 0 0 268435456 0 1048576
shrinkage=0.224453


Tree=41
num_leaves=8
num_cat=1
split_feature=1 11 18 4 6 4 18
split_gain=0.927479 3.2505 2.73563 3.63665 3.36438 1.70437 0.543077
threshold=0 37.750000000000007 126.25000000000001 2156.5000000000005 1701.2500000000002 6556.7500000000009 701.50000000000011
decision_type=5 2 2 2 2 2 2
left_child=1 5 4 -4 -2 -1 -3
right_child=2 6 3 -5 -6 -7 -8
leaf_value=-0.03053312998300102 -0 0.18152935159170447 -0.16164707416188204 -0.016991225301143987 0.16277976087585097 0.053188296917914428 0.01380459317025268
leaf_count=522 1562 47 380 1112 167 149 61
internal_value=0 0.0679205 -0.0656055 -0.211537 0.0719466 -0.00440201 0.52689
internal_count=4000 779 3221 1492 1729 671 108
cat_boundaries=0 10
cat_threshold=536920128 1082476932 536944640 268435472 16 0 65668 268451840 0 1048576
shrinkage=0.224453


Tree=42
num_leaves=5
num_cat=2
split_feature=1 10 1 12
split_gain=0.901963 1.02684 4.7443 1.38184
threshold=0 54.403800000000011 1 70.750000000000014
decision_type=5 2 5 2
left_child=-1 2 -2 -3
right_child=1 3 -4 -5
leaf_value=-0.04912385152643424 -0.061756143204235801 -0.081606472414975373 0.029050261172618098 0
leaf_count=572 409 327 2447 245
internal_value=0 0.00697417 0.0462286 -0.153617
internal_count=4000 3428 2856 572
cat_boundaries=0 9 20
cat_threshold=277090576 1034 139198496 604012608 268501056 1879048192 141312 16777224 536870913 541196352 1073750112 545260108 1077940224 2048 1088 1073807424 1048640 0 0 33554432
shrinkage=0.224453


Tree=43
num_leaves=8
num_cat=2
split_feature=1 15 18 13 13 19 1
split_gain=0.862223 2.69736 2.49356 2.32627 2.23221 1.8867 1.58033
threshold=0 9.2500000000000018 3679.0000000000005 9934.7500000000018 4927.0000000000009 67.750000000000014 1
decision_type=5 2 2 2 2 2 5
left_child=1 6 -3 4 -2 -5 -1
right_child=3 2 -4 5 -6 -7 -8
leaf_value=0.015941133808247188 -0.0088289326921505602 0.10114272481961203 -0.020342808829265372 0 0.12960916645614159 -0.12034569628214102 -0.052506148127863701
leaf_count=231 2442 221 76 256 103 374 297
internal_value=0 0.0596167 0.292944 -0.0671196 0 -0.334823 -0.0719162
internal_count=4000 825 297 3175 2545 630 528
cat_boundaries=0 8 16
cat_threshold=536887360 1082550660 545333764 1342177296 10485768 0 65668 268451840 536870912 16640 8454144 0 2097152 0 65664 268435456
shrinkage=0.224453


Tree=44
num_leaves=8
num_cat=0
split_feature=12 12 14 4 14 12 6
split_gain=0.802643 1.95656 1.48394 1.38973 5.36847 1.40942 0.370258
threshold=44.500000000000007 182.50000000000003 1.7500000000000002 25779.250000000004 1.7500000000000002 30.250000000000004 2991.2500000000005
decision_type=2 2 2 2 2 2 2
left_child=3 6 -3 5 -5 -1 -2
right_child=1 2 -4 4 -6 -7 -8
leaf_value=-0.008691705618791257 -0 -0.0132805179019976 0.081420789030736393 0.18363480898306792 -0.048704694923480479 0.10522046053364342 -0.072351256283197427
leaf_count=2393 263 420 160 98 66 101 499
internal_value=0 -0.103456 0.0481415 0.0278662 0.300045 -0.00102814 -0.264175
internal_count=4000 1342 580 2658 164 2494 762
shrinkage=0.224453


Tree=45
num_leaves=7
num_cat=2
split_feature=2 1 17 5 14 12
split_gain=0.869103 2.37536 2.07675 1.92906 1.09894 0.734735
threshold=0 1 69.250000000000014 33076.000000000007 9.2500000000000018 99.250000000000014
decision_type=5 5 2 2 2 2
left_child=4 2 -2 -3 5 -1
right_child=1 3 -4 -5 -6 -7
leaf_value=-0 0.076794430115364229 -0.037139819629091256 -0 0.026704097461395404 0 -0.13666555307428296
leaf_count=177 510 2175 314 476 80 268
internal_value=0 0.0120353 0.156174 -0.0702793 -0.16165 -0.394956
internal_count=4000 3475 824 2651 525 445
cat_boundaries=0 4 14
cat_threshold=741156240 1073742720 2147493120 256 536904744 1074153884 8396804 33554440 2097288 0 65672 335560704 32 256
shrinkage=0.224453


Tree=46
num_leaves=7
num_cat=2
split_feature=21 1 5 11 1 10
split_gain=0.71138 1.70459 1.52547 1.29044 1.00902 0.88934
threshold=25.000000000000004 0 40848.250000000007 42.250000000000007 1 34.218200000000003
decision_type=2 5 2 2 5 2
left_child=1 2 -1 4 -2 -3
right_child=3 5 -4 -5 -6 -7
leaf_value=-0.0066460377496025749 -0.011376941267968836 -0.0030421368033067917 0.071747134693053216 -0.071517542879242821 0.035064841912351305 -0.086907121375938548
leaf_count=702 402 716 123 102 1060 895
internal_value=0 -0.0691058 0.0290534 0.050162 0.0981659 -0.200427
internal_count=4000 2436 825 1564 1462 1611
cat_boundaries=0 8 17
cat_threshold=539018304 1082613892 536879748 1375731712 6291588 0 128 67108994 76939392 1282 0 67633216 82944 262144 133188 0 1
shrinkage=0.224453


Tree=47
num_leaves=7
num_cat=2
split_feature=2 1 18 10 16 10
split_gain=0.566778 3.74194 1.68408 1.2396 0.37591 0.129227
threshold=0 1 1455.2500000000002 34.817550000000004 201.25000000000003 52.4497
decision_type=5 5 2 2 2 2
left_child=4 2 -2 -3 -1 -6
right_child=1 3 -4 -5 5 -7
leaf_value=0.083947953816815857 -0.036594304616363683 0.033396397314571766 -0.16873394472908418 -0.0077990489513048 0.026492719834232015 -0.0098497640854366998
leaf_count=101 720 1401 134 1427 103 114
internal_value=0 -0.0343954 -0.257593 0.0471648 0.112144 0
internal_count=4000 3682 854 2828 318 217
cat_boundaries=0 2 12
cat_threshold=12589152 34218048 814011392 8724742 134807584 67141632 16 524288 198656 268435464 1 1179648
shrinkage=0.224453


Tree=48
num_leaves=8
num_cat=0
split_feature=4 18 6 21 5 13 10
split_gain=0.507176 2.72527 2.22655 1.26144 1.24768 1.20644 1.11668
threshold=147.25000000000003 208.75000000000003 3.2500000000000004 14005.750000000002 8798.5000000000018 97.750000000000014 52.466450000000002
decision_type=2 2 2 2 2 2 2
left_child=2 5 3 -1 -3 -2 -4
right_child=1 4 6 -5 -6 -7 -8
leaf_value=-0.01369732695553634 0.17738280760503691 -0.071634575572090048 -0.13375641143495953 0.054506793990473937 0.00223053429508464 0.0052814418276807273 -0
leaf_count=1403 102 256 283 342 1196 234 184
internal_value=0 0.033071 -0.0664592 0 -0.0233502 0.422109 -0.384685
internal_count=4000 1788 2212 1745 1452 336 467
shrinkage=0.224453


Tree=49
num_leaves=7
num_cat=1
split_feature=20 5 5 15 15 11
split_gain=0.692315 2.64922 2.15862 1.72181 2.75632 2.44534
threshold=0 83866.750000000015 1577.5000000000002 783.25000000000011 129.25000000000003 36.250000000000007
decision_type=5 2 2 2 2 2
left_child=3 2 -2 4 -1 -5
right_child=1 -3 -4 5 -6 -7
leaf_value=-0.019015815114832347 0.032453359989203429 0.13056088036772387 -0.063047868245504943 -0.1432261508288126 0.066883500741461308 0
leaf_count=2323 557 90 315 177 451 87
internal_value=0 0.0704018 -0 -0.04973 -0 -0.326367
internal_count=4000 962 872 3038 2774 264
cat_boundaries=0 3
cat_threshold=2217479493 276923080 520
shrinkage=0.224453


Tree=50
num_leaves=6
num_cat=2
split_feature=20 17 3 1 11
split_gain=0.872065 1.65727 1.15645 3.25167 3.11412
threshold=0 1.7500000000000002 115.00000000000001 1 33.250000000000007
decision_type=5 2 2 5 2
left_child=1 -1 3 -2 -4
right_child=2 -3 4 -5 -6
leaf_value=0 -0.071346058524816847 -0.10738793751849968 -0.0039442704306605451 0.012038509223339775 0.15674352341415096
leaf_count=347 551 305 165 2530 102
internal_value=0 -0.154451 0.0194983 -0 0.26037
internal_count=4000 652 3348 3081 267
cat_boundaries=0 3 14
cat_threshold=2217348420 276940520 648 876875792 1073938432 541859876 603979776 268443648 1342440480 1073743880 72 0 0 8
shrinkage=0.224453


Tree=51
num_leaves=7
num_cat=1
split_feature=18 16 7 12 6 13
split_gain=0.554304 1.64576 1.65731 1.58949 0.570265 0.40744
threshold=2779.0000000000005 510.25000000000006 0 75.250000000000014 306585.00000000006 32259.250000000004
decision_type=2 2 1 2 2 2
left_child=1 3 -3 -1 -2 -6
right_child=4 2 -4 -5 5 -7
leaf_value=-0 -0.064920918996306143 0.072003379796328523 -0 -0.082301844391385173 0.025429456702728004 -0.036906430699883842
leaf_count=2160 310 483 420 411 127 89
internal_value=0 0.012004 0.166051 -0.0484791 -0.128468 -0
internal_count=4000 3474 903 2571 526 216
cat_boundaries=0 1
cat_threshold=2
shrinkage=0.224453


Tree=52
num_leaves=7
num_cat=3
split_feature=1 2 13 3 21 7
split_gain=0.797741 2.63544 1.53013 1.21024 1.04105 0.192168
threshold=0 1 25.750000000000004 18.250000000000004 25.000000000000004 2
decision_type=5 5 2 2 2 1
left_child=2 -2 5 -4 -3 -1
right_child=1 4 3 -5 -6 -7
leaf_value=0 -0.082984360704046092 -0.019177339290176811 0.080491570334915302 -0 0.024335098542234337 -0.034890859107769984
leaf_count=268 331 1659 266 161 1124 191
internal_value=0 -0.0589752 0.0658976 0.227855 0 -0.0449239
internal_count=4000 3114 886 427 2783 459
cat_boundaries=0 8 10 11
cat_threshold=536921088 1082468740 536944644 1342177296 152 32800 65668 268435584 276896928 34145088 1
shrinkage=0.224453


Tree=53
num_leaves=7
num_cat=0
split_feature=10 10 0 0 10 8
split_gain=0.531055 1.88805 2.12149 1.0847 0.832721 0.601768
threshold=54.403800000000011 51.296500000000002 1.7500000000000002 4.7500000000000009 47.920550000000006 25.750000000000004
decision_type=2 2 2 2 2 2
left_child=1 4 -3 5 -1 -2
right_child=3 2 -4 -5 -6 -7
leaf_value=0 -0.032837943924067463 -0 0.17663674232757107 -0.10481491523762348 -0.067631765523922666 0.039127016761058092
leaf_count=2937 364 137 58 137 207 160
internal_value=0 0.00483551 0.367169 -0.134988 -0.019417 -0
internal_count=4000 3339 195 661 3144 524
shrinkage=0.224453


Tree=54
num_leaves=6
num_cat=2
split_feature=2 1 11 4 10
split_gain=0.580456 0.993489 1.64086 1.19034 0.58518
threshold=0 1 33.250000000000007 20297.500000000004 42.594200000000008
decision_type=5 5 2 2 2
left_child=4 3 -3 -2 -1
right_child=1 2 -4 -5 -6
leaf_value=-0 0.038412430470022567 -0.03026456567319483 0.031108972216591292 -0.024869665086187747 -0.12140302285159874
leaf_count=73 745 2240 565 127 250
internal_value=0 0.00347655 -0.0501008 0.0910247 -0.165875
internal_count=4000 3677 2805 872 323
cat_boundaries=0 4 13
cat_threshold=741090560 1073742752 8192 256 536904800 418204 8462340 1073741840 6291592 32 65664 67108864 32
shrinkage=0.224453


Tree=55
num_leaves=6
num_cat=2
split_feature=2 21 1 4 14
split_gain=0.458944 1.75196 1.49624 1.01155 0.760844
threshold=0 1342.7500000000002 1 2156.5000000000005 1.7500000000000002
decision_type=5 2 5 2 2
left_child=1 -1 3 -2 -4
right_child=2 -3 4 -5 -6
leaf_value=-0.095441163361425149 0.0008706033754593309 0.018265141376397519 -0.025368843382384848 0.066665489319497881 0.016594751113288807
leaf_count=351 552 135 2384 257 321
internal_value=0 -0.125005 0.00494998 0.119664 -0.0596153
internal_count=4000 486 3514 809 2705
cat_boundaries=0 4 14
cat_threshold=741090576 66464 9504 256 539001892 1082548636 75505668 33554440 2097288 0 65672 268435456 32 256
shrinkage=0.224453


Tree=56
num_leaves=7
num_cat=2
split_feature=20 6 19 0 1 18
split_gain=0.468205 1.09554 1.60133 0.979823 4.20877 3.49309
threshold=0 346413.00000000006 4.7500000000000009 4.7500000000000009 1 26.500000000000004
decision_type=5 2 2 2 5 2
left_child=3 2 -2 4 -1 -5
right_child=1 -3 -4 5 -6 -7
leaf_value=0.055623146049590032 0.025038358005667595 0.10783632029560958 -0.063788827478047538 -0.14259288581893526 -0.031147967602857343 0.0033293884679578513
leaf_count=431 679 39 220 321 1969 341
internal_value=0 0.0566783 0 -0.0416672 0 -0.210965
internal_count=4000 938 899 3062 2400 662
cat_boundaries=0 3 12
cat_threshold=2221411589 813797064 672 2130508 67117188 8708 1375748096 6291456 0 132 67108866 32
shrinkage=0.224453


Tree=57
num_leaves=6
num_cat=3
split_feature=20 12 2 1 12
split_gain=0.500038 1.09801 0.658447 1.3811 0.0993659
threshold=0 3.2500000000000004 1 2 44.500000000000007
decision_type=5 2 5 5 2
left_child=1 -1 4 -4 -2
right_child=2 -3 3 -5 -6
leaf_value=0 -0 -0.098854085625776328 -0.028453562116867163 0.019614581874596491 -0.087191444900217255
leaf_count=285 75 348 646 2439 207
internal_value=0 -0.128212 0.0143983 0.0405679 -0.140644
internal_count=4000 633 3367 3085 282
cat_boundaries=0 3 6 16
cat_threshold=2221869124 276860616 672 748958976 768 1024 4478208 537134340 786536 603979776 18432 268435520 141328 8 536870912 1048576
shrinkage=0.224453


Tree=58
num_leaves=7
num_cat=1
split_feature=18 1 13 15 12 21
split_gain=0.457665 2.5386 1.58746 1.54069 0.498889 1.11028
threshold=2779.0000000000005 0 8308.0000000000018 79.750000000000014 211.75000000000003 190.00000000000003
decision_type=2 5 2 2 2 2
left_child=1 2 -1 -3 5 -2
right_child=4 3 -4 -5 -6 -7
leaf_value=-0.092097525976197928 -0 0.0034923800793635732 0.0061194013351691138 0.067266368918964425 0 -0.10977685290196013
leaf_count=601 203 2370 92 411 205 118
internal_value=0 0.0124298 -0.210583 0.0797909 -0.117534 -0.205531
internal_count=4000 3474 693 2781 526 321
cat_boundaries=0 7
cat_threshold=73536520 75629580 589868 34127936 268435520 786432 141316
shrinkage=0.224453


Tree=59
num_leaves=8
num_cat=1
split_feature=10 1 10 12 13 15 4
split_gain=0.472293 3.65282 1.77644 1.13415 0.910231 0.619996 0.494157
threshold=54.403800000000011 0 50.77405000000001 70.750000000000014 184.75000000000003 783.25000000000011 13754.500000000002
decision_type=2 5 2 2 2 2 2
left_child=1 6 -3 4 -2 -5 -1
right_child=3 2 -4 5 -6 -7 -8
leaf_value=-0.10402041902470241 -0 0.010255700739054151 0.10169395381611318 0.05098146784531149 -0.12792045550916359 -0.031097360066143106 -0
leaf_count=446 206 2612 191 206 174 75 90
internal_value=0 0.0151063 0.0900217 -0.121765 -0.324433 0 -0.269593
internal_count=4000 3339 2803 661 380 281 536
cat_boundaries=0 11
cat_threshold=537268304 1073750016 684458532 1073774592 2048 1024 1073809472 16777280 1 0 33554432
shrinkage=0.224453


Tree=60
num_leaves=7
num_cat=2
split_feature=18 1 18 20 17 12
split_gain=0.563238 2.26362 2.63296 1.93243 1.99014 1.72917
threshold=921.25000000000011 0 619.75000000000011 1 41077.000000000007 15.250000000000002
decision_type=2 5 2 5 2 2
left_child=1 5 -3 -2 -5 -1
right_child=3 2 -4 4 -6 -7
leaf_value=0.084208290493577392 0.045217450318819193 -0.028364130216938691 0.11621701807015551 -0.081972800761632852 0 -0
leaf_count=501 112 2055 103 711 339 179
internal_value=0 0.031799 -0.0552769 -0.0822566 -0.155206 0.202928
internal_count=4000 2838 2158 1162 1050 680
cat_boundaries=0 10 12
cat_threshold=1099296 278672 8389136 1073741832 2097296 32802 65672 335544450 32 1048832 2165391364 4096
shrinkage=0.224453


Tree=61
num_leaves=5
num_cat=1
split_feature=0 0 1 10
split_gain=0.459446 1.31921 1.76228 0.662767
threshold=18.250000000000004 13.750000000000002 0 45.064650000000007
decision_type=2 2 5 2
left_child=1 2 -1 -2
right_child=3 -3 -4 -5
leaf_value=0.028886997103198041 0.079459015584523077 -0.098621249045365983 -0.016263265876806442 -0
leaf_count=642 99 123 3080 56
internal_value=0 -0.0173172 0 0.173691
internal_count=4000 3845 3722 155
cat_boundaries=0 11
cat_threshold=538969160 1082263940 536936964 1375731728 8 32768 65668 2 0 1048576 33554432
shrinkage=0.224453


Tree=62
num_leaves=8
num_cat=2
split_feature=21 7 12 1 10 15 15
split_gain=0.37923 1.54873 1.31407 0.771162 2.9089 2.16961 0.648472
threshold=25.000000000000004 0 106.75000000000001 1 34.998900000000006 4.7500000000000009 21.250000000000004
decision_type=2 1 2 5 2 2 2
left_child=3 6 -3 5 -5 -1 -2
right_child=1 2 -4 4 -6 -7 -8
leaf_value=-0.033950056022276111 0 0.0072398253614189886 -0.073208781739133769 0.0094602821403519093 -0.092005230123398909 0.054080588811897402 0.10203516367228817
leaf_count=461 222 974 233 779 885 311 135
internal_value=0 0.0450015 -0.011466 -0.0451023 -0.127088 0.0244774 0.286517
internal_count=4000 1564 1207 2436 1664 772 357
cat_boundaries=0 1 9
cat_threshold=2 538985540 1082597516 603988612 1342193664 4194308 0 136 268435584
shrinkage=0.224453


Tree=63
num_leaves=7
num_cat=2
split_feature=18 20 20 5 16 12
split_gain=0.396741 2.45446 2.00524 1.66363 1.35416 1.08056
threshold=273.25000000000006 0 1 12580.000000000002 510.25000000000006 30.250000000000004
decision_type=2 5 5 2 2 2
left_child=2 5 -1 -3 -4 -2
right_child=1 3 4 -5 -6 -7
leaf_value=-0.039934325560128291 0.13697999610151099 -0.10870190591625969 0.014556985884609247 -0.012120977051153121 0.1199269253740001 0
leaf_count=349 67 450 1913 932 149 140
internal_value=0 -0.0515894 0.0411778 -0.145189 0.115777 0.193085
internal_count=4000 1589 2411 1382 2062 207
cat_boundaries=0 2 4
cat_threshold=2169586688 69890 2232487424 813766786
shrinkage=0.224453


Tree=64
num_leaves=7
num_cat=3
split_feature=20 0 12 21 7 2
split_gain=0.471566 1.53811 0.831056 0.746952 1.49055 1.31895
threshold=0 1.7500000000000002 1.7500000000000002 478.75000000000006 1 2
decision_type=5 2 2 2 1 5
left_child=1 2 -1 5 -5 -2
right_child=3 -3 -4 4 -6 -7
leaf_value=-0 0.0098151641297272128 0.020072394461012302 -0.13614858335013375 0 0.090449599666979408 -0.036034037064954449
leaf_count=179 1799 172 270 709 224 647
internal_value=0 -0.121438 -0.402806 0.0173401 0.1258 -0.0149069
internal_count=4000 621 449 3379 933 2446
cat_boundaries=0 3 4 6
cat_threshold=2255424832 310494400 520 1 1342243045 34152522
shrinkage=0.224453


Tree=65
num_leaves=6
num_cat=1
split_feature=20 21 21 13 6
split_gain=0.366917 0.436683 1.02221 0.537641 0.323802
threshold=0 478.75000000000006 26626.000000000004 2419.0000000000005 2001.2500000000002
decision_type=5 2 2 2 2
left_child=4 3 -3 -2 -1
right_child=1 2 -4 -5 -6
leaf_value=-0 0.0052755231196969631 0.053707082362201654 -0 -0.025546383444571694 -0.083067289026790683
leaf_count=303 1773 506 452 693 273
internal_value=0 0.0133727 0.0935735 -0.00959879 -0.119258
internal_count=4000 3424 958 2466 576
cat_boundaries=0 4
cat_threshold=2217675072 847299776 680 4
shrinkage=0.224453


Tree=66
num_leaves=7
num_cat=0
split_feature=4 18 5 6 9 10
split_gain=0.312505 1.77543 1.49731 1.35525 0.629935 0.494206
threshold=147.25000000000003 76.750000000000014 1551.2500000000002 3.2500000000000004 9.2500000000000018 52.466450000000002
decision_type=2 2 2 2 2 2
left_child=3 -2 -3 4 -1 -5
right_child=1 2 -4 5 -6 -7
leaf_value=-0.0038681312717508704 0.1169766413006128 -0.10614521996180029 0.0073099021582412266 -0.10853133296599508 0.068584721460512657 -0
leaf_count=1675 169 142 1477 283 70 184
internal_value=0 0.0355271 -0 -0.0460401 0 -0.312412
internal_count=4000 1788 1619 2212 1745 467
shrinkage=0.224453


Tree=67
num_leaves=6
num_cat=0
split_feature=12 11 18 6 4
split_gain=0.30262 0.611774 0.506177 1.65717 0.798093
threshold=364.00000000000006 36.250000000000007 2779.0000000000005 51646.000000000007 86940.250000000015
decision_type=2 2 2 2 2
left_child=2 -2 3 -1 -4
right_child=1 -3 4 -5 -6
leaf_value=-0.0096044693278214705 -0 0.076846455510096348 -0.074989729525574436 0.05134395004831744 0
leaf_count=2929 171 102 252 410 136
internal_value=0 0.142919 -0.0155302 0 -0.147311
internal_count=4000 273 3727 3339 388
shrinkage=0.224453


Tree=68
num_leaves=7
num_cat=1
split_feature=1 0 0 12 12 10
split_gain=0.319876 1.5021 1.49443 1.24836 0.900397 0.773022
threshold=0 16.750000000000004 10.750000000000002 120.25000000000001 163.75000000000003 51.296500000000002
decision_type=5 2 2 2 2 2
left_child=2 4 3 -1 -2 -4
right_child=1 -3 5 -5 -6 -7
leaf_value=0.058618685437105127 -0.0259281687596912 0.097556294268004676 -0.068027894078302578 -0.013968162307098166 0.019283410086693323 0
leaf_count=423 2660 90 154 110 517 46
internal_value=0 -0.0326809 0.049548 0.168081 -0.0690948 -0.153846
internal_count=4000 3267 733 533 3177 200
cat_boundaries=0 7
cat_threshold=536872008 8587652 536936452 1375731728 152 2 132
shrinkage=0.224453


Tree=69
num_leaves=6
num_cat=2
split_feature=2 1 15 12 8
split_gain=0.300428 1.3478 0.774048 0.681985 0.523993
threshold=0 1 783.25000000000011 48.250000000000007 114.25000000000001
decision_type=5 5 2 2 2
left_child=4 3 -3 -2 -1
right_child=1 2 -4 -5 -6
leaf_value=-0.073194594925206274 -0.0094567321012252875 0.020392029785985175 -0.023474423238123095 -0.13324814648323233 0
leaf_count=288 427 2803 228 150 104
internal_value=0 0.0120623 0.0551767 -0.166948 -0.106806
internal_count=4000 3608 3031 577 392
cat_boundaries=0 4 13
cat_threshold=741092736 66336 256 256 266768 9216 676135008 872419336 24576 262240 10244 8 536870913
shrinkage=0.224453


Tree=70
num_leaves=6
num_cat=2
split_feature=2 8 20 4 4
split_gain=0.303777 0.704308 0.505865 1.21394 1.11742
threshold=0 36.250000000000007 1 557.50000000000011 250.75000000000003
decision_type=5 2 5 2 2
left_child=1 -1 4 -4 -2
right_child=2 -3 3 -5 -6
leaf_value=0.058337931662892653 -0.036877411626136065 -0 0.045287770164923413 -0.020996595266773839 0.0030592215792970691
leaf_count=305 1590 106 538 340 1121
internal_value=0 0.0825381 -0.0225571 0.0443419 -0.0618545
internal_count=4000 411 3589 878 2711
cat_boundaries=0 2 5
cat_threshold=4198516 4857858 75303937 815879296 128
shrinkage=0.224453


Tree=71
num_leaves=6
num_cat=3
split_feature=1 5 2 1 18
split_gain=0.249735 0.419255 0.376175 1.65371 1.01633
threshold=0 1.7500000000000002 1 2 1576.0000000000002
decision_type=5 2 5 5 2
left_child=1 -1 4 -4 -2
right_child=2 -3 3 -5 -6
leaf_value=0 0.08960676813016985 -0.064690839059486985 -0.045823755973764452 0.0087796724021755954 -0
leaf_count=315 183 304 565 2482 151
internal_value=0 -0.0910932 0.00866267 -0.00277619 0.117949
internal_count=4000 619 3381 3047 334
cat_boundaries=0 11 15 24
cat_threshold=343937792 263170 143130688 604045320 0 1879310368 133136 16384 536870912 1179648 8 1073745972 139778 0 256 4621408 545325060 262152 1342177344 26624 524352 73792 285212680 1
shrinkage=0.224453


Tree=72
num_leaves=6
num_cat=1
split_feature=0 1 12 4 10
split_gain=0.352809 0.825356 1.33924 0.507904 0.385708
threshold=18.250000000000004 0 1.7500000000000002 254.50000000000003 45.064650000000007
decision_type=2 5 2 2 2
left_child=1 2 -1 -3 -2
right_child=4 3 -4 -5 -6
leaf_value=0 0.061663100988903853 -0.010621987273085521 -0.10713201954650929 0.014824833766331289 -0
leaf_count=287 99 1808 313 1437 56
internal_value=0 -0.019685 -0.166515 0.0039484 0.144523
internal_count=4000 3845 600 3245 155
cat_boundaries=0 10
cat_threshold=67113728 263426 4718704 67108864 268435520 1879048224 2048 67125248 536879136 131072
shrinkage=0.224453


Tree=73
num_leaves=6
num_cat=3
split_feature=20 17 2 1 3
split_gain=0.284866 0.351161 0.330977 1.63116 0.0656687
threshold=0 799.75000000000011 1 2 94.750000000000014
decision_type=5 2 5 5 2
left_child=1 -1 4 -4 -2
right_child=2 -3 3 -5 -6
leaf_value=-0 -0.044175537555850033 -0.068480941192694836 -0.045372670522330835 0.016770414767099104 -0
leaf_count=410 308 244 543 2436 59
internal_value=0 -0.0956675 0.00897222 0.0311734 -0.0875429
internal_count=4000 654 3346 2979 367
cat_boundaries=0 4 7 16
cat_threshold=70061124 849461984 520 4 950283536 256 1024 272912400 1610883072 786440 1677758528 268460032 262144 10256 24 536870913
shrinkage=0.224453


Tree=74
num_leaves=7
num_cat=1
split_feature=18 1 15 16 18 19
split_gain=0.250409 2.10588 2.27333 0.745136 0.348347 0.0869858
threshold=1511.5000000000002 0 79.750000000000014 16378.750000000002 5588.5000000000009 285.25000000000006
decision_type=2 5 2 2 2 2
left_child=1 -1 -3 5 -5 -2
right_child=3 2 -4 4 -6 -7
leaf_value=-0.050083944943506535 -0.083390537728040198 0.0010693298507730513 0.09060467050870219 0.018981085279526598 -0.027347756697938399 -0
leaf_count=554 216 2363 304 236 220 107
internal_value=0 0.00871368 0.0698883 -0.0726572 0 -0.275043
internal_count=4000 3221 2667 779 456 323
cat_boundaries=0 8
cat_threshold=69341192 1149371404 537403396 38322176 64 1088 131076 1064968
shrinkage=0.224453


Tree=75
num_leaves=7
num_cat=3
split_feature=17 4 20 7 20 4
split_gain=0.241157 1.65684 1.4444 1.29544 0.640937 0.376188
threshold=1.7500000000000002 160.75000000000003 0 1 2 24821.500000000004
decision_type=2 2 5 1 5 2
left_child=1 4 5 -4 -1 -2
right_child=2 -3 3 -5 -6 -7
leaf_value=-0.018303886531127113 0 0.10235804392074077 -0 -0.059113807851424983 0.017748440245843943 0.11451709921276464
leaf_count=1376 155 196 946 727 540 60
internal_value=0 0.0237796 -0.0446074 -0.101207 -0.0048663 0.16361
internal_count=4000 2112 1888 1673 1916 215
cat_boundaries=0 2 3 5
cat_threshold=2169589824 2166784 2 2164329553 278990850
shrinkage=0.224453


Tree=76
num_leaves=6
num_cat=2
split_feature=20 2 21 14 4
split_gain=0.231047 0.479555 0.556077 0.495614 0.302163
threshold=0 1 14005.750000000002 1.7500000000000002 4602.2500000000009
decision_type=5 5 2 2 2
left_child=4 3 -3 -2 -1
right_child=1 2 -4 -5 -6
leaf_value=-0.051878185481497335 -0 0 0.036459283219015995 -0.073901794360692719 0
leaf_count=420 270 2475 491 169 175
internal_value=0 0.0060633 0.0341314 -0.10109 -0.0887099
internal_count=4000 3405 2966 439 595
cat_boundaries=0 3 6
cat_threshold=2789805376 312574664 544 950283664 800 32
shrinkage=0.224453


Tree=77
num_leaves=8
num_cat=3
split_feature=1 18 5 17 19 1 20
split_gain=0.278807 1.69482 1.42771 1.36672 1.32479 1.20075 1.09951
threshold=0 701.50000000000011 9682.7500000000018 43639.750000000007 412.00000000000006 1 2
decision_type=5 2 2 2 2 5 5
left_child=2 6 5 -3 -4 -1 -2
right_child=1 3 4 -5 -6 -7 -8
leaf_value=0.01789924112594268 -0.041064110210214944 -0.089269338046535598 0.080040661256731441 -0 -0 -0.039824164012304319 0.020770795346293412
leaf_count=369 192 665 208 278 88 327 1873
internal_value=0 -0.0374548 0.0360709 -0.213619 0.219727 -0.046417 0.0365621
internal_count=4000 3008 992 943 296 696 2065
cat_boundaries=0 8 14 16
cat_threshold=3146824 1149708684 536944644 1375731728 16392 131072 65668 128 3146760 67371404 0 0 0 131072 2233486336 276893824
shrinkage=0.224453


end of trees

feature importances:
c_02=69
n_table_1.n_20=33
n_table_1.n_15=31
c_table_1.c_4=29
n_table_1.n_2=29
c_table_2.c_4=28
n_table_1.n_7=27
n_1=24
n_table_1.n_12=18
n_table_1.n_18=17
n_table_1.n_3=16
n_table_1.n_9=16
n_table_3.n_3=15
n_table_1.n_16=14
n_table_1.n_17=14
n_table_1.n_19=13
c_table_2.c_1=8
n_table_1.n_10=6
n_table_1.n_26=6
n_table_1.n_8=5
n_table_2.n_13=3
n_table_2.n_14=1

parameters:
[boosting: gbdt]
[objective: binary]
[metric: auc]
[tree_learner: serial]
[device_type: cpu]
[data: ]
[valid: ]
[num_iterations: 100]
[learning_rate: 0.224453]
[num_leaves: 55]
[num_threads: 4]
[max_depth: 3]
[min_data_in_leaf: 20]
[min_sum_hessian_in_leaf: 4.66966]
[bagging_fraction: 1]
[bagging_freq: 0]
[bagging_seed: 3]
[feature_fraction: 0.7]
[feature_fraction_seed: 2]
[early_stopping_round: 0]
[max_delta_step: 0]
[lambda_l1: 1.32019]
[lambda_l2: 0.832338]
[min_gain_to_split: 0]
[drop_rate: 0.1]
[max_drop: 50]
[skip_drop: 0.5]
[xgboost_dart_mode: 0]
[uniform_drop: 0]
[drop_seed: 4]
[top_rate: 0.2]
[other_rate: 0.1]
[min_data_per_group: 100]
[max_cat_threshold: 32]
[cat_l2: 10]
[cat_smooth: 10]
[max_cat_to_onehot: 4]
[top_k: 20]
[monotone_constraints: ]
[feature_contri: ]
[forcedsplits_filename: ]
[refit_decay_rate: 0.9]
[verbosity: -1]
[max_bin: 255]
[min_data_in_bin: 3]
[bin_construct_sample_cnt: 200000]
[histogram_pool_size: -1]
[data_random_seed: 1]
[output_model: LightGBM_model.txt]
[snapshot_freq: -1]
[input_model: ]
[output_result: LightGBM_predict_result.txt]
[initscore_filename: ]
[valid_data_initscores: ]
[pre_partition: 0]
[enable_bundle: 1]
[max_conflict_rate: 0]
[is_enable_sparse: 1]
[sparse_threshold: 0.8]
[use_missing: 1]
[zero_as_missing: 0]
[two_round: 0]
[save_binary: 0]
[enable_load_from_binary_file: 1]
[header: 0]
[label_column: ]
[weight_column: ]
[group_column: ]
[ignore_column: ]
[categorical_feature: ]
[predict_raw_score: 0]
[predict_leaf_index: 0]
[predict_contrib: 0]
[num_iteration_predict: -1]
[pred_early_stop: 0]
[pred_early_stop_freq: 10]
[pred_early_stop_margin: 10]
[convert_model_language: ]
[convert_model: gbdt_prediction.cpp]
[num_class: 1]
[is_unbalance: 0]
[scale_pos_weight: 1]
[sigmoid: 1]
[boost_from_average: 1]
[reg_sqrt: 0]
[alpha: 0.9]
[fair_c: 1]
[poisson_max_delta_step: 0.7]
[tweedie_variance_power: 1.5]
[max_position: 20]
[label_gain: ]
[metric_freq: 1]
[is_provide_training_metric: 0]
[eval_at: ]
[num_machines: 1]
[local_listen_port: 12400]
[time_out: 120]
[machine_list_filename: ]
[machines: ]
[gpu_platform_id: -1]
[gpu_device_id: -1]
[gpu_use_dp: 0]

end of parameters

pandas_categorical:[[0, 1, 2, 3, 4, 5, 6, 7, 8, 9, 10, 11, 12, 13, 14, 15, 16, 17, 18, 19, 20, 21, 22, 23, 24, 25, 26, 27, 28, 29, 30, 31, 32, 33, 34, 35, 36, 37, 38, 39, 40, 41, 42, 43, 44, 45, 46, 47, 48, 49, 50, 51, 52, 53, 54, 55, 56, 57, 58, 59, 60, 61, 62, 63, 64, 65, 66, 67, 68, 69, 70, 71, 72, 73, 74, 75, 76, 77, 78, 79, 80, 81, 82, 83, 84, 85, 86, 87, 88, 89, 90, 91, 92, 93, 94, 95, 96, 97, 98, 99, 100, 101, 102, 103, 104, 105, 106, 107, 108, 109, 110, 111, 112, 113, 114, 115, 116, 117, 118, 119, 120, 121, 122, 123, 124, 125, 126, 127, 128, 129, 130, 131, 132, 133, 134, 135, 136, 137, 138, 139, 140, 141, 142, 143, 144, 145, 146, 147, 148, 149, 150, 151, 152, 153, 154, 155, 156, 157, 158, 159, 160, 161, 162, 163, 164, 165, 166, 167, 168, 169, 170, 171, 172, 173, 174, 175, 176, 177, 178, 179, 180, 181, 182, 183, 184, 185, 186, 187, 188, 189, 190, 191, 192, 193, 194, 195, 196, 197, 198, 199, 200, 201, 202, 203, 204, 205, 206, 207, 208, 209, 210, 211, 212, 213, 214, 215, 216, 217, 218, 219, 220, 221, 222, 223, 224, 225, 226, 227, 228, 229, 230, 231, 232, 233, 234, 235, 236, 237, 238, 239, 240, 241, 242, 243, 244, 245, 246, 247, 248, 249, 250, 251, 252, 253, 254, 255, 256, 257, 258, 259, 260, 261, 262, 263, 264, 265, 266, 267, 268, 269, 270, 271, 272, 273, 274, 275, 276, 277, 278, 279, 280, 281, 282, 283, 284, 285, 286, 287, 288, 289, 290, 291, 292, 293, 294, 295, 296, 297, 298, 299, 300, 301, 302, 303, 304, 305, 306, 307, 308, 309, 310, 311, 312, 313, 314, 315, 316, 317, 318, 319, 320, 321, 322, 323, 324, 325, 326, 327, 328, 329, 330, 331, 332, 333, 334, 335, 336, 337, 338, 339, 340, 341, 342, 343, 344, 345, 346, 347, 348, 349, 350, 351, 352, 353, 354, 355, 356, 357, 358, 359, 360, 361, 362, 363, 364, 365, 366, 367, 368, 369, 370, 371, 372, 373, 374, 375, 376, 377, 378, 379, 380, 381, 382, 383, 384, 385, 386, 387, 388, 389, 390, 391, 392, 393, 394, 395, 396, 397, 398, 399, 400, 401, 402, 403, 404, 405, 406, 407, 408, 409, 410, 411, 412, 413, 414, 415, 416, 417, 418, 419, 420, 421, 422, 423, 424, 425, 426, 427, 428, 429, 430, 431, 432, 433, 434, 435, 436, 437, 438, 439, 440, 441, 442, 443, 444, 445, 446, 447, 448, 449, 450, 451, 452, 453, 454, 455, 456, 457, 458, 459, 460, 461, 462, 463, 464, 465, 466, 467, 468, 469, 470, 471, 472, 473, 474, 475, 476, 477, 478, 479, 480, 481, 482, 483, 484, 485, 486, 487, 488, 489, 490, 491, 492, 493, 494, 495, 496, 497, 498, 499, 500, 501, 502, 503, 504, 505, 506, 507, 508, 509, 510, 511, 512, 513, 514, 515, 516, 517, 518, 519, 520, 521, 522, 523, 524, 525, 526, 527, 528, 529, 530, 531, 532, 533, 534, 535, 536, 537, 538, 539, 540, 541, 542, 543, 544, 545, 546, 547, 548, 549, 550, 551, 552, 553, 554, 555, 556, 557, 558], [0, 1, 2, 3, 4, 5, 6, 7, 8, 9, 10, 11, 12, 13, 14, 15, 16, 17, 18, 19, 20, 21, 22, 23, 24, 25, 26, 27, 28, 29, 30, 31, 32, 33, 34, 35, 36, 37, 38, 39, 40, 41, 42, 43, 44, 45, 46, 47, 48, 49, 50, 51, 52, 53, 54, 55, 56, 57, 58, 59, 60, 61, 62, 63, 64, 65, 66, 67, 68, 69, 70, 71, 72, 73, 74, 75, 76, 77, 78, 79, 80, 81, 82, 83, 84, 85, 86, 87, 88, 89, 90, 91, 92, 93, 94, 95, 96, 97, 98, 99, 100, 101, 102, 103, 104, 105, 106, 107, 108, 109, 110, 111, 112, 113, 114, 115, 116, 117, 118, 119, 120, 121, 122, 123, 124, 125, 126, 127, 128, 129, 130, 131, 132, 133, 134, 135, 136, 137, 138, 139, 140, 141, 142, 143, 144, 145, 146, 147, 148, 149, 150, 151], [0, 1], [0, 1, 2, 3, 4, 5, 6, 7, 8, 9, 10, 11, 12, 13, 14, 15, 16, 17, 18, 19, 20, 21, 22, 23, 24, 25, 26, 27, 28, 29, 30, 31, 32, 33, 34, 35, 36, 37, 38, 39, 40, 41, 42, 43, 44, 45, 46, 47, 48, 49, 50, 51, 52, 53, 54, 55, 56, 57, 58, 59, 60, 61, 62, 63, 64, 65, 66, 67, 68, 69, 70, 71, 72, 73, 74, 75, 76, 77, 78, 79, 80, 81, 82, 83, 84, 85, 86, 87, 88, 89, 90, 91, 92, 93, 94, 95, 96, 97, 98, 99, 100, 101, 102, 103, 104, 105, 106, 107, 108, 109, 110, 111, 112, 113, 114, 115, 116, 117, 118, 119, 120, 121, 122, 123, 124, 125, 126, 127, 128, 129, 130, 131, 132, 133]]
