tree
version=v2
num_class=1
num_tree_per_iteration=1
label_index=0
max_feature_idx=21
objective=binary sigmoid:1
feature_names=n_1 c_02 c_table_1.c_4 n_table_1.n_8 n_table_1.n_15 n_table_1.n_18 n_table_1.n_19 c_table_2.c_1 n_table_2.n_13 n_table_2.n_14 n_table_1.n_2 n_table_1.n_3 n_table_1.n_7 n_table_1.n_9 n_table_1.n_10 n_table_1.n_12 n_table_1.n_16 n_table_1.n_17 n_table_1.n_20 n_table_1.n_26 c_table_2.c_4 n_table_3.n_3
feature_infos=[1:335.5] 40:3:68:15:50:10:80:6:35:91:9:5:12:20:165:46:2:48:69:34:83:58:62:87:115:73:77:225:252:45:126:132:149:61:66:111:209:102:196:36:37:39:208:29:124:135:203:121:22:42:71:82:99:108:156:194:14:33:49:70:93:110:118:195:296:308:4:26:28:238:261:55:86:90:150:175:177:199:231:250:18:21:67:125:138:23:131:134:141:161:205:220:228:230:244:285:7:17:38:43:59:122:139:142:166:170:179:198:222:256:345:57:227:248:8:98:100:112:130:144:151:178:188:189:190:269:305:323:11:75:92:116:146:164:186:213:214:268:312:349:377:1:44:63:101:123:154:176:206:212:216:232:251:273:275:354:13:54:65:74:79:84:95:114:120:133:145:153:162:173:181:187:192:211:243:262:277:318:324:334:361:366:368:0:31:104:109:148:169:202:204:239:283:293:295:310:322:380:393:399:19:32:53:94:106:127:140:158:167:172:207:229:234:240:246:264:284:289:291:292:297:306:309:338:350:359:374:386:407:52:72:81:103:107:113:117:180:182:233:236:237:247:255:257:266:267:271:274:282:286:288:301:304:315:336:375:400:418:478:498:24:25:27:30:60:78:105:119:136:137:143:147:163:168:171:174:185:191:217:218:221:224:226:235:249:254:260:263:272:279:280:281:300:302:320:332:337:340:347:351:356:376:378:383:387:392:394:397:414:420:424:430:433:438:442:453:457:462:467:476:479:481 4:0:10:12:2:11:7:5:45:51:35:8:18:23:33:40:77:30:37:38:41:57:29:28:16:74:62:49:13:21:48:104:6:69:22:26:39:54:19:27:72:87:95:3:31:55:56:106:15:17:60:61:96:103:92:25:66:67:78:80:81:93:94:109:113:117:122:1:24:44:46:47:53:59:65:83:84:99:112:121:133:14:20:36:63:70:82:97:102:116:136:32:34:42:52:58:64:71:75:85:90:98:107:111:115:124:129:130:131:132 [1:244588] [1:274774] [1:574087] [1:1285890] 1:0 [1:395101] [1:275.5] [-49.8874:81.708399999999997] [1:175] [1:38456.5] [1:1556770] [1:68.5] [1:8524] [1:249100] [1:448222] [1:19936] [1:121640] 20:0:2:33:16:38:10:8:24:31:6:53:18:21:44:48:26:35:55:12:39:40:14:43:61:42:60:17:22:11:29:9:3:4:37:19:41:67:47:46:49:25:71:98:27:69:57:73:1:30:52:100:59:62:63:77:106:45:56:87:92:103:7:15:32:58:80:82:94:34:65:66:68:74:75:79:84:97:107:112:13:51:54:64:70:76:85:91:95:109 [1:509664]
tree_sizes=675 916 926 847 941 906 971 1026 1106 1184 1138 864 773 1223 1102 989 1222 1194 701 689 836 925 940 765 941

Tree=0
num_leaves=7
num_cat=2
split_feature=6 20 2 5 18 10
split_gain=37.8561 28.7981 6.99978 4.94753 5.25661 3.16862
threshold=346413.00000000006 0 1 29513.500000000004 3314.5000000000005 34.817550000000004
decision_type=2 5 5 2 2 2
left_child=1 -1 -3 5 -5 -4
right_child=-2 2 3 4 -6 -7
leaf_value=-2.752781433759079 -2.6846646728426209 -2.788178158774139 -2.8280333721107835 -2.783393783592536 -2.8439878575520887 -2.8525707973813845
leaf_count=260 153 163 1274 273 154 923
internal_value=0 -0.116066 -0.263642 -0.329818 0.0389304 -0.435729
internal_count=3200 3047 2787 2624 427 2197
cat_boundaries=0 2 5
cat_threshold=17842200 131626 1354764288 139808 1024
shrinkage=1


Tree=1
num_leaves=9
num_cat=3
split_feature=1 16 4 7 3 21 21 1
split_gain=82.7736 19.7963 18.9245 5.68173 4.9439 3.7643 2.95605 2.49396
threshold=0 37876.000000000007 1622.5000000000002 1 150.25000000000003 18401.500000000004 39151.000000000007 2
decision_type=5 2 2 1 2 2 2 5
left_child=2 4 3 -1 5 7 -7 -2
right_child=1 -3 -4 -5 -6 6 -8 -9
leaf_value=0.0022088733682694224 0.0025116039952103389 0.057338713523327617 0.16251463915839312 0.078000099072233695 0.0079269874261648169 0.01850019835738817 -0.027082739013978088 -0.0431414862335113
leaf_count=159 202 171 231 232 174 151 246 1634
internal_value=0 -0.358742 1.18973 0.799476 -0.496484 -0.553107 -0.110653 -0.63807
internal_count=3200 2578 622 391 2407 2233 397 1836
cat_boundaries=0 10 11 19
cat_threshold=538968260 1073766788 545333764 1107296256 12599432 131072 65664 67108864 32 1048832 2 16928 262160 128 268435456 2097152 0 0 128
shrinkage=0.0653891


Tree=2
num_leaves=9
num_cat=3
split_feature=1 6 18 20 1 12 8 14
split_gain=70.2057 22.3587 14.0777 7.24456 4.78148 3.30121 1.08034 0.0987126
threshold=0 350007.50000000006 104.50000000000001 1 2 16.750000000000004 36.250000000000007 1.7500000000000002
decision_type=5 2 2 5 5 2 2 2
left_child=2 3 -1 4 -2 6 -5 -6
right_child=1 -3 -4 5 7 -7 -8 -9
leaf_value=0.045652739013186242 0.0027444712677552239 0.072645198475110695 0.15206030840027429 0 -0.049721721257767054 -0.020985607253319653 0.032623968480361608 -0.022063555908976479
leaf_count=244 304 136 226 191 1439 237 201 222
internal_value=0 -0.30136 1.20113 -0.429816 -0.535316 0.0259229 0.294551 -0.644763
internal_count=3200 2730 470 2594 1965 629 392 1661
cat_boundaries=0 10 12 21
cat_threshold=536870976 1073750404 536945156 1107296256 16512 0 65664 67108864 0 1048832 2219382789 813796800 33440 212992 0 268435456 6291456 131072 8 268435456 32
shrinkage=0.0653891


Tree=3
num_leaves=8
num_cat=2
split_feature=1 16 18 1 3 5 10
split_gain=59.939 15.1973 9.10003 5.49476 3.28952 2.30951 1.18026
threshold=0 37876.000000000007 104.50000000000001 1 136.75000000000003 536.50000000000011 47.101250000000007
decision_type=5 2 2 5 2 2 2
left_child=2 3 -1 5 6 -2 -5
right_child=1 -3 -4 4 -6 -7 -8
leaf_value=0.037292444167253413 -0.0079605108496747842 0.046499668193970653 0.11331911549736454 -0.032783148040230373 0 0.031796941994676038 -0.057776167242460721
leaf_count=299 265 174 275 1402 155 151 479
internal_value=0 -0.316013 0.977846 -0.444534 -0.516011 0.0578335 -0.618845
internal_count=3200 2626 574 2452 2036 416 1881
cat_boundaries=0 10 19
cat_threshold=538968132 1073766788 612442628 1107296256 8405120 0 65664 67108864 0 1048832 49824 458768 128 268435456 6291480 131072 8 268435584 32
shrinkage=0.0653891


Tree=4
num_leaves=9
num_cat=2
split_feature=1 4 6 3 1 21 6 6
split_gain=51.8008 12.0116 11.5703 5.54492 5.74907 5.9246 2.64352 2.02552
threshold=0 4204.7500000000009 350007.50000000006 150.25000000000003 1 18401.500000000004 1.7500000000000002 558.25000000000011
decision_type=5 2 2 2 5 2 2 2
left_child=1 6 3 4 7 -6 -1 -2
right_child=2 -3 -4 -5 5 -7 -8 -9
leaf_value=0.058590797686289921 -0.0090018128666645558 0.12566902710225836 0.045038310112866284 0.014779645249659988 -0.048385715492310979 -0.0038057246851433118 0.0091034384143315605 0.027928411579561559
leaf_count=243 232 157 126 188 1535 376 172 171
internal_value=0 0.882237 -0.302862 -0.410065 -0.475576 -0.552305 0.618254 0.0564086
internal_count=3200 572 2628 2502 2314 1911 415 403
cat_boundaries=0 10 19
cat_threshold=606076996 1073750404 545333764 1107296256 12599424 131072 65664 67108864 0 1048832 50848 278544 128 268435456 2097168 0 0 268451968 32
shrinkage=0.0653891


Tree=5
num_leaves=9
num_cat=3
split_feature=1 5 18 20 21 1 0 18
split_gain=44.8657 13.1252 8.3876 4.45613 5.08049 3.19453 1.10322 0.489466
threshold=0 113580.00000000001 104.50000000000001 1 18401.500000000004 2 1.7500000000000002 9.2500000000000018
decision_type=5 2 2 5 2 5 2 2
left_child=2 3 6 5 7 -2 -1 -5
right_child=1 -3 -4 4 -6 -7 -8 -9
leaf_value=0.038560763638520713 0.00089341388943054172 0.03931250752276795 0.091484803381372687 -0 0.032483434291121056 -0.040810833970500476 0.00020722197545266997 -0.028088769769262372
leaf_count=171 287 197 281 172 214 1498 137 243
internal_value=0 -0.292019 0.792032 -0.423094 -0 -0.514984 0.384874 -0.301062
internal_count=3200 2611 589 2414 629 1785 308 415
cat_boundaries=0 10 12 21
cat_threshold=538968260 1073766784 612442628 1107296256 12599424 0 65672 67108864 0 1048832 67704837 813764032 34336 393216 0 0 2097152 131072 0 0 32
shrinkage=0.0653891


Tree=6
num_leaves=9
num_cat=3
split_feature=1 6 1 4 0 3 1 16
split_gain=39.881 20.2747 7.1048 5.28372 3.95487 3.86839 2.24719 0.471163
threshold=0 359479.00000000006 1 2156.5000000000005 10.750000000000002 136.75000000000003 2 1984.0000000000002
decision_type=5 2 5 2 2 2 5 2
left_child=4 2 3 6 -1 7 -2 -4
right_child=1 -3 5 -5 -6 -7 -8 -9
leaf_value=0.10055697640081052 0.0094709620388592746 0.071449178316828163 -0.030638327597519617 0.036558321167905181 0.029132262609112662 0.0036654851817879276 -0.020881404235448195 -0.051775575477205404
leaf_count=233 165 119 1455 210 119 155 284 460
internal_value=0 -0.223609 -0.345042 0.0502569 0.91912 -0.46223 -0.188841 -0.570664
internal_count=3200 2848 2729 659 352 2070 449 1915
cat_boundaries=0 10 19 27
cat_threshold=536870976 1073742208 65536 1107296256 16512 0 65664 67108864 0 1048832 50848 483344 612377220 268435456 6291472 131104 8 268451968 32 17920 16 67109504 0 2097168 131072 0 268435456
shrinkage=0.0653891


Tree=7
num_leaves=11
num_cat=3
split_feature=1 5 20 21 12 0 14 1 21 15
split_gain=34.9263 10.4043 10.0962 4.78063 4.6767 5.76725 4.53987 1.97718 0.992298 0.928322
threshold=0 40848.250000000007 1 18401.500000000004 37.750000000000007 1.7500000000000002 1.7500000000000002 2 7720.7500000000009 12.250000000000002
decision_type=5 2 5 2 2 2 2 5 2 2
left_child=1 4 6 9 5 -1 7 -2 -9 -4
right_child=2 -3 3 -5 -6 -7 -8 8 -10 -11
leaf_value=0.077797308876893068 0 0.11859645789242411 -0.01557040234485977 0.044407688235836518 0 0.0061124188171580275 0 -0.051132346474838365 -0.017290878811977439 0.0087906893959535607
leaf_count=182 277 84 260 223 158 153 283 1155 252 173
internal_value=0 0.674708 -0.267759 0.162594 0.518709 0.771739 -0.434729 -0.576906 -0.612777 -0.0458353
internal_count=3200 577 2623 656 493 335 1967 1684 1407 433
cat_boundaries=0 10 12 19
cat_threshold=606076996 1073750404 604054020 1107296256 8405120 131072 65668 67108864 32 1048832 2219378949 813731264 1050144 65544 16 0 6291456 0 8
shrinkage=0.0653891


Tree=8
num_leaves=11
num_cat=4
split_feature=1 6 1 20 5 4 6 10 14 1
split_gain=31.0439 13.6636 6.4976 5.99587 4.88799 3.80733 4.70344 2.23143 0.646724 0.438857
threshold=0 359479.00000000006 1 2 2255.5000000000005 6556.7500000000009 847.75000000000011 29.971700000000002 1.7500000000000002 3
decision_type=5 2 5 5 2 2 2 2 2 5
left_child=5 2 4 8 9 6 -1 -5 -4 -2
right_child=1 -3 3 7 -6 -7 -8 -9 -10 -11
leaf_value=0.060814207941569408 -0.015025013628867323 0.054998834822453248 -0.047490668544468977 0.022152061136955285 0.037998849539512131 0.099559476622325713 -0 -0.01333382349944023 -0.014993780966988821 0.00066612348584375067
leaf_count=190 170 116 1373 243 196 95 101 313 210 193
internal_value=0 -0.214302 -0.322569 -0.427694 0.0813788 0.745638 0.600743 0.00741102 -0.588174 -0.175659
internal_count=3200 2814 2698 2139 559 386 291 556 1583 363
cat_boundaries=0 10 19 21 29
cat_threshold=536870976 1073742208 536936452 1107296256 16512 0 65664 67108864 0 1048832 50848 483344 75506304 268435456 6291456 131072 8 16512 32 2215188485 813764032 32800 327680 8397312 0 0 0 0 16384
shrinkage=0.0653891


Tree=9
num_leaves=13
num_cat=4
split_feature=1 21 7 6 10 1 7 6 14 21 16 10
split_gain=26.9997 8.8874 9.12931 5.25401 4.51394 4.04004 3.19555 1.73608 1.09348 0.642621 0.233234 0.176456
threshold=0 25.000000000000004 1 56427.250000000007 35.032850000000003 2 3 558.25000000000011 1.7500000000000002 18401.500000000004 2122.7500000000005 35.266050000000007
decision_type=5 2 1 2 2 5 1 2 2 2 2 2
left_child=3 5 4 6 9 7 -1 -2 -7 -3 -6 -8
right_child=1 2 -4 -5 10 8 11 -9 -10 -11 -12 -13
leaf_value=-0 -0.016629699520875108 -0 0.048914774393688347 0.08131522622717198 -0.011272979224192795 -0.049296773396506247 0.022248845504019024 0.018751526919914448 -0.011979687237183791 0.020443037650156801 -0.045087437236887212 0.057481594417041953
leaf_count=166 180 203 259 128 179 1076 170 192 182 171 190 104
internal_value=0 -0.241832 0.055391 0.57767 -0.189014 -0.478083 0.41494 0.00841815 -0.572955 0.131816 -0.531168 0.63846
internal_count=3200 2632 1002 568 743 1630 440 372 1258 374 369 274
cat_boundaries=0 10 11 20 21
cat_threshold=606076996 1073750404 612442244 1107296256 8405120 0 65668 67108864 0 1048832 1 50208 213008 512 268435456 6291456 0 8 268435584 32 2
shrinkage=0.0653891


Tree=10
num_leaves=12
num_cat=3
split_feature=1 2 14 18 5 12 10 0 1 9 17
split_gain=24.2885 8.26351 6.8553 6.12252 5.88855 4.51061 3.87127 3.52642 1.62808 1.11968 0.00504609
threshold=0 1 1.7500000000000002 733.75000000000011 40848.250000000007 37.750000000000007 36.471150000000002 1.7500000000000002 2 1.7500000000000002 1.7500000000000002
decision_type=5 5 2 2 2 2 2 2 5 2 2
left_child=4 6 3 -3 5 7 8 -1 -2 -10 -8
right_child=1 2 -4 -5 -6 -7 10 -9 9 -11 -12
leaf_value=0.063025530893864604 0.0062947664087375415 0.030681856382390679 0.048413743655050273 -0.034606036588697972 0.090210861731500308 -0.0014547051697750707 -0.018638730934730199 0.0059736313558882486 -0.027342758165642161 -0 -0.051484523017354879
leaf_count=184 202 189 240 276 79 144 191 145 845 180 525
internal_value=0 -0.228405 0.146892 -0.120463 0.550635 0.423074 -0.387127 0.65802 -0.231121 -0.280721 -0.705466
internal_count=3200 2648 705 465 552 473 1943 329 1227 1025 716
cat_boundaries=0 10 13 16
cat_threshold=606076996 1073742212 604053636 1107296256 4210816 131072 65668 67108864 32 1048832 805569797 1107296584 8192 1081888 278536 528
shrinkage=0.0653891


Tree=11
num_leaves=8
num_cat=2
split_feature=1 6 3 1 21 6 0
split_gain=21.7084 14.8569 5.86711 7.56738 4.62141 3.72993 2.48333
threshold=0 359479.00000000006 115.00000000000001 1 18401.500000000004 558.25000000000011 12.250000000000002
decision_type=5 2 2 5 2 2 2
left_child=6 2 3 5 -5 -2 -1
right_child=1 -3 -4 4 -6 -7 -8
leaf_value=0.064106897754681397 -0.011556904053591539 0.057965285094652243 0.021371603059046344 -0.043357594695876446 -0.0031061805816741091 0.032385798263932258 0.012568085743568217
leaf_count=244 291 119 209 1613 388 228 108
internal_value=0 -0.180269 -0.29498 -0.366935 -0.484584 0.0947017 0.619883
internal_count=3200 2848 2729 2520 2001 519 352
cat_boundaries=0 10 19
cat_threshold=536870976 1073742208 65536 1107296256 16512 0 65664 67108864 0 1048832 50848 286744 8389248 268435456 6291472 131072 0 268451968 32
shrinkage=0.0653891


Tree=12
num_leaves=8
num_cat=2
split_feature=4 20 2 10 16 16 21
split_gain=13.3592 10.0531 4.26232 2.89523 5.95569 2.75852 0.643336
threshold=108301.00000000001 0 1 34.817550000000004 241.75000000000003 28.750000000000004 25.000000000000004
decision_type=2 5 5 2 2 2 2
left_child=1 5 -3 6 -5 -1 -4
right_child=-2 2 3 4 -6 -7 -8
leaf_value=0.012743361234178508 0.07543253129294071 0.018733231634154496 -0.0095771950728488486 -0.050539166411614093 -0.0088753831269979752 0.069256965540204066 0.0028531486313289568
leaf_count=157 101 152 841 543 831 103 472
internal_value=0 -0.0623457 -0.167789 -0.224676 -0.380929 0.449373 -0.0617727
internal_count=3200 3099 2839 2687 1374 260 1313
cat_boundaries=0 2 4
cat_threshold=17842184 135690 1086328832 139808
shrinkage=0.0653891


Tree=13
num_leaves=13
num_cat=2
split_feature=1 21 16 4 19 18 18 1 4 17 14 0
split_gain=18.4977 8.32959 9.4805 4.34635 5.64404 6.55051 4.17749 3.73151 2.47485 0.467606 0.439395 0.314575
threshold=0 25.000000000000004 18608.500000000004 25779.250000000004 4.7500000000000009 104.50000000000001 921.25000000000011 1 147.25000000000003 780.25000000000011 1.7500000000000002 1.7500000000000002
decision_type=5 2 2 2 2 2 2 5 2 2 2 2
left_child=3 7 6 4 5 11 8 9 -3 -2 -9 -1
right_child=1 2 -4 -5 -6 -7 -8 10 -10 -11 -12 -13
leaf_value=0.018531565732168614 -0.0057753178076699998 -0.0073354396951112039 0.061770862334491479 0.079800810423565738 -0.01395997102531684 0.078807928705636257 -0.046399877093369832 -0.048875896339697987 0.030942728580429218 0.011941118957614736 -0.014914650483084468 0
leaf_count=166 251 550 134 68 98 109 173 1023 183 142 174 129
internal_value=0 -0.206392 0.0686701 0.463414 0.368035 0.577836 -0.121084 -0.452125 0.0200969 0 -0.558511 0.185742
internal_count=3200 2630 1040 570 502 404 906 1590 733 393 1197 295
cat_boundaries=0 10 19
cat_threshold=538984676 1073742212 604053508 1107296256 8405120 0 65672 67108992 0 1048832 33792 483344 640 268435456 6291456 0 0 268435456 32
shrinkage=0.0653891


Tree=14
num_leaves=12
num_cat=3
split_feature=1 16 21 7 12 1 4 5 18 17 0
split_gain=16.5743 8.11553 3.98533 4.43194 3.44914 3.422 2.99671 1.8479 1.83533 0.580365 0.328669
threshold=0 37876.000000000007 25.000000000000004 1 16.750000000000004 2 23104.000000000004 13700.500000000002 104.50000000000001 20.500000000000004 1.7500000000000002
decision_type=5 2 2 1 2 5 2 2 2 2 2
left_child=6 2 5 4 -4 9 7 8 10 -2 -1
right_child=1 -3 3 -5 -6 -7 -8 -9 -10 -11 -12
leaf_value=0.021008176083741198 -0.0049564329592144138 0.030965354741940138 -0 0.026386906882439762 -0.043237389304790569 -0.037072630229533471 0.070231417803439236 -0 0.054992120124945476 0.01577360644246327 0
leaf_count=179 172 179 463 242 263 1191 70 83 101 132 125
internal_value=0 -0.195762 -0.310947 -0.0626149 -0.264878 -0.481363 0.438005 0.355316 0.465662 0.0279502 0.224959
internal_count=3200 2642 2463 968 726 1495 558 488 405 304 304
cat_boundaries=0 10 11 20
cat_threshold=538984512 1073758596 604053636 1107296256 4210816 131072 65672 67108992 0 1048832 1 32800 466960 512 268435456 2097152 0 0 268435456 32
shrinkage=0.0653891


Tree=15
num_leaves=10
num_cat=3
split_feature=1 6 20 1 21 8 5 12 17
split_gain=14.9 10.5059 5.40791 5.62362 2.4787 2.77452 2.38959 1.83263 1.04798
threshold=0 359479.00000000006 1 2 25.000000000000004 493.75000000000006 2255.5000000000005 106.75000000000001 5602.7500000000009
decision_type=5 2 5 5 2 2 2 2 2
left_child=7 2 3 6 -4 -6 -2 -1 -5
right_child=1 -3 4 8 5 -7 -8 -9 -10
leaf_value=0.049127253287208635 -0.011025179361068244 0.045207704563806135 -0.013509774109604531 -0.045937635413749664 0.04748329961297839 0 0.025697480458571436 0.0044540770806966975 -0.016071653369266376
leaf_count=282 321 119 242 1259 169 227 173 70 338
internal_value=0 -0.155196 -0.260375 -0.364331 0.0934309 0.333561 0.0324752 0.493676 -0.528321
internal_count=3200 2848 2729 2091 638 396 494 352 1597
cat_boundaries=0 10 12 21
cat_threshold=536870976 1073742208 65536 1107296256 16512 0 65664 67108864 0 1048832 71899397 813796800 34464 483336 8704 0 6291456 131072 8 268435456 32
shrinkage=0.0653891


Tree=16
num_leaves=13
num_cat=2
split_feature=1 21 16 8 9 15 19 1 18 14 12 0
split_gain=13.3081 6.9363 8.52793 4.80353 3.13879 2.81831 3.97397 2.64606 2.26292 1.02866 0.853635 0.599491
threshold=0 25.000000000000004 18608.500000000004 84.250000000000014 3.2500000000000004 301.00000000000006 4.7500000000000009 1 104.50000000000001 1.7500000000000002 16.750000000000004 1.7500000000000002
decision_type=5 2 2 2 2 2 2 5 2 2 2 2
left_child=5 7 3 -3 -5 6 8 10 11 -9 -2 -1
right_child=1 2 -4 4 -6 -7 -8 9 -10 -11 -12 -13
leaf_value=0.021857681965931523 0.015450554424889636 0.021563217141849972 0.055957210278046982 -0.038609995291310192 0.002257109157730859 0.065859296239947185 -0.012454147048061241 -0.04483223867359979 0.054575658261889863 -0.0080903487458154639 -0.0096632628077346541 0
leaf_count=168 182 294 135 417 192 63 86 1080 107 178 170 128
internal_value=0 -0.18028 0.0676672 -0.122432 -0.363778 0.383584 0.306712 -0.411324 0.47032 -0.496066 0 0.20734
internal_count=3200 2648 1038 903 609 552 489 1610 403 1258 352 296
cat_boundaries=0 10 19
cat_threshold=538984644 1073742212 604053636 1107296256 4210816 131072 65672 67108864 0 1048832 1056 483344 512 268435456 2097152 0 0 268435584 32
shrinkage=0.0653891


Tree=17
num_leaves=13
num_cat=3
split_feature=1 21 7 15 10 1 19 6 0 15 6 21
split_gain=11.9162 5.82837 6.64686 4.51589 3.83134 3.2984 3.25476 2.07223 1.41633 0.935346 0.664595 0.642293
threshold=0 25.000000000000004 1 316.75000000000006 35.032850000000003 2 4.7500000000000009 558.25000000000011 10.750000000000002 36.250000000000007 1.7500000000000002 18401.500000000004
decision_type=5 2 1 2 2 5 2 2 2 2 2 2
left_child=3 5 4 6 11 7 8 -2 10 -6 -1 -3
right_child=1 2 -4 -5 9 -7 -8 -9 -10 -11 -12 -13
leaf_value=0.046160866925653514 -0.020236220404595578 -0 0.041096629734268024 0.071589777881453154 -0.0046082022108020985 -0.033198759029879607 -0.010834748164588077 0.014738281404430745 0 -0.044674178428060832 0.011774919958273313 0.021006117312115456
leaf_count=176 233 205 259 62 192 1152 96 251 103 185 115 171
internal_value=0 -0.170151 0.0613888 0.363644 -0.152595 -0.378573 0.259454 0 0.415645 -0.473525 0.533542 0.141526
internal_count=3200 2648 1012 552 753 1636 490 484 394 377 291 376
cat_boundaries=0 10 11 19
cat_threshold=603996228 1073742212 604053636 301989888 8405120 131072 65668 67108864 32 1048832 1 2130976 483352 512 1077936128 6291456 0 8 268435584
shrinkage=0.0653891


Tree=18
num_leaves=7
num_cat=2
split_feature=4 18 16 20 2 21
split_gain=10.6985 8.47165 13.5206 6.08815 2.41286 2.18713
threshold=122460.00000000001 4249.0000000000009 18433.000000000004 0 1 25.000000000000004
decision_type=2 2 2 5 5 2
left_child=1 2 3 4 -1 -5
right_child=-2 -3 -4 5 -6 -7
leaf_value=0.010358727185920989 0.067958033964628517 -0.049874543967537217 0.066105287850756186 -0.004051740933527905 -0.018061131945694867 0.025003967489084504
leaf_count=155 82 215 159 252 1852 485
internal_value=0 -0.055485 0.014186 -0.0732009 -0.214213 0.199837
internal_count=3200 3118 2903 2744 2007 737
cat_boundaries=0 3 6
cat_threshold=71309317 813813184 8 1350565904 139264 8192
shrinkage=0.0653891


Tree=19
num_leaves=7
num_cat=2
split_feature=4 18 5 20 2 18
split_gain=10.2596 7.76081 9.17442 4.73197 3.18951 0.906198
threshold=129368.50000000001 4249.0000000000009 83866.750000000015 0 1 104.50000000000001
decision_type=2 2 2 5 5 2
left_child=1 2 3 5 -5 -1
right_child=-2 -3 -4 4 -6 -7
leaf_value=0.0073398019205688893 0.066373951228580766 -0.048717208375333887 0.061454565926435542 0.014470154428560034 -0.013158893298673209 0.043105846803099868
leaf_count=153 75 215 106 213 2350 88
internal_value=0 -0.0545282 0.0105825 -0.0513497 -0.136948 0.290475
internal_count=3200 3125 2910 2804 2563 241
cat_boundaries=0 2 4
cat_threshold=554975240 42 1350570000 139808
shrinkage=0.0653891


Tree=20
num_leaves=8
num_cat=2
split_feature=1 4 1 3 18 0 12
split_gain=10.8513 7.40367 9.1134 5.91243 5.01095 2.41543 0.777543
threshold=0 116900.00000000001 1 115.00000000000001 2027.5000000000002 13.750000000000002 48.250000000000007
decision_type=5 2 5 2 2 2 2
left_child=-1 2 5 4 -4 6 -2
right_child=1 -3 3 -5 -6 -7 -8
leaf_value=-0.03421467839257937 0.047826018701962764 0.063901654674999878 -0.0066333958397465963 0.034113753086407309 -0.050732417166196746 0 0.014331745070772936
leaf_count=566 229 73 1699 166 251 107 109
internal_value=0 0.11537 0.056421 -0.118037 -0.227321 0.38593 0.595017
internal_count=3200 2634 2561 2116 1950 445 338
cat_boundaries=0 9 19
cat_threshold=9703448 536871970 135004256 32840 268436480 32800 133200 2 1 606077120 1073766784 66048 1073741824 16520 0 65664 67108864 32 256
shrinkage=0.0653891


Tree=21
num_leaves=9
num_cat=3
split_feature=1 4 1 18 17 15 7 18
split_gain=10.7264 7.5935 8.04451 4.09253 6.38259 1.73674 2.21977 2.16254
threshold=0 122460.00000000001 1 3116.5000000000005 4880.5000000000009 4.7500000000000009 2 954.25000000000011
decision_type=5 2 5 2 2 2 1 2
left_child=-1 2 5 4 -4 6 -2 -7
right_child=1 -3 3 -5 -6 7 -8 -9
leaf_value=-0.034923773905614706 -0.0083167659651036188 0.064590416624434946 -0.01307583786893206 -0.043770414516237435 0.03193515674789707 0.067583454568375986 0.025391349824779006 0.016267971813790662
leaf_count=560 161 68 1487 210 306 79 206 123
internal_value=0 0.110637 0.0515529 -0.127611 -0.0409059 0.331471 0.176109 0.618544
internal_count=3200 2640 2572 2003 1793 569 367 202
cat_boundaries=0 9 19 20
cat_threshold=9703448 536871970 135004256 49224 268436480 32768 133200 18 1 603996256 1073889668 8462848 268435456 4210824 0 65672 67108992 32 256 2
shrinkage=0.0653891


Tree=22
num_leaves=9
num_cat=2
split_feature=1 4 1 21 8 15 10 10
split_gain=10.7821 7.27866 7.16849 4.78047 3.49252 1.25931 0.96139 4.0997
threshold=0 129368.50000000001 1 25.000000000000004 97.750000000000014 150.25000000000003 51.296500000000002 37.810550000000006
decision_type=5 2 5 2 2 2 2 2
left_child=-1 2 6 5 -5 -4 7 -2
right_child=1 -3 3 4 -6 -7 -8 -9
leaf_value=-0.035014258460605123 0.030641036043536445 0.063301448343779321 -0.012796763147197273 0.031111076857601845 -0.0070225189145662337 -0.041358368468349768 0.041792656760821056 -0.011509129018499844
leaf_count=583 301 63 979 313 442 254 133 132
internal_value=0 0.109848 0.0517897 -0.119215 0.119367 -0.338665 0.313465 0.23761
internal_count=3200 2617 2554 1988 755 1233 566 433
cat_boundaries=0 9 19
cat_threshold=9703448 536871970 135004256 536920136 268436544 32768 133200 18 1 606077152 1073897876 67174912 0 4210824 131072 65672 67108864 32 256
shrinkage=0.0653891


Tree=23
num_leaves=8
num_cat=2
split_feature=4 18 2 20 10 18 3
split_gain=7.38317 6.32907 6.5652 4.21597 4.34863 3.56261 6.13984
threshold=132478.00000000003 4249.0000000000009 0 1 34.998900000000006 421.75000000000006 39.250000000000007
decision_type=2 2 5 5 2 2 2
left_child=1 2 3 -1 -5 -4 -7
right_child=-2 -3 5 4 -6 6 -8
leaf_value=0.016889357445993316 0.054155192158592616 -0.046188739108639201 0.053276368427734463 -0.0011485227765778391 -0.03000325411047575 -0.024095435283744426 0.045628695088163584
leaf_count=227 68 215 262 1279 848 183 118
internal_value=0 -0.0519122 0.00374065 -0.109276 -0.193551 0.34226 0.0887196
internal_count=3200 3132 2917 2354 2127 563 301
cat_boundaries=0 3 5
cat_threshold=805318037 258 8192 556155908 10
shrinkage=0.0653891


Tree=24
num_leaves=9
num_cat=2
split_feature=1 16 18 1 16 16 18 18
split_gain=9.99351 6.55112 14.1226 5.97903 4.79922 6.62792 2.07108 4.24558
threshold=0 18608.500000000004 4249.0000000000009 1 2409.2500000000005 293.50000000000006 104.50000000000001 770.50000000000011
decision_type=5 2 2 5 2 2 2 2
left_child=-1 3 -3 6 5 -5 -2 -8
right_child=1 2 -4 4 -6 -7 7 -9
leaf_value=-0.032713728911840753 0.0042852525776626042 0.081504300119914719 -0.0090087969316206499 -0.0093353116217672633 -0.037669435987498182 0.049058490113711495 0.072197928855256083 0.0039004265471061644
leaf_count=644 261 144 160 1270 368 169 80 104
internal_value=0 0.108128 0.559738 0.00650994 -0.132286 -0.00228739 0.306556 0.62068
internal_count=3200 2556 304 2252 1807 1439 445 184
cat_boundaries=0 9 19
cat_threshold=9703448 536872034 135004272 536920136 268436480 32768 133200 18 1 536903872 417924 75571712 268435456 0 0 65544 67108864 0 256
shrinkage=0.0653891


end of trees

feature importances:
c_02=42
n_table_1.n_20=21
n_table_3.n_3=18
n_table_1.n_19=15
n_table_1.n_15=14
n_table_1.n_16=13
n_table_1.n_2=11
n_1=10
c_table_2.c_4=10
n_table_1.n_18=9
n_table_1.n_8=7
n_table_1.n_7=7
n_table_1.n_10=7
c_table_1.c_4=6
c_table_2.c_1=6
n_table_1.n_12=6
n_table_1.n_17=5
n_table_2.n_13=4
n_table_1.n_26=3
n_table_2.n_14=2

parameters:
[boosting: gbdt]
[objective: binary]
[metric: auc]
[tree_learner: serial]
[device_type: cpu]
[data: ]
[valid: ]
[num_iterations: 100]
[learning_rate: 0.0653891]
[num_leaves: 55]
[num_threads: 4]
[max_depth: 5]
[min_data_in_leaf: 20]
[min_sum_hessian_in_leaf: 8.02072]
[bagging_fraction: 0.8]
[bagging_freq: 88]
[bagging_seed: 3]
[feature_fraction: 0.9]
[feature_fraction_seed: 2]
[early_stopping_round: 0]
[max_delta_step: 0]
[lambda_l1: 0.823146]
[lambda_l2: 1.40688]
[min_gain_to_split: 0]
[drop_rate: 0.1]
[max_drop: 50]
[skip_drop: 0.5]
[xgboost_dart_mode: 0]
[uniform_drop: 0]
[drop_seed: 4]
[top_rate: 0.2]
[other_rate: 0.1]
[min_data_per_group: 100]
[max_cat_threshold: 32]
[cat_l2: 10]
[cat_smooth: 10]
[max_cat_to_onehot: 4]
[top_k: 20]
[monotone_constraints: ]
[feature_contri: ]
[forcedsplits_filename: ]
[refit_decay_rate: 0.9]
[verbosity: -1]
[max_bin: 255]
[min_data_in_bin: 3]
[bin_construct_sample_cnt: 200000]
[histogram_pool_size: -1]
[data_random_seed: 1]
[output_model: LightGBM_model.txt]
[snapshot_freq: -1]
[input_model: ]
[output_result: LightGBM_predict_result.txt]
[initscore_filename: ]
[valid_data_initscores: ]
[pre_partition: 0]
[enable_bundle: 1]
[max_conflict_rate: 0]
[is_enable_sparse: 1]
[sparse_threshold: 0.8]
[use_missing: 1]
[zero_as_missing: 0]
[two_round: 0]
[save_binary: 0]
[enable_load_from_binary_file: 1]
[header: 0]
[label_column: ]
[weight_column: ]
[group_column: ]
[ignore_column: ]
[categorical_feature: ]
[predict_raw_score: 0]
[predict_leaf_index: 0]
[predict_contrib: 0]
[num_iteration_predict: -1]
[pred_early_stop: 0]
[pred_early_stop_freq: 10]
[pred_early_stop_margin: 10]
[convert_model_language: ]
[convert_model: gbdt_prediction.cpp]
[num_class: 1]
[is_unbalance: 0]
[scale_pos_weight: 1]
[sigmoid: 1]
[boost_from_average: 1]
[reg_sqrt: 0]
[alpha: 0.9]
[fair_c: 1]
[poisson_max_delta_step: 0.7]
[tweedie_variance_power: 1.5]
[max_position: 20]
[label_gain: ]
[metric_freq: 1]
[is_provide_training_metric: 0]
[eval_at: ]
[num_machines: 1]
[local_listen_port: 12400]
[time_out: 120]
[machine_list_filename: ]
[machines: ]
[gpu_platform_id: -1]
[gpu_device_id: -1]
[gpu_use_dp: 0]

end of parameters

pandas_categorical:[[0, 1, 2, 3, 4, 5, 6, 7, 8, 9, 10, 11, 12, 13, 14, 15, 16, 17, 18, 19, 20, 21, 22, 23, 24, 25, 26, 27, 28, 29, 30, 31, 32, 33, 34, 35, 36, 37, 38, 39, 40, 41, 42, 43, 44, 45, 46, 47, 48, 49, 50, 51, 52, 53, 54, 55, 56, 57, 58, 59, 60, 61, 62, 63, 64, 65, 66, 67, 68, 69, 70, 71, 72, 73, 74, 75, 76, 77, 78, 79, 80, 81, 82, 83, 84, 85, 86, 87, 88, 89, 90, 91, 92, 93, 94, 95, 96, 97, 98, 99, 100, 101, 102, 103, 104, 105, 106, 107, 108, 109, 110, 111, 112, 113, 114, 115, 116, 117, 118, 119, 120, 121, 122, 123, 124, 125, 126, 127, 128, 129, 130, 131, 132, 133, 134, 135, 136, 137, 138, 139, 140, 141, 142, 143, 144, 145, 146, 147, 148, 149, 150, 151, 152, 153, 154, 155, 156, 157, 158, 159, 160, 161, 162, 163, 164, 165, 166, 167, 168, 169, 170, 171, 172, 173, 174, 175, 176, 177, 178, 179, 180, 181, 182, 183, 184, 185, 186, 187, 188, 189, 190, 191, 192, 193, 194, 195, 196, 197, 198, 199, 200, 201, 202, 203, 204, 205, 206, 207, 208, 209, 210, 211, 212, 213, 214, 215, 216, 217, 218, 219, 220, 221, 222, 223, 224, 225, 226, 227, 228, 229, 230, 231, 232, 233, 234, 235, 236, 237, 238, 239, 240, 241, 242, 243, 244, 245, 246, 247, 248, 249, 250, 251, 252, 253, 254, 255, 256, 257, 258, 259, 260, 261, 262, 263, 264, 265, 266, 267, 268, 269, 270, 271, 272, 273, 274, 275, 276, 277, 278, 279, 280, 281, 282, 283, 284, 285, 286, 287, 288, 289, 290, 291, 292, 293, 294, 295, 296, 297, 298, 299, 300, 301, 302, 303, 304, 305, 306, 307, 308, 309, 310, 311, 312, 313, 314, 315, 316, 317, 318, 319, 320, 321, 322, 323, 324, 325, 326, 327, 328, 329, 330, 331, 332, 333, 334, 335, 336, 337, 338, 339, 340, 341, 342, 343, 344, 345, 346, 347, 348, 349, 350, 351, 352, 353, 354, 355, 356, 357, 358, 359, 360, 361, 362, 363, 364, 365, 366, 367, 368, 369, 370, 371, 372, 373, 374, 375, 376, 377, 378, 379, 380, 381, 382, 383, 384, 385, 386, 387, 388, 389, 390, 391, 392, 393, 394, 395, 396, 397, 398, 399, 400, 401, 402, 403, 404, 405, 406, 407, 408, 409, 410, 411, 412, 413, 414, 415, 416, 417, 418, 419, 420, 421, 422, 423, 424, 425, 426, 427, 428, 429, 430, 431, 432, 433, 434, 435, 436, 437, 438, 439, 440, 441, 442, 443, 444, 445, 446, 447, 448, 449, 450, 451, 452, 453, 454, 455, 456, 457, 458, 459, 460, 461, 462, 463, 464, 465, 466, 467, 468, 469, 470, 471, 472, 473, 474, 475, 476, 477, 478, 479, 480, 481, 482, 483, 484, 485, 486, 487, 488, 489, 490, 491, 492, 493, 494, 495, 496, 497, 498, 499, 500, 501, 502, 503, 504, 505, 506, 507, 508, 509, 510, 511, 512, 513, 514, 515, 516, 517, 518, 519, 520, 521, 522, 523, 524, 525, 526, 527, 528, 529, 530, 531, 532, 533, 534, 535, 536, 537, 538, 539, 540, 541, 542, 543, 544, 545, 546, 547, 548, 549, 550, 551, 552, 553, 554, 555, 556, 557, 558], [0, 1, 2, 3, 4, 5, 6, 7, 8, 9, 10, 11, 12, 13, 14, 15, 16, 17, 18, 19, 20, 21, 22, 23, 24, 25, 26, 27, 28, 29, 30, 31, 32, 33, 34, 35, 36, 37, 38, 39, 40, 41, 42, 43, 44, 45, 46, 47, 48, 49, 50, 51, 52, 53, 54, 55, 56, 57, 58, 59, 60, 61, 62, 63, 64, 65, 66, 67, 68, 69, 70, 71, 72, 73, 74, 75, 76, 77, 78, 79, 80, 81, 82, 83, 84, 85, 86, 87, 88, 89, 90, 91, 92, 93, 94, 95, 96, 97, 98, 99, 100, 101, 102, 103, 104, 105, 106, 107, 108, 109, 110, 111, 112, 113, 114, 115, 116, 117, 118, 119, 120, 121, 122, 123, 124, 125, 126, 127, 128, 129, 130, 131, 132, 133, 134, 135, 136, 137, 138, 139, 140, 141, 142, 143, 144, 145, 146, 147, 148, 149, 150, 151], [0, 1], [0, 1, 2, 3, 4, 5, 6, 7, 8, 9, 10, 11, 12, 13, 14, 15, 16, 17, 18, 19, 20, 21, 22, 23, 24, 25, 26, 27, 28, 29, 30, 31, 32, 33, 34, 35, 36, 37, 38, 39, 40, 41, 42, 43, 44, 45, 46, 47, 48, 49, 50, 51, 52, 53, 54, 55, 56, 57, 58, 59, 60, 61, 62, 63, 64, 65, 66, 67, 68, 69, 70, 71, 72, 73, 74, 75, 76, 77, 78, 79, 80, 81, 82, 83, 84, 85, 86, 87, 88, 89, 90, 91, 92, 93, 94, 95, 96, 97, 98, 99, 100, 101, 102, 103, 104, 105, 106, 107, 108, 109, 110, 111, 112, 113, 114, 115, 116, 117, 118, 119, 120, 121, 122, 123, 124, 125, 126, 127, 128, 129, 130, 131, 132, 133]]
