tree
version=v2
num_class=1
num_tree_per_iteration=1
label_index=0
max_feature_idx=36
objective=binary sigmoid:1
feature_names=n_1 c_table_1.c_1 c_table_1.c_2 n_table_1.n_1 n_table_1.n_2 c_table_1.c_5 n_table_1.n_3 c_table_1.c_6 n_table_1.n_5 n_table_1.n_6 n_table_1.n_7 n_table_1.n_9 n_table_1.n_10 n_table_1.n_11 n_table_1.n_12 n_table_1.n_15 n_table_1.n_16 n_table_1.n_17 n_table_1.n_18 n_table_1.n_19 n_table_1.n_20 n_table_1.n_26 n_table_1.n_27 c_table_2.c_1 c_table_2.c_2 n_table_2.n_2 n_table_2.n_6 n_table_3.n_2 n_table_3.n_3 n_table_3.n_5 c_02 c_table_1.c_3 n_table_1.n_8 n_table_1.n_25 c_table_2.c_5 n_table_2.n_9 n_table_2.n_13
feature_infos=[1:62.5] 1:0 2:0:6:10:16:17:29:9:7:24:13:37:14:15:12:11:18:45:33:19:56:63:60:26:73:38:3:55:54:64:4:70:83:20:22:34:30:21:36:39:58:65:68:74:35:47:71:57:114:1:32:44:59:134:31:53:78:139:8:48:81:85:94:111:119:27:28:42:69:82:90:92:104:105:106:115:128:144:23:46:49:50:52:75:79:80:98:103:116:122:25:40:43:72:86:93:96:97:99:107:112:118:127:129:133:146:152:164 [-183.91200000000001:227.50999999999999] [-49.719499999999996:78.390000000000001] 3:0:5:13:14:7:1:9:11:19:8:24:4:17:30:22:12:2:15:10:20:23:41:21:34:37:6:27:33:39:40:45:18:32:35:36:49 [1:175] 1:0:2:3:4:7:8:9:13:5:6:10:11:12 [1:24272.5] [1:46363] [1:2995] [1:2481850] [1:70] [1:6121] [1:7070.5] [1:423494] [1:313693] [1:372140] [1:441384] [1:1178200] [1:18856] [1:121640] [1:151] 1:0 1:3:5:15:8:16:19:30:37:0:13:6:9:2:14:46:21:27:18:32:23:33:61:4:11:52:24:10:43:28:22:34:35:45:20:36:7:42:56:40:53:54:63:75:12:17:26:41:51:71:48:49:25:31:39:50:64:78:47:57:59:60:65:67:76:89 [-55.711999999999996:81.846299999999999] [1:3170.5] [1:1061.5] [1:540979] [1:435418] 2:1:13:49:27:74:9:45:20:19:0:41:72:44:33:113:127:130:54:56:15:51:104:31:34:83:53:35:92:65:3:23:39:42:48:79:132:82:99:96:142:14:36:105:114:167:43:57:148:153:158:161:52:58:77:152:183:5:7:32:140:141:24:46:97:69:8:16:60:109:157:55:124:137:154:59:91:115:191:194:67:81:100:120:4:66:84:85:87:89:171:203:10:22:25:50:86:94:133:184:189:276:11:26:40:76:78:103:232:240:38:88:108:111:121:122:165:197:218:28:63:107:128:150:156:159:170:201:225:235:253:18:112:123:164:169:182:196:207:30:64:106:134:139:143:147:173:211:224:231:234:17:29:80:131:145:168:178:206:228:250:275:37:47:62:68:73:101:117:126:149:202:208:209:216:222:237:239:251:265:267:61:75:98:125:129:135:138:144:160:162:163:175:176:180:181:192:193:198:205:212:220:245:247:255:268:277:297:299:303:317 6:0:24:20:37:8:65:100:17:44:16:83:31:77:14:76:95:21:73:42:34:101:85:2:13:25:39:18:43:52:60:62:71:59:69:4:40:55:123:130:26:28:15:19:96:23:38:61:90:11:49:63:66:67:72:82:111:139:64:74:121:33:36:3:102:145:9:12:51:53:88:92:7:47:118:140:29:30:32:35:56:106:113:117:141:152:27:48:79:91:99:105:114:122:132:134:138:149:167:41:54:70:86:107:116:120:124:125:129:131:133:142:144:147:157:162:163:170:1:5:45:46:50:57:68:80:84:89:94:97:103:115:135:137:143:159:161:168:176 [1:517224] [1:38.5] 1:0:6:7:9:10:15:11:4:14:12:2:13:5:16:22:3:8:18:17:20:23:19:28 [1:91] [1:273895]
tree_sizes=780 903 1004 763 985 832 1017 926 973 967 991 922 1200 758 1023 942 1013 1014 931 868 907 1035 922 818 919 946 864 1009 1124 964 970 935 937 955 996 975 982 875 1060 913

Tree=0
num_leaves=8
num_cat=1
split_feature=30 20 18 22 25 3 8
split_gain=47.7178 19.6441 11.7499 6.4179 2.06344 1.12134 0.602994
threshold=0 274.00000000000006 15357.250000000002 6.2500000000000009 57.921400000000013 181.58600000000004 25.750000000000004
decision_type=5 2 2 2 2 2 2
left_child=1 -1 4 -4 5 6 -2
right_child=2 -3 3 -5 -6 -7 -8
leaf_value=-2.5388918220412307 -2.7547371518677886 -2.2201492139550689 -2.6502431335116587 -2.4390350196941575 -2.6200101966902016 -2.6239847946891719 -2.6338639043252234
leaf_count=345 901 157 117 105 156 114 105
internal_value=0 0.833656 -0.420446 0.301069 -0.617058 -0.679792 -0.72886
internal_count=2000 502 1498 222 1276 1120 1006
cat_boundaries=0 6
cat_threshold=589839 19927048 268697600 2147615240 17829888 8388736
shrinkage=1


Tree=1
num_leaves=11
num_cat=2
split_feature=18 31 26 16 4 0 26 26 0 23
split_gain=19.3407 6.66268 10.712 4.77033 4.89698 1.99784 2.75039 1.05671 1.04301 0.00273888
threshold=15357.250000000002 0 6.2500000000000009 8437.0000000000018 50.937650000000005 16.750000000000004 82.750000000000014 16.750000000000004 3.2500000000000004 1
decision_type=2 5 2 2 2 2 2 2 2 1
left_child=1 2 -1 -2 -5 6 7 8 9 -3
right_child=3 5 -4 4 -6 -7 -8 -9 -10 -11
leaf_value=0.22966826169460441 0 -0.042948210685531937 -0.047746684583989007 0.27217904045375413 0.016433570272768233 0 -0 -0.14546495778690777 -0.11645691332910715 -0
leaf_count=107 93 475 109 121 90 120 230 271 232 152
internal_value=0 -0.250983 0.259905 0.759523 1.06196 -0.339145 -0.422227 -0.50481 -0.368569 -0.211578
internal_count=2000 1696 216 304 211 1480 1360 1130 859 627
cat_boundaries=0 4 5
cat_threshold=50544896 0 529026 16 2
shrinkage=0.176478


Tree=2
num_leaves=12
num_cat=1
split_feature=18 28 28 17 8 10 24 0 3 25 25
split_gain=13.1101 5.29796 4.87703 2.62138 1.66908 4.48384 2.44172 1.57216 1.50475 1.7187 0.498494
threshold=15357.250000000002 5702.5000000000009 226.75000000000003 27220.750000000004 1.7500000000000002 99.250000000000014 0 15.250000000000002 172.10450000000003 50.278600000000004 60.857750000000003
decision_type=2 2 2 2 2 2 5 2 2 2 2
left_child=1 4 3 -2 6 -6 -1 8 9 -8 -3
right_child=2 10 -4 -5 5 -7 7 -9 -10 -11 -12
leaf_value=0.034246583611642463 0.0064478147093225474 -0.14205746364032015 -0 0.2132087884253891 0.12247641331322222 -0.043706457643423624 -0.085467919121355457 0.0059496009528120664 0 0 -0.015306790639030787
leaf_count=106 77 271 110 117 120 124 668 95 106 97 109
internal_value=0 -0.223802 0.577255 0.892865 -0.0795918 0.157796 -0.166157 -0.230379 -0.335779 -0.4049 -0.661708
internal_count=2000 1696 304 194 1316 244 1072 966 871 765 380
cat_boundaries=0 2
cat_threshold=1074020357 32
shrinkage=0.176478


Tree=3
num_leaves=8
num_cat=1
split_feature=30 20 18 3 0 28 17
split_gain=29.865 7.32788 5.94389 1.61936 0.30442 2.9083 2.38167
threshold=0 28.750000000000004 15357.250000000002 170.98300000000003 3.2500000000000004 717.25000000000011 1.7500000000000002
decision_type=5 2 2 2 2 2 2
left_child=1 -1 4 -4 5 6 -2
right_child=2 -3 3 -5 -6 -7 -8
leaf_value=0.029828222286664183 -0 0.19699648342002707 -0.045841463769885626 0.053152191384102432 -0.14776335027076709 -0.14866632444707759 -0.10982547174912864
leaf_count=338 428 253 94 136 335 273 143
internal_value=0 0.560195 -0.384113 0 -0.576414 -0.432327 -0.192902
internal_count=2000 591 1409 230 1179 844 571
cat_boundaries=0 6
cat_threshold=8912911 20054540 268697858 2147614730 16781312 128
shrinkage=0.176478


Tree=4
num_leaves=11
num_cat=2
split_feature=30 30 18 13 11 18 4 28 25 9
split_gain=24.7413 6.76934 5.72889 4.95039 3.56487 3.41514 1.19004 0.909855 0.779344 0.431151
threshold=0 1 15357.250000000002 34.750000000000007 5371.7500000000009 829.00000000000011 38.511750000000006 10891.000000000002 46.674900000000001 30.250000000000004
decision_type=5 5 2 2 2 2 2 2 2 2
left_child=3 9 5 -1 -4 6 7 8 -3 -2
right_child=1 2 4 -5 -6 -7 -8 -9 -10 -11
leaf_value=-0.16098421168628585 0.091742755418577709 -0.023618945967291728 0.19363757652803817 0 0 -0.11662677636063612 0.060550437570064383 -0.074665096425890448 0.04615666674555572 0.21937997572120341
leaf_count=640 228 267 73 96 86 166 117 121 121 85
internal_value=0 0.256289 0.00412977 -0.611403 0.561049 -0.151537 0 -0.0981593 0 0.611021
internal_count=2000 1264 951 736 159 792 626 509 388 313
cat_boundaries=0 7 13
cat_threshold=135324288 38495891 42016 0 1107304468 2 4 14 18874376 268435456 131072 16777216 128
shrinkage=0.176478


Tree=5
num_leaves=9
num_cat=2
split_feature=30 30 18 18 20 28 26 3
split_gain=19.2991 5.31766 5.77575 2.0114 2.02363 1.22999 0.949961 0.299259
threshold=0 1 15357.250000000002 829.00000000000011 28.750000000000004 226.75000000000003 82.750000000000014 172.59550000000004
decision_type=5 5 2 2 2 2 2 2
left_child=-1 7 3 4 6 -4 -3 -2
right_child=1 2 5 -5 -6 -7 -8 -9
leaf_value=-0.11386662030190235 0.1316866197884328 -0.051213083343161575 0.12868944905075316 -0.10164014421565221 0.0579794358914658 0 0 0.026944952331968981
leaf_count=597 250 463 98 190 135 71 119 77
internal_value=0 0.183215 -0 -0.176696 -0.0267174 0.505325 -0.186365 0.475501
internal_count=2000 1403 1076 907 717 169 582 327
cat_boundaries=0 7 13
cat_threshold=135324288 615571 42016 0 33562644 2 4 14 18874376 268697600 131072 16777216 128
shrinkage=0.176478


Tree=6
num_leaves=12
num_cat=3
split_feature=31 21 28 2 3 24 0 29 3 15 8
split_gain=6.62007 3.79573 1.86823 2.33081 4.98014 1.16505 1.8757 1.55613 0.474081 0.501664 0.0127245
threshold=0 520.75000000000011 10891.000000000002 1 171.13950000000003 2 13.750000000000002 127.00000000000001 175.68050000000002 2884.7500000000005 1.7500000000000002
decision_type=5 2 2 5 2 5 2 2 2 2 2
left_child=10 2 3 5 -5 6 -2 -7 -6 -10 -1
right_child=1 -3 -4 4 8 7 -8 -9 9 -11 -12
leaf_value=0.032257875057299913 -0.044428689725873341 0.088906149018570205 -0.10256057300548078 -0.15231269950083737 0.026677810587007498 0 0.048858814121640205 0.11247876421865696 -0.056469797128046034 0 0.14157640357022547
leaf_count=100 541 66 309 204 67 192 106 122 124 62 107
internal_value=0 -0.145365 -0.219628 -0.135264 -0.301581 0.000640174 -0.0810178 0.17493 -0 -0.154214 0.390144
internal_count=2000 1793 1727 1418 457 961 647 314 253 186 207
cat_boundaries=0 3 5 6
cat_threshold=50348288 1056 2149585408 17377793 8192 290
shrinkage=0.176478


Tree=7
num_leaves=11
num_cat=3
split_feature=30 24 20 32 10 32 10 30 26 9
split_gain=15.9559 3.17128 2.50356 1.75306 1.63669 1.53823 1.38978 0.796614 0.35412 0.0383973
threshold=0 1 28.750000000000004 139.75000000000003 100.75000000000001 12.250000000000002 1.7500000000000002 2 15.250000000000002 7.7500000000000009
decision_type=5 5 2 2 2 2 2 5 2 2
left_child=-1 2 7 5 6 9 -3 -2 -9 -4
right_child=1 4 3 -5 -6 -7 -8 8 -10 -11
leaf_value=-0.10738110342481069 0.035681177357141311 -0 0 0 0.034978071831297558 0.18711509423426792 -0.098708768381351647 -0.029634998500299672 0 0.069768999040132437
leaf_count=607 120 241 80 55 97 77 139 289 102 193
internal_value=0 0.165881 0.281982 0.502665 -0.0747303 0.596036 -0.275071 0.0477422 -0.0368937 0.335978
internal_count=2000 1393 916 405 477 350 380 511 391 273
cat_boundaries=0 7 9 10
cat_threshold=135324288 615571 42016 0 1107304468 2 4 1210400782 16416 14
shrinkage=0.176478


Tree=8
num_leaves=12
num_cat=2
split_feature=24 11 26 5 3 0 29 0 17 0 15
split_gain=4.76848 3.20542 2.64971 1.60424 3.34372 1.62331 2.34537 1.38137 1.99326 1.06412 0.0789841
threshold=0 61454.500000000007 82.750000000000014 1 171.30450000000005 3.2500000000000004 139.00000000000003 7.7500000000000009 415.75000000000006 12.250000000000002 40260.250000000007
decision_type=5 2 2 5 2 2 2 2 2 2 2
left_child=2 3 -1 4 5 6 -2 8 -5 -7 -10
right_child=1 -3 -4 7 -6 9 -8 -9 10 -11 -12
leaf_value=-0.13572374938931817 -0 0.10603472014266756 -0 0 0.12326921833600521 -0.10011298508930931 0.10943372134702535 0.0078861824329281086 -0.12073093260505123 0 -0.007088137140303704
leaf_count=339 512 93 178 129 93 132 126 92 135 100 71
internal_value=0 0.0764213 -0.35356 0.00209045 0.110102 0 0.131175 -0.140593 -0.323532 -0.279644 -0.53216
internal_count=2000 1483 517 1390 963 870 638 427 335 232 206
cat_boundaries=0 2 3
cat_threshold=25723688 537919489 17326225
shrinkage=0.176478


Tree=9
num_leaves=12
num_cat=3
split_feature=2 10 24 21 27 24 26 26 4 20 20
split_gain=3.89581 3.45731 2.99555 2.20589 3.15288 1.88342 1.8305 1.11751 0.99378 1.08516 0.821509
threshold=0 4.7500000000000009 1 190.00000000000003 7.7500000000000009 2 15.250000000000002 16.750000000000004 43.713950000000004 2290.0000000000005 395.50000000000006
decision_type=5 2 5 2 2 5 2 2 2 2 2
left_child=1 5 -2 4 8 6 -1 -7 -4 10 -10
right_child=2 -3 3 -5 -6 7 -8 -9 9 -11 -12
leaf_value=-0 -0.04057270259109387 -0.11118989581775594 0 0.12976238985547353 -0.065960471488288111 -0 0.090459322164090666 -0.097760120256461261 0 0 0.1307787081358682
leaf_count=499 112 254 113 100 122 133 121 289 97 58 102
internal_value=0 -0.178195 0.155087 0.259956 0.139693 -0.0432185 0.0778435 -0.247146 0.304148 0.415102 0.545722
internal_count=2000 1296 704 592 492 1042 620 422 370 257 199
cat_boundaries=0 3 4 6
cat_threshold=68309201 25174050 512 1074266892 1076625927 32
shrinkage=0.176478


Tree=10
num_leaves=12
num_cat=2
split_feature=31 16 10 28 0 28 20 0 23 4 25
split_gain=3.07546 2.5537 3.18211 1.47579 1.47047 1.39062 1.26463 0.881403 0.312162 0.151575 0.0409113
threshold=0 8437.0000000000018 4.7500000000000009 10891.000000000002 1.7500000000000002 550.75000000000011 4157.5000000000009 3.2500000000000004 1 60.467050000000008 16.075960000000002
decision_type=5 2 2 2 2 2 2 2 1 2 2
left_child=4 2 3 5 8 7 -3 10 -1 -4 -2
right_child=1 6 9 -5 -6 -7 -8 -9 -10 -11 -12
leaf_value=0.035266667179215748 -0 0.070723739835306651 -0.096973270030622866 -0.081020312545170406 0.13801016053735152 0.071666219797714023 -0 -0.049643619174329072 -0 -0 0.012676642028918543
leaf_count=87 342 110 368 185 67 147 90 232 79 130 163
internal_value=0 -0.107156 -0.206266 -0.023761 0.241449 0.01284 0.174337 -0.0347268 0.0653437 -0.481609 0.0191106
internal_count=2000 1767 1567 1069 233 884 200 737 166 498 505
cat_boundaries=0 3 4
cat_threshold=50413824 1056 2149585536 2
shrinkage=0.176478


Tree=11
num_leaves=11
num_cat=4
split_feature=2 5 20 15 19 24 25 16 3 23
split_gain=12.2264 5.321 9.89462 9.79909 2.466 2.43069 4.48854 1.48585 0.666972 0.271007
threshold=0 1 1960.0000000000002 1719.2500000000002 327723.00000000006 2 53.336500000000008 42329.500000000007 159.22650000000002 3
decision_type=5 5 2 2 2 5 2 2 2 1
left_child=4 5 3 -3 9 -2 8 -4 -7 -1
right_child=1 2 7 -5 -6 6 -8 -9 -10 -11
leaf_value=-0.15251310871792415 -0.03872188434782857 0.034054818787075045 -0 0.40956409236095498 0 0.022564900530277397 0.16132219446766652 0.088156013113860329 -0.020851604294320925 -0.035064715410179866
leaf_count=211 215 107 97 92 74 720 118 60 138 168
internal_value=0 0.280336 0.595008 1.48334 -0.379071 0.0484455 0.159548 0.18172 0.0325358 -0.676153
internal_count=2000 1547 356 199 453 1191 976 157 858 379
cat_boundaries=0 3 4 6 7
cat_threshold=67821252 16785408 1 21004697 1210130465 2 2
shrinkage=0.176478


Tree=12
num_leaves=15
num_cat=1
split_feature=26 24 8 0 17 11 11 20 29 3 28 25 3 0
split_gain=9.98805 4.20765 2.13276 2.8212 2.25201 1.90098 3.0649 3.24557 1.76771 1.59619 0.421525 1.12651 0.0752472 0.0636813
threshold=241.75000000000003 0 83.500000000000014 1.7500000000000002 20288.500000000004 16.750000000000004 4201.7500000000009 2009.5000000000002 483.25000000000006 159.22650000000002 717.25000000000011 30.087050000000001 172.59550000000004 10.750000000000002
decision_type=2 5 2 2 2 2 2 2 2 2 2 2 2 2
left_child=1 8 3 5 9 10 7 -7 -1 13 11 -3 -8 -5
right_child=-2 2 -4 4 -6 6 12 -9 -10 -11 -12 -13 -14 -15
leaf_value=-0.11818935058916387 0.2115023990252011 0 -0.055045746269613213 -0.015030901923696067 0.066317673732750632 0.24244763506233646 0.019257866386023965 0.018499474352010103 -0 -0.099628285342045569 -0 0.088720478822392992 -0 0.0087672141362846057
leaf_count=236 111 387 95 142 40 109 55 60 219 138 134 99 69 106
internal_value=0 0 0.101944 0.1709 -0.0515105 0.299084 0.520472 0.842167 -0.311476 -0.252227 0.0822793 0.155452 0 -0
internal_count=2000 1889 1434 1339 426 913 293 169 455 386 620 486 124 248
cat_boundaries=0 2
cat_threshold=1226834233 537919490
shrinkage=0.176478


Tree=13
num_leaves=8
num_cat=3
split_feature=30 31 30 27 8 11 18
split_gain=23.1587 4.35733 2.25123 1.65451 0.933198 1.55598 0.0811272
threshold=0 1 2 52.000000000000007 72.250000000000014 16.750000000000004 2.5000000000000004
decision_type=5 5 5 2 2 2 2
left_child=-1 -2 6 4 5 -4 -3
right_child=1 2 3 -5 -6 -7 -8
leaf_value=-0.10385140357438782 -0.042410157671549778 -0.020162288637048956 0.066879817857763382 0 0 0.15053096376491731 0
leaf_count=529 108 170 645 136 63 259 90
internal_value=0 0.309452 0.382975 0.461668 0.566854 0.604494 -0.020209
internal_count=2000 1471 1363 1103 967 904 260
cat_boundaries=0 6 10 15
cat_threshold=134791457 69211799 1282 1 1645215760 8388738 2113600 134217728 8192 32 9445504 16924672 8192 0 24576
shrinkage=0.176478


Tree=14
num_leaves=11
num_cat=2
split_feature=30 30 27 9 6 10 20 18 27 15
split_gain=17.7283 4.1769 5.87085 4.19212 2.70721 2.03769 1.76873 6.57648 0.187228 0.18427
threshold=0 1 1.7500000000000002 256.75000000000006 34.750000000000007 27.250000000000004 1900.7500000000002 296.50000000000006 31.750000000000004 5671.0000000000009
decision_type=5 5 2 2 2 2 2 2 2 2
left_child=-1 2 5 4 6 -2 7 8 -3 -7
right_child=1 3 -4 -5 -6 9 -8 -9 -10 -11
leaf_value=-0.10155721842372131 0.089930344028061632 -0.015549779346237753 0.22373728692541811 0.12593626620087567 -0.097509050759407828 -0.02496886724720072 -0.05617738633394001 0.17892877224216894 0.0058040966039032719 0.014793691912768797
leaf_count=527 189 459 138 76 156 52 93 111 152 47
internal_value=0 0.235842 0.470759 0.0199815 -0.0512405 0.275716 0.0184871 0.146985 -0.0119475 -0
internal_count=2000 1473 426 1047 971 288 815 722 611 99
cat_boundaries=0 6 11
cat_threshold=134791585 69211799 1282 1 1645223952 2 518 5767176 269254656 131840 16781316
shrinkage=0.176478


Tree=15
num_leaves=11
num_cat=3
split_feature=2 26 5 3 3 34 3 10 25 13
split_gain=7.23854 6.34909 6.05934 3.43529 2.79638 1.90811 3.45153 1.67379 0.934557 0.0828988
threshold=0 274.75000000000006 1 173.80400000000006 156.83150000000003 2 159.22650000000002 12.250000000000002 16.075960000000002 39.250000000000007
decision_type=5 2 5 2 2 5 2 2 2 2
left_child=7 2 5 4 -4 6 8 -1 -2 -6
right_child=1 -3 3 -5 9 -7 -8 -9 -10 -11
leaf_value=-0 0.0066369039039928211 0.19679583080418456 0.12909204138724273 0.16356119451040124 0.0011814021154757336 -0.053916999887221664 -0.076797790895556758 -0.12943587474609988 0.095681699718618479 -0.019859230394978642
leaf_count=84 486 74 81 136 133 394 144 277 140 51
internal_value=0 0.14184 0.0743802 0.3513 0.157546 -0.105617 0.00329167 -0.392601 0.203296 -0
internal_count=2000 1639 1565 401 265 1164 770 361 626 184
cat_boundaries=0 3 4 5
cat_threshold=710336 16785408 1 164233 7362
shrinkage=0.176478


Tree=16
num_leaves=12
num_cat=4
split_feature=30 2 11 20 27 30 8 23 20 26 26
split_gain=13.7135 5.65623 2.10433 2.64126 4.49917 1.80661 1.17399 0.801835 0.719525 0.125652 0.727187
threshold=0 1 41.500000000000007 568.00000000000011 3.2500000000000004 2 19.750000000000004 3 3.2500000000000004 31.750000000000004 1.7500000000000002
decision_type=5 5 2 2 2 5 2 1 2 2 2
left_child=-1 7 5 -4 6 -3 -5 -2 9 10 -7
right_child=1 2 3 4 -6 8 -8 -9 -10 -11 -12
leaf_value=-0.093712705025767035 -0.11239541607570773 -0.01672785969242821 0.1833192354796101 0.13785520646192442 -0.035138262942654451 0.055812783606750689 0 -0 0 0.10200835854164267 -0
leaf_count=574 123 221 116 76 79 231 46 102 140 173 119
internal_value=0 0.186964 0.291442 0.533269 0.270636 0.153629 0.582495 -0.25368 0.23818 0.371535 0.169907
internal_count=2000 1426 1201 317 201 884 122 225 663 523 350
cat_boundaries=0 6 9 13 14
cat_threshold=134799777 69207703 9218 1 1645223952 130 564928 16785408 1 2156920836 16920576 0 131072 2
shrinkage=0.176478


Tree=17
num_leaves=11
num_cat=3
split_feature=30 30 14 3 21 24 17 17 25 15
split_gain=11.2953 2.95614 2.26033 2.79944 1.77253 1.41037 0.804309 0.911714 0.63805 0.591268
threshold=0 1 1.7500000000000002 170.44350000000003 10.750000000000002 2 38417.500000000007 5537.5000000000009 50.15420000000001 55.750000000000007
decision_type=5 5 2 2 2 5 2 2 2 2
left_child=-1 -2 3 5 -4 9 7 -6 -7 -3
right_child=1 2 4 -5 6 8 -8 -9 -10 -11
leaf_value=-0.08681416209734856 0.092894688502324754 0.011505700680103788 0.11111206966886845 -0.086389831928443295 0.023729319681017984 -0.068475578880585641 0.052983280910792498 -0.051966502546946965 0 0.092751994299942131
leaf_count=551 109 466 128 201 69 151 64 91 106 64
internal_value=0 0.158948 0.0536443 -0.037667 0.270576 0.0412294 0.0438169 -0.0181499 -0.127724 0.157341
internal_count=2000 1449 1340 988 352 787 224 160 257 530
cat_boundaries=0 6 11 12
cat_threshold=134267297 86001303 9474 1 1645223952 8388738 0 524296 268992512 256 16777216 1073807406
shrinkage=0.176478


Tree=18
num_leaves=10
num_cat=2
split_feature=30 30 6 3 28 17 4 8 27
split_gain=9.67346 2.85587 4.63585 1.82136 2.83534 2.54149 1.06769 1.73421 0.533151
threshold=0 1 9.2500000000000018 181.72500000000005 16475.500000000004 55739.500000000007 53.232150000000011 16.750000000000004 1.7500000000000002
decision_type=5 5 2 2 2 2 2 2 2
left_child=-1 2 8 4 5 6 7 -3 -2
right_child=1 3 -4 -5 -6 -7 -8 -9 -10
leaf_value=-0.086675748560016794 0.065953883925655349 0.014201141424723578 -0 -0.078307456961127772 -0.085485339096398411 0.1367820061077521 0.066172242789182267 -0.075539419800061666 0.18807612423850237
leaf_count=536 177 592 93 122 162 41 105 90 82
internal_value=0 0.139203 0.345426 0 0.0655198 0.156291 0.0525624 -0 0.68402
internal_count=2000 1464 352 1112 990 828 787 682 259
cat_boundaries=0 6 11
cat_threshold=134791585 69228183 9218 1 1645223952 8388610 2164261380 5767176 268992512 131840 16781312
shrinkage=0.176478


Tree=19
num_leaves=10
num_cat=4
split_feature=30 2 16 11 15 8 30 4 34
split_gain=7.83351 4.87084 2.13324 1.82196 3.64111 1.32249 0.950538 1.19901 0.221676
threshold=0 1 26465.500000000004 41.500000000000007 49935.250000000007 68.500000000000014 2 44.037000000000006 3
decision_type=5 5 2 2 2 2 5 2 5
left_child=-1 2 -2 6 5 -5 -3 8 -8
right_child=1 3 -4 4 -6 -7 7 -9 -10
leaf_value=-0.079740188327874079 -0.13158351782658476 -0.015508692027562493 -0 0.13657869899180611 -0 0 0.05271057190095662 -0.012752643481908122 0
leaf_count=553 175 134 47 185 78 65 379 105 279
internal_value=0 0.116856 -0.26314 0.217356 0.430419 0.627568 0.0903424 0.149204 0.259361
internal_count=2000 1447 222 1225 328 250 897 763 658
cat_boundaries=0 6 9 13 14
cat_threshold=134267297 69228183 9474 262145 1645240336 2 536925376 16785408 1 2155872260 131072 0 131072 210
shrinkage=0.176478


Tree=20
num_leaves=11
num_cat=3
split_feature=2 24 13 14 20 23 18 27 18 36
split_gain=2.83286 2.07919 2.49997 2.86124 1.14457 0.945305 0.906343 0.551481 0.469908 0.423921
threshold=0 1 1.7500000000000002 551.50000000000011 121.75000000000001 2 15357.250000000002 3.2500000000000004 36061.000000000007 10.750000000000002
decision_type=5 5 2 2 2 1 2 2 2 2
left_child=5 2 4 -4 7 -1 9 -2 -6 -3
right_child=1 6 3 -5 8 -7 -8 -9 -10 -11
leaf_value=-0.12254911799298671 0.00074262646127350835 -0.057399361097470292 0.11772441814583513 -0 -0.061514622338951178 -0 0.0016724863882646389 0.063522375545538814 -0 -0
leaf_count=182 507 353 199 55 101 156 86 159 51 151
internal_value=0 0.0580608 0.154564 0.443809 0.0177877 -0.298027 -0.102457 0.138342 -0.171281 -0.242016
internal_count=2000 1662 1072 254 818 338 590 666 152 504
cat_boundaries=0 2 4 5
cat_threshold=711872 16785408 829518 16384 2
shrinkage=0.176478


Tree=21
num_leaves=12
num_cat=4
split_feature=30 30 9 5 15 21 28 4 4 34 17
split_gain=6.16084 2.12231 2.28611 1.50916 2.61735 2.38387 1.51422 1.20804 1.708 0.547078 0.19953
threshold=0 1 4.7500000000000009 2 5671.0000000000009 73.750000000000014 10891.000000000002 48.416050000000006 42.829550000000005 3 8580.2500000000018
decision_type=5 5 2 5 2 2 2 2 2 5 2
left_child=-1 2 -2 4 10 -6 7 8 9 -5 -3
right_child=1 3 -4 6 5 -7 -8 -9 -10 -11 -12
leaf_value=-0.083944550044422611 0.18588330058372843 -0.023726128814053817 0 -0.014803362744367953 0.14931644279360551 0 -0.089153165894132191 -0.057300076767945685 0.09315599454279086 0.017665619757547275 0.0063083257357991127
leaf_count=448 60 185 49 505 83 56 187 122 70 196 39
internal_value=0 0.0803464 0.362598 0.00218858 0.164614 0.504137 -0.0663651 -0.000573997 0.0373528 -0 -0
internal_count=2000 1552 109 1443 363 139 1080 893 771 701 224
cat_boundaries=0 6 11 12 13
cat_threshold=134267297 69223575 9218 1 1645223952 2 0 524296 268992512 256 16777216 550434 3
shrinkage=0.176478


Tree=22
num_leaves=11
num_cat=3
split_feature=21 19 5 26 27 2 20 26 0 23
split_gain=5.55162 5.49641 3.38415 4.74247 2.30286 1.59725 1.47835 1.13371 0.439199 0.0595853
threshold=190.00000000000003 135847.00000000003 0 418.75000000000006 12.250000000000002 1 508.00000000000006 4.0000000000000009 12.250000000000002 2
decision_type=2 2 5 2 2 5 2 2 2 1
left_child=2 -2 3 4 6 -4 8 -3 9 -1
right_child=1 7 5 -5 -6 -7 -8 -9 -10 -11
leaf_value=0 0.19929298508608773 -0.046008556274178769 0.0072470229838600096 0.14283690846636901 -0.077337875515871277 -0.088267155104795644 0.056580791533993667 0.052354420868261711 -0.056591546583128066 -0.012118516040960734
leaf_count=464 83 51 148 47 344 390 108 52 103 210
internal_value=0 0.408426 -0.154501 -0 -0.0829605 -0.365819 0 0 -0.0747306 -0
internal_count=2000 186 1814 1276 1229 538 885 103 777 674
cat_boundaries=0 1 3 4
cat_threshold=670593 16920640 8192 2
shrinkage=0.176478


Tree=23
num_leaves=9
num_cat=3
split_feature=30 0 20 30 4 14 24 15
split_gain=10.0024 3.92368 4.15175 2.30759 2.18835 2.33099 2.04239 1.40051
threshold=0 6.2500000000000009 361.75000000000006 1 54.761300000000006 141.25000000000003 2 1183.0000000000002
decision_type=5 2 2 5 2 2 5 2
left_child=-1 3 -3 -2 5 6 7 -5
right_child=1 2 -4 4 -6 -7 -8 -9
leaf_value=-0.087349651823491858 -0.047941572475608686 0 0.17548440489056646 0.07436382001882777 -0.042306380730177749 0.10755885542672984 -0.026398530838795682 -0
leaf_count=539 222 239 76 338 157 95 263 71
internal_value=0 0.100908 0.479488 0 0.0886859 0.202931 0.0498546 0.206849
internal_count=2000 1461 315 1146 924 767 672 409
cat_boundaries=0 5 10 12
cat_threshold=2283323400 117648414 262144 8 68173840 8324 524416 1280 262913 4 1073774691 1
shrinkage=0.176478


Tree=24
num_leaves=10
num_cat=1
split_feature=30 6 21 18 6 26 6 15 8
split_gain=6.86959 5.98358 3.67316 2.74898 2.2836 2.6173 1.50127 1.47319 0.821873
threshold=0 31.750000000000004 65.500000000000014 31908.250000000004 28.750000000000004 254.50000000000003 37.750000000000007 1226.5000000000002 16.750000000000004
decision_type=5 2 2 2 2 2 2 2 2
left_child=1 7 4 -4 5 -2 -6 -1 -5
right_child=2 -3 3 8 6 -7 -8 -9 -10
leaf_value=0.15216896746750841 -0.082446030055403588 -0.042596182683839343 0.11761287230266351 0.0064492427405618245 0.065497627788707061 0.0016408359996328101 -0.044305574370091125 0 -0.063009818043794866
leaf_count=277 1050 101 81 57 145 67 111 61 50
internal_value=0 0.301637 -0.185497 0.123518 -0.310142 -0.390986 0 0.685732 -0.0364604
internal_count=2000 439 1561 188 1373 1117 256 338 107
cat_boundaries=0 6
cat_threshold=25174529 6815744 268960034 2147483904 1090523172 128
shrinkage=0.176478


Tree=25
num_leaves=11
num_cat=2
split_feature=30 0 11 2 20 17 14 11 28 27
split_gain=7.35497 3.21237 3.22015 2.70717 4.41056 1.30934 0.904059 0.923415 0.40229 0.646426
threshold=0 6.2500000000000009 121.75000000000001 1 79.750000000000014 299.50000000000006 141.25000000000003 14424.250000000002 1717.7500000000002 1.7500000000000002
decision_type=5 2 2 5 2 2 2 2 2 2
left_child=-1 3 -3 4 8 -5 -7 -8 9 -2
right_child=1 2 -4 5 -6 6 7 -9 -10 -11
leaf_value=-0.077528824167682128 -0 0 0.13636565943365034 0 0.13724231194815725 -0.10467341103481416 0.011976400951837355 -0.05919672434761826 -0.033375645946910733 0.050099122349741135
leaf_count=562 295 211 104 123 129 154 71 57 145 149
internal_value=0 0.082143 0.414265 -0 0.146963 -0.187226 -0.356355 -0.0540146 0 0.0668278
internal_count=2000 1438 315 1123 718 405 282 128 589 444
cat_boundaries=0 5 7
cat_threshold=2283323400 117650462 262144 9 68173840 16922821 2147483648
shrinkage=0.176478


Tree=26
num_leaves=10
num_cat=4
split_feature=30 5 18 24 11 17 16 24 14
split_gain=5.23521 3.06165 4.28451 2.78639 2.31845 1.43309 2.36075 0.664247 0.497175
threshold=0 1 15357.250000000002 2 53258.500000000007 15.250000000000002 9017.5000000000018 3 72.250000000000014
decision_type=5 5 2 5 2 2 2 5 2
left_child=4 2 3 -2 8 -3 -7 -5 -1
right_child=1 5 -4 7 -6 6 -8 -9 -10
leaf_value=-0.094793927172466264 0.051947788970882688 0.023624425028577482 0.1547485078141467 0.0043186988650546305 0 -0.1029744776044182 0 -0.04040125574155589 -0
leaf_count=598 396 85 76 108 58 201 103 296 79
internal_value=0 0.100612 0.238652 0.100006 -0.291193 -0.114182 -0.295732 -0.116472 -0.469309
internal_count=2000 1265 876 800 735 389 304 404 677
cat_boundaries=0 5 6 7 9
cat_threshold=2282799110 117649054 270336 131081 68173840 540851 32807 1208483848 16385
shrinkage=0.176478


Tree=27
num_leaves=12
num_cat=2
split_feature=30 21 17 24 3 17 3 26 20 11 0
split_gain=5.74914 2.08257 3.48558 3.33355 2.85656 1.30108 0.95914 0.682502 0.650283 0.27325 0.19557
threshold=0 190.00000000000003 60318.250000000007 1 115.98700000000001 35558.500000000007 170.41650000000001 304.75000000000006 1289.5000000000002 1.7500000000000002 6.2500000000000009
decision_type=5 2 2 5 2 2 2 2 2 2 2
left_child=5 3 -3 4 10 -1 -6 9 -8 -5 -2
right_child=1 2 -4 7 6 -7 8 -9 -10 -11 -12
leaf_value=-0.10756043325534877 0.038653486355287987 0.13857425433948353 -0 -0.014406195779897484 -0.056649059420391966 -0 0.049684081064247446 0 -0 -0.09552908829049693 0.13037247138054958
leaf_count=582 304 81 44 302 97 56 132 59 66 167 110
internal_value=0 0.0861363 0.420826 0.00705965 0.168491 -0.36528 -0 -0.203744 0.0828476 -0.348203 0.432093
internal_count=2000 1362 125 1237 709 638 295 528 198 469 414
cat_boundaries=0 5 7
cat_threshold=2282799112 117652638 271360 131593 68173840 134266895 16386
shrinkage=0.176478


Tree=28
num_leaves=13
num_cat=3
split_feature=30 2 30 22 15 0 25 9 26 26 19 16
split_gain=4.04763 1.50219 1.7255 1.27316 1.14707 0.955963 0.839416 0.687364 0.283763 0.317078 0.206678 0.124096
threshold=0 1 2 18.250000000000004 115.00000000000001 7.7500000000000009 52.056100000000008 9.2500000000000018 108.25000000000001 16.750000000000004 51873.250000000007 2278.0000000000005
decision_type=5 5 5 2 2 2 2 2 2 2 2 2
left_child=3 2 -2 10 -3 6 11 8 9 -4 -1 -6
right_child=1 4 7 -5 5 -7 -8 -9 -10 -11 -12 -13
leaf_value=-0.10029003967889034 -0.020445762271671417 0.042938336349033712 0.023788775224404472 0 -0 0.0031305659133696964 0 0.10691129630659517 0.068435129694620178 -0.0015181314258847249 -0 -0.076967885562277641
leaf_count=527 166 103 348 60 76 51 67 149 88 132 91 142
internal_value=0 0.0732538 0.178776 -0.296478 -0.0464228 -0.16295 -0.261758 0.263609 0.174568 0.0469422 -0.49011 -0.360631
internal_count=2000 1322 883 678 439 336 285 717 568 480 618 218
cat_boundaries=0 6 8 13
cat_threshold=2283323396 117647006 270336 9 68173840 8388608 16956609 2147483648 8320 2101248 33792 2147483648 4
shrinkage=0.176478


Tree=29
num_leaves=11
num_cat=2
split_feature=30 14 20 20 24 3 20 25 11 3
split_gain=3.65467 1.83221 2.32088 2.95278 2.85866 1.74294 1.10776 0.832945 0.575799 0.508641
threshold=0 1759.0000000000002 985.00000000000011 361.75000000000006 1 114.95950000000001 3283.7500000000005 16.075960000000002 1969.7500000000002 171.81900000000005
decision_type=5 2 2 2 5 2 2 2 2 2
left_child=-1 2 3 4 5 7 8 -2 -4 -7
right_child=1 -3 6 -5 -6 9 -8 -9 -10 -11
leaf_value=-0.063218807322601392 0.018078036188126059 0.088098727496248905 -0.0099480186738572039 0.10172964358578467 -0.044144450075705013 -0.04950240361849547 0 0.10554999712102366 -0.11465757509213276 0
leaf_count=513 351 51 129 126 342 85 82 155 62 104
internal_value=0 0.0472591 0 0.105675 0 0.146164 -0.241256 0.313621 -0.374757 -0.0496006
internal_count=2000 1487 1436 1163 1037 695 273 506 191 189
cat_boundaries=0 6 7
cat_threshold=2282799104 117646878 262144 9 68157456 8388608 1074315311
shrinkage=0.176478


Tree=30
num_leaves=10
num_cat=4
split_feature=30 30 11 18 15 21 24 5 19
split_gain=2.94013 1.33147 2.9675 3.31823 2.934 0.993 0.800028 1.22104 0.218076
threshold=0 1 645.25000000000011 32519.500000000004 4743.2500000000009 520.75000000000011 2 3 1.7500000000000002
decision_type=5 5 2 2 2 2 5 5 2
left_child=-1 4 6 -4 -2 -5 -3 -8 -9
right_child=1 2 3 5 -6 -7 7 8 -10
leaf_value=-0.054791968107389642 0.087432227352703965 0.0088684196985385228 0.1015258041567232 -0.067006174761228623 -0.019311343933727798 0.013007978519183368 0.0092135602319950213 -0.041443813337021553 -0.12438243601754881
leaf_count=513 274 107 157 60 82 39 106 526 136
internal_value=0 0.0403717 -0.0176843 0.226335 0.200562 -0.0458114 -0.182329 -0.212072 -0.300222
internal_count=2000 1487 1131 256 356 99 875 768 662
cat_boundaries=0 5 11 13 14
cat_threshold=2282799240 117646366 270336 131080 68157456 8397313 4194304 268959746 2147483904 1090523172 128 16428 1048577 549408
shrinkage=0.176478


Tree=31
num_leaves=11
num_cat=3
split_feature=2 30 6 19 25 21 24 32 3 4
split_gain=2.55201 3.82336 1.8076 1.13486 1.39187 1.04894 2.3866 2.34836 0.780316 0.184599
threshold=0 1 31.750000000000004 62.500000000000007 48.064950000000003 65.500000000000014 2 16.750000000000004 173.32000000000002 34.857500000000009
decision_type=5 5 2 2 2 2 5 2 2 2
left_child=2 3 -1 4 -2 6 -3 -7 -9 -8
right_child=1 5 -4 -5 -6 7 9 8 -10 -11
leaf_value=0.13403516149562097 0.11967769621310023 0.018781005235875895 0 -0 0 0.08191805117667729 -0.040843881526930192 -0.081284046326522558 0 -0.098253631677009554
leaf_count=92 140 211 125 152 96 75 678 51 35 345
internal_value=0 -0.0912503 0.263251 0.18205 0.430588 -0.200562 -0.287137 -0 -0.255238 -0.339185
internal_count=2000 1783 217 388 236 1395 1234 161 86 1023
cat_boundaries=0 3 9 11
cat_threshold=16791616 2147491840 1 25174537 4718592 34050 2147745792 1090519076 128 8438285 2
shrinkage=0.176478


Tree=32
num_leaves=10
num_cat=2
split_feature=30 0 20 30 3 4 3 28 9
split_gain=2.83184 1.29561 3.17669 1.88715 1.88674 1.56594 1.56187 2.20563 1.0571
threshold=0 7.7500000000000009 650.50000000000011 1 114.95950000000001 57.819350000000007 173.23550000000003 10891.000000000002 28.750000000000004
decision_type=5 2 2 5 2 2 2 2 2
left_child=-1 3 4 -2 -3 6 7 8 -5
right_child=1 2 -4 5 -6 -7 -8 -9 -10
leaf_value=-0.053142500759736165 -0.042676566922261648 0.051939262124747095 0.13786905711398387 0.044753296004957942 -0.068494769211925363 -0.04945780016965208 0.09069941408756127 -0.078580919344995157 -0.0035868719567292958
leaf_count=596 217 140 45 462 92 106 115 130 97
internal_value=0 0.0484454 0.262307 -0 -0 0.0738835 0.158474 0.0409599 0.154597
internal_count=2000 1404 277 1127 232 910 804 689 559
cat_boundaries=0 6 11
cat_threshold=2282799240 118170782 9216 9 68165648 8388608 532996 0 262146 131840 16388
shrinkage=0.176478


Tree=33
num_leaves=11
num_cat=2
split_feature=30 24 10 3 18 6 29 8 0 3
split_gain=9.16927 6.4544 6.45004 4.30815 4.86916 3.67323 1.25105 1.11367 0.86887 0.673762
threshold=0 1 63.250000000000007 157.66750000000005 15357.250000000002 30.250000000000004 1720.0000000000002 1.7500000000000002 12.250000000000002 177.00600000000003
decision_type=5 5 2 2 2 2 2 2 2 2
left_child=2 9 5 6 -5 8 -3 -4 -1 -2
right_child=1 3 7 4 -6 -7 -8 -9 -10 -11
leaf_value=0.17493626936166948 -0.10617252343876601 0.13177263427511995 0.0063640719536136904 -0.14744941871522285 0.029886086177205586 -0 0 -0.068672479780296697 0.026080829865311267 -0
leaf_count=341 685 168 62 135 80 75 141 93 102 118
internal_value=0 -0.224588 0.29773 0.0881391 -0.189692 0.640281 0.498758 -0.0968278 0.82392 -0.446993
internal_count=2000 1327 673 524 215 518 309 155 443 803
cat_boundaries=0 6 8
cat_threshold=26739206 19071492 525602 393216 1073758224 128 1074299434 16384
shrinkage=0.176478


Tree=34
num_leaves=11
num_cat=2
split_feature=30 20 32 30 35 18 3 19 0 3
split_gain=6.39661 3.39907 2.67152 2.09224 2.93546 1.95423 3.50101 0.811266 0.799014 0.744773
threshold=0 2249.5000000000005 88.000000000000014 1 3.2500000000000004 15357.250000000002 165.65550000000002 6136.7500000000009 1.7500000000000002 165.39200000000002
decision_type=5 2 2 5 2 2 2 2 2 2
left_child=2 3 9 -2 5 6 8 -8 -5 -1
right_child=1 -3 -4 4 -6 -7 7 -9 -10 -11
leaf_value=0.1306844025292733 -0.053141536305804801 -0.1108958993222402 -0 0.053494984566654073 -0.095581475054481363 0.09936607519545862 -0 -0.11921274533455829 -0 0.023772199775175844
leaf_count=304 310 169 50 415 152 67 118 93 173 149
internal_value=0 -0.15893 0.304424 -0.0661095 0.0216684 0.129634 0.0070801 -0.412663 0.208308 0.54534
internal_count=2000 1497 503 1328 1018 866 799 211 588 453
cat_boundaries=0 6 11
cat_threshold=26738692 19071492 524546 393216 1073758224 128 2281734176 71311370 268468224 2147483912 33554436
shrinkage=0.176478


Tree=35
num_leaves=11
num_cat=2
split_feature=2 24 36 3 4 15 26 19 11 19
split_gain=7.84103 5.02786 2.39778 1.78451 3.67534 0.841039 0.682972 0.573355 1.33502 0.561991
threshold=0 1 34.750000000000007 169.40950000000001 43.734500000000004 1135.7500000000002 42.250000000000007 30745.750000000004 14047.000000000002 327723.00000000006
decision_type=5 5 2 2 2 2 2 2 2 2
left_child=9 5 3 4 6 -2 -3 -5 -9 -1
right_child=1 2 -4 7 -6 -7 -8 8 -10 -11
leaf_value=-0.13278703951304818 -0.091842481135975623 0.030914716511214003 0.13674359120238161 -0.038914738756552915 0.15853205715599319 -0 -0.013524871905409732 0.076921908120601207 -0.0185851714197145 -0.0054082401892298505
leaf_count=277 292 625 160 197 103 94 74 56 48 74
internal_value=0 0.104789 0.224493 0.159856 0.275158 -0.249793 0.0989762 -0.0107744 0.0524077 -0.444793
internal_count=2000 1649 1263 1103 802 386 699 301 104 351
cat_boundaries=0 3 5
cat_threshold=537536140 16785408 576 623144 16384
shrinkage=0.176478


Tree=36
num_leaves=11
num_cat=3
split_feature=30 24 17 20 6 10 4 3 13 30
split_gain=4.49287 2.88485 3.49053 3.9241 1.8605 2.01841 0.838279 0.577931 0.323738 0.0414481
threshold=0 1 1652.5000000000002 101.50000000000001 39.250000000000007 93.250000000000014 46.05080000000001 145.02550000000002 64.000000000000014 2
decision_type=5 5 2 2 2 2 2 2 2 5
left_child=7 6 3 9 5 8 -2 -1 -4 -3
right_child=1 2 4 -5 -6 -7 -8 -9 -10 -11
leaf_value=-0.023489024087290818 -0.07862289473200311 0.038604271065026563 -0.018652529091437404 0.16810477438250812 0.049722153458418517 -0.10110448617001959 0 -0.1122330086414557 0.034591683447342682 0
leaf_count=328 223 110 70 146 75 106 118 257 45 522
internal_value=0 0.0808503 0.175411 0.373607 -0.0246644 -0.229118 -0.187918 -0.315878 0 0.162213
internal_count=2000 1415 1074 778 296 221 341 585 115 632
cat_boundaries=0 7 9 11
cat_threshold=2281742369 104872082 268730368 2147484425 50331652 8388608 4 1074577960 2 522 18874368
shrinkage=0.176478


Tree=37
num_leaves=10
num_cat=3
split_feature=2 30 32 0 15 14 4 34 28
split_gain=5.43023 3.78557 2.42738 1.82287 1.81024 2.13151 1.37031 0.931057 0.0635599
threshold=0 1 68.500000000000014 12.250000000000002 79.000000000000014 12.250000000000002 44.037000000000006 2 3070.7500000000005
decision_type=5 5 2 2 2 2 2 5 2
left_child=-1 3 4 6 7 -6 -2 -3 -9
right_child=1 2 -4 -5 5 -7 -8 8 -10
leaf_value=-0.067949068322005909 0.03339590733218329 0.013489044938986849 -0.098249020721716929 0 0.12904762380166818 -0 0.14703689574045548 -0.048256886191228275 -0
leaf_count=337 304 170 93 128 153 122 124 428 141
internal_value=0 0.0831599 -0.0584697 0.297421 0 0.299751 0.504038 -0.104544 -0.178004
internal_count=2000 1663 1107 556 1014 275 428 739 569
cat_boundaries=0 3 8 9
cat_threshold=537535628 16785410 576 9961990 19534340 525570 393728 1073741840 17604
shrinkage=0.176478


Tree=38
num_leaves=12
num_cat=2
split_feature=2 30 9 0 18 16 35 25 3 0 36
split_gain=3.4876 3.25167 2.58425 2.56453 2.08963 2.64343 0.666156 0.525048 0.511548 0.434697 0.34078
threshold=0 1 109.75000000000001 6.2500000000000009 905.50000000000011 10627.000000000002 1.7500000000000002 39.173200000000008 171.30750000000003 15.250000000000002 6.2500000000000009
decision_type=5 5 2 2 2 2 2 2 2 2 2
left_child=7 3 4 8 6 -6 10 -1 -2 -5 -3
right_child=1 2 -4 9 5 -7 -8 -9 -10 -11 -12
leaf_value=-0.12688879056802946 0.1167013465063976 -0.014044138184554291 -0.086319501120424233 -0.036032245166012819 0.13010284256172511 -0 -0.06604601378340795 -0.00075579688838310166 0.0058686380852626474 0.024645290977222123 0.025448689345451872
leaf_count=179 258 549 153 94 151 73 178 102 75 85 103
internal_value=0 0.0542666 -0.0631318 0.263966 0 0.3498 -0.0914026 -0.342968 0.531184 -0 -0
internal_count=2000 1719 1207 512 1054 224 830 281 333 179 652
cat_boundaries=0 3 8
cat_threshold=537527436 16777216 576 9961478 19005956 525570 393728 1073758224
shrinkage=0.176478


Tree=39
num_leaves=10
num_cat=3
split_feature=30 3 3 12 30 34 22 15 14
split_gain=3.30889 1.7613 2.03058 2.7743 1.06076 1.01967 0.87454 0.360975 0.259481
threshold=0 156.23150000000001 179.24700000000004 3.2500000000000004 1 2 1.7500000000000002 4408.7500000000009 1.7500000000000002
decision_type=5 2 2 2 5 5 2 2 2
left_child=8 4 3 6 -2 -6 -3 -4 -1
right_child=1 2 7 -5 5 -7 -8 -9 -10
leaf_value=0.019518151224128026 0.026179677313380566 -0.12144909238593764 -0.010069005773376034 0.0014701555482217875 0.014833050967908063 -0.034174355946830298 -0.015309183789641823 0.036315130098786869 0.13370918616922389
leaf_count=250 246 289 141 75 144 558 125 87 85
internal_value=0 -0.094357 -0.239162 -0.371985 0 -0.0873949 -0.520984 0 0.299414
internal_count=2000 1665 717 489 948 702 414 228 335
cat_boundaries=0 5 9 10
cat_threshold=18350080 19071492 258 262144 1073758224 8719 0 32 131840 3280
shrinkage=0.176478


end of trees

feature importances:
c_02=45
n_table_1.n_1=31
n_1=23
n_table_1.n_20=23
c_table_2.c_2=20
n_table_2.n_6=19
n_table_1.n_18=18
c_table_1.c_2=14
n_table_1.n_2=14
n_table_1.n_9=14
n_table_1.n_15=14
n_table_3.n_3=14
n_table_1.n_17=13
n_table_2.n_2=13
n_table_1.n_5=10
n_table_1.n_7=9
n_table_1.n_26=9
n_table_3.n_2=9
n_table_1.n_3=8
n_table_1.n_12=8
n_table_1.n_19=8
c_table_1.c_5=7
n_table_1.n_6=7
n_table_1.n_16=7
c_table_2.c_1=6
n_table_1.n_8=5
c_table_2.c_5=5
n_table_1.n_11=4
n_table_3.n_5=4
c_table_1.c_3=4
n_table_1.n_27=3
n_table_2.n_13=3
n_table_2.n_9=2
n_table_1.n_10=1

parameters:
[boosting: gbdt]
[objective: binary]
[metric: auc]
[tree_learner: serial]
[device_type: cpu]
[data: ]
[valid: ]
[num_iterations: 100]
[learning_rate: 0.176478]
[num_leaves: 77]
[num_threads: 4]
[max_depth: 7]
[min_data_in_leaf: 20]
[min_sum_hessian_in_leaf: 5.6864]
[bagging_fraction: 0.5]
[bagging_freq: 11]
[bagging_seed: 3]
[feature_fraction: 0.7]
[feature_fraction_seed: 2]
[early_stopping_round: 0]
[max_delta_step: 0]
[lambda_l1: 1.47776]
[lambda_l2: 0.632291]
[min_gain_to_split: 0]
[drop_rate: 0.1]
[max_drop: 50]
[skip_drop: 0.5]
[xgboost_dart_mode: 0]
[uniform_drop: 0]
[drop_seed: 4]
[top_rate: 0.2]
[other_rate: 0.1]
[min_data_per_group: 100]
[max_cat_threshold: 32]
[cat_l2: 10]
[cat_smooth: 10]
[max_cat_to_onehot: 4]
[top_k: 20]
[monotone_constraints: ]
[feature_contri: ]
[forcedsplits_filename: ]
[refit_decay_rate: 0.9]
[verbosity: -1]
[max_bin: 255]
[min_data_in_bin: 3]
[bin_construct_sample_cnt: 200000]
[histogram_pool_size: -1]
[data_random_seed: 1]
[output_model: LightGBM_model.txt]
[snapshot_freq: -1]
[input_model: ]
[output_result: LightGBM_predict_result.txt]
[initscore_filename: ]
[valid_data_initscores: ]
[pre_partition: 0]
[enable_bundle: 1]
[max_conflict_rate: 0]
[is_enable_sparse: 1]
[sparse_threshold: 0.8]
[use_missing: 1]
[zero_as_missing: 0]
[two_round: 0]
[save_binary: 0]
[enable_load_from_binary_file: 1]
[header: 0]
[label_column: ]
[weight_column: ]
[group_column: ]
[ignore_column: ]
[categorical_feature: ]
[predict_raw_score: 0]
[predict_leaf_index: 0]
[predict_contrib: 0]
[num_iteration_predict: -1]
[pred_early_stop: 0]
[pred_early_stop_freq: 10]
[pred_early_stop_margin: 10]
[convert_model_language: ]
[convert_model: gbdt_prediction.cpp]
[num_class: 1]
[is_unbalance: 0]
[scale_pos_weight: 1]
[sigmoid: 1]
[boost_from_average: 1]
[reg_sqrt: 0]
[alpha: 0.9]
[fair_c: 1]
[poisson_max_delta_step: 0.7]
[tweedie_variance_power: 1.5]
[max_position: 20]
[label_gain: ]
[metric_freq: 1]
[is_provide_training_metric: 0]
[eval_at: ]
[num_machines: 1]
[local_listen_port: 12400]
[time_out: 120]
[machine_list_filename: ]
[machines: ]
[gpu_platform_id: -1]
[gpu_device_id: -1]
[gpu_use_dp: 0]

end of parameters

pandas_categorical:[[0, 1, 2], [0, 1, 2, 3, 4, 5, 6, 7, 8, 9, 10, 11, 12, 13, 14, 15, 16, 17, 18, 19, 20, 21, 22, 23, 24, 25, 26, 27, 28, 29, 30, 31, 32, 33, 34, 35, 36, 37, 38, 39, 40, 41, 42, 43, 44, 45, 46, 47, 48, 49, 50, 51, 52, 53, 54, 55, 56, 57, 58, 59, 60, 61, 62, 63, 64, 65, 66, 67, 68, 69, 70, 71, 72, 73, 74, 75, 76, 77, 78, 79, 80, 81, 82, 83, 84, 85, 86, 87, 88, 89, 90, 91, 92, 93, 94, 95, 96, 97, 98, 99, 100, 101, 102, 103, 104, 105, 106, 107, 108, 109, 110, 111, 112, 113, 114, 115, 116, 117, 118, 119, 120, 121, 122, 123, 124, 125, 126, 127, 128, 129, 130, 131, 132, 133, 134, 135, 136, 137, 138, 139, 140, 141, 142, 143, 144, 145, 146, 147, 148, 149, 150, 151, 152, 153, 154, 155, 156, 157, 158, 159, 160, 161, 162, 163, 164, 165, 166, 167, 168, 169, 170, 171, 172, 173, 174, 175], [0, 1, 2, 3, 4, 5, 6, 7, 8, 9, 10, 11, 12, 13, 14, 15, 16, 17, 18, 19, 20, 21, 22, 23, 24, 25, 26, 27, 28, 29, 30, 31, 32, 33, 34, 35, 36, 37, 38, 39, 40, 41, 42, 43, 44, 45, 46, 47, 48, 49, 50, 51, 52, 53], [0, 1, 2, 3, 4, 5, 6, 7, 8, 9, 10, 11, 12, 13, 14, 15], [0, 1], [0, 1, 2, 3, 4, 5, 6, 7, 8, 9, 10, 11, 12, 13, 14, 15, 16, 17, 18, 19, 20, 21, 22, 23, 24, 25, 26, 27, 28, 29, 30, 31, 32, 33, 34, 35, 36, 37, 38, 39, 40, 41, 42, 43, 44, 45, 46, 47, 48, 49, 50, 51, 52, 53, 54, 55, 56, 57, 58, 59, 60, 61, 62, 63, 64, 65, 66, 67, 68, 69, 70, 71, 72, 73, 74, 75, 76, 77, 78, 79, 80, 81, 82, 83, 84, 85, 86, 87, 88, 89, 90, 91, 92, 93, 94, 95, 96, 97, 98], [0, 1, 2, 3, 4, 5, 6, 7, 8, 9, 10, 11, 12, 13, 14, 15, 16, 17, 18, 19, 20, 21, 22, 23, 24, 25, 26, 27, 28, 29, 30, 31, 32, 33, 34, 35, 36, 37, 38, 39, 40, 41, 42, 43, 44, 45, 46, 47, 48, 49, 50, 51, 52, 53, 54, 55, 56, 57, 58, 59, 60, 61, 62, 63, 64, 65, 66, 67, 68, 69, 70, 71, 72, 73, 74, 75, 76, 77, 78, 79, 80, 81, 82, 83, 84, 85, 86, 87, 88, 89, 90, 91, 92, 93, 94, 95, 96, 97, 98, 99, 100, 101, 102, 103, 104, 105, 106, 107, 108, 109, 110, 111, 112, 113, 114, 115, 116, 117, 118, 119, 120, 121, 122, 123, 124, 125, 126, 127, 128, 129, 130, 131, 132, 133, 134, 135, 136, 137, 138, 139, 140, 141, 142, 143, 144, 145, 146, 147, 148, 149, 150, 151, 152, 153, 154, 155, 156, 157, 158, 159, 160, 161, 162, 163, 164, 165, 166, 167, 168, 169, 170, 171, 172, 173, 174, 175, 176, 177, 178, 179, 180, 181, 182, 183, 184, 185, 186, 187, 188, 189, 190, 191, 192, 193, 194, 195, 196, 197, 198, 199, 200, 201, 202, 203, 204, 205, 206, 207, 208, 209, 210, 211, 212, 213, 214, 215, 216, 217, 218, 219, 220, 221, 222, 223, 224, 225, 226, 227, 228, 229, 230, 231, 232, 233, 234, 235, 236, 237, 238, 239, 240, 241, 242, 243, 244, 245, 246, 247, 248, 249, 250, 251, 252, 253, 254, 255, 256, 257, 258, 259, 260, 261, 262, 263, 264, 265, 266, 267, 268, 269, 270, 271, 272, 273, 274, 275, 276, 277, 278, 279, 280, 281, 282, 283, 284, 285, 286, 287, 288, 289, 290, 291, 292, 293, 294, 295, 296, 297, 298, 299, 300, 301, 302, 303, 304, 305, 306, 307, 308, 309, 310, 311, 312, 313, 314, 315, 316, 317, 318, 319, 320, 321, 322, 323, 324, 325, 326, 327, 328, 329, 330, 331, 332, 333, 334, 335, 336, 337], [0, 1, 2, 3, 4, 5, 6, 7, 8, 9, 10, 11, 12, 13, 14, 15, 16, 17, 18, 19, 20, 21, 22, 23, 24, 25, 26, 27, 28, 29, 30, 31, 32, 33, 34, 35, 36, 37, 38, 39, 40, 41, 42, 43, 44, 45, 46, 47, 48, 49, 50, 51, 52, 53, 54, 55, 56, 57, 58, 59, 60, 61, 62, 63, 64, 65, 66, 67, 68, 69, 70, 71, 72, 73, 74, 75, 76, 77, 78, 79, 80, 81, 82, 83, 84, 85, 86, 87, 88, 89, 90, 91, 92, 93, 94, 95, 96, 97, 98, 99, 100, 101, 102, 103, 104, 105, 106, 107, 108, 109, 110, 111, 112, 113, 114, 115, 116, 117, 118, 119, 120, 121, 122, 123, 124, 125, 126, 127, 128, 129, 130, 131, 132, 133, 134, 135, 136, 137, 138, 139, 140, 141, 142, 143, 144, 145, 146, 147, 148, 149, 150, 151, 152, 153, 154, 155, 156, 157, 158, 159, 160, 161, 162, 163, 164, 165, 166, 167, 168, 169, 170, 171, 172, 173, 174, 175, 176, 177, 178, 179, 180, 181, 182, 183, 184, 185, 186, 187, 188, 189, 190, 191, 192, 193, 194, 195, 196, 197, 198, 199, 200, 201, 202, 203, 204, 205, 206], [0, 1, 2, 3, 4, 5, 6, 7, 8, 9, 10, 11, 12, 13, 14, 15, 16, 17, 18, 19, 20, 21, 22, 23, 24, 25, 26, 27, 28, 29, 30]]
