tree
version=v2
num_class=1
num_tree_per_iteration=1
label_index=0
max_feature_idx=21
objective=binary sigmoid:1
feature_names=n_1 c_02 c_table_1.c_4 n_table_1.n_8 n_table_1.n_15 n_table_1.n_18 n_table_1.n_19 c_table_2.c_1 n_table_2.n_13 n_table_2.n_14 n_table_1.n_2 n_table_1.n_3 n_table_1.n_7 n_table_1.n_9 n_table_1.n_10 n_table_1.n_12 n_table_1.n_16 n_table_1.n_17 n_table_1.n_20 n_table_1.n_26 c_table_2.c_4 n_table_3.n_3
feature_infos=[1:335.5] 40:3:68:15:50:10:80:6:35:91:9:5:12:20:165:46:2:48:69:34:83:58:62:87:115:73:77:225:252:45:126:132:149:61:66:111:209:102:196:36:37:39:208:29:124:135:203:121:22:42:71:82:99:108:156:194:14:33:49:70:93:110:118:195:296:308:4:26:28:238:261:55:86:90:150:175:177:199:231:250:18:21:67:125:138:23:131:134:141:161:205:220:228:230:244:285:7:17:38:43:59:122:139:142:166:170:179:198:222:256:345:57:227:248:8:98:100:112:130:144:151:178:188:189:190:269:305:323:11:75:92:116:146:164:186:213:214:268:312:349:377:1:44:63:101:123:154:176:206:212:216:232:251:273:275:354:13:54:65:74:79:84:95:114:120:133:145:153:162:173:181:187:192:211:243:262:277:318:324:334:361:366:368:0:31:104:109:148:169:202:204:239:283:293:295:310:322:380:393:399:19:32:53:94:106:127:140:158:167:172:207:229:234:240:246:264:284:289:291:292:297:306:309:338:350:359:374:386:407:52:72:81:103:107:113:117:180:182:233:236:237:247:255:257:266:267:271:274:282:286:288:301:304:315:336:375:400:418:478:498:24:25:27:30:60:78:105:119:136:137:143:147:163:168:171:174:185:191:217:218:221:224:226:235:249:254:260:263:272:279:280:281:300:302:320:332:337:340:347:351:356:376:378:383:387:392:394:397:414:420:424:430:433:438:442:453:457:462:467:476:479:481 4:0:10:12:2:11:7:5:45:51:35:8:18:23:33:40:77:30:37:38:41:57:29:28:16:74:62:49:13:21:48:104:6:69:22:26:39:54:19:27:72:87:95:3:31:55:56:106:15:17:60:61:96:103:92:25:66:67:78:80:81:93:94:109:113:117:122:1:24:44:46:47:53:59:65:83:84:99:112:121:133:14:20:36:63:70:82:97:102:116:136:32:34:42:52:58:64:71:75:85:90:98:107:111:115:124:129:130:131:132 [1:244588] [1:274774] [1:574087] [1:1285890] 1:0 [1:395101] [1:275.5] [-49.8874:81.708399999999997] [1:175] [1:38456.5] [1:1556770] [1:68.5] [1:8524] [1:249100] [1:448222] [1:19936] [1:121640] 20:0:2:33:16:38:10:8:24:31:6:53:18:21:44:48:26:35:55:12:39:40:14:43:61:42:60:17:22:11:29:9:3:4:37:19:41:67:47:46:49:25:71:98:27:69:57:73:1:30:52:100:59:62:63:77:106:45:56:87:92:103:7:15:32:58:80:82:94:34:65:66:68:74:75:79:84:97:107:112:13:51:54:64:70:76:85:91:95:109 [1:509664]
tree_sizes=1573 1528 1828 1412 2211 1849 2131 2062 1970 1966 1827 2022 1672 1502 2021 1593 1327 1403 2046 2112 1515 1437 2205 1775 1892 2140 1870 1275 1906 2001 1649 2220 1262 2474 1820 2074 2018 2067 1573 1698 1871 1741 2069 1453 1593 1692

Tree=0
num_leaves=19
num_cat=2
split_feature=6 20 2 18 5 15 13 10 12 0 0 21 13 13 6 12 16 8
split_gain=46.0815 27.8328 7.23316 6.66056 5.5505 4.35689 5.21015 3.1502 2.79941 2.50503 1.58548 1.54669 1.44973 1.41426 1.34753 0.751033 0.728184 0.414634
threshold=553938.00000000012 0 1 104.50000000000001 29513.500000000004 783.25000000000011 18905.500000000004 34.817550000000004 40.750000000000007 9.2500000000000018 16.750000000000004 80202.250000000015 36682.750000000007 247.75000000000003 1.7500000000000002 75.250000000000014 17206.000000000004 2140.7500000000005
decision_type=2 5 5 2 2 2 2 2 2 2 2 2 2 2 2 2 2 2
left_child=1 3 13 9 7 6 8 11 -6 -1 16 14 -7 -3 -4 -8 -9 -13
right_child=-2 2 4 -5 5 12 15 10 -10 -11 -12 17 -14 -15 -16 -17 -18 -19
leaf_value=-2.8106757024829077 -2.2195310420019565 -2.8106757024829077 -2.8670252347415532 -2.4339763176429581 -2.5334483885415211 -2.9210627623551502 -2.8637948452203892 -2.9283898668116333 -2.8035837238492585 -2.6493284860197819 -2.8106757024829077 -2.747206261107995 -2.8106757024829077 -2.6833396185920995 -2.8106757024829077 -2.7871053597586535 -2.8106757024829077 -2.8106757024829077
leaf_count=81 44 55 1078 122 50 112 100 841 91 57 45 38 60 159 99 66 38 64
internal_value=0 -0.0794344 -0.227026 0.896892 -0.300973 0.045972 0.39357 -0.414515 0.945781 0.410858 -0.626958 -0.229264 -0.396162 0.319111 -0.283073 -0 -0.667373 0.093273
internal_count=3200 3156 2896 260 2682 479 307 2203 141 138 924 1279 172 214 1177 166 879 102
cat_boundaries=0 2 5
cat_threshold=152059904 135690 1354764288 1074405920 1024
shrinkage=1


Tree=1
num_leaves=19
num_cat=4
split_feature=1 16 5 8 1 7 4 3 15 0 8 16 19 4 16 4 13 7
split_gain=71.3511 16.8028 8.64793 8.25536 7.30254 3.64424 3.60092 3.47033 3.29657 2.20478 1.67722 1.38336 0.781061 0.670084 0.638789 0.531024 0.395018 0.217141
threshold=0 37876.000000000007 3377.5000000000005 1.7500000000000002 1 2 2156.5000000000005 150.25000000000003 150.25000000000003 1.7500000000000002 12092.500000000002 100650.25000000001 54.250000000000007 84808.750000000015 7203.2500000000009 12.250000000000002 360.25000000000006 3
decision_type=5 2 2 2 5 1 2 2 2 2 2 2 2 2 2 2 2 1
left_child=2 4 5 11 6 9 16 10 -8 -1 13 -3 -9 -6 -14 -7 17 -2
right_child=1 3 -4 -5 7 15 8 12 -10 -11 -12 -13 14 -15 -16 -17 -18 -19
leaf_value=0.10186594883804957 -0.047576548418505456 -0.07413077848970058 0.38593318925952746 0.25889678197300003 -0.11331714282272272 0.22967349389127023 0.20705627832596149 0.064337197709208926 -0 -0.041793962598808639 0 0.062970362164710483 -0.071426812176076493 -0 0 0 0 -0
leaf_count=79 151 65 195 80 1814 158 64 50 60 69 44 32 65 35 36 41 47 115
internal_value=0 -0.317005 1.1561 0.754862 -0.449186 0.849443 0.0769596 -0.532856 0.691975 0.0466945 -0.634211 -0 0 -0.655094 -0.170639 1.19759 -0.0746955 -0.18183
internal_count=3200 2658 542 177 2481 347 437 2044 124 148 1893 97 151 1849 101 199 313 266
cat_boundaries=0 10 19 20 21
cat_threshold=536870980 1073766788 545333764 1107296256 16512 0 65664 67108864 0 1048832 49824 458768 67108992 268435456 14680088 131072 8 268435584 32 2 2
shrinkage=0.169796


Tree=2
num_leaves=23
num_cat=3
split_feature=1 6 20 15 0 1 10 14 15 13 10 13 0 12 6 6 8 0 0 6 10 8
split_gain=48.7476 18.4838 8.08369 6.05583 5.61105 4.60383 2.30453 2.01112 1.74788 1.70098 1.59943 1.93814 0.852138 0.814518 0.647222 1.47196 0.50259 0.323461 2.33689 0.169512 0.119309 0.0590065
threshold=0 576519.00000000012 1 370.75000000000006 13.750000000000002 2 34.998900000000006 12.250000000000002 187.75000000000003 5133.2500000000009 45.66040000000001 47.500000000000007 19.750000000000004 946.75000000000011 558.25000000000011 27852.250000000004 1301.5000000000002 1.7500000000000002 6.2500000000000009 77851.750000000015 45.834550000000007 2925.2500000000005
decision_type=5 2 5 2 2 5 2 2 2 2 2 2 2 2 2 2 2 2 2 2 2 2
left_child=3 2 5 4 8 14 16 13 17 10 -8 -12 -6 -7 -2 -16 -4 -1 -19 -17 -11 -18
right_child=1 -3 6 -5 12 7 9 -9 -10 20 11 -13 -14 -15 15 19 21 18 -20 -21 -22 -23
leaf_value=0.21957266603862338 -0.015965667992145917 0.26678519325517702 0.089504216166490305 0.39208831297474062 -0.061982296311072223 -0.12651575960742706 -0.045046568748980435 0 0 -0 -0 0.11684771838953786 0.043612069104297789 -0 0.10533218045873376 -0.036987868050058943 -0 -0 0.1268804946519633 0 -0.097279786300686039 0.02029441161766498
leaf_count=243 182 34 177 55 40 1554 74 46 40 45 43 94 47 43 72 41 60 43 69 58 85 55
internal_value=0 -0.282668 -0.381634 0.884704 0.817076 -0.500615 0.0556771 -0.620615 1.00927 -0.100742 0.0343172 0.375648 -0 -0.727583 0 0.227374 0.378515 1.10273 0.343302 -0 -0.472132 0
internal_count=3200 2663 2629 537 482 1996 633 1643 395 341 211 137 87 1597 353 171 292 355 112 99 130 115
cat_boundaries=0 10 13 22
cat_threshold=538968132 1073750404 604054020 1107296256 8405120 131072 65664 67108864 0 1048832 2219382789 813796800 128 1696 475136 0 268435456 6291456 0 8 268435456 32
shrinkage=0.169796


Tree=3
num_leaves=17
num_cat=3
split_feature=1 4 14 2 18 18 18 10 20 13 16 11 12 9 10 18
split_gain=34.4041 12.822 6.20102 6.21512 5.0739 4.25002 2.8598 2.58009 2.9807 3.39477 2.92924 0.901109 0.643709 0.516411 0.358467 0.279496
threshold=0 148260.00000000003 12.250000000000002 1 104.50000000000001 3679.0000000000005 1.7500000000000002 34.998900000000006 2 6.2500000000000009 114552.50000000001 30.250000000000004 364.00000000000006 3.2500000000000004 48.14370000000001 6691.0000000000009
decision_type=5 2 2 5 2 2 2 2 5 2 2 2 2 2 2 2
left_child=4 2 3 11 6 -6 -1 8 9 -5 12 -2 -9 -10 -8 -7
right_child=1 -3 -4 7 5 15 14 10 13 -11 -12 -13 -14 -15 -16 -17
leaf_value=0.095974382166203673 0 0.22915607950964487 0.10860353640038956 -0.09879593369004197 0.24122710176064804 -0 -0.054669525765916036 -0.12539282146778716 -0 0.012355652468610227 0 0.16055038227302407 -0.0064083225219944938 0.06386799004678928 0 0.047985379988173961
leaf_count=202 43 26 71 756 215 22 43 1069 316 97 23 60 135 65 34 23
internal_value=0 -0.252293 -0.338191 -0.389225 0.70076 1.21427 0.318921 -0.429427 -0.252932 -0.365906 -0.636667 0.291328 -0.68718 0.0595073 -0.0983997 0
internal_count=3200 2661 2635 2564 539 260 279 2461 1234 853 1227 103 1204 381 77 45
cat_boundaries=0 10 12 14
cat_threshold=538968256 1073750400 604054020 1107296256 12599432 131072 65664 67108864 32 1048832 1082134528 524832 72769 8454208
shrinkage=0.169796


Tree=4
num_leaves=29
num_cat=3
split_feature=1 21 5 10 4 19 4 18 18 4 5 1 14 0 0 6 12 11 5 3 19 10 20 12 11 19 0 6
split_gain=22.5578 10.0026 7.61955 8.30071 4.48114 5.64739 6.62278 4.23762 3.67728 3.93299 2.84592 2.16969 2.03133 2.35157 1.4194 3.63322 0.968278 0.915751 0.773892 0.717696 0.562561 0.681793 0.312672 0.287702 0.220851 0.152811 0.109317 0.00619408
threshold=0 25.000000000000004 113580.00000000001 42.877300000000012 51271.000000000007 3.2500000000000004 1622.5000000000002 1342.0000000000002 921.25000000000011 1423.0000000000002 313.00000000000006 1 9.2500000000000018 15.250000000000002 4.7500000000000009 1.7500000000000002 46.750000000000007 36.250000000000007 8798.5000000000018 39.250000000000007 285.25000000000006 40.026150000000008 2 7.7500000000000009 37.750000000000007 800.50000000000011 7.7500000000000009 54470.500000000007
decision_type=5 2 2 2 2 2 2 2 2 2 2 5 2 2 2 2 2 2 2 2 2 2 5 2 2 2 2 2
left_child=4 11 8 -4 5 6 10 -8 9 16 14 17 13 -13 15 -1 22 23 -11 -5 21 -7 -3 -2 -10 -22 -16 -25
right_child=1 2 3 19 -6 20 7 -9 24 18 -12 12 -14 -15 26 -17 -18 -19 -20 -21 25 -23 -24 27 -26 -27 -28 -29
leaf_value=0.15009775168389267 0 -0.014847094218228444 0.33108297963569527 -0.050377763066207039 0.25866654654514359 0 0.34496578898098984 0 -0.11010605660969816 0 -0.030915708542585296 -0.12809705307001781 0 0 -0 -0 -0.078059512808934819 0.074844537979738418 0.17995178231257566 0.056478043087805713 0.03546019099470963 -0.071039950608854333 0.013432608178292225 -0.049626926780807178 -0 -0 0.019549156660007554 -0
leaf_count=186 94 170 24 43 51 25 46 24 170 51 56 1160 56 42 42 40 90 48 55 27 23 70 351 46 46 31 104 29
internal_value=0 -0.23073 0.0571557 0.927461 0.5027 0.425206 0.636264 1.55136 -0.0808181 0.0512229 0.318493 -0.509373 -0.552047 -0.706526 0.474105 0.664041 -0.0614412 0 0.779 -0 -0.0386472 -0.249606 0 -0.0602669 -0.565899 0.0332643 0 -0.234663
internal_count=3200 2502 1027 94 698 647 498 70 933 717 428 1475 1258 1202 372 226 611 217 106 70 149 95 521 169 216 54 146 75
cat_boundaries=0 10 18 19
cat_threshold=539002468 1073758596 536944644 1107296256 16512 0 65664 67108992 32 1048832 16384 204816 67109504 268435456 6291456 0 8 268435456 1
shrinkage=0.169796


Tree=5
num_leaves=24
num_cat=4
split_feature=1 4 21 7 17 1 4 7 11 18 3 16 4 0 18 0 16 15 21 18 15 17 17
split_gain=17.9983 7.90796 4.74464 4.42293 3.77981 3.66926 3.2594 2.63394 2.39249 2.24242 1.55285 1.42784 1.27606 0.934097 1.38882 0.830421 0.659865 0.547119 1.02866 0.544747 0.529741 0.337737 0.197041
threshold=0 132478.00000000003 25.000000000000004 1 2296.7500000000005 2 4204.7500000000009 3 37.750000000000007 3679.0000000000005 43.000000000000007 727.75000000000011 852.25000000000011 3.2500000000000004 4.7500000000000009 10.750000000000002 43495.750000000007 12.250000000000002 42622.000000000007 1.7500000000000002 670.00000000000011 4880.5000000000009 24.250000000000004
decision_type=5 2 2 1 2 5 2 1 2 2 2 2 2 2 2 2 2 2 2 2 2 2 2
left_child=6 2 5 11 19 8 7 12 21 -8 -6 17 15 14 -9 -1 -7 18 -4 -5 -13 22 -2
right_child=1 -3 3 4 10 16 9 13 -10 -11 -12 20 -14 -15 -16 -17 -18 -19 -20 -21 -22 -23 -24
leaf_value=0.1258272153694403 -0 0.12124029591964389 0 0.029693298582183971 0 -0.11576385052248275 0.20373234458941869 0.10150077128560048 0.10972531232247662 0 0.24655093587825944 -0.10491832167471789 -0 -0.065059111822590568 -0.0039597021242299395 0 -0 0.050027266137586464 -0.082709221002301159 -0.051751830519145225 -0 0 -0.07033053774974686
leaf_count=155 191 57 348 89 45 1220 106 41 55 42 38 175 45 74 43 57 45 43 91 63 58 61 58
internal_value=0 -0.192844 -0.284385 -0 0.470766 -0.44742 0.476406 0.286774 0 0.98135 1.04733 -0.215663 0.492982 -0 0.103008 0.602763 -0.545547 -0 -0.108374 -0 -0.491593 -0.119933 -0.205975
internal_count=3200 2637 2580 950 235 1630 563 415 365 148 83 715 257 158 84 212 1265 482 439 152 233 310 249
cat_boundaries=0 10 11 19 20
cat_threshold=606094016 1073742208 536944768 1107296256 12599424 0 65672 67125376 32 1048832 1 32800 483348 67109376 268435456 2097152 0 0 268435456 1
shrinkage=0.169796


Tree=6
num_leaves=27
num_cat=4
split_feature=1 5 18 1 20 6 0 13 12 11 12 18 15 5 15 5 5 3 16 11 19 7 8 14 0 8
split_gain=13.3498 6.30376 8.88951 3.70091 2.84827 2.29192 2.2843 4.77881 2.08417 1.92729 2.39078 3.49291 1.11327 0.91223 1.1259 0.88536 1.13475 0.647477 0.516275 0.474948 0.409031 0.55567 0.67441 0.230062 0.0556923 0.0497538
threshold=0 113580.00000000001 3776.5000000000005 1 2 60783.250000000007 7.7500000000000009 25749.250000000004 75.250000000000014 36.250000000000007 15.250000000000002 22.750000000000004 2374.7500000000005 5700.2500000000009 9.2500000000000018 303.25000000000006 9682.7500000000018 262.75000000000006 43495.750000000007 40.750000000000007 54.250000000000007 3 36.250000000000007 1.7500000000000002 4.7500000000000009 22.750000000000004
decision_type=5 2 2 5 5 2 2 2 2 2 2 2 2 2 2 2 2 2 2 2 2 1 2 2 2 2
left_child=5 3 25 9 17 8 7 -7 15 10 11 24 -4 14 -10 -1 -17 18 23 -11 21 -6 -23 -5 -2 -3
right_child=1 2 12 4 20 6 -8 -9 13 19 -12 -13 -14 -15 -16 16 -18 -19 -20 -21 -22 22 -24 -25 -26 -27
leaf_value=0.086156865778792141 -0 0 -0.080209633280657749 -0.1220687743488207 0.046505476659606193 0.26276317165830299 0 0 -0.010335785155116793 0.13891173348250754 -0.092119151095860927 0.15257816577633773 0 -0.07664840715913894 0.096266314678453424 -0.03771095718542547 0.070260880010679913 -0 -0 0 -0.044893805283548305 -0.050744228073773975 0.01531439364296025 -0.0041040699805591227 -0.022364164538733806 0.24082299021753001
leaf_count=268 174 40 88 1149 136 60 30 28 41 36 119 54 36 36 21 56 32 50 36 44 82 135 179 145 89 36
internal_value=0 -0.170152 0.366138 -0.283547 -0.374941 0.400686 0.885911 1.12191 0.264419 0.0308483 -0.0357232 0.101158 -0.180573 -0.0335238 0.0249817 0.397996 0 -0.520214 -0.647687 0.540372 -0 0.0502824 -0 -0.670941 -0.0526007 1.18182
internal_count=3200 2628 200 2428 1912 572 118 88 454 516 436 317 124 98 62 356 88 1380 1330 80 532 450 314 1294 263 76
cat_boundaries=0 10 19 21 22
cat_threshold=538969156 1073742208 67182596 1375731712 4210824 131072 65668 67125248 0 1048832 49824 417816 8389264 0 2097168 0 8 268435584 32 2214664197 813763776 2
shrinkage=0.169796


Tree=7
num_leaves=27
num_cat=5
split_feature=1 5 18 1 21 18 5 7 18 10 10 11 21 21 19 19 18 7 12 18 13 10 0 5 7 5
split_gain=10.5508 5.64738 7.8255 6.67612 3.98262 3.98188 2.56925 2.85377 2.74534 2.4316 1.92473 1.45058 1.42223 2.62992 0.929157 0.765843 0.581772 0.429687 0.40867 0.316161 0.308241 0.346549 0.285668 0.217509 0.140784 0.118782
threshold=0 77962.000000000015 3776.5000000000005 1 25.000000000000004 1455.2500000000002 1551.2500000000002 2 723.25000000000011 54.403800000000011 47.192750000000011 37.750000000000007 25500.250000000004 12118.750000000002 32.500000000000007 238.75000000000003 5588.5000000000009 3 40.750000000000007 1150.7500000000002 16111.000000000002 59.870950000000008 1.7500000000000002 1.7500000000000002 4 6406.7500000000009
decision_type=5 2 2 5 2 2 2 1 2 2 2 2 2 2 2 2 2 1 2 2 2 2 2 2 1 2
left_child=-1 3 9 5 11 6 7 22 -8 -3 12 20 13 -6 -12 17 -17 -4 -7 -10 21 -5 -2 -9 -14 -13
right_child=1 2 15 4 10 18 8 23 19 -11 14 25 24 -15 -16 16 -18 -19 -20 -21 -22 -23 -24 -25 -26 -27
leaf_value=-0.085633219173380196 0 0.22365256645607753 -0 -0.088843775674545933 0.0070102108711644698 0 0.20407297495647148 0.085613935786469877 -0 0 -0.089625279679622888 0.029583027974062991 0.0059524557860288737 0.21390111625397112 0 0 -0.069326232762614404 0.06782597215422255 -0.058365759265507258 0.042759040395372559 -0 -0 -0.041183386694798631 0 -0.024285105939953203 -0.0017314725010987404
leaf_count=588 126 97 32 776 247 23 81 180 20 37 105 57 53 47 37 30 80 35 54 40 91 51 96 28 126 63
internal_value=0 0.124693 0.560568 0.0255349 -0.159276 0.278451 0.458936 0.199644 0.845566 1.08821 0.059081 -0.38984 0.244063 0.43678 -0.292241 -0 -0.224003 0.226854 -0.198059 0 -0.462856 -0.495745 -0.0758688 0.459488 -0 0
internal_count=3200 2612 311 2301 1653 648 571 430 141 134 615 1038 473 294 142 177 110 67 77 60 918 827 222 208 179 120
cat_boundaries=0 9 19 20 21 22
cat_threshold=9703448 536871970 135004256 536920136 1088 32800 133200 2 1 536903904 287120 75563648 1342177280 6291600 131072 65544 67125248 32 256 2 2 2
shrinkage=0.169796


Tree=8
num_leaves=28
num_cat=6
split_feature=16 18 2 19 12 4 16 11 4 9 18 11 14 20 0 0 0 5 12 10 7 17 7 7 15 11 7
split_gain=4.73805 7.31205 3.79493 5.66394 4.8315 3.36036 3.04187 2.99642 2.87605 2.63718 2.52926 1.57941 1.50707 1.28521 2.25784 2.10408 1.04916 0.987223 0.657079 0.929516 0.304612 0.295015 0.156335 0.0903485 0.06826 0.0306315 0.0277085
threshold=18433.000000000004 4249.0000000000009 0 9.2500000000000018 39.250000000000007 2934.2500000000005 2409.2500000000005 30.250000000000004 101587.00000000001 1.7500000000000002 33.250000000000007 43.750000000000007 3.2500000000000004 1 3.2500000000000004 1.7500000000000002 1.7500000000000002 36334.750000000007 490.00000000000006 58.726000000000006 2 8538.2500000000018 3 4 370.75000000000006 16.000000000000004 5
decision_type=2 2 5 2 2 2 2 2 2 2 2 2 2 5 2 2 2 2 2 2 1 2 1 1 2 2 1
left_child=2 9 3 7 5 10 16 -1 -3 17 13 12 18 15 -15 -4 -7 -2 19 -6 -9 -12 -8 -13 -5 -10 -14
right_child=1 8 4 24 11 6 22 20 25 -11 21 23 26 14 -16 -17 -18 -19 -20 -21 -22 -23 -24 -25 -26 -27 -28
leaf_value=-0 0 -0.097083893913958705 0 -0.021002380560748879 -0.14304708294161569 0.16394818890306012 0 0 0 -0 -0.10074606992581603 0.012259068069145953 0.001133060819828716 -0 0.099844999864525275 -0.083058667738432568 0 0.18265551744768507 -0 -0 0.27411773719769378 -0 -0.031884747459645243 -0.021078453627135039 0 0.051104237560911404 -0.014113159532101766
leaf_count=44 37 131 661 73 367 92 58 35 33 26 221 65 43 310 116 293 27 121 53 78 43 47 60 57 35 28 46
internal_value=0 0.369841 -0.0681138 0.280825 -0.1363 -0.00366337 0.399437 0.998277 -0.086169 0.812595 -0.109396 -0.468275 -0.572874 -0 0.128614 -0.120078 0.771848 0.96311 -0.681645 -0.73832 1.3103 -0.519166 -0 -0 -0.0400355 0.224279 -0
internal_count=3200 376 2824 230 2594 1885 237 122 192 184 1648 709 587 1380 426 954 119 158 498 445 78 268 118 122 108 61 89
cat_boundaries=0 2 4 5 6 7 8
cat_threshold=1350635648 205410 16843841 8458304 2 2 2 2
shrinkage=0.169796


Tree=9
num_leaves=25
num_cat=2
split_feature=1 16 1 18 21 4 0 12 18 15 0 12 16 12 12 6 18 12 6 0 0 15 21 6
split_gain=8.60234 4.19644 5.35182 4.65465 3.10782 2.72262 2.33686 2.66624 2.24314 4.75932 1.56455 0.968079 0.644717 0.636192 0.579959 0.499412 0.432092 0.420648 0.325209 0.204063 0.195427 0.0660501 0.0606845 0.0467095
threshold=0 18433.000000000004 1 4249.0000000000009 25.000000000000004 101587.00000000001 4.7500000000000009 75.250000000000014 921.25000000000011 12.250000000000002 6.2500000000000009 192.25000000000003 3180.2500000000005 232.75000000000003 46.750000000000007 43408.750000000007 1258.7500000000002 33.250000000000007 103045.00000000001 16.750000000000004 10.750000000000002 329.50000000000006 38638.750000000007 2353.0000000000005
decision_type=5 2 5 2 2 2 2 2 2 2 2 2 2 2 2 2 2 2 2 2 2 2 2 2
left_child=22 2 6 17 10 -5 7 16 9 14 11 18 19 -9 -6 -13 -2 -3 -4 20 -8 -10 -1 -12
right_child=1 3 4 5 8 -7 12 13 21 -11 23 15 -14 -15 -16 -17 -18 -19 -20 -21 -22 -23 -24 -25
leaf_value=-0.12437384815057011 0.12969415467426734 0 -0.089670978823726696 -0.081738616254471347 0.010609727312154652 0.069734188579610196 -0 -0.046798916160109505 -0.07554449609089775 0.1733677710781894 0.017888062823027965 0.0439436527224965 0.062988064623409348 0.042157133154598084 -0.058361157108625078 -0.044177694993299023 0 0.1502535899249568 -0 0 -0.059980650463469613 -0 -0 -0
leaf_count=502 204 35 771 115 408 50 77 51 97 76 80 50 28 35 66 64 27 117 41 70 39 31 106 60
internal_value=0 0.108303 0.0161152 0.46749 -0.127446 -0 0.279372 0.519485 0.0284852 0.18989 -0.343907 -0.429771 0 -0 0 -0 0.69587 0.796888 -0.498169 -0.0921499 -0.188487 -0.375838 -0.457407 0
internal_count=3200 2592 2275 317 1744 165 531 317 678 550 1066 926 214 86 474 114 231 152 812 186 116 128 608 140
cat_boundaries=0 9 19
cat_threshold=9703448 536872034 143392864 32840 1088 557088 133200 2 1 536904384 286852 67183232 1342177280 2097296 0 65544 67108864 32 256
shrinkage=0.169796


Tree=10
num_leaves=24
num_cat=2
split_feature=1 10 17 11 5 19 14 19 1 0 5 11 9 18 10 18 10 0 4 10 18 17 12
split_gain=6.77275 4.23057 9.97787 2.31133 2.23043 2.02168 2.02103 2.0061 1.81762 1.64186 1.41798 1.26054 1.22597 1.10653 1.08314 0.578446 0.535973 0.505471 0.415395 0.360902 0.210169 0.606044 0.0288531
threshold=0 37.034950000000009 3537.2500000000005 40.750000000000007 55756.000000000007 4.7500000000000009 12.250000000000002 613.75000000000011 1 13.750000000000002 15175.750000000002 39.250000000000007 3.2500000000000004 76.750000000000014 38.596850000000011 40.000000000000007 34.763850000000005 19.750000000000004 1423.0000000000002 53.07670000000001 235.00000000000003 70079.500000000015 247.75000000000003
decision_type=5 2 2 2 2 2 2 2 5 2 2 2 2 2 2 2 2 2 2 2 2 2 2
left_child=4 2 8 -4 5 9 11 -6 -2 10 13 15 18 16 -15 -3 -1 -11 -10 -7 -13 22 -22
right_child=1 6 3 -5 7 19 -8 -9 12 17 -12 20 -14 14 -16 -17 -18 -19 -20 -21 21 -23 -24
leaf_value=0.044517488049528604 0.017008019752599506 -0 0.17424704222351581 0 0.2060581016000701 -0.048447840954161304 0.0087427784544270842 0 -0.07252735200081295 -0.060207352163129821 -0 0.0084017982526276309 0 0 0.18468682978080436 -0.097376720643141304 -0 0 -0 0 -0.064686985464157465 0 -0
leaf_count=191 232 146 106 29 33 65 53 37 886 34 32 54 87 34 43 774 47 40 71 32 101 26 47
internal_value=0 -0.13613 0.0107839 0.791979 0.266219 0.16773 -0.360125 0.807447 -0.179848 0.288009 0.387294 -0.426649 -0.257195 0.466274 0.822927 -0.521699 0.18049 -0 -0.393577 -0.146457 -0 -0.139662 -0.319306
internal_count=3200 2612 1411 135 588 518 1201 70 1276 421 347 1148 1044 315 77 920 238 74 957 97 228 174 148
cat_boundaries=0 10 16
cat_threshold=606094400 1073873284 67182724 1107296256 4194440 131072 65672 67108992 0 256 1049100 278536 8388624 0 2097152 1024
shrinkage=0.169796


Tree=11
num_leaves=26
num_cat=4
split_feature=1 2 4 18 16 20 0 0 1 15 14 0 18 13 0 15 14 18 12 17 16 13 0 8 8
split_gain=5.88045 3.22187 4.03827 3.12863 3.24166 2.01151 3.88962 2.34167 1.68827 1.62087 1.31644 1.27045 1.34484 1.17885 1.09301 0.584243 0.582927 0.631195 0.467978 0.430874 0.391518 0.317981 0.287531 0.258056 0.371878
threshold=0 1 1423.0000000000002 921.25000000000011 37876.000000000007 2 1.7500000000000002 10.750000000000002 3 407.50000000000006 3.2500000000000004 1.7500000000000002 3.2500000000000004 16.750000000000004 18.250000000000004 190.75000000000003 12.250000000000002 6085.7500000000009 9.2500000000000018 25825.750000000004 19.750000000000004 226867.00000000003 4.7500000000000009 36.250000000000007 881.50000000000011
decision_type=5 5 2 2 2 5 2 2 5 2 2 2 2 2 2 2 2 2 2 2 2 2 2 2 2
left_child=-1 21 5 10 9 8 23 -8 13 18 15 12 -10 22 -9 20 17 -6 -5 -11 -4 -2 -3 -7 -25
right_child=1 2 3 4 16 6 7 14 11 19 -12 -13 -14 -15 -16 -17 -18 -19 -20 -21 -22 -23 -24 24 -26
leaf_value=-0.06844166463422735 -0.096240577836769245 0.011590360002818916 0 0 0.1603669938132127 -0.027482700751876438 0.19078848324746875 -0.02248664927146956 0 0.076741042113561295 0 -0.11905424754608224 -0.071283288901639041 0.094897319912706252 0.089434519324447251 0 0 0.0093017204461281963 -0.056574590138986532 0 0.16701866998693204 -0 -0.038618920759272729 0.046978906662319554 -0
leaf_count=590 183 104 41 30 38 168 82 43 424 34 36 206 224 52 28 30 32 67 276 91 149 37 81 51 103
internal_value=0 0.0892256 0.146273 0.350062 0.137407 -0 0.173963 0.669353 -0.121277 -0.0310185 0.712376 -0.241613 -0.108587 0.0831487 0 0.816605 0.490093 0.611594 -0.264437 0.201422 0.896142 -0.261359 -0 -0 0.0183154
internal_count=3200 2610 2390 824 568 1566 475 153 1091 431 256 854 648 237 71 220 137 105 306 125 190 220 185 322 154
cat_boundaries=0 8 11 14 22
cat_threshold=9703448 536871970 135004208 536903752 1088 557056 133200 2 537144580 264 1024 2164327425 69632 8 1604 278540 512 0 0 131072 65536 268435456
shrinkage=0.169796


Tree=12
num_leaves=22
num_cat=3
split_feature=20 2 4 10 18 12 10 5 13 20 10 21 18 13 3 18 21 17 13 18 4
split_gain=3.43155 2.62244 2.69022 2.60037 1.63647 1.37328 1.27675 1.26962 1.25807 1.00091 0.511452 1.41282 0.443362 0.285839 0.71052 0.205784 0.201885 0.207033 0.08708 0.0216821 0.00972584
threshold=0 1 254.50000000000003 54.216050000000003 5386.0000000000009 12.250000000000002 41.048050000000011 1380.2500000000002 175462.00000000003 2 52.60455000000001 14005.750000000002 8121.2500000000009 58.000000000000007 289.00000000000006 11668.000000000002 99332.500000000015 663.25000000000011 97.750000000000014 1422.2500000000002 33350.500000000007
decision_type=5 5 2 2 2 2 2 2 2 5 2 2 2 2 2 2 2 2 2 2 2
left_child=20 6 7 4 5 18 -2 9 -7 16 11 -11 -6 -5 19 -14 17 -3 -4 -15 -1
right_child=1 2 3 13 12 8 -8 -9 -10 10 -12 -13 15 14 -16 -17 -18 -19 -20 -21 -22
leaf_value=-0.099349099747139458 0 -0.021811891644669019 0.021779147112942848 0.020459413959639478 -0.048638001829291927 0.10433458867217293 -0.11782944389048219 -0.074963071670416451 -0 -0.0030168597046195647 0.11230109048475208 0.074380775605784252 0.042254616927798819 -0.068774584980399456 0 -0 0 0 -0.00081658936360351963 -0 -0
leaf_count=399 26 936 67 63 64 396 188 119 38 230 33 125 38 90 45 50 37 43 69 93 51
internal_value=0 0.0657717 0.116493 0.264889 0.38097 0.462048 -0.258402 -0 0.550418 0.025289 0.160422 0.0691559 -0 -0 -0.118191 0.129605 -0.0505429 -0.0994887 0 -0.279297 -0.328009
internal_count=3200 2750 2536 1013 722 570 214 1523 434 1404 388 355 152 291 228 88 1016 979 136 183 450
cat_boundaries=0 3 6 7
cat_threshold=2219379460 813747648 128 537142532 33554696 9216 1
shrinkage=0.169796


Tree=13
num_leaves=18
num_cat=3
split_feature=1 1 4 18 2 18 3 10 6 17 4 14 13 15 15 9 14
split_gain=5.97626 2.65737 2.66941 2.28903 2.15023 3.04675 4.83479 2.41983 2.78672 2.32233 1.40962 1.38666 0.884208 0.860431 1.15779 0.239773 0.145702
threshold=0 1 132478.00000000003 2779.0000000000005 2 244.00000000000003 151.75000000000003 3.0594150000000009 114985.00000000001 185.50000000000003 852.25000000000011 1.7500000000000002 22964.500000000004 25.750000000000004 1.7500000000000002 9.2500000000000018 3.2500000000000004
decision_type=5 5 2 2 5 2 2 2 2 2 2 2 2 2 2 2 2
left_child=15 12 3 4 7 9 -7 10 -9 -6 -3 -5 13 14 -2 -1 -4
right_child=1 2 16 11 5 6 -8 8 -10 -11 -12 -13 -14 -15 -16 -17 -18
leaf_value=-0.1367027925234483 0.058824424091150802 -0.0012598969662087566 0.10800680017838596 -0.10918932664165752 0 -0.047144973280199773 0.12489945346174622 -0.09051882186291435 0.018798577085636519 0.17863772416914298 0.1010275323044041 -0 -0 0.14589477912732918 -0.0083581345983453157 -0 0
leaf_count=498 137 986 37 184 106 271 63 501 53 85 38 91 21 52 20 37 20
internal_value=0 0.078639 0 -0.0419126 0 0.200124 0 -0.0839923 -0.353085 0.705765 0.0106841 -0.411956 0.313728 0.488592 0.190411 -0.443743 0.487614
internal_count=3200 2665 2435 2378 2103 525 334 1578 554 191 1024 275 230 209 157 535 57
cat_boundaries=0 9 19 21
cat_threshold=12849168 536872034 147587168 536920136 268436544 32768 133200 2 1 538968128 1073741952 65536 1073741824 0 0 65664 67108864 0 256 805373057 320
shrinkage=0.169796


Tree=14
num_leaves=26
num_cat=2
split_feature=1 21 10 10 8 4 18 5 9 18 10 16 10 10 17 21 12 12 13 1 15 16 21 16 21
split_gain=3.46411 3.13034 2.40177 2.43896 2.01555 1.68284 1.70247 2.10864 1.5033 1.47406 1.57016 1.14752 1.03111 0.770972 0.764166 0.974024 0.714865 1.21023 0.506983 0.447188 0.382011 0.375226 0.253334 0.203295 0.148299
threshold=0 25.000000000000004 51.137950000000011 55.300900000000006 107.50000000000001 132478.00000000003 338.50000000000006 2916.2500000000005 3.2500000000000004 3188.5000000000005 47.920550000000006 40927.750000000007 37.428150000000009 35.655800000000006 3793.7500000000005 20500.000000000004 51.250000000000007 12.250000000000002 296.50000000000006 1 55.000000000000007 822.25000000000011 19354.750000000004 106.00000000000001 156601.00000000003
decision_type=5 2 2 2 2 2 2 2 2 2 2 2 2 2 2 2 2 2 2 5 2 2 2 2 2
left_child=2 5 12 -4 9 6 7 19 11 10 14 24 20 22 15 -3 17 -14 -5 -2 23 -15 -10 -1 -6
right_child=1 4 3 18 8 -7 -8 -9 13 -11 -12 -13 16 21 -16 -17 -18 -19 -20 -21 -22 -23 -24 -25 -26
leaf_value=0.016660485140103067 0 -0 0.15748887984500237 0.061778341036271188 -0.07349897954008433 0.0098907491239267065 -0.10246631878713182 0.069994545624896015 0 -0 -0 0 -0.05266918829168709 0 0.18498984463305537 0.10132986617922456 -0.06110031128738206 0.070623252153979826 -0.0014455791305877401 -0.045903046981403794 0.080664263933933902 -0.052768311028063279 0.079396314287933839 -0 -0
leaf_count=330 111 182 62 32 369 32 526 92 37 36 57 38 38 56 34 36 80 38 74 703 35 59 68 33 42
internal_value=0 -0.106719 0.176977 0.531796 0.0339561 -0.299252 -0.365429 -0.0992799 -0.0821897 0.312851 0.452395 -0.2717 0.0392503 0.116154 0.597657 0.158229 -0.140082 0 0 -0.262647 0.158937 -0 0.345783 0.0418165 -0.395204
internal_count=3200 2478 722 168 1014 1464 1432 906 669 345 309 449 554 220 252 218 156 76 106 814 398 115 105 363 411
cat_boundaries=0 10 15
cat_threshold=539018848 1073947012 65668 1342177280 12583048 0 65668 335544320 0 256 4 278536 67108864 0 2097152
shrinkage=0.169796


Tree=15
num_leaves=19
num_cat=4
split_feature=1 2 1 4 18 13 15 5 20 6 15 21 21 15 18 6 18 21
split_gain=3.65876 1.81632 1.84943 2.1711 1.77662 1.12107 2.12186 0.864698 0.836393 1.1458 2.23767 0.791117 0.736855 0.363465 0.350301 0.155011 0.307859 0.142379
threshold=0 1 2 1423.0000000000002 5386.0000000000009 373.00000000000006 1241.5000000000002 1551.2500000000002 3 2353.0000000000005 43.000000000000007 424.75000000000006 14005.750000000002 2777.5000000000005 8287.0000000000018 94.750000000000014 834.25000000000011 143.50000000000003
decision_type=5 5 5 2 2 2 2 2 5 2 2 2 2 2 2 2 2 2
left_child=-1 11 5 8 7 15 -7 -5 -4 12 -11 -2 -10 -9 -6 -3 -17 -16
right_child=1 2 3 4 14 6 -8 13 9 10 -12 -13 -14 -15 17 16 -18 -19
leaf_value=-0.058948937306455292 -0.10343753188282725 -0.0015862003609655407 -0.028099129989333643 -0 -0.05086985841649834 -0.11289983836560172 0 0.082138832915123611 0.0094200267343119634 -0.10154956154374545 0.03433088698619894 -0 0.077306332719093568 0 0.031213428609267062 0.049795532690493978 -0 -0
leaf_count=547 141 234 102 35 56 127 21 497 846 123 53 75 143 21 53 63 39 24
internal_value=0 0.0664052 0.109246 0.171921 0.341014 -0.075953 -0.369361 0.421482 0.0212751 0.0832464 -0.146381 -0.201441 0.178537 0.456315 -0 0 0.143742 0.0384163
internal_count=3200 2653 2437 1953 686 484 148 553 1267 1165 176 216 989 518 133 336 102 77
cat_boundaries=0 9 12 22 25
cat_threshold=12849168 536871970 143392880 536920136 1024 557056 133136 2 1 537142532 266 9216 1048588 67109208 71303180 528384 268460112 1056 268435520 16 0 1048576 2164327424 69632 8
shrinkage=0.169796


Tree=16
num_leaves=15
num_cat=4
split_feature=1 20 2 1 12 0 0 21 8 0 21 17 5 8
split_gain=2.5504 1.69998 1.56894 1.61461 1.98094 2.21748 1.41771 1.08104 1.49493 2.7521 1.01977 0.936404 0.638354 0.0939568
threshold=0 1 2 3 464.50000000000006 7.7500000000000009 1.7500000000000002 7720.7500000000009 5033.5000000000009 1.7500000000000002 3065.5000000000005 24035.500000000004 103357.00000000001 16877.500000000004
decision_type=5 5 5 5 2 2 2 2 2 2 2 2 2 2
left_child=-1 6 -3 4 5 12 -2 10 9 -9 11 -5 -4 -10
right_child=1 2 3 7 -6 -7 -8 8 13 -11 -12 -13 -14 -15
leaf_value=-0.058382471987418326 -0.088783913866031822 -0.027373392253042039 -0.074672847032760767 0.035917063493079243 0.09059749253371556 0.047564108235236643 0 0.13976930024511033 -0.018184030240112135 -0 -0.038486953173457968 -0 0 0.017319689874611497
leaf_count=430 257 223 337 1192 26 51 61 190 55 67 64 196 20 31
internal_value=0 0.0402746 0.0854641 0.125962 -0.0536683 -0.218521 -0.195741 0.184914 0.435769 0.594108 0.118735 0.156562 -0.376565 0
internal_count=3200 2770 2452 2229 434 408 318 1795 343 257 1452 1388 357 86
cat_boundaries=0 9 11 14 24
cat_threshold=8654864 536871970 139198560 536903752 0 32768 133136 2 1 2219318080 278970504 537144580 264 9216 536871044 67248156 67108892 544768 268460032 132096 268435464 16400 0 1048832
shrinkage=0.169796


Tree=17
num_leaves=16
num_cat=3
split_feature=1 1 0 4 18 17 1 4 15 0 12 14 12 14 12
split_gain=2.61012 1.42964 1.5955 1.68322 1.86391 1.40751 3.07785 1.59344 1.13347 1.51515 1.78511 0.946997 0.357001 0.174566 0.109208
threshold=0 1 18.250000000000004 132478.00000000003 2779.0000000000005 780.25000000000011 2 31047.250000000004 55.000000000000007 12.250000000000002 1.7500000000000002 9.2500000000000018 111.25000000000001 3.2500000000000004 28.750000000000004
decision_type=5 5 2 2 2 2 5 2 2 2 2 2 2 2 2
left_child=-1 8 3 4 5 6 -3 -7 9 10 -2 -6 -10 -5 -12
right_child=1 2 -4 13 11 7 -8 -9 12 -11 14 -13 -14 -15 -16
leaf_value=-0.059759223090056525 0.093895509531641635 0.026968853416446226 0.074430021130686586 0.067624962048608198 -0.0960663338351916 0.038834052285775279 -0.04195020808178683 -0.045193726531611474 0.13167194222880874 -0.056943927325025762 -0.028782089949005881 0 0 0 0
leaf_count=465 69 325 90 40 247 516 1160 75 35 43 20 30 21 21 43
internal_value=0 0.0333276 -0.00632518 -0.0464161 -0.0954049 -0.0267509 -0.129721 0.110664 0.208152 0.0361004 0.247914 -0.448515 0.605788 0.290313 -0
internal_count=3200 2735 2504 2414 2353 2076 1485 591 231 175 132 277 56 61 63
cat_boundaries=0 9 17 25
cat_threshold=8654864 536871970 139198560 536903752 64 33792 133136 18 1 64 1073741956 65536 1342177280 0 0 65664 67108864 537921036 24 8389264 0 2097280 131072 8 268435456
shrinkage=0.169796


Tree=18
num_leaves=28
num_cat=2
split_feature=2 18 5 10 7 4 10 11 4 4 6 17 13 18 21 21 4 4 13 21 5 8 18 4 8 21 10
split_gain=1.23741 3.38904 5.74556 2.47064 1.70968 1.74086 1.69941 1.50554 1.78338 1.52096 1.08772 1.64267 1.01962 0.899848 0.881428 1.66109 0.587363 0.831194 0.477158 0.443169 0.408785 0.400533 0.300988 0.288587 0.149949 0.059536 0.0237737
threshold=0 759.25000000000011 127291.50000000001 57.26850000000001 1 25.750000000000004 48.984050000000003 1.7500000000000002 11596.000000000002 31756.000000000004 60783.250000000007 1.7500000000000002 8920.0000000000018 5588.5000000000009 14005.750000000002 40044.250000000007 132478.00000000003 5597.5000000000009 226867.00000000003 1441.0000000000002 8976.2500000000018 128.50000000000003 126.25000000000001 6556.7500000000009 2018.5000000000002 469.00000000000006 44.040900000000008
decision_type=5 2 2 2 1 2 2 2 2 2 2 2 2 2 2 2 2 2 2 2 2 2 2 2 2 2 2
left_child=7 3 16 4 5 -2 26 10 18 -10 11 14 21 -4 19 -16 17 -3 -9 25 -19 -12 -13 -24 -17 -1 -6
right_child=1 2 13 -5 6 -7 -8 8 9 -11 12 22 -14 -15 15 24 -18 20 -20 -21 -22 -23 23 -25 -26 -27 -28
leaf_value=-0.0055957916306701595 0 -0 0.096946578762588595 -0 -0 0.20230595226173118 0.10472691800422312 -0.12061135100664877 0.085158006621052551 -0.05275170174202181 0.077655336345428636 -0 -0 0 0.10271919605572893 0.0096150236001606628 0 -0 -0 -0.056386374167609124 -0.1212173937924117 0 -0.092528370847347302 -0 -0.024648456360793703 0.0097700031264306587 -0.033913221502908653
leaf_count=929 54 95 63 58 47 83 28 256 30 91 81 83 85 47 116 70 26 35 44 110 207 37 168 114 94 107 42
internal_value=0 0.10625 -0.0352037 0.455741 0.623234 0.937577 0.0197392 -0.0683756 -0.349033 0 -0.00506033 -0.0712798 0.204144 0.409968 0 0.216197 -0.421177 -0.485634 -0.600465 -0.0601239 -0.625942 0.362156 -0.34159 -0.400895 -0 -0 -0.134915
internal_count=3200 785 473 312 254 137 117 2415 421 121 1994 1791 203 110 1426 280 363 337 300 1146 242 118 365 282 164 1036 89
cat_boundaries=0 3 4
cat_threshold=537144597 33554688 8192 2
shrinkage=0.169796


Tree=19
num_leaves=29
num_cat=3
split_feature=20 21 18 13 13 4 18 18 12 18 12 8 15 18 10 3 7 21 18 10 10 13 10 10 7 18 3 14
split_gain=1.61298 0.944608 1.22897 1.65319 2.18428 0.989305 1.53618 1.30072 1.27048 0.816175 0.78218 0.70264 0.755119 0.851471 0.586478 0.575237 0.490679 0.738127 0.531237 0.434854 0.466579 0.247843 0.204675 0.190579 0.100374 0.0391589 0.614059 0.0367719
threshold=0 25.000000000000004 3679.0000000000005 4927.0000000000009 144037.50000000003 13754.500000000002 253.75000000000003 1412.5000000000002 44.500000000000007 8121.2500000000009 122.50000000000001 107.50000000000001 31.750000000000004 72.250000000000014 54.03605000000001 16.750000000000004 1 3065.5000000000005 60.250000000000007 34.218200000000003 54.216050000000003 4261.0000000000009 51.296500000000002 35.563200000000009 2 1465.7500000000002 39.250000000000007 1.7500000000000002
decision_type=5 2 2 2 2 2 2 2 2 2 2 2 2 2 2 2 1 2 2 2 2 2 2 2 1 2 2 2
left_child=27 5 3 11 14 6 10 23 15 -4 19 16 13 -13 -5 -7 17 -3 -18 -2 -21 24 -23 -8 -10 -9 -27 -1
right_child=1 2 9 4 -6 8 7 25 21 -11 -12 12 -14 -15 -16 -17 18 -19 -20 20 -22 22 -24 -25 -26 26 -28 -29
leaf_value=-0.085135504832449221 0 0.12535315052319715 -0.080529943210257693 0.13305823816697251 -0 0.083965790642816771 -0 0.00099345163429460448 -0 0 0.065546197204970388 -0.009937823990546088 -0.065718164667039294 0.055176916309670844 0 -0 0.029591952755919585 0 -0.027576165285699349 -0.063483895053768877 0 -0.046992738969740384 0 -0.11788875431609429 0.026893991534245747 -0.058828780879850009 0 -0
leaf_count=370 727 41 60 87 25 94 32 36 53 36 75 274 59 90 25 40 177 57 60 173 79 85 36 188 27 109 29 56
internal_value=0 0.0240532 0.119299 0.17969 0.494819 -0.033445 -0.118621 -0.357389 0.107022 -0.171588 -0 0.0466037 -0.0180557 0 0.681159 0.369709 0.187038 0.421572 0 -0.0536088 -0.227011 -0.00351202 -0.17669 -0.604169 0 -0 -0.0717678 -0.257269
internal_count=3200 2774 991 895 137 1783 1448 394 335 96 1054 758 423 364 112 134 335 98 237 979 252 201 121 220 80 174 138 426
cat_boundaries=0 3 4 5
cat_threshold=2219317828 813747648 128 2 2
shrinkage=0.169796


Tree=20
num_leaves=18
num_cat=3
split_feature=1 1 15 0 10 20 10 10 10 19 8 16 0 19 8 21 5
split_gain=2.12317 1.17088 1.9477 1.17673 0.97314 1.33701 1.09828 0.989868 1.61 1.23972 0.930582 0.82518 1.06606 0.48928 0.145907 0.153729 0.11002
threshold=0 1 55.000000000000007 18.250000000000004 54.403800000000011 2 35.266050000000007 34.218200000000003 52.074300000000001 6.2500000000000009 30.250000000000004 95.500000000000014 10.750000000000002 409.75000000000006 357.25000000000006 18750.250000000004 153.25000000000003
decision_type=5 5 2 2 2 5 2 2 2 2 2 2 2 2 2 2 2
left_child=-1 2 11 4 5 6 -3 9 -9 -7 13 12 -2 -6 -12 -16 -5
right_child=1 3 -4 16 10 7 -8 8 -10 -11 14 -13 -14 -15 15 -17 -18
leaf_value=-0.055522231266040022 0.06001608649437018 -0.090291306732368529 0.1007287069869465 0.077318056050832154 -0.085781595876297662 0.0063826926626042784 -0 -0.027057530313802723 0.058360444347269461 0.090363755576768151 0.032478532306835062 -0.051534884735440135 -0.0093607803600994875 -0 0 -0.037349163714374488 0
leaf_count=466 93 145 71 57 249 920 98 688 89 55 31 35 35 43 31 61 33
internal_value=0 0.0250394 0.18579 -0.00947954 -0.0465066 -0 -0.202781 0.0510164 -0.0322045 0.160937 -0.251846 0 0.158919 -0.410202 0 -0.0519909 0.357716
internal_count=3200 2734 234 2500 2410 1995 243 1752 777 975 415 163 128 292 123 92 90
cat_boundaries=0 9 17 20
cat_threshold=8654864 536871970 139198560 536920136 0 558080 133136 2 1 2097216 139392 65540 268435456 0 0 65664 67108864 2153274368 278921352 8
shrinkage=0.169796


Tree=21
num_leaves=17
num_cat=4
split_feature=1 20 0 2 1 10 4 15 17 8 0 17 10 8 8 5
split_gain=1.74658 0.847435 1.29191 0.682556 1.14504 1.78945 1.35736 0.928794 0.889734 0.852246 0.675282 0.428463 0.321344 0.19809 0.116893 0.0734317
threshold=0 1 1.7500000000000002 2 3 59.277450000000009 852.25000000000011 63.250000000000007 55775.500000000007 5033.5000000000009 13.750000000000002 799.75000000000011 41.048050000000011 30.250000000000004 14191.000000000002 284.50000000000006
decision_type=5 5 2 5 5 2 2 2 2 2 2 2 2 2 2 2
left_child=-1 2 -2 12 6 9 15 11 -9 10 -6 -8 -3 -7 -11 -5
right_child=1 3 -4 4 5 13 7 8 -10 14 -12 -13 -14 -15 -16 -17
leaf_value=-0.048509594021478468 -0.084263936195680331 0 0 -0.058867646354310639 0.045295857672802281 -0.046217966993455276 0.10438650739994824 -0.066095079612121202 0.019623546640404912 -0.031546209237490408 -0 0 -0.050168577820983946 0 0 -0
leaf_count=520 239 38 79 253 1325 125 35 64 27 47 126 30 181 32 35 44
internal_value=0 0.0225466 -0.144307 0.0569414 0.08692 0.140095 -0.0527314 0.0704153 -0 0.205575 0.234396 0.406303 -0.0878913 -0.178443 -0 -0.313846
internal_count=3200 2680 318 2362 2143 1690 453 156 91 1533 1451 65 219 157 82 297
cat_boundaries=0 8 11 14 24
cat_threshold=8654872 536871970 139198568 536903752 1024 33792 133136 2 2219449152 276906144 128 805569924 322 9216 536871428 1140850696 545259668 34099200 268451840 32 268435468 268451856 0 1048576
shrinkage=0.169796


Tree=22
num_leaves=28
num_cat=4
split_feature=1 1 10 8 8 10 4 8 5 19 19 10 7 21 21 13 13 10 6 12 12 13 19 8 7 21 21
split_gain=1.62769 0.735361 1.89076 2.54813 3.06335 1.78653 1.4893 1.54535 0.979014 1.93924 1.09579 1.3157 1.11762 0.862536 0.913414 0.831398 0.944274 0.780961 1.3884 0.626565 0.605983 0.506639 0.425631 0.327884 0.141513 0.128368 0.206604
threshold=0 1 37.034950000000009 3.2500000000000004 97.750000000000014 51.137950000000011 147.25000000000003 3.2500000000000004 40848.250000000007 613.75000000000011 11.500000000000002 38.596850000000011 2 14005.750000000002 134020.00000000003 99.250000000000014 4261.0000000000009 56.694300000000005 12508.000000000002 219.25000000000003 12.250000000000002 16.750000000000004 130.75000000000003 731.50000000000011 3 1441.0000000000002 642.25000000000011
decision_type=5 5 2 2 2 2 2 2 2 2 2 2 1 2 2 2 2 2 2 2 2 2 2 2 1 2 2
left_child=-1 8 6 5 -5 19 13 21 10 -10 11 20 -13 25 -15 -6 -17 18 -7 -4 24 -8 -12 -9 -2 26 -3
right_child=1 2 3 4 15 17 7 23 9 -11 22 12 -14 14 -16 16 -18 -19 -20 -21 -22 -23 -24 -25 -26 -27 -28
leaf_value=-0.05075399586973367 0.025923717345688296 -0.016162061586557148 -0.12701045488409066 0.12428344725681775 0.0087075824299987521 0.10283760145272251 0 -0.034075819565426442 0.13262543223826795 -0 -0.080482200349476438 -0 0.10738473648969207 0.058933836340676296 -0 -0.099154832596730164 -0 -0.060486190332336959 -0.0019508921428179257 -0 -0.063960519256093168 0.10755808165398806 0 0.02219600784772377 -0 -0.06377836943453237 0.0036600177552648999
leaf_count=466 94 628 291 63 66 38 39 35 33 33 38 62 47 191 45 105 129 162 119 64 39 111 30 47 93 87 45
internal_value=0 0.0119902 -0.0229217 -0.188863 0.0261193 -0.387761 0.0718693 0.288195 0.113626 0.425057 0.00730686 0.130559 0.400011 -0.00621829 0.164152 -0.117281 -0.2858 -0 0.0735361 -0.631416 -0 0.516948 -0.290453 -0 0.048367 -0.13179 -0.0255781
internal_count=3200 2734 2265 1037 363 674 1228 232 469 66 403 335 109 996 236 300 234 319 157 355 226 150 68 82 187 760 673
cat_boundaries=0 8 17 18 19
cat_threshold=8654864 536871970 139198568 536907848 1024 33792 133136 2 538985536 1073873024 73860 1375731712 6291472 131072 65664 67108992 32 2 2
shrinkage=0.169796


Tree=23
num_leaves=24
num_cat=2
split_feature=0 0 20 0 0 5 21 12 13 21 6 13 12 5 12 12 12 4 3 13 7 15 6
split_gain=0.877838 0.966987 1.04745 1.7585 1.71511 1.4572 0.830939 1.64088 1.30441 1.25169 0.742098 0.614136 0.816179 0.577596 0.44494 0.842239 0.466094 0.40443 0.34276 0.338044 0.304143 0.271419 0.026854
threshold=18.250000000000004 13.750000000000002 0 1.7500000000000002 1.7500000000000002 77962.000000000015 9262.7500000000018 3.2500000000000004 6.2500000000000009 43208.500000000007 2206.7500000000005 4927.0000000000009 3.2500000000000004 33567.250000000007 399.25000000000006 46.750000000000007 18.250000000000004 12943.000000000002 39.250000000000007 624.25000000000011 1 150.25000000000003 12508.000000000002
decision_type=2 2 5 2 2 2 2 2 2 2 2 2 2 2 2 2 2 2 2 2 1 2 2
left_child=1 2 3 14 6 21 8 9 20 -8 -6 12 -2 -9 15 16 -1 -17 -16 -10 -4 -5 -12
right_child=11 -3 4 5 10 -7 7 13 19 -11 22 -13 -14 -15 18 17 -18 -19 -20 -21 -22 -23 -24
leaf_value=-0.00095469240390665382 0 -0.071489173392616012 -0 -0.090033103069681916 0.10327763015263708 0 0.11934473768017928 -0.062280033419356631 0.034238149732922933 -0 -0 -0 0.12019709514530977 0 -0 -0 0.038767596436403484 -0.060048528021592038 0.067383539630542055 -0.011973314802205599 -0.092488313013509627 -0 0.013326124978260381
leaf_count=945 64 104 43 468 84 37 88 77 67 61 33 28 35 64 63 285 166 166 30 120 88 55 29
internal_value=0 -0.0454819 -0.0151075 -0.0841618 0.0776407 -0.352254 -0 0.146284 -0.139291 0.457467 0.408202 0.23686 0.384765 -0.0203417 -0 -0.0413312 0.00560528 -0.209673 0.22109 0 -0.441026 -0.481873 0
internal_count=3200 3073 2969 2215 754 560 608 290 318 149 146 127 99 141 1655 1562 1111 451 93 187 131 523 62
cat_boundaries=0 3 4
cat_threshold=71900673 815844800 128 2
shrinkage=0.169796


Tree=24
num_leaves=24
num_cat=3
split_feature=1 2 1 0 0 21 12 19 17 18 5 4 12 8 21 10 0 0 5 18 21 21 11
split_gain=1.7437 0.618245 0.953009 2.37292 1.84016 2.10831 1.46244 1.3135 1.30718 1.12493 1.01112 0.84492 0.623851 0.62448 0.566909 0.566521 0.617136 0.714069 0.462 0.425498 0.299899 0.139656 0.038211
threshold=0 1 2 4.7500000000000009 6.2500000000000009 7720.7500000000009 48.250000000000007 6.2500000000000009 99245.500000000015 3964.0000000000005 3377.5000000000005 58801.750000000007 27.250000000000004 133.00000000000003 14005.750000000002 51.296500000000002 19.750000000000004 10.750000000000002 271.75000000000006 474.25000000000006 38638.750000000007 162.25000000000003 37.750000000000007
decision_type=5 5 5 2 2 2 2 2 2 2 2 2 2 2 2 2 2 2 2 2 2 2 2
left_child=20 22 3 9 5 8 7 21 11 10 18 -4 14 -14 -7 16 17 -5 -3 -17 -1 -6 -2
right_child=1 2 4 15 6 12 -8 -9 -10 -11 -12 -13 13 -15 -16 19 -18 -19 -20 -21 -22 -23 -24
leaf_value=-0.11267003446628157 -0.070807036234932869 0.034518836249836975 -0.061949121050928119 -0 0.027000796364340163 -0 -0 0.18363611899006091 0.0047678847630674252 -0 0.11006420188929651 0 0.020054784538577217 -0.043704777595241537 0.04862582139802523 0.056478332471961004 0 -0.090206749965867888 -0 -0 -0 -0 -0
leaf_count=496 139 206 1012 80 102 52 66 28 36 35 87 56 32 121 245 24 35 72 32 25 78 61 80
internal_value=0 0.0158146 0.0448214 0.138773 -0.00951699 -0.0923464 0.300495 0.512533 -0.24214 0.324446 0.387282 -0.314332 0.0781381 -0.00269937 0.205419 -0.0510632 -0.198396 -0.321569 0.11704 0.0556158 -0.289621 0 -0.139188
internal_count=3200 2626 2407 596 1811 1554 257 191 1104 360 325 1068 450 153 297 236 187 152 238 49 574 163 219
cat_boundaries=0 9 12 21
cat_threshold=12849176 536871970 139198568 536924232 268436480 558080 133120 2 1 537144580 256 9216 536921700 1073758592 536945152 1342177280 6291456 0 65668 67108864 32
shrinkage=0.169796


Tree=25
num_leaves=29
num_cat=2
split_feature=1 4 0 21 18 21 6 15 14 0 3 8 0 3 4 18 6 0 11 21 8 15 4 4 19 19 7 10
split_gain=1.12409 1.75071 1.54985 2.72932 1.358 1.81053 1.3157 1.03934 1.02734 0.698666 0.582883 0.536599 0.469092 0.454307 0.966312 0.587548 0.449614 0.282353 0.263648 0.208847 0.169219 0.110017 0.0961723 0.305074 0.0607421 0.381457 0.389375 0.043669
threshold=0 23104.000000000004 6.2500000000000009 7720.7500000000009 723.25000000000011 14905.000000000002 865.75000000000011 55.000000000000007 1.7500000000000002 4.7500000000000009 115.00000000000001 114.25000000000001 7.7500000000000009 15.250000000000002 2934.2500000000005 1576.0000000000002 1.7500000000000002 22.750000000000004 36.250000000000007 50215.750000000007 849.25000000000011 448.00000000000006 5597.5000000000009 16066.750000000002 7.7500000000000009 873.25000000000011 1 35.563200000000009
decision_type=5 2 2 2 2 2 2 2 2 2 2 2 2 2 2 2 2 2 2 2 2 2 2 2 2 2 1 2
left_child=1 6 3 8 5 -4 9 18 10 16 -2 19 -3 14 20 -15 -1 -11 27 -5 -13 -6 -9 -24 -10 26 -26 -8
right_child=2 12 4 11 21 -7 7 22 24 17 -12 13 -14 15 -16 -17 -18 -19 -20 -21 -22 -23 23 -25 25 -27 -28 -29
leaf_value=0.052856870760155189 -0.074358285581913902 0.094245568120064113 0.1083250738500406 0.055604935493991502 -0.035332767484788835 -0 -0 0.022700371337270105 0.012713550883203677 -0.025295534419669072 0 0 0 0 0.057422966227184492 -0.082343248386038376 -0 0.024270663047656609 -0 -0 -0.026230584848558215 0 -0.045519604361122852 0 0 0 -0.06586391863162705 -0.092769504530781532
leaf_count=190 1242 58 205 68 52 78 35 36 80 127 69 87 23 46 100 58 30 22 33 28 195 40 33 27 38 29 85 86
internal_value=0 0.0748714 -0.0848193 -0.161189 0.14889 0.381906 0 -0.175319 -0.319233 0.14127 -0.398669 0.0222014 0.429581 -0 0.00844681 -0.265035 0.25445 -0 -0.361832 0.243728 -0.0709628 -0.0853584 0 -0 -0 -0.0662069 -0.237715 -0.443827
internal_count=3200 700 2500 2125 375 283 619 250 1543 369 1311 582 81 486 382 104 220 149 154 96 282 92 96 60 232 152 123 121
cat_boundaries=0 10 11
cat_threshold=2146884 1073947012 536936580 1375731712 14680192 131072 65664 335544448 32 256 1
shrinkage=0.169796


Tree=26
num_leaves=25
num_cat=3
split_feature=1 0 2 1 18 5 4 10 10 15 10 10 16 4 10 0 8 14 15 17 0 18 21 9
split_gain=1.03453 0.928793 0.824476 3.33933 1.90425 2.60297 2.05555 1.8048 0.835144 0.977166 0.642527 0.919514 0.610673 0.863004 0.552318 0.53973 0.815763 0.474519 0.30222 0.298304 0.248024 0.19309 0.112525 0.036598
threshold=0 19.750000000000004 1 2 701.50000000000011 127291.50000000001 438.25000000000006 59.619050000000009 46.238850000000006 55.000000000000007 34.871900000000004 53.07670000000001 50557.750000000007 5597.5000000000009 52.4497 10.750000000000002 302.50000000000006 1.7500000000000002 307.75000000000006 9432.2500000000018 24.250000000000004 1.7500000000000002 424.75000000000006 3.2500000000000004
decision_type=5 2 5 5 2 2 2 2 2 2 2 2 2 2 2 2 2 2 2 2 2 2 2 2
left_child=1 21 3 7 6 12 22 -2 15 -10 -8 -12 13 -6 -7 16 17 -5 -11 -15 -17 -1 -4 -18
right_child=2 -3 4 8 5 14 10 -9 9 18 11 -13 -14 19 -16 20 23 -19 -20 -21 -22 -23 -24 -25
leaf_value=-0 -0.10817578399457214 0 -0.01218373714484576 0.045396397489135695 -0 0.06926780317090131 0 0 -0.063123831643602718 0.045626769254641937 0.17554408680406591 0 0 -0 -0 -0.035317728065793794 -0.012437608922758569 -0 -0 -0.11333382774975478 0 -0.10006469697861593 0.021018143387148244 0
leaf_count=240 289 39 131 882 87 72 26 29 204 53 64 35 30 67 21 85 112 37 87 134 21 326 59 70
internal_value=0 -0.200495 0.0162092 -0.0286747 0.114421 -0 0.37072 -0.332035 0.0600738 -0.0912914 0.650528 0.81154 -0.266631 -0.357948 0.310254 0.132941 0.173284 0.23773 0.00386559 -0.524212 -0 -0.449036 0 -0
internal_count=3200 605 2595 1869 726 411 315 318 1551 344 125 99 318 288 93 1207 1101 919 140 201 106 566 190 182
cat_boundaries=0 9 12 20
cat_threshold=8654856 263282 147587168 32840 64 557056 133200 18 1 537136389 258 8192 603997248 1141063680 536879104 268959744 16 32 12 268451840
shrinkage=0.169796


Tree=27
num_leaves=17
num_cat=3
split_feature=20 0 2 16 16 15 12 20 0 0 18 6 8 11 12 12
split_gain=0.641544 0.667266 0.525802 0.724602 1.52551 1.28039 1.71773 0.92957 0.994879 0.874263 0.829595 0.498445 0.427381 0.292034 0.23157 0.187036
threshold=0 1.7500000000000002 1 18433.000000000004 8467.7500000000018 129.25000000000003 199.00000000000003 2 1.7500000000000002 3.2500000000000004 3645.2500000000005 73870.000000000015 128.50000000000003 40.750000000000007 1.7500000000000002 33.250000000000007
decision_type=5 2 5 2 2 2 2 5 2 2 2 2 2 2 2 2
left_child=1 14 12 4 5 7 11 8 -4 -9 15 -7 -2 -6 -1 -5
right_child=2 -3 3 10 13 6 -8 9 -10 -11 -12 -13 -14 -15 -16 -17
leaf_value=-0 -0.080232164669308478 0 0 0 -0.094104714783298252 0.13342510470782001 -0 0 -0.047258190598208155 0.058251568044149118 -0 0 0 -0 -0.097273710087906876 0.069813890820695265
leaf_count=144 156 121 1026 32 95 75 73 303 471 133 147 39 46 59 191 89
internal_value=0 -0.164288 0.00829752 0.0369001 0 0.0394096 0.367003 0 -0.0705316 0.116401 0.191706 0.629096 -0.139218 -0.383077 -0.43052 0.353929
internal_count=3200 456 2744 2542 2274 2120 187 1933 1497 436 268 114 202 154 335 121
cat_boundaries=0 3 5 8
cat_threshold=2219318340 813731296 128 537142660 33555200 553713681 69632 8
shrinkage=0.169796


Tree=28
num_leaves=26
num_cat=2
split_feature=2 10 16 18 16 16 17 8 18 0 19 11 12 4 3 0 0 7 8 0 8 8 0 8 8
split_gain=0.6336 0.88971 2.14518 1.42423 0.900927 0.76436 0.806312 0.639135 0.624925 0.59973 0.466564 1.18317 0.33801 0.277181 0.269888 0.231373 0.617434 0.335833 0.399754 0.254104 0.145782 0.214833 0.0819524 0.012456 0.000855296
threshold=0 34.218200000000003 39.250000000000007 253.75000000000003 2122.7500000000005 21175.750000000004 185.50000000000003 71.500000000000014 5588.5000000000009 1.7500000000000002 6.2500000000000009 42.250000000000007 33.250000000000007 250.75000000000003 262.75000000000006 1.7500000000000002 19.750000000000004 1 6.2500000000000009 10.750000000000002 3064.7500000000005 229.00000000000003 9.2500000000000018 357.25000000000006 1.7500000000000002
decision_type=5 2 2 2 2 2 2 2 2 2 2 2 2 2 2 2 2 1 2 2 2 2 2 2 2
left_child=9 10 7 4 13 6 -5 -3 12 24 15 -12 -7 -4 -8 17 19 18 -2 22 21 -19 -17 -9 -1
right_child=1 2 3 5 -6 8 14 23 -10 -11 11 -13 -14 -15 -16 16 -18 20 -20 -21 -22 -23 -24 -25 -26
leaf_value=0.0018228986334358243 0.036101164325834358 -0.10262729761837275 0 0 -0 -0 -0.054740046066173054 0 -0.032984378938494166 0.07565837876102692 0.085990812937697045 -0 0.041441105831705162 0.12384613141164542 0 -0.016792718348650676 0 -0.0052009494505305606 -0 -0.072189474670027731 -0.028240525640507271 0.027466566487105902 0 -0.0095145789150148114 -0
leaf_count=108 438 360 66 47 58 45 487 37 120 58 45 29 112 40 52 222 53 290 55 104 69 121 30 101 53
internal_value=0 -0.0413019 -0.129903 -0.000671713 0.32908 -0.0997925 -0.211896 -0.458852 0 0.123167 0.0163036 0.218333 0.161128 0.546836 -0.287732 -0 -0.105676 0.0211446 0.135302 -0.234192 -0.00464967 0 -0 -0 0
internal_count=3200 2981 1525 1027 164 863 586 498 277 219 1456 74 157 106 539 1382 409 973 493 356 480 411 252 138 161
cat_boundaries=0 2 3
cat_threshold=1082134560 1074471424 2
shrinkage=0.169796


Tree=29
num_leaves=26
num_cat=3
split_feature=1 1 10 12 16 3 4 18 10 3 19 18 4 20 17 0 0 12 21 16 12 21 12 8 10
split_gain=1.12095 0.491495 1.3829 1.25243 1.60138 1.30292 1.19239 2.3027 1.11176 0.960659 1.87825 0.857843 0.83715 0.672025 0.575826 0.535269 0.832027 0.507178 0.249636 0.226637 0.217101 0.386095 0.0450076 0.0227969 0.00229249
threshold=0 1 51.137950000000011 46.750000000000007 122692.50000000001 158.50000000000003 147.25000000000003 1501.7500000000002 53.154700000000012 35.500000000000007 3.2500000000000004 12.250000000000002 129368.50000000001 2 66803.500000000015 10.750000000000002 19.750000000000004 744.25000000000011 19354.750000000004 7203.2500000000009 51.250000000000007 424.75000000000006 70.750000000000014 34.750000000000007 57.827550000000009
decision_type=5 5 2 2 2 2 2 2 2 2 2 2 2 5 2 2 2 2 2 2 2 2 2 2 2
left_child=-1 2 15 6 5 17 11 9 -4 10 -8 13 14 -3 -9 19 -17 -5 -15 20 21 -2 24 -7 -10
right_child=1 3 8 4 -6 23 7 12 22 -11 -12 -13 -14 18 -16 16 -18 -19 -20 -21 -22 -23 -24 -25 -26
leaf_value=-0.041728761625505553 0.042105938959976053 -0.015467782945696156 0.13128062384124548 -0.083329774449840549 0.032419309555601558 0.011322126243973855 0 -0.085713277668922519 0 -0 0.18122856652980723 -0.072988038526501195 0.020936135614603415 0 0 -0.076110230105831553 0 -0 0.051892979201623578 -0 -0 -0 0.015093706827265151 -0 -0.0043402473095126206
leaf_count=512 168 533 25 496 20 48 133 106 29 40 75 160 24 181 26 71 36 72 155 51 67 59 44 34 35
internal_value=0 0.0136164 0.0886285 -0.0180404 -0.192876 -0.303801 0.042849 0.224233 0.362245 0.493152 0.612892 -0.03544 -0.00287414 0 -0.321205 0 -0.204149 -0.430417 0.125785 0.0671266 0.119397 0.165853 0 0 -0
internal_count=3200 2688 585 2103 670 650 1433 404 133 248 208 1029 156 869 132 452 107 568 336 345 294 227 108 82 64
cat_boundaries=0 8 16 17
cat_threshold=12849152 536871986 135004264 4243528 268435520 558080 133200 18 536888896 1073963396 73728 268435456 2097280 131072 65664 268435584 1
shrinkage=0.169796


Tree=30
num_leaves=20
num_cat=4
split_feature=1 2 4 18 1 5 21 5 7 12 18 21 4 21 16 16 12 9 5
split_gain=0.968492 0.569414 0.49849 1.23995 1.21075 1.00642 0.646205 0.603261 0.603616 0.995728 0.563977 0.725727 0.50339 0.402742 0.2811 0.273289 0.0891026 0.0759969 0.0462592
threshold=0 1 250.75000000000003 208.75000000000003 2 1380.2500000000002 992.50000000000011 29513.500000000004 3 12.250000000000002 2918.5000000000005 3959.5000000000005 3612.2500000000005 19354.750000000004 82784.500000000015 5582.5000000000009 3.2500000000000004 9.2500000000000018 211059.00000000003
decision_type=5 5 2 2 5 2 2 2 1 2 2 2 2 2 2 2 2 2 2
left_child=17 18 4 12 -3 6 16 8 15 -10 11 -9 -4 -8 -12 -5 -6 -1 -2
right_child=1 2 3 7 5 -7 13 10 9 -11 14 -13 -14 -15 -16 -17 -18 -19 -20
leaf_value=-0.084806558806976601 -0.058810059778077524 -0.034665654954485738 0.095347072898914476 0.028199934154056423 0.014599723997322137 -0.054758185290319221 -0.032559998912109533 0 0 -0.079311881412727117 -0.019058950935072747 0.084266765484734246 0 0.014169689009163284 0.02099364661155044 -0.012426947086228483 0.076907634091052696 -0 -0
leaf_count=482 195 246 108 122 607 99 155 167 58 127 181 61 26 238 62 67 139 37 23
internal_value=0 0.0139444 0.0430232 0.10849 -0 0.0577683 0.125966 0.0196388 -0.0753706 -0.252048 0.11578 0.23238 0.443242 -0 -0 0 0.214568 -0.217549 -0.134322
internal_count=3200 2681 2463 979 1484 1238 1139 845 374 185 471 228 134 393 243 189 746 519 218
cat_boundaries=0 10 13 19 20
cat_threshold=12849152 536871970 143392872 541114440 268435456 558080 133200 2 0 1048576 537142660 258 8192 32800 1073807368 74260 1074266112 0 32 2
shrinkage=0.169796


Tree=31
num_leaves=31
num_cat=4
split_feature=1 2 21 19 0 21 21 19 0 0 11 8 5 21 3 7 10 5 12 10 19 19 0 15 0 3 4 7 12 6
split_gain=0.941219 1.1394 1.2757 1.14726 1.45273 0.641766 2.01086 0.604292 0.484677 0.472843 0.558646 0.483561 0.263688 0.386027 0.226054 0.216793 0.112494 0.0977784 0.71179 0.088175 0.577034 0.262789 0.367889 0.0637822 0.0430498 0.0110354 0.00303769 0.00137711 0.0442297 0.000193493
threshold=0 1 14005.750000000002 285.25000000000006 6.2500000000000009 1289.5000000000002 10904.500000000002 18.250000000000004 1.7500000000000002 4.7500000000000009 33.250000000000007 22.750000000000004 86190.250000000015 44447.500000000007 52.750000000000007 2 16.114810000000002 137862.50000000003 44.500000000000007 51.296500000000002 15.250000000000002 3.2500000000000004 19.750000000000004 187.75000000000003 10.750000000000002 13.750000000000002 1342.7500000000002 3 100.75000000000001 12508.000000000002
decision_type=5 5 2 2 2 2 2 2 2 2 2 2 2 2 2 1 2 2 2 2 2 2 2 2 2 2 2 1 2 2
left_child=9 2 3 4 -2 7 -7 15 12 10 11 23 13 16 -9 29 -4 18 -8 21 -21 22 24 -1 -11 -5 -15 -12 -29 -3
right_child=1 5 8 25 -6 6 17 14 -10 19 27 -13 -14 26 -16 -17 -18 -19 -20 20 -22 -23 -24 -25 -26 -27 -28 28 -30 -31
leaf_value=0.052443088081052254 -0.073416263433937506 0.050786047658491568 0.060629518027161745 0.0096893437425520229 0 0.12213306682621022 0 -0.063441468724331249 -0.037980759934823353 -0 0 -0 -0 -0.003899374179084291 -0 -0 0 0.0085520548682388193 -0.072372530377969577 0.058303847869990599 -0 0 0 0 -0.062636696994162272 -0 0 0 -0.018894834915835285 0
leaf_count=248 1130 82 100 44 184 68 41 127 114 78 51 54 34 92 70 67 58 20 84 36 24 37 32 41 78 55 37 26 32 56
internal_value=0 -0.0759938 -0.151283 -0.278748 -0.343829 0.0519108 0.238917 -0 0 0.072362 0.149068 0.21517 0.0986203 0.165424 -0.242269 0.105487 0.291141 -0 -0.110168 -0 0.0260827 -0.0733084 -0.166793 0.281685 -0.273619 0 -0 -0 -0.0144095 0.231907
internal_count=3200 2463 1848 1413 1314 615 213 402 435 737 452 343 321 287 197 205 158 145 125 285 60 225 188 289 156 99 129 109 58 138
cat_boundaries=0 10 12 13 14
cat_threshold=536921664 1073938816 73748 1375731712 2097280 131072 65668 335544448 32 256 1342182565 524618 2 2
shrinkage=0.169796


Tree=32
num_leaves=14
num_cat=3
split_feature=1 4 1 10 8 11 1 15 14 13 8 13 10
split_gain=0.698394 0.493992 0.972304 0.491521 0.500049 0.474792 1.91525 0.492714 0.435655 0.327339 0.260084 0.159679 0.0287796
threshold=0 132478.00000000003 1 60.962100000000014 5033.5000000000009 33.250000000000007 2 783.25000000000011 3.2500000000000004 7582.7500000000009 16877.500000000004 51.250000000000007 66.891400000000019
decision_type=5 2 5 2 2 2 5 2 2 2 2 2 2
left_child=11 2 9 4 5 6 -4 -7 -3 -2 -6 -1 -5
right_child=1 8 3 12 10 7 -8 -9 -10 -11 -12 -13 -14
leaf_value=-0 -0.081420837941917401 0.065406561982484138 -0.027147461810142753 -0.043774112381728146 -0.051865546408236367 0.044968459176005803 0.021825187730812847 -0 -0 -0 0 -0.072506240070525738 -0
leaf_count=324 268 38 320 79 69 400 1228 61 20 64 30 257 42
internal_value=0 0.0162351 -0 0.0329819 0.0615171 0.0876936 0.0219386 0.208684 0.225121 -0.199502 -0.124005 -0.165018 -0.192369
internal_count=3200 2619 2561 2229 2108 2009 1548 461 58 332 99 581 121
cat_boundaries=0 9 19 27
cat_threshold=8654872 1058 214695968 32840 17472 557088 133184 16402 1 4195328 603979840 536870988 38293504 268443648 1024 268435476 1048576 0 1048576 536920064 1074209028 8192 1073741824 16 0 8 268435456
shrinkage=0.169796


Tree=33
num_leaves=34
num_cat=1
split_feature=1 4 10 8 12 8 4 12 4 8 21 9 21 16 13 4 13 16 10 21 16 16 6 6 21 21 21 0 0 19 10 16 12
split_gain=0.756307 2.02367 1.78038 2.25661 1.66183 1.00687 1.2058 0.853758 0.760599 0.605027 1.73596 0.695129 0.511143 0.436631 0.277059 0.823528 0.486894 0.544337 0.42929 0.255251 0.2108 0.404703 0.178628 0.178102 0.124843 0.0589735 0.0274869 0.0170786 0.138311 0.00463546 0.00430326 0.00259991 3.66343e-05
threshold=0 23104.000000000004 34.998900000000006 3.2500000000000004 286.75000000000006 107.50000000000001 12719.500000000002 304.00000000000006 939.25000000000011 6.2500000000000009 25.000000000000004 3.2500000000000004 34136.500000000007 163.00000000000003 12684.250000000002 12943.000000000002 704.50000000000011 25.000000000000004 54.03605000000001 134020.00000000003 28.750000000000004 676.00000000000011 219651.50000000003 222467.00000000003 19354.750000000004 1891.0000000000002 99332.500000000015 1.7500000000000002 7.7500000000000009 43.000000000000007 32.743850000000002 5420.5000000000009 33.250000000000007
decision_type=5 2 2 2 2 2 2 2 2 2 2 2 2 2 2 2 2 2 2 2 2 2 2 2 2 2 2 2 2 2 2 2 2
left_child=1 14 9 4 -4 31 8 23 -7 10 27 13 -10 26 16 18 20 -18 -16 24 30 -22 -8 -3 -13 -12 -11 -2 -29 -6 -1 -5 -23
right_child=2 7 3 5 29 6 22 -9 12 11 25 19 -14 -15 15 -17 17 -19 -20 -21 21 32 -24 -25 -26 -27 -28 28 -30 -31 -32 -33 -34
leaf_value=-0 0.0043101252633842724 0 -0.09955877934078658 0 0.0056522497371377257 -0.029481396022247329 -0 -0 0.085103260435207842 -0.0090629877379110654 0.14219807397824891 0 -0 -0.085297869525419859 0.093875157086776823 -0 0 -0.083011300518351525 0 -0 0.056431586400546185 -0.00049898286902352309 -0.095067427102050975 0.1243075864899756 0.057750939478402166 0 0 -0.034287225591209912 0 -0 -0.019190794019483474 0.072466910132656173 0
leaf_count=309 489 35 682 48 78 127 75 26 62 219 38 37 50 30 27 26 27 64 26 28 27 37 74 28 38 45 43 102 93 66 84 32 28
internal_value=0 0.0616658 -0.0707283 -0.231834 -0.444988 0 -0.118882 0.437987 0 0.0290507 0.151425 -0.0459633 0.299453 -0.212445 -0 0.138315 -0.0498536 -0.296115 0.382003 0.0803146 -0 0.113468 -0.446574 0.566803 0.225423 0.620864 -0 0 -0.0316463 0 -0.0495614 0.349407 -0
internal_count=3200 744 2456 1294 826 468 388 89 239 1162 767 395 112 292 655 79 576 91 53 103 485 92 149 63 75 83 262 684 195 144 393 80 65
cat_boundaries=0 8
cat_threshold=538969696 1073963396 536944788 1375731712 8388608 131072 65668 268435584
shrinkage=0.169796


Tree=34
num_leaves=23
num_cat=3
split_feature=1 1 4 5 10 13 11 3 1 5 3 12 19 0 10 10 12 12 13 9 19 15
split_gain=0.620901 0.21902 1.44143 1.23097 1.65743 0.445178 0.401771 1.28611 0.72295 0.648122 0.639047 0.321584 0.82476 0.314807 0.259686 0.4218 1.15574 0.65687 0.141928 0.108357 0.0946697 0.0917107
threshold=0 1 16066.750000000002 1.7500000000000002 35.563200000000009 181.00000000000003 33.250000000000007 10.750000000000002 2 113580.00000000001 115.00000000000001 48.250000000000007 3.2500000000000004 7.7500000000000009 56.043000000000006 46.859000000000009 55.750000000000007 138.25000000000003 130.00000000000003 4.7500000000000009 85.750000000000014 430.75000000000006
decision_type=5 5 2 2 2 2 2 2 5 2 2 2 2 2 2 2 2 2 2 2 2 2
left_child=19 2 3 5 -5 -2 7 8 -3 -9 14 12 -10 21 15 16 -8 -17 -13 -1 -12 -4
right_child=1 6 13 4 -6 -7 10 9 11 -11 20 18 -14 -15 -16 17 -18 -19 -20 -21 -22 -23
leaf_value=-0.0843057974493229 0 -0.03277861559810407 0.11950388646451243 0 -0.10112080170172544 0.072496480539424563 0.024618275247629912 -0.092335929850882875 0.0010571143231257955 -0 0.065874514702713272 0 0.070603174561393492 0 -0.03827560794757745 -0 -0.067094039909868342 0.073739672882034382 -0.023389916155335169 -0 0 0
leaf_count=447 187 113 28 20 94 34 74 192 1077 35 37 52 118 22 88 74 168 73 142 68 34 23
internal_value=0 0.0100408 0.0734077 -0 -0.308278 0.129948 -0.00107342 -0.0538928 0 -0.358599 0.0747994 0.0437216 0.0950183 0.441932 -0 0.0343354 -0 0.213843 -0.0263695 -0.179729 0.30124 0.559885
internal_count=3200 2685 408 335 114 221 2277 1729 1502 227 548 1389 1195 73 477 389 242 147 194 515 71 51
cat_boundaries=0 9 16 24
cat_threshold=8654864 1122 147587104 536920136 1088 557088 133184 18 1 33856 1074004356 0 268435456 0 0 65664 16384 196608 536879104 524288 16 0 0 268451840
shrinkage=0.169796


Tree=35
num_leaves=28
num_cat=1
split_feature=1 21 8 18 10 21 18 17 15 12 6 17 16 16 18 3 10 10 11 10 8 13 18 17 11 11 21
split_gain=0.60206 0.636978 0.521423 0.633528 0.466614 0.512272 0.391131 1.11902 1.5418 1.06922 0.668691 0.395721 0.36264 0.64786 0.469811 0.337336 0.31533 0.547804 0.51691 0.246382 0.219873 0.17754 0.146018 0.0925114 0.0262475 0.023828 0.0111236
threshold=0 847.00000000000011 107.50000000000001 3188.5000000000005 47.60710000000001 26170.750000000004 33.250000000000007 7171.7500000000009 294.25000000000006 337.00000000000006 1.7500000000000002 99245.500000000015 37876.000000000007 822.25000000000011 58.750000000000007 19.750000000000004 46.624800000000008 37.428150000000009 42.250000000000007 60.704950000000004 128.50000000000003 99.250000000000014 2779.0000000000005 6078.2500000000009 33.250000000000007 25.750000000000004 124670.00000000001
decision_type=5 2 2 2 2 2 2 2 2 2 2 2 2 2 2 2 2 2 2 2 2 2 2 2 2 2 2
left_child=16 6 3 4 5 21 10 9 22 -8 -2 -10 13 14 26 -14 17 20 19 24 23 -3 -9 -1 25 -18 -4
right_child=1 2 12 -5 -6 -7 7 8 11 -11 -12 -13 15 -15 -16 -17 18 -19 -20 -21 -22 -23 -24 -25 -26 -27 -28
leaf_value=0.022262984278892506 -0.020263283531122903 0 -0.023712526691924807 -0 -0 -0 -0.10767148939585235 0.06286107374081501 -0.0801774825814381 0 0.063172328200732986 -0 0.044595667146716908 -0.064569785359610485 0.037366147800925856 -0 0.0094468436656210165 -0.035839576521659755 -0 -0 -0 0.12825082463494417 0 -0 0.074786916230640613 -0 -0
leaf_count=361 602 81 267 30 35 28 363 109 147 59 124 42 32 182 104 28 73 109 35 37 62 40 74 29 54 31 62
internal_value=0 -0.0627413 0 0.171406 0.294423 0.389201 -0.160573 -0.236205 -0 -0.481172 -0 -0.313096 -0.0577684 -0.138028 -0 0.00545248 0.0564119 0 0.164983 0.245506 0.0660244 0.519087 0.277925 0.112527 0.295003 0 -0.120559
internal_count=3200 2409 889 214 184 149 1520 794 372 422 726 189 675 615 433 60 791 561 230 195 452 121 183 390 158 104 329
cat_boundaries=0 10
cat_threshold=536921696 1074135428 536944772 1342177280 6291600 131072 65664 335544320 32 256
shrinkage=0.169796


Tree=36
num_leaves=26
num_cat=3
split_feature=1 4 16 16 10 17 12 13 17 0 13 5 5 13 14 12 21 17 21 21 21 21 21 1 1
split_gain=0.431294 0.750733 1.71142 1.88761 1.45295 0.740154 0.643098 1.22594 1.59099 0.628692 0.491853 0.489551 0.517008 0.232018 0.191097 0.213602 0.143604 0.107256 0.0552909 0.257193 0.308991 0.303277 0.0507924 0.00240785 0.0239327
threshold=0 438.25000000000006 1922.5000000000002 510.25000000000006 34.817550000000004 43639.750000000007 106.75000000000001 10.000000000000002 9250.7500000000018 3.2500000000000004 73418.500000000015 67707.250000000015 4778.5000000000009 624.25000000000011 3.2500000000000004 100.75000000000001 26170.750000000004 36350.500000000007 25.000000000000004 1441.0000000000002 14005.750000000002 42622.000000000007 16948.000000000004 1 2
decision_type=5 2 2 2 2 2 2 2 2 2 2 2 2 2 2 2 2 2 2 2 2 2 2 5 5
left_child=6 4 3 -3 18 10 7 23 -9 -6 13 12 -8 -4 15 -7 -17 -10 -2 -20 -21 -22 -16 -1 -25
right_child=1 2 5 -5 9 14 11 8 17 -11 -12 -13 -14 -15 22 16 -18 -19 19 20 21 -23 -24 24 -26
leaf_value=-0.0016565962699357096 -0.010024977905306875 -0 -0 0.11211665554846889 -0.11059415503992075 -0 0 0.099484676453050216 -0.019965861590580197 -0 0 0 -0.080898590953315599 -0.079639069328159992 0 0 0.059450987263900738 0.014248593727745748 0.040674103737235762 -0.047582387874738244 0.03257056985987207 -0.0091901883011625551 -0.019247138433801454 -0 0.0054358897678998689
leaf_count=105 590 251 155 107 307 64 68 96 54 121 79 33 53 238 57 50 28 36 71 95 120 115 28 119 160
internal_value=0 -0.0499634 0.00254035 0.312153 -0.154418 -0.0876267 0.0521417 0.130282 0.330207 -0.476547 -0.24556 -0.0745463 -0.252846 -0.34252 0 0.131591 0.236036 -0 -0 0 -2.8634e-05 0 -0.0297287 -0 0.0043584
internal_count=3200 2476 1057 358 1419 699 724 570 186 428 472 154 121 393 227 142 78 90 991 401 330 235 85 384 279
cat_boundaries=0 10 18 21
cat_threshold=17476 344452 536945300 268435456 12582928 131072 65664 335544448 0 256 0 262400 0 0 16 0 0 268435456 1024 65540 65552
shrinkage=0.169796


Tree=37
num_leaves=28
num_cat=3
split_feature=1 2 1 21 16 19 12 16 0 21 10 0 0 6 6 0 5 5 8 10 15 16 16 21 8 8 0
split_gain=0.415789 1.04041 0.820269 0.739805 0.792266 0.558543 0.546825 0.696979 1.19745 0.537908 0.494686 0.464136 0.569323 0.4617 0.66151 0.437716 0.41336 0.41057 0.566056 0.352462 0.261612 0.427978 0.22144 0.205543 0.203353 0.137755 0.051121
threshold=0 1 2 19354.750000000004 37876.000000000007 285.25000000000006 12.250000000000002 1555.0000000000002 3.2500000000000004 26478.250000000004 59.277450000000009 1.7500000000000002 10.750000000000002 73870.000000000015 806.50000000000011 6.2500000000000009 12580.000000000002 133643.50000000003 1.7500000000000002 16.114810000000002 772.00000000000011 24007.750000000004 40927.750000000007 14005.750000000002 15655.000000000002 493.75000000000006 24.250000000000004
decision_type=5 5 5 2 2 2 2 2 2 2 2 2 2 2 2 2 2 2 2 2 2 2 2 2 2 2 2
left_child=6 2 19 4 5 -4 11 8 -8 -5 13 -1 -13 14 -3 16 -9 22 -19 -2 21 -18 -15 -16 25 -11 -14
right_child=1 10 3 9 -6 -7 7 15 -10 24 -12 12 26 17 23 -17 20 18 -20 -21 -22 -23 -24 -25 -26 -27 -28
leaf_value=0.042339582917889577 0.035398963225430652 -0 -0.066412080755122255 0.045867502162401229 0 0 -0.09010604971060994 -0 0 0 -0.0075117710269686647 -0.054976823117882288 0 -0.050046346788426378 0.074547696314444703 -0 0.099435557335021421 -0 0.063230209523711153 -0 0 0 0 0 0 -0.042701738857583015 0.033496450579897773
leaf_count=217 155 104 1209 41 34 64 90 28 58 44 128 59 51 95 191 49 33 36 37 88 31 38 35 42 21 178 44
internal_value=0 -0.0498849 -0.128015 -0.189177 -0.306567 -0.354942 0.0502365 -0 -0.246964 -0 0.0594479 0.159678 -0 0.156803 0.270188 0.0638548 0.192536 0 0.164397 0.0306116 0.281074 0.368876 -0.170348 0.378141 -0.12911 -0.194262 0.133033
internal_count=3200 2502 1834 1591 1307 1273 698 327 148 284 668 371 154 540 337 179 130 203 73 243 102 71 130 233 243 222 95
cat_boundaries=0 10 12 20
cat_threshold=536872004 418180 536879252 1375731712 4194440 131072 132 335544320 32 256 3237 834 1081864 24 8389120 0 2097152 0 0 128
shrinkage=0.169796


Tree=38
num_leaves=19
num_cat=3
split_feature=20 1 14 18 1 10 10 15 0 4 19 4 6 15 4 15 18 6
split_gain=0.453797 0.489805 0.338152 0.238011 1.48401 1.15428 1.11048 0.59792 0.696348 0.592889 0.545141 0.531958 0.559902 0.451342 0.70989 0.0851787 0.0479868 0.0304875
threshold=0 1 1.7500000000000002 921.25000000000011 2 53.07670000000001 59.430450000000008 9.2500000000000018 19.750000000000004 132478.00000000003 967.75000000000011 5054.5000000000009 226530.50000000003 190.75000000000003 254.50000000000003 1838.5000000000002 1.7500000000000002 108966.00000000001
decision_type=5 5 2 2 5 2 2 2 2 2 2 2 2 2 2 2 2 2
left_child=2 16 -1 4 5 7 13 8 -3 10 11 17 -13 14 -6 -12 -2 -5
right_child=1 3 -4 9 6 -7 -8 -9 -10 -11 15 12 -14 -15 -16 -17 -18 -19
leaf_value=-0.054494895776145809 -0 -0.06873710285251719 0 -0.0035693947925284847 0.018430675871666368 0.027504328246340456 -0.030375557779517927 0 0 0.03268642399876049 0.023877534431689676 -0.069567493393320676 -0 -0 0.079696659281958099 -0 -0.066595387067529113 0.011977575086336794
leaf_count=410 208 204 71 160 867 53 93 30 31 51 38 238 128 39 250 37 260 32
internal_value=0 0.0119707 -0.136011 0.0408129 0.076117 -0.0819492 0.158672 -0.24774 -0.319314 -0 -0.0786058 -0.160676 -0.262421 0.231381 0.253548 0.043634 -0.126532 0
internal_count=3200 2719 481 2251 1567 318 1249 265 235 684 633 558 366 1156 1117 75 468 192
cat_boundaries=0 3 11 19
cat_threshold=2219317316 815893960 128 12849680 536871986 4980840 541085696 268435520 33792 2064 18 536887360 1141055748 603988100 1074266112 0 0 65536 16384
shrinkage=0.169796


Tree=39
num_leaves=23
num_cat=3
split_feature=1 6 0 16 4 20 8 12 12 4 4 8 8 0 7 8 0 8 17 6 12 12
split_gain=0.44729 0.673515 0.598264 0.653794 1.7061 1.93627 0.842733 0.992627 0.605204 0.5082 0.654679 0.662193 0.499573 0.537382 0.643986 0.463267 0.281322 0.280108 0.179585 0.114171 0.0101083 0.00295225
threshold=0 182719.00000000003 16.750000000000004 2565.2500000000005 147.25000000000003 1 2790.2500000000005 211.75000000000003 1.7500000000000002 10.750000000000002 12719.500000000002 143.50000000000003 2525.5000000000005 1.7500000000000002 2 1578.2500000000002 4.7500000000000009 22.750000000000004 20.500000000000004 81205.750000000015 291.25000000000006 744.25000000000011
decision_type=5 2 2 2 2 5 2 2 2 2 2 2 2 2 1 2 2 2 2 2 2 2
left_child=1 9 3 4 5 -2 7 16 15 17 11 -11 13 14 -6 -7 -5 -1 -4 -12 -9 -22
right_child=2 -3 18 6 12 8 -8 20 -10 10 19 -13 -14 -15 -16 -17 -18 -19 -20 -21 21 -23
leaf_value=0.026950299871752501 -0.047072002217384327 0.053876194667742967 -0 -0.086348540005823482 0.093251644659250385 0.064566586968278827 0 0 -0 -0.061784067331303906 0.022969891115627902 0 -0 -0 0 -0 -0 -0 0.049274818403532976 -0 -0.0074847448000276515 -0
leaf_count=268 926 55 51 357 165 230 68 54 104 151 41 23 45 124 106 67 45 75 41 27 111 66
internal_value=0 0.0523658 -0.0518442 -0.0928006 -0 -0.144916 -0.211953 -0.288011 0.0854374 0 -0.102236 -0.24819 0.225552 0.29841 0.386972 0.261536 -0.45126 0.0980465 0.167742 0 -0 -0.03352
internal_count=3200 640 2560 2468 1767 1327 701 633 401 585 242 174 440 395 271 297 402 343 92 68 231 177
cat_boundaries=0 9 11 12
cat_threshold=538985540 1073938820 604053636 1342177280 144 131072 65668 335544320 32 83889153 276893696 2
shrinkage=0.169796


Tree=40
num_leaves=24
num_cat=4
split_feature=1 2 4 20 18 18 19 4 17 1 0 4 0 16 14 17 15 21 16 8 8 17 17
split_gain=0.361703 0.529003 0.597639 1.37747 0.877022 0.503869 0.435781 1.15135 0.485193 0.320525 0.299327 0.29607 0.277663 0.208295 0.198818 0.242298 0.310972 0.191288 0.17301 0.167856 0.0737016 0.000256074 0.000116889
threshold=0 1 147.25000000000003 2 208.75000000000003 1.7500000000000002 36.250000000000007 13135.000000000002 177.25000000000003 3 13.750000000000002 67682.500000000015 19.750000000000004 17206.000000000004 1.7500000000000002 4451.5000000000009 9.2500000000000018 25.000000000000004 40.750000000000007 84.250000000000014 302.50000000000006 23080.000000000004 8999.5000000000018
decision_type=5 5 2 5 2 2 2 2 2 5 2 2 2 2 2 2 2 2 2 2 2 2 2
left_child=10 -2 3 9 18 17 8 -8 -6 -3 14 -9 -12 -10 15 16 20 -5 -4 -19 -1 -17 -16
right_child=1 2 4 5 6 -7 7 11 13 -11 12 -13 -14 -15 22 21 -18 19 -20 -21 -22 -23 -24
leaf_value=0.011434922933876908 -0.034606660258920403 0 0 -0 0 -0 0.079582581979014522 -0.025099388504256966 -0.054463276108664575 -0.051232995822558858 -0.046639179863874607 0.013254245398701139 0 0 -0.00088396363120295902 -0.0010029964197521412 0.069962750281441652 0.086010534214942896 0.084072471734910253 0 -0 0.00035171565692727636 0
leaf_count=294 249 111 87 101 52 114 88 233 264 840 38 86 52 50 43 63 55 49 68 160 28 50 25
internal_value=0 -0.0463109 -0 -0.0985317 0.0709092 0.0739432 0 0.083248 -0.139967 -0.217892 0.0477257 -0 -0.00620092 -0.25664 0.0992766 0.125861 0.170241 0.226117 0.366505 0.273904 0.0351282 -0 -0
internal_count=3200 2552 2303 1375 928 424 773 407 366 951 648 319 90 314 558 490 377 310 155 209 322 113 68
cat_boundaries=0 10 12 14 20
cat_threshold=538985536 1073815940 67182740 1342177280 24 0 65664 335544320 32 256 268442656 1074266442 83887105 278990848 516 537149440 0 0 0 131072
shrinkage=0.169796


Tree=41
num_leaves=22
num_cat=4
split_feature=20 1 0 0 6 1 18 8 1 18 8 14 19 4 17 8 15 4 17 17 8
split_gain=0.321901 0.381001 1.06457 0.331508 0.312503 1.27629 0.899243 0.840602 0.825218 0.670993 2.73329 1.14205 0.620221 0.470681 0.413424 0.375433 0.347487 0.213482 0.312371 0.157917 0.078265
threshold=0 1 7.7500000000000009 1.7500000000000002 51646.000000000007 2 208.75000000000003 3064.7500000000005 3 2918.5000000000005 3.2500000000000004 3.2500000000000004 1.7500000000000002 108301.00000000001 23452.000000000004 16877.500000000004 594.25000000000011 6556.7500000000009 1.7500000000000002 77385.250000000015 10.750000000000002
decision_type=5 5 2 2 2 5 2 2 5 2 2 2 2 2 2 2 2 2 2 2 2
left_child=3 2 -2 -1 5 12 7 8 -7 10 14 -12 -3 19 16 -9 -6 18 -8 -11 -15
right_child=1 4 -4 -5 9 6 17 15 -10 13 11 -13 -14 20 -16 -17 -18 -19 -20 -21 -22
leaf_value=-0.060899606341491504 -0.07432145683637173 -0.084673353972173321 0 0 -0 -0 0 -0.053356691285276286 0.042993177585940887 -0.044094493630474359 0.14556373419346877 0 0 0.035626811336035957 -0.043321432833572926 0 0.050857871570691118 0 -0.043297166497105306 -0 0
leaf_count=321 430 183 86 114 100 219 74 64 807 143 46 25 32 34 76 27 30 118 176 69 26
internal_value=0 0.00900813 -0.102614 -0.123112 0.0366681 0 0.0592318 0.143643 0.197815 0.111701 0.231149 0.657603 -0.211378 -0 -0 -0.0571903 0.0621976 -0.066598 -0.154916 -0.166362 0.126142
internal_count=3200 2765 516 435 2249 1700 1485 1117 1026 549 277 71 215 272 206 91 130 368 250 212 60
cat_boundaries=0 3 11 19 27
cat_threshold=2219317316 815828416 128 12849168 537134130 13369448 541085696 268435520 33792 2064 18 64 1141055492 536879108 524288 4194304 0 4 16384 49696 256 67174400 1073741824 0 0 0 268435456
shrinkage=0.169796


Tree=42
num_leaves=27
num_cat=4
split_feature=1 4 18 8 19 4 20 1 21 21 4 12 4 0 21 21 4 19 21 8 17 4 21 3 1 15
split_gain=0.373786 1.08177 1.01887 1.18652 2.43596 1.1785 0.667666 0.58207 0.506141 0.505111 0.460579 0.412758 0.369146 0.22424 0.184321 0.22631 0.175808 0.614585 0.551292 0.321419 0.164466 0.163982 0.102792 0.0884041 0.0327483 0.00219096
threshold=0 16066.750000000002 208.75000000000003 1.7500000000000002 313.75000000000006 295.00000000000006 1 2 5175.2500000000009 424.75000000000006 1000.7500000000001 44.500000000000007 5597.5000000000009 3.2500000000000004 14005.750000000002 26170.750000000004 12943.000000000002 32.500000000000007 40729.750000000007 107.50000000000001 301.75000000000006 2156.5000000000005 162.25000000000003 13.750000000000002 3 12.250000000000002
decision_type=5 2 2 2 2 2 5 5 2 2 2 2 2 2 2 2 2 2 2 2 2 2 2 2 5 2
left_child=1 7 5 4 20 6 8 25 24 -3 -7 -6 13 21 -8 -16 17 22 19 -18 -4 -9 -5 -20 -2 -1
right_child=2 9 3 16 11 10 14 12 -10 -11 -12 -13 -14 -15 15 -17 18 -19 23 -21 -22 -23 -24 -25 -26 -27
leaf_value=-0.046846084184257002 0 0.067324997805398482 -0 0 0.056530363897583806 0.11439644823815674 -0 4.7091411289049551e-05 -0.081825656344751627 -0 0 -0 -0 -0 0.065251936576212838 0 0 0.057478277831580459 0.026672210546375363 -0.068418908924583244 -0.10399548420176523 0.068149516382700323 -0.02510335936678643 -0 -0.0062476207176208817 -0
leaf_count=180 129 87 101 24 52 41 241 164 149 25 144 83 35 112 45 135 25 68 28 107 422 38 104 41 583 37
internal_value=0 0.0502918 -0.0461378 -0.167597 -0.344253 0.0247037 -0.0115049 -0 -0.122516 0.306047 0.376525 0.00827179 0.056998 0.140422 0.0776577 0.197018 -0 0.0756567 -0.0876002 -0.273612 -0.561454 0.196779 -0 0 -0.00138614 -0.139722
internal_count=3200 678 2522 1055 658 1467 1282 566 861 112 185 135 349 314 421 180 397 196 201 132 523 202 128 69 712 217
cat_boundaries=0 10 12 19 22
cat_threshold=539018336 1073947012 603987972 1342177280 4194456 0 65668 335544320 0 256 16778241 10555394 536920128 1073807364 536870916 268435456 0 0 4 516 278528 16
shrinkage=0.169796


Tree=43
num_leaves=18
num_cat=4
split_feature=20 13 1 10 1 1 21 13 16 15 10 10 13 13 15 3 12
split_gain=0.312842 0.404055 0.33063 0.407338 0.783177 0.660671 0.521428 0.566487 0.458786 0.743877 0.472966 0.424175 0.242472 0.21296 0.212038 0.196888 0.0649273
threshold=0 4261.0000000000009 1 34.218200000000003 2 3 134020.00000000003 14177.500000000002 68.500000000000014 190.75000000000003 46.425050000000006 52.466450000000002 366.25000000000006 7348.7500000000009 448.00000000000006 43.000000000000007 61.000000000000007
decision_type=5 2 5 2 5 5 2 2 2 2 2 2 2 2 2 2 2
left_child=1 -1 13 5 14 -4 7 16 11 10 -10 12 -6 -2 -5 -11 -7
right_child=2 -3 3 4 8 6 -8 -9 9 15 -12 -13 -14 -15 -16 -17 -18
leaf_value=-0.062893298015232649 -0.048532599096468787 0 -0.008046367910475279 -0.072246570953833661 -0.066577074143962023 0.043011752640137617 -0 -0 0.063456115879047745 -0.020645382213940067 0 0 -0 0 -0 0.0098567890776213845 0
leaf_count=335 411 104 106 182 115 828 43 35 140 224 239 118 79 87 34 89 31
internal_value=0 -0.121961 0.0109025 0.0364774 -0 0.0986642 0.140012 0.20238 0.0394275 0.113646 0.226023 -0.0466835 -0.239573 -0.0944031 -0.181933 -0 0.243064
internal_count=3200 439 2761 2263 1220 1043 937 894 1004 692 379 312 194 498 216 313 859
cat_boundaries=0 3 11 16 19
cat_threshold=2219383616 813796800 128 8654864 536871968 4981352 541085696 268460096 33824 268437520 1064978 33388 67125256 16 524288 2097152 0 262400 65540
shrinkage=0.169796


Tree=44
num_leaves=21
num_cat=2
split_feature=20 16 18 12 3 18 16 20 8 8 17 10 12 0 16 0 10 4 8 3
split_gain=0.236197 0.16214 0.571953 0.645673 1.10118 0.385306 0.384444 0.382625 0.370319 0.490404 0.414877 0.382596 0.292846 0.266862 0.153968 0.0853274 0.0377965 0.247206 0.208643 0.00932029
threshold=0 18433.000000000004 273.25000000000006 39.250000000000007 94.750000000000014 4143.2500000000009 45522.250000000007 1 3102.2500000000005 16877.500000000004 313.00000000000006 34.218200000000003 419.50000000000006 7.7500000000000009 100650.25000000001 3.2500000000000004 53.458350000000003 4271.5000000000009 10.750000000000002 10.750000000000002
decision_type=5 2 2 2 2 2 2 5 2 2 2 2 2 2 2 2 2 2 2 2
left_child=15 2 7 16 12 6 -3 13 10 -10 11 -9 -5 -2 -7 -1 17 -4 -19 -12
right_child=1 5 3 4 -6 14 -8 8 9 -11 19 -13 -14 -15 -16 -17 -18 18 -20 -21
leaf_value=-0.04030567124275982 -0.044914699448137807 0.048745246256909083 -0 -0.085764051277437761 0 -0.027585053813372319 -0 0.01629166356034091 -0.058480475203982113 0 0.061556598335050235 -0.013294478331540387 -0 0 0 -0 -0.0021254193960935958 0 0.06083659611435531 0
leaf_count=386 76 110 87 270 100 122 39 966 82 30 116 285 68 36 47 108 140 70 22 40
internal_value=0 0.00350688 -9.74123e-07 -0.119996 -0.244257 0.0791862 0.180556 0.0336846 0.0705373 -0.00061486 0.11604 0.0348785 -0.416816 -0.0676314 -0 -0.104111 0 0.0566032 0.19318 0.319401
internal_count=3200 2706 2388 757 438 318 149 1631 1519 112 1407 1251 338 112 169 494 319 179 92 156
cat_boundaries=0 3 6
cat_threshold=2219319044 813813184 128 16859136 4106 8
shrinkage=0.169796


Tree=45
num_leaves=23
num_cat=6
split_feature=1 15 0 18 16 18 6 19 17 18 7 6 20 18 0 7 14 18 7 1 16 3
split_gain=0.334652 1.19189 1.28733 1.03433 0.931103 0.909529 0.736452 0.577798 0.444867 0.879562 0.298273 0.262446 0.234968 0.139829 0.294279 0.319147 0.0718721 0.246121 0.0512814 0.0318008 0.0288529 0.000345991
threshold=0 9.2500000000000018 6.2500000000000009 84.250000000000014 37876.000000000007 3679.0000000000005 847.75000000000011 967.75000000000011 70079.500000000015 1192.7500000000002 1 3.2500000000000004 2 104.50000000000001 24.250000000000004 3 3.2500000000000004 6085.7500000000009 4 5 106.00000000000001 13.750000000000002
decision_type=5 2 2 2 2 2 2 2 2 2 1 2 5 2 2 1 2 2 1 5 2 2
left_child=1 13 5 6 7 -3 11 8 9 10 -5 12 19 14 15 -1 17 -6 -15 -2 -20 -18
right_child=3 2 -4 4 16 -7 -8 -9 -10 -11 -12 -13 -14 18 -16 -17 21 -19 20 -21 -22 -23
leaf_value=-0.040375507589204662 0 0.088026901107005631 -0 -0.036788472413377286 0.042899029200309247 -0 0.058366559648652991 0 0 -0.10359732992707067 0 -0.040261425252028561 0.01548936936350853 -0 0 0 0 -0 0.022480911569439016 -0.0074287456242437726 -0 -0.0013673470810170805
leaf_count=172 102 109 63 228 36 42 169 74 22 455 273 135 381 37 20 127 28 79 23 566 23 36
internal_value=0 0.0445418 0.239989 -0.04594 -0.160683 0.395342 0.0315113 -0.25316 -0.302044 -0.337399 -0.0728101 -0 0.00667546 -0.0359656 -0.089116 -0.153139 0 0.0885735 0 -0.0205096 0.0876749 -0
internal_count=3200 616 214 2584 1231 151 1353 1052 978 956 501 1184 1049 402 319 299 179 115 83 668 46 64
cat_boundaries=0 8 9 10 11 12 15
cat_threshold=536920132 1073815940 73732 268959744 14680088 0 65668 268435584 1 16777217 1 2 1536 16384 48
shrinkage=0.169796


end of trees

feature importances:
n_1=90
n_table_1.n_20=81
n_table_1.n_2=78
n_table_3.n_3=76
c_02=75
n_table_1.n_15=71
n_table_1.n_7=66
n_table_2.n_13=63
n_table_1.n_16=50
n_table_1.n_12=43
n_table_1.n_9=42
n_table_1.n_18=41
n_table_1.n_17=36
n_table_1.n_19=35
n_table_1.n_26=34
c_table_2.c_1=27
c_table_2.c_4=27
n_table_1.n_8=24
n_table_1.n_3=23
n_table_1.n_10=21
c_table_1.c_4=18
n_table_2.n_14=9

parameters:
[boosting: gbdt]
[objective: binary]
[metric: auc]
[tree_learner: serial]
[device_type: cpu]
[data: ]
[valid: ]
[num_iterations: 100]
[learning_rate: 0.169796]
[num_leaves: 100]
[num_threads: 4]
[max_depth: 7]
[min_data_in_leaf: 20]
[min_sum_hessian_in_leaf: 2.00646]
[bagging_fraction: 0.8]
[bagging_freq: 88]
[bagging_seed: 3]
[feature_fraction: 0.8]
[feature_fraction_seed: 2]
[early_stopping_round: 0]
[max_delta_step: 0]
[lambda_l1: 1.57558]
[lambda_l2: 1.35787]
[min_gain_to_split: 0]
[drop_rate: 0.1]
[max_drop: 50]
[skip_drop: 0.5]
[xgboost_dart_mode: 0]
[uniform_drop: 0]
[drop_seed: 4]
[top_rate: 0.2]
[other_rate: 0.1]
[min_data_per_group: 100]
[max_cat_threshold: 32]
[cat_l2: 10]
[cat_smooth: 10]
[max_cat_to_onehot: 4]
[top_k: 20]
[monotone_constraints: ]
[feature_contri: ]
[forcedsplits_filename: ]
[refit_decay_rate: 0.9]
[verbosity: -1]
[max_bin: 255]
[min_data_in_bin: 3]
[bin_construct_sample_cnt: 200000]
[histogram_pool_size: -1]
[data_random_seed: 1]
[output_model: LightGBM_model.txt]
[snapshot_freq: -1]
[input_model: ]
[output_result: LightGBM_predict_result.txt]
[initscore_filename: ]
[valid_data_initscores: ]
[pre_partition: 0]
[enable_bundle: 1]
[max_conflict_rate: 0]
[is_enable_sparse: 1]
[sparse_threshold: 0.8]
[use_missing: 1]
[zero_as_missing: 0]
[two_round: 0]
[save_binary: 0]
[enable_load_from_binary_file: 1]
[header: 0]
[label_column: ]
[weight_column: ]
[group_column: ]
[ignore_column: ]
[categorical_feature: ]
[predict_raw_score: 0]
[predict_leaf_index: 0]
[predict_contrib: 0]
[num_iteration_predict: -1]
[pred_early_stop: 0]
[pred_early_stop_freq: 10]
[pred_early_stop_margin: 10]
[convert_model_language: ]
[convert_model: gbdt_prediction.cpp]
[num_class: 1]
[is_unbalance: 0]
[scale_pos_weight: 1]
[sigmoid: 1]
[boost_from_average: 1]
[reg_sqrt: 0]
[alpha: 0.9]
[fair_c: 1]
[poisson_max_delta_step: 0.7]
[tweedie_variance_power: 1.5]
[max_position: 20]
[label_gain: ]
[metric_freq: 1]
[is_provide_training_metric: 0]
[eval_at: ]
[num_machines: 1]
[local_listen_port: 12400]
[time_out: 120]
[machine_list_filename: ]
[machines: ]
[gpu_platform_id: -1]
[gpu_device_id: -1]
[gpu_use_dp: 0]

end of parameters

pandas_categorical:[[0, 1, 2, 3, 4, 5, 6, 7, 8, 9, 10, 11, 12, 13, 14, 15, 16, 17, 18, 19, 20, 21, 22, 23, 24, 25, 26, 27, 28, 29, 30, 31, 32, 33, 34, 35, 36, 37, 38, 39, 40, 41, 42, 43, 44, 45, 46, 47, 48, 49, 50, 51, 52, 53, 54, 55, 56, 57, 58, 59, 60, 61, 62, 63, 64, 65, 66, 67, 68, 69, 70, 71, 72, 73, 74, 75, 76, 77, 78, 79, 80, 81, 82, 83, 84, 85, 86, 87, 88, 89, 90, 91, 92, 93, 94, 95, 96, 97, 98, 99, 100, 101, 102, 103, 104, 105, 106, 107, 108, 109, 110, 111, 112, 113, 114, 115, 116, 117, 118, 119, 120, 121, 122, 123, 124, 125, 126, 127, 128, 129, 130, 131, 132, 133, 134, 135, 136, 137, 138, 139, 140, 141, 142, 143, 144, 145, 146, 147, 148, 149, 150, 151, 152, 153, 154, 155, 156, 157, 158, 159, 160, 161, 162, 163, 164, 165, 166, 167, 168, 169, 170, 171, 172, 173, 174, 175, 176, 177, 178, 179, 180, 181, 182, 183, 184, 185, 186, 187, 188, 189, 190, 191, 192, 193, 194, 195, 196, 197, 198, 199, 200, 201, 202, 203, 204, 205, 206, 207, 208, 209, 210, 211, 212, 213, 214, 215, 216, 217, 218, 219, 220, 221, 222, 223, 224, 225, 226, 227, 228, 229, 230, 231, 232, 233, 234, 235, 236, 237, 238, 239, 240, 241, 242, 243, 244, 245, 246, 247, 248, 249, 250, 251, 252, 253, 254, 255, 256, 257, 258, 259, 260, 261, 262, 263, 264, 265, 266, 267, 268, 269, 270, 271, 272, 273, 274, 275, 276, 277, 278, 279, 280, 281, 282, 283, 284, 285, 286, 287, 288, 289, 290, 291, 292, 293, 294, 295, 296, 297, 298, 299, 300, 301, 302, 303, 304, 305, 306, 307, 308, 309, 310, 311, 312, 313, 314, 315, 316, 317, 318, 319, 320, 321, 322, 323, 324, 325, 326, 327, 328, 329, 330, 331, 332, 333, 334, 335, 336, 337, 338, 339, 340, 341, 342, 343, 344, 345, 346, 347, 348, 349, 350, 351, 352, 353, 354, 355, 356, 357, 358, 359, 360, 361, 362, 363, 364, 365, 366, 367, 368, 369, 370, 371, 372, 373, 374, 375, 376, 377, 378, 379, 380, 381, 382, 383, 384, 385, 386, 387, 388, 389, 390, 391, 392, 393, 394, 395, 396, 397, 398, 399, 400, 401, 402, 403, 404, 405, 406, 407, 408, 409, 410, 411, 412, 413, 414, 415, 416, 417, 418, 419, 420, 421, 422, 423, 424, 425, 426, 427, 428, 429, 430, 431, 432, 433, 434, 435, 436, 437, 438, 439, 440, 441, 442, 443, 444, 445, 446, 447, 448, 449, 450, 451, 452, 453, 454, 455, 456, 457, 458, 459, 460, 461, 462, 463, 464, 465, 466, 467, 468, 469, 470, 471, 472, 473, 474, 475, 476, 477, 478, 479, 480, 481, 482, 483, 484, 485, 486, 487, 488, 489, 490, 491, 492, 493, 494, 495, 496, 497, 498, 499, 500, 501, 502, 503, 504, 505, 506, 507, 508, 509, 510, 511, 512, 513, 514, 515, 516, 517, 518, 519, 520, 521, 522, 523, 524, 525, 526, 527, 528, 529, 530, 531, 532, 533, 534, 535, 536, 537, 538, 539, 540, 541, 542, 543, 544, 545, 546, 547, 548, 549, 550, 551, 552, 553, 554, 555, 556, 557, 558], [0, 1, 2, 3, 4, 5, 6, 7, 8, 9, 10, 11, 12, 13, 14, 15, 16, 17, 18, 19, 20, 21, 22, 23, 24, 25, 26, 27, 28, 29, 30, 31, 32, 33, 34, 35, 36, 37, 38, 39, 40, 41, 42, 43, 44, 45, 46, 47, 48, 49, 50, 51, 52, 53, 54, 55, 56, 57, 58, 59, 60, 61, 62, 63, 64, 65, 66, 67, 68, 69, 70, 71, 72, 73, 74, 75, 76, 77, 78, 79, 80, 81, 82, 83, 84, 85, 86, 87, 88, 89, 90, 91, 92, 93, 94, 95, 96, 97, 98, 99, 100, 101, 102, 103, 104, 105, 106, 107, 108, 109, 110, 111, 112, 113, 114, 115, 116, 117, 118, 119, 120, 121, 122, 123, 124, 125, 126, 127, 128, 129, 130, 131, 132, 133, 134, 135, 136, 137, 138, 139, 140, 141, 142, 143, 144, 145, 146, 147, 148, 149, 150, 151], [0, 1], [0, 1, 2, 3, 4, 5, 6, 7, 8, 9, 10, 11, 12, 13, 14, 15, 16, 17, 18, 19, 20, 21, 22, 23, 24, 25, 26, 27, 28, 29, 30, 31, 32, 33, 34, 35, 36, 37, 38, 39, 40, 41, 42, 43, 44, 45, 46, 47, 48, 49, 50, 51, 52, 53, 54, 55, 56, 57, 58, 59, 60, 61, 62, 63, 64, 65, 66, 67, 68, 69, 70, 71, 72, 73, 74, 75, 76, 77, 78, 79, 80, 81, 82, 83, 84, 85, 86, 87, 88, 89, 90, 91, 92, 93, 94, 95, 96, 97, 98, 99, 100, 101, 102, 103, 104, 105, 106, 107, 108, 109, 110, 111, 112, 113, 114, 115, 116, 117, 118, 119, 120, 121, 122, 123, 124, 125, 126, 127, 128, 129, 130, 131, 132, 133]]
