tree
version=v2
num_class=1
num_tree_per_iteration=1
label_index=0
max_feature_idx=21
objective=binary sigmoid:1
feature_names=n_1 c_02 c_table_1.c_4 n_table_1.n_8 n_table_1.n_15 n_table_1.n_18 n_table_1.n_19 c_table_2.c_1 n_table_2.n_13 n_table_2.n_14 n_table_1.n_2 n_table_1.n_3 n_table_1.n_7 n_table_1.n_9 n_table_1.n_10 n_table_1.n_12 n_table_1.n_16 n_table_1.n_17 n_table_1.n_20 n_table_1.n_26 c_table_2.c_4 n_table_3.n_3
feature_infos=[1:335.5] 40:3:68:15:50:10:80:6:35:91:9:5:12:20:165:46:2:48:69:34:83:58:62:87:115:73:77:225:252:45:126:132:149:61:66:111:209:102:196:36:37:39:208:29:124:135:203:121:22:42:71:82:99:108:156:194:14:33:49:70:93:110:118:195:296:308:4:26:28:238:261:55:86:90:150:175:177:199:231:250:18:21:67:125:138:23:131:134:141:161:205:220:228:230:244:285:7:17:38:43:59:122:139:142:166:170:179:198:222:256:345:57:227:248:8:98:100:112:130:144:151:178:188:189:190:269:305:323:11:75:92:116:146:164:186:213:214:268:312:349:377:1:44:63:101:123:154:176:206:212:216:232:251:273:275:354:13:54:65:74:79:84:95:114:120:133:145:153:162:173:181:187:192:211:243:262:277:318:324:334:361:366:368:0:31:104:109:148:169:202:204:239:283:293:295:310:322:380:393:399:19:32:53:94:106:127:140:158:167:172:207:229:234:240:246:264:284:289:291:292:297:306:309:338:350:359:374:386:407:52:72:81:103:107:113:117:180:182:233:236:237:247:255:257:266:267:271:274:282:286:288:301:304:315:336:375:400:418:478:498:24:25:27:30:60:78:105:119:136:137:143:147:163:168:171:174:185:191:217:218:221:224:226:235:249:254:260:263:272:279:280:281:300:302:320:332:337:340:347:351:356:376:378:383:387:392:394:397:414:420:424:430:433:438:442:453:457:462:467:476:479:481 4:0:10:12:2:11:7:5:45:51:35:8:18:23:33:40:77:30:37:38:41:57:29:28:16:74:62:49:13:21:48:104:6:69:22:26:39:54:19:27:72:87:95:3:31:55:56:106:15:17:60:61:96:103:92:25:66:67:78:80:81:93:94:109:113:117:122:1:24:44:46:47:53:59:65:83:84:99:112:121:133:14:20:36:63:70:82:97:102:116:136:32:34:42:52:58:64:71:75:85:90:98:107:111:115:124:129:130:131:132 [1:244588] [1:274774] [1:574087] [1:1285890] 1:0 [1:395101] [1:275.5] [-49.8874:81.708399999999997] [1:175] [1:38456.5] [1:1556770] [1:68.5] [1:8524] [1:249100] [1:448222] [1:19936] [1:121640] 20:0:2:33:16:38:10:8:24:31:6:53:18:21:44:48:26:35:55:12:39:40:14:43:61:42:60:17:22:11:29:9:3:4:37:19:41:67:47:46:49:25:71:98:27:69:57:73:1:30:52:100:59:62:63:77:106:45:56:87:92:103:7:15:32:58:80:82:94:34:65:66:68:74:75:79:84:97:107:112:13:51:54:64:70:76:85:91:95:109 [1:509664]
tree_sizes=531 911 779 876 807 889 935 897 690 806 724 708 921 720 1005 710 1029 731 543 630 726 666 793 620 646 678 996 543 700 645 647 959 744 691 734 699 910 881 824 721 777 825 743 872 770 821 695 1002 635 593 812 739 657 628 676 972 987 897 1005 792 728 708 782 710 921 744 791 687 737 982 712 870 757 797 669 673 689 616 911 660 799 999 838 890 936

Tree=0
num_leaves=5
num_cat=2
split_feature=6 20 2 5
split_gain=47.7458 30.6748 8.67336 4.08949
threshold=346413.00000000006 0 1 31120.000000000004
decision_type=2 5 5 2
left_child=1 -1 -3 -4
right_child=-2 2 3 -5
leaf_value=-2.6835676832969555 -2.5354396684601679 -2.7515070757563262 -2.862533023959005 -2.804970355861073
leaf_count=259 177 157 2539 468
internal_value=0 -0.0970442 -0.233371 -0.297398
internal_count=3600 3423 3164 3007
cat_boundaries=0 3 6
cat_threshold=34619392 196618 8 1086328896 131104 8397824
shrinkage=1


Tree=1
num_leaves=9
num_cat=2
split_feature=1 5 17 1 0 12 3 5
split_gain=87.9268 33.1919 23.4789 7.31942 4.33197 3.55331 3.442 2.68057
threshold=0 9682.7500000000018 41077.000000000007 1 4.7500000000000009 13.750000000000002 109.00000000000001 127291.50000000001
decision_type=5 2 2 5 2 2 2 2
left_child=1 4 3 5 -1 -2 -5 -4
right_child=2 -3 7 6 -6 -7 -8 -9
leaf_value=0.15443784389878573 0.053380272895648666 0.39337806005068182 0.026260602846259959 -0.088980180481865567 0.032491562746888525 -0.042065320171134388 0 0.14402903864753705
leaf_count=277 294 190 150 2001 198 197 160 133
internal_value=0 1.21646 -0.316304 -0.476295 0.808641 0.0687257 -0.559717 0.715635
internal_count=3600 665 2935 2652 475 491 2161 283
cat_boundaries=0 10 19
cat_threshold=536871520 1140859264 545333764 1107296256 82048 0 65664 67125248 0 1048832 50308 134498324 67108992 268435464 6291472 163840 8 128 32
shrinkage=0.135166


Tree=2
num_leaves=7
num_cat=2
split_feature=1 6 4 3 1 6
split_gain=61.0754 15.9991 14.5826 7.84138 5.91276 3.12933
threshold=0 346413.00000000006 4271.5000000000009 115.00000000000001 1 1.7500000000000002
decision_type=5 2 2 2 5 2
left_child=2 3 5 4 -2 -1
right_child=1 -3 -4 -5 -6 -7
leaf_value=0.1244121336650479 0.010987178975166515 0.10242597138031165 0.26203477609646053 0.043006583717921272 -0.075081927647871735 0.02968389791249328
leaf_count=308 378 149 183 219 2151 212
internal_value=0 -0.29561 0.912248 -0.413515 -0.488542 0.658391
internal_count=3600 2897 703 2748 2529 520
cat_boundaries=0 10 19
cat_threshold=536871524 1149247876 545325572 1107296256 82048 0 65664 67125248 0 1048832 49280 134498320 128 268435464 6291472 163840 0 268435584 32
shrinkage=0.135166


Tree=3
num_leaves=8
num_cat=3
split_feature=1 16 4 1 20 12 18
split_gain=48.3749 12.4509 7.31673 4.74707 3.6857 2.53054 2.41645
threshold=0 37876.000000000007 1622.5000000000002 1 2 18.250000000000004 12.250000000000002
decision_type=5 2 2 5 5 2 2
left_child=2 3 6 5 -5 -2 -1
right_child=1 -3 -4 4 -6 -7 -8
leaf_value=0.097106695974283938 0.043393511466753833 0.074485144394090499 0.1876221841358624 -0.079019163386532795 -0.0019316211658991483 -0.037997423448008008 0.0053907128705427349
leaf_count=299 283 198 249 1698 550 184 139
internal_value=0 -0.275986 0.780267 -0.393551 -0.463778 0.0507273 0.532694
internal_count=3600 2913 687 2715 2248 467 438
cat_boundaries=0 10 19 21
cat_threshold=538968768 1182804356 612442112 1107296256 8470656 0 65664 67125248 0 1048832 1064992 134692880 640 268435464 6291480 163840 8 268435584 32 2214660101 813763776
shrinkage=0.135166


Tree=4
num_leaves=8
num_cat=2
split_feature=1 6 5 3 2 10 6
split_gain=36.9768 10.3656 6.08976 5.71337 5.64492 4.94147 3.67039
threshold=0 346413.00000000006 9682.7500000000018 3.2500000000000004 1 34.998900000000006 1.7500000000000002
decision_type=5 2 2 2 5 2 2
left_child=2 4 6 -4 -2 -6 -1
right_child=1 -3 3 -5 5 -7 -8
leaf_value=0.094449017299511537 0.029903300318505639 0.075077294101394146 0.22346941477995808 0.060832854351121346 -0.031408574604218746 -0.089583577112762311 0
leaf_count=281 232 142 114 94 1368 1173 196
internal_value=0 -0.257239 0.647266 1.19013 -0.360941 -0.408851 0.441939
internal_count=3600 2915 685 208 2773 2541 477
cat_boundaries=0 10 13
cat_threshold=538968132 1182796160 612442628 1107296256 8470664 131072 65664 67125248 0 1048832 1082136656 544 1024
shrinkage=0.135166


Tree=5
num_leaves=9
num_cat=1
split_feature=1 4 3 18 18 21 4 0
split_gain=28.6711 10.6562 7.40948 5.26932 5.26171 5.04658 4.20629 1.24706
threshold=0 104714.00000000001 115.00000000000001 104.50000000000001 723.25000000000011 17859.250000000004 24821.500000000004 3.2500000000000004
decision_type=5 2 2 2 2 2 2 2
left_child=3 2 5 7 -5 -2 -6 -1
right_child=1 -3 -4 4 6 -7 -8 -9
leaf_value=0.062568653527451126 -0.066484378041221648 0.10044314635358906 0.054981261992843859 0.21018639469693423 0.013695814802680091 0.0061017370583653276 0.13875776960103348 0.00040085746757772026
leaf_count=202 2155 108 202 115 131 431 82 174
internal_value=0 -0.232647 -0.325069 0.555366 0.938112 -0.400116 0.55596 0.278856
internal_count=3600 2896 2788 704 328 2586 213 376
cat_boundaries=0 10
cat_threshold=606077664 1249919360 75563008 1107312640 8470656 0 65676 67125248 0 1048832
shrinkage=0.135166


Tree=6
num_leaves=9
num_cat=3
split_feature=1 6 20 12 16 0 1 12
split_gain=22.2715 10.2119 8.67967 5.64046 5.17427 3.74946 3.06811 1.77392
threshold=0 453775.00000000006 1 3.2500000000000004 18433.000000000004 13.750000000000002 2 75.250000000000014
decision_type=5 2 5 2 2 2 5 2
left_child=4 2 6 -4 5 7 -2 -1
right_child=1 -3 3 -5 -6 -7 -8 -9
leaf_value=0.089689802849065081 0.00075262839474835757 0.10252443032981505 0.080793743581568336 -0.024993998764408328 0.16592979312153278 -0.016225663809038914 -0.072295924203669218 0.015579088844570078
leaf_count=378 376 83 335 355 83 116 1739 135
internal_value=0 -0.206825 -0.296917 0.14146 0.484214 0.399047 -0.426878 0.535865
internal_count=3600 2888 2805 690 712 629 2115 513
cat_boundaries=0 10 12 21
cat_threshold=538969156 1107435908 67183108 1107296256 8470656 163840 65664 67125248 0 256 2215184965 813812928 33440 344064 0 268435456 6291456 0 8 268435456 32
shrinkage=0.135166


Tree=7
num_leaves=8
num_cat=3
split_feature=1 1 5 18 1 3 13
split_gain=19.0924 10.06 9.18769 6.82083 5.05879 3.79937 2.46764
threshold=0 1 108895.00000000001 104.50000000000001 2 13.750000000000002 5133.2500000000009
decision_type=5 5 2 2 5 2 2
left_child=-1 3 4 -2 -3 -4 -5
right_child=1 2 5 6 -6 -7 -8
leaf_value=-0.086049239922238896 0.019947360012636053 -0.058862193682697905 0.013231938735776692 0.19199293951558774 0.0027666013418047408 0.14384480425796531 0.069386976222878094
leaf_count=653 193 475 113 89 1902 95 80
internal_value=0 0.147442 0 0.546841 -0.105377 0.646979 1.06001
internal_count=3600 2947 2585 362 2377 208 169
cat_boundaries=0 9 16 25
cat_threshold=281284632 536872034 135004256 541102144 268436480 536870944 133200 2 1 536870976 1073742208 65536 1107296256 81920 0 65664 70254596 67174412 541065244 67649536 8256 525376 1342177284 1048592 536870912
shrinkage=0.135166


Tree=8
num_leaves=7
num_cat=2
split_feature=4 20 2 10 18 10
split_gain=11.5138 8.37796 5.50605 9.05679 6.76662 3.29589
threshold=132478.00000000003 0 1 34.998900000000006 688.75000000000011 35.266050000000007
decision_type=2 5 5 2 2 2
left_child=1 5 3 -3 -4 -1
right_child=-2 2 4 -5 -6 -7
leaf_value=0.0097374454181673939 0.13632867738444335 -0.0013893165609154706 0.097323196401667769 -0.076120036960872481 -0.017258862350895882 0.10826590848075254
leaf_count=160 78 1431 285 1100 378 168
internal_value=0 -0.0550943 -0.14772 -0.248916 0.161794 0.370627
internal_count=3600 3522 3194 2531 663 328
cat_boundaries=0 3 5
cat_threshold=1069064 201474 8 539766165 33554762
shrinkage=0.135166


Tree=9
num_leaves=7
num_cat=2
split_feature=1 17 18 1 18 0
split_gain=16.3647 9.2582 12.2825 11.7656 5.94506 3.60453
threshold=0 39841.000000000007 3831.2500000000005 1 921.25000000000011 13.750000000000002
decision_type=5 2 2 5 2 2
left_child=-1 3 -3 5 -5 -2
right_child=1 2 -4 4 -6 -7
leaf_value=-0.084714106276083695 0.070568526596026471 0.17506557317487303 -0.0012876370421537088 -0.0088332954982845314 -0.09217235383458254 -0.015377143186616428
leaf_count=626 564 152 145 1565 437 111
internal_value=0 0.124608 0.659303 0.0259064 -0.19575 0.3476
internal_count=3600 2974 297 2677 2002 675
cat_boundaries=0 9 19
cat_threshold=281284632 536871970 139198560 604016704 268436480 805306368 133200 2 536870912 536872672 1073768832 75571712 1107296264 4194304 32768 65672 67108992 0 256
shrinkage=0.135166


Tree=10
num_leaves=6
num_cat=2
split_feature=1 4 1 18 5
split_gain=13.0087 8.0321 9.8665 6.98166 5.10995
threshold=0 132478.00000000003 1 4249.0000000000009 40848.250000000007
decision_type=5 2 5 2 2
left_child=-1 2 4 -4 -2
right_child=1 -3 3 -5 -6
leaf_value=-0.079887511294837385 0.035769956253928883 0.12674828222691892 -0.0053069754861835988 -0.11376281403796461 0.14821350807212746
leaf_count=600 481 69 2209 179 62
internal_value=0 0.0999759 0.0472607 -0.118872 0.372085
internal_count=3600 3000 2931 2388 543
cat_boundaries=0 9 19
cat_threshold=8654872 536871970 135004256 67145792 268436544 536870912 133200 18 536870913 69222464 1115685252 66048 1073741824 4276360 163840 65664 67108864 32 256
shrinkage=0.135166


Tree=11
num_leaves=6
num_cat=3
split_feature=1 2 4 1 18
split_gain=10.5859 7.54333 10.3223 5.71468 5.18015
threshold=0 1 250.75000000000003 2 3776.5000000000005
decision_type=5 5 2 5 2
left_child=-1 -2 3 -3 -4
right_child=1 2 4 -5 -6
leaf_value=-0.079294812646489327 -0.054537594798435826 0.038225863312481553 0.077791125791225893 -0.028552837578109454 -0.0068103887890844468
leaf_count=504 289 335 889 1386 197
internal_value=0 0.0784153 0.155483 -0.0661203 0.438907
internal_count=3600 3096 2807 1721 1086
cat_boundaries=0 8 11 20
cat_threshold=277090320 536872034 135004256 536907840 268436480 805306368 133136 2 537144612 524544 1024 1066508 67109120 8454272 8 128 131072 65536 0 32
shrinkage=0.135166


Tree=12
num_leaves=10
num_cat=2
split_feature=2 20 10 4 18 5 10 16 21
split_gain=7.57671 7.57862 7.01632 5.47715 6.61248 11.5968 1.79016 2.07919 1.41799
threshold=0 1 40.026150000000008 379.00000000000006 770.50000000000011 113580.00000000001 34.871900000000004 13912.750000000002 14005.750000000002
decision_type=5 5 2 2 2 2 2 2 2
left_child=1 6 8 -2 -5 -6 -1 -8 -3
right_child=3 2 -4 4 5 -7 7 -9 -10
leaf_value=-0.023158619000114383 -0.02415968698948472 0.037604471507898009 -0.037748913143369159 0.14898655700991406 -0.058061885569780661 0.10801387303165723 -0.0870663109478617 -0.021293970061386037 0.11106077908265023
leaf_count=1144 293 293 270 182 235 128 617 245 193
internal_value=0 -0.136158 0.176937 0.272793 0.512963 0.203575 -0.287665 -0.46771 0.512326
internal_count=3600 2762 756 838 545 363 2006 862 486
cat_boundaries=0 3 5
cat_threshold=673983781 1074266890 1024 71895633 279009472
shrinkage=0.135166


Tree=13
num_leaves=6
num_cat=3
split_feature=1 2 4 18 1
split_gain=10.4035 6.71902 8.49872 4.91743 4.77321
threshold=0 1 1423.0000000000002 3776.5000000000005 2
decision_type=5 5 2 2 5
left_child=-1 -2 4 -4 -3
right_child=1 2 3 -5 -6
leaf_value=-0.073862920256664841 -0.050534706450616605 0.034307808793224488 0.079434789095067279 -0.0064560452470435173 -0.02368527731814167
leaf_count=619 296 430 667 196 1392
internal_value=0 0.0782503 0.152783 0.43925 -0.0302264
internal_count=3600 2981 2685 863 1822
cat_boundaries=0 9 12 21
cat_threshold=1314840 536871970 139198560 67145796 3072 805306368 133200 2 536870913 539241732 1074266370 1024 17924 201326856 66192 8 2097280 131104 65536 268435456 32
shrinkage=0.135166


Tree=14
num_leaves=10
num_cat=2
split_feature=1 21 4 10 4 1 12 13 18
split_gain=8.69487 6.34181 5.30622 5.15361 3.86707 3.22445 2.29576 2.15704 1.42115
threshold=0 25.000000000000004 25779.250000000004 40.026150000000008 147.25000000000003 1 13.750000000000002 373.00000000000006 1192.7500000000002
decision_type=5 2 2 2 2 5 2 2 2
left_child=2 5 8 4 -3 6 -2 -5 -1
right_child=1 3 -4 7 -6 -7 -8 -9 -10
leaf_value=0.039570909824999653 0.028567846612739763 0.0099047237041373342 0.13862227912478411 0.014727736030599691 0.1017207847697775 -0.064435203849300737 -0.037938613337516615 -0.058139035070519686 -0.016457931182057815
leaf_count=368 312 573 62 205 154 1252 265 310 99
internal_value=0 -0.140167 0.31211 0.0706737 0.303964 -0.341786 -0.0137054 -0.240804 0.185207
internal_count=3600 3071 529 1242 727 1829 577 515 467
cat_boundaries=0 10 19
cat_threshold=2113728 1149395076 65540 1375748096 65536 131072 65676 67108864 0 256 536904740 327704 603988608 8 6291584 0 0 268435584 32
shrinkage=0.135166


Tree=15
num_leaves=6
num_cat=3
split_feature=1 2 4 1 18
split_gain=8.2068 5.1279 6.24372 4.03781 3.71435
threshold=0 1 1423.0000000000002 2 3776.5000000000005
decision_type=5 5 2 5 2
left_child=-1 -2 3 -3 -4
right_child=1 2 4 -5 -6
leaf_value=-0.067436660179617816 -0.04825471966013542 -0.051681981071091093 0.066280266154700077 0.0091913815905366944 -0.0031549067093874922
leaf_count=645 294 267 646 1532 216
internal_value=0 0.0616878 0.123078 -0.0391997 0.356127
internal_count=3600 2955 2661 1799 862
cat_boundaries=0 9 12 20
cat_threshold=278138904 536871970 135004256 67145796 3072 536870944 133200 2 1 537144612 770 1024 32864 1073815552 8196 1342701568 268435456 33856 0 268435456
shrinkage=0.135166


Tree=16
num_leaves=10
num_cat=3
split_feature=1 20 5 21 1 21 18 0 0
split_gain=6.843 5.78782 4.39988 4.07062 2.03695 2.51704 1.88839 1.81874 1.34717
threshold=0 1 40848.250000000007 14005.750000000002 2 469.00000000000006 701.50000000000011 4.7500000000000009 3.2500000000000004
decision_type=5 5 2 2 5 2 2 2 2
left_child=2 4 7 8 6 -6 -2 -1 -3
right_child=1 3 -4 -5 5 -7 -8 -9 -10
leaf_value=0.035036058802401737 0.016487562597207357 -0.023132568461390154 0.10823429719990771 0.080035881813417517 -0.085187084329113247 -0.022307358356693136 -0.042901457643610835 -0.025589529877982801 0.030386975792322853
leaf_count=326 430 379 86 210 1099 568 194 137 171
internal_value=0 -0.137177 0.257864 0.128879 -0.272492 -0.394645 -0.0313934 0.116604 -0.0256162
internal_count=3600 3051 549 760 2291 1667 624 463 550
cat_boundaries=0 10 13 23
cat_threshold=69222592 1073883268 536944644 1375748096 65536 163840 65668 67108992 0 256 2217282373 813731016 128 34340 67452936 512 524288 14696592 0 8 268435456 32 1048576
shrinkage=0.135166


Tree=17
num_leaves=6
num_cat=3
split_feature=1 2 16 1 8
split_gain=6.79076 4.79278 6.34601 7.06155 2.23928
threshold=0 1 37876.000000000007 2 1.7500000000000002
decision_type=5 5 2 5 2
left_child=-1 -2 3 -3 -4
right_child=1 2 4 -5 -6
leaf_value=-0.066875511296856552 -0.055798452475973009 0.038445332143883411 0.028753885542450661 -0.018159710217536616 0.13036852276021621
leaf_count=576 201 640 94 2024 65
internal_value=0 0.0452546 0.0970895 0.0270243 0.618145
internal_count=3600 3024 2823 2664 159
cat_boundaries=0 9 12 22
cat_threshold=12849152 536871970 139198512 604012612 1088 805306368 133200 2 536870913 539239684 256 1024 536903904 1208361108 67183232 1375731712 4210696 32768 65672 67108864 32 256
shrinkage=0.135166


Tree=18
num_leaves=5
num_cat=1
split_feature=4 18 16 2
split_gain=5.339 4.40205 6.1667 3.81002
threshold=135130.00000000003 4249.0000000000009 21175.750000000004 0
decision_type=2 2 2 5
left_child=1 2 3 -1
right_child=-2 -3 -4 -5
leaf_value=0.038894167430625723 0.091311523864385763 -0.072109545089234783 0.078646539885008734 -0.017610179951831856
leaf_count=235 50 271 157 2887
internal_value=0 -0.0655815 -0.0121066 -0.075268
internal_count=3600 3550 3279 3122
cat_boundaries=0 3
cat_threshold=1350635520 204904 8396800
shrinkage=0.135166


Tree=19
num_leaves=6
num_cat=2
split_feature=4 2 20 12 18
split_gain=4.01876 3.72992 4.15334 3.84594 2.53682
threshold=135130.00000000003 0 1 16.750000000000004 3645.2500000000005
decision_type=2 5 5 2 2
left_child=1 -1 4 -4 -3
right_child=-2 2 3 -5 -6
leaf_value=0.041338770971654872 0.077885560672902046 -0.022620375085301177 0.04555094208617038 -0.024188029621146762 -0.088596046926836383
leaf_count=216 50 2261 539 318 216
internal_value=0 -0.0560729 -0.103406 0.104847 -0.210994
internal_count=3600 3550 3334 857 2477
cat_boundaries=0 3 6
cat_threshold=1086328896 204896 8388608 2221476689 813747392 128
shrinkage=0.135166


Tree=20
num_leaves=6
num_cat=3
split_feature=1 2 15 1 4
split_gain=5.78927 3.96691 4.17468 5.09279 3.16573
threshold=0 1 594.25000000000011 2 69241.000000000015
decision_type=5 5 2 5 2
left_child=-1 -2 3 -3 -4
right_child=1 2 4 -5 -6
leaf_value=-0.059533073740834504 -0.045660115881529441 -0.047827142704287721 0.11242291910227557 0.015919686421617136 0.0003828320652811101
leaf_count=538 236 370 129 2254 73
internal_value=0 0.0494313 0.101126 0.0416905 0.521146
internal_count=3600 3062 2826 2624 202
cat_boundaries=0 9 12 20
cat_threshold=277090304 536871970 147325024 604012608 1088 805306368 133200 16386 536870913 539239812 256 1024 72351760 67108932 537141772 4739072 272629776 525312 268435460 16
shrinkage=0.135166


Tree=21
num_leaves=5
num_cat=3
split_feature=1 2 4 1
split_gain=5.80454 3.65048 3.64234 5.17932
threshold=0 1 135130.00000000003 2
decision_type=5 5 2 5
left_child=-1 -2 3 -3
right_child=1 2 -4 -5
leaf_value=-0.06174726537888945 -0.048428042646255429 -0.043823438624435676 0.092710384946938021 0.017105228104081781
leaf_count=614 216 446 42 2282
internal_value=0 0.0426436 0.0882791 0.053618
internal_count=3600 2986 2770 2728
cat_boundaries=0 11 14 24
cat_threshold=276828168 536871970 134742048 604012612 11328 805306400 133200 66 536870913 0 8 539239684 258 1024 5505044 67108936 541327436 38293512 268435456 525376 268435460 16400 0 1048576
shrinkage=0.135166


Tree=22
num_leaves=8
num_cat=3
split_feature=1 15 2 10 21 16 7
split_gain=4.87818 4.38243 4.29031 5.85108 3.4634 2.58039 0.97821
threshold=0 55.000000000000007 1 34.218200000000003 847.00000000000011 39.250000000000007 2
decision_type=5 2 5 2 2 2 1
left_child=1 6 -2 4 -4 -5 -1
right_child=2 -3 3 5 -6 -7 -8
leaf_value=-0.024104814783413021 0.037568108269641617 0.10654198731084311 -0.017911908577121771 -0.091945253123273105 0.044077452699953459 -0.031713924539661424 0.029830343554968036
leaf_count=105 256 93 1007 529 480 998 132
internal_value=0 0.267979 -0.103343 -0.164666 0.0336978 -0.368366 0.0410217
internal_count=3600 330 3270 3014 1487 1527 237
cat_boundaries=0 7 11 12
cat_threshold=2097344 1140981888 65540 1342193664 0 0 65664 12589152 524386 8388608 256 2
shrinkage=0.135166


Tree=23
num_leaves=6
num_cat=2
split_feature=2 0 20 21 17
split_gain=3.16197 3.87573 4.44092 2.98802 0.81936
threshold=0 18.250000000000004 1 25.000000000000004 780.25000000000011
decision_type=5 2 5 2 2
left_child=-1 2 4 -4 -2
right_child=1 -3 3 -5 -6
leaf_value=-0.049753901009051686 -0.085665439195548795 0.080970484170393334 -0.0072949414435033496 0.031570231383354123 -0.019631112327014564
leaf_count=274 321 127 1766 954 158
internal_value=0 0.022954 -0.011835 0.059147 -0.340247
internal_count=3600 3326 3199 2720 479
cat_boundaries=0 2 5
cat_threshold=673981828 256 2218330688 815844544 136
shrinkage=0.135166


Tree=24
num_leaves=5
num_cat=2
split_feature=1 4 1 3
split_gain=3.90425 3.4411 4.91416 3.0847
threshold=0 135130.00000000003 1 115.00000000000001
decision_type=5 2 5 2
left_child=-1 2 -2 -4
right_child=1 -3 3 -5
leaf_value=-0.0492564142113898 -0.052954211848725653 0.080772798855102204 0.0021968794692353516 0.063243986322877851
leaf_count=563 457 43 2329 208
internal_value=0 0.0328905 -0 0.0672281
internal_count=3600 3037 2994 2537
cat_boundaries=0 9 20
cat_threshold=277090304 537134114 147324960 604012608 18432 805306368 133136 66 536870913 4194324 67108936 537133132 38293508 268444736 525312 1342177348 1048592 0 0 8
shrinkage=0.135166


Tree=25
num_leaves=6
num_cat=2
split_feature=1 2 17 18 10
split_gain=4.0638 3.30922 2.96056 4.8199 2.62817
threshold=0 1 39841.000000000007 1576.0000000000002 52.4497
decision_type=5 5 2 2 2
left_child=-1 -2 3 -3 -4
right_child=1 2 4 -5 -6
leaf_value=-0.050229629292768307 -0.047349761340761888 0.012521112682129453 0.079185227136061256 -0.061340763438400281 -0.0029689520964259089
leaf_count=651 220 2201 159 293 76
internal_value=0 0.0324669 0.0769411 0.0164632 0.372648
internal_count=3600 2949 2729 2494 235
cat_boundaries=0 10 13
cat_threshold=277090312 536871970 138936368 604012608 26624 805306368 133136 1048642 536870913 1048576 539239684 258 8192
shrinkage=0.135166


Tree=26
num_leaves=10
num_cat=3
split_feature=1 11 0 1 21 10 8 0 1
split_gain=3.60434 5.14944 4.24929 3.70622 3.3647 3.6305 3.4184 1.44959 1.92653
threshold=0 39.250000000000007 10.750000000000002 1 25.000000000000004 47.817850000000007 138.25000000000003 3.2500000000000004 2
decision_type=5 2 2 5 2 2 2 2 5
left_child=1 2 3 -1 7 6 -6 8 -2
right_child=4 -3 -4 -5 5 -7 -8 -9 -10
leaf_value=0.05034670534157841 0.013920181656526757 0.10736492610238127 -0.059151768002198749 -0.018731374011625907 0.067923862203381244 -0.046329977495400104 -0.0046945208847441276 -0.0029248530222760858 -0.057147934905743179
leaf_count=212 139 90 125 264 355 303 529 452 1131
internal_value=0 0.150993 0.0378826 0.197745 -0.122533 0.0288798 0.180535 -0.293071 -0.384309
internal_count=3600 691 601 476 2909 1187 884 1722 1270
cat_boundaries=0 9 18 26
cat_threshold=2113764 1082288516 536944644 1342717952 128 0 65672 0 32 96 384 65540 524288 128 0 65664 0 32 33792 0 640 8 2097152 0 0 67108864
shrinkage=0.135166


Tree=27
num_leaves=5
num_cat=2
split_feature=2 0 20 0
split_gain=2.84196 3.0947 3.41715 2.54916
threshold=0 18.250000000000004 1 10.750000000000002
decision_type=5 2 5 2
left_child=-1 2 -2 -4
right_child=1 -3 3 -5
leaf_value=-0.046169349055485767 -0.049449094759255678 0.070800897973642238 0.011437312932362092 -0.046715998905106255
leaf_count=322 372 127 2566 213
internal_value=0 0.0188352 -0.0132228 0.0384236
internal_count=3600 3278 3151 2779
cat_boundaries=0 2 5
cat_threshold=673983876 256 2217216320 815828160 136
shrinkage=0.135166


Tree=28
num_leaves=7
num_cat=1
split_feature=2 10 4 16 18 0
split_gain=2.60559 3.09979 4.58729 3.16937 4.39638 1.06453
threshold=0 34.218200000000003 2934.2500000000005 39.250000000000007 954.25000000000011 1.7500000000000002
decision_type=5 2 2 2 2 2
left_child=-1 2 5 -3 -5 -2
right_child=1 3 -4 4 -6 -7
leaf_value=0.035848971157012723 0.0067882331787625138 -0.073487861795186113 0.082502951808659464 0.035650402913929354 -0.03456306107655123 -0.02765030000592638
leaf_count=217 1066 541 107 428 782 459
internal_value=0 -0.0685563 0.0667045 -0.198341 -0.0905328 -0.031002
internal_count=3600 3383 1632 1751 1210 1525
cat_boundaries=0 3
cat_threshold=1086328896 204896 8388608
shrinkage=0.135166


Tree=29
num_leaves=5
num_cat=2
split_feature=1 16 18 1
split_gain=3.75243 2.30687 3.94182 4.73447
threshold=0 100650.25000000001 3679.0000000000005 1
decision_type=5 2 2 5
left_child=-1 2 3 -2
right_child=1 -3 -4 -5
leaf_value=-0.052640764121675176 -0.039691701902742356 0.063220504356605645 -0.064598612561021701 0.017011057234891179
leaf_count=595 491 70 246 2198
internal_value=0 0.0276592 -0 0.048706
internal_count=3600 3005 2935 2689
cat_boundaries=0 11 19
cat_threshold=8654864 536871970 135004272 604016708 2112 805306368 133136 2 1 1048576 8 340820992 201457668 4194316 38289416 268461056 525376 1342177348 1048576
shrinkage=0.135166


Tree=30
num_leaves=5
num_cat=3
split_feature=1 2 12 1
split_gain=3.11307 2.32745 2.75944 4.1439
threshold=0 1 364.00000000000006 2
decision_type=5 5 2 5
left_child=-1 -2 3 -3
right_child=1 2 -4 -5
leaf_value=-0.048637742822908836 -0.039221871229849117 -0.045898578200631902 0.073219793770021691 0.01196837141777196
leaf_count=529 261 366 156 2288
internal_value=0 0.0212168 0.0595038 0.025652
internal_count=3600 3071 2810 2654
cat_boundaries=0 10 13 20
cat_threshold=8654864 536871970 143392800 604016708 64 805306368 133184 66 536870913 1048576 537144580 258 8192 809533440 67264576 4194376 4734984 268445696 1088 268435480
shrinkage=0.135166


Tree=31
num_leaves=10
num_cat=3
split_feature=1 11 10 1 21 7 10 4 21
split_gain=2.87356 6.66156 4.02256 3.51003 2.86733 2.19793 2.01438 1.43146 1.82532
threshold=0 36.250000000000007 34.218200000000003 1 7720.7500000000009 2 54.403800000000011 2934.2500000000005 14005.750000000002
decision_type=5 2 2 5 2 1 2 2 2
left_child=1 3 7 -1 6 -6 -4 8 -2
right_child=2 -3 4 -5 5 -7 -8 -9 -10
leaf_value=0.038233794985778648 -0.017680424636372982 0.10266638935314894 -0.034257154668293995 -0.023176529680652661 0.048764405764230398 -0.032437814457701233 -0.10237399969022581 0.053248976843750205 0.038394623778064012
leaf_count=143 979 115 822 427 108 291 350 96 269
internal_value=0 0.129704 -0.114291 -0.0112466 -0.289945 0 -0.433161 0.0663598 -0.00194471
internal_count=3600 685 2915 570 1571 399 1172 1344 1248
cat_boundaries=0 8 15 16
cat_threshold=538984644 1149397380 536944644 1342717952 8388608 0 65672 128 68 128 4 268435456 0 0 65664 2
shrinkage=0.135166


Tree=32
num_leaves=6
num_cat=3
split_feature=1 2 1 13 4
split_gain=3.13983 2.41171 3.05124 5.26691 3.91775
threshold=0 1 2 373.00000000000006 254.50000000000003
decision_type=5 5 5 2 2
left_child=-1 -2 3 -3 -4
right_child=1 2 4 -5 -6
leaf_value=-0.049863551753725519 -0.034191605056862868 0.0064623328514979185 -0.00315465433453954 -0.10095600259104569 0.04422269498502554
leaf_count=545 344 484 1251 167 809
internal_value=0 0.0209959 0.0660165 -0.158756 0.14084
internal_count=3600 3055 2711 651 2060
cat_boundaries=0 11 14 22
cat_threshold=8654864 536871970 135004256 67141700 3136 537395200 133184 16450 536870913 1048576 8 539241860 1107296522 8192 275776008 134226256 549453976 541069320 268451856 33888 268435476 16
shrinkage=0.135166


Tree=33
num_leaves=6
num_cat=2
split_feature=1 20 21 21 10
split_gain=3.19343 1.55757 1.82605 2.80737 2.11523
threshold=0 1 7720.7500000000009 26626.000000000004 56.815300000000008
decision_type=5 5 2 2 2
left_child=-1 -2 4 -4 -3
right_child=1 2 3 -5 -6
leaf_value=-0.054983355462365137 -0.028720324940010991 0.0053260068066051909 0.08199877429514818 0.0030574110383600321 -0.050341160032201966
leaf_count=524 379 1994 173 312 218
internal_value=0 0.0147336 0.0494953 0.24624 -0.00248558
internal_count=3600 3076 2697 485 2212
cat_boundaries=0 11 13
cat_threshold=8654848 536871970 139198496 67141700 8256 805830656 1073875008 1048658 536870913 0 8 2217216836 279019648
shrinkage=0.135166


Tree=34
num_leaves=6
num_cat=2
split_feature=1 14 1 10 11
split_gain=2.39664 1.66492 2.33254 4.57063 2.38434
threshold=0 12.250000000000002 1 35.032850000000003 36.250000000000007
decision_type=5 2 5 2 2
left_child=-1 2 4 -4 -2
right_child=1 -3 3 -5 -6
leaf_value=-0.046202943173606736 0.0048163901696568357 0.051999365632998992 0.012772439663048547 -0.042664393111815323 0.069752196368425695
leaf_count=531 596 98 1095 1165 115
internal_value=0 0.0098318 -0.0128876 -0.101192 0.126824
internal_count=3600 3069 2971 2260 711
cat_boundaries=0 11 21
cat_threshold=277090320 536871968 143130720 604016704 268437504 805306368 1073874960 1048642 0 0 8 538969088 1149397380 73748 1375748104 0 32768 65672 128 0 1048832
shrinkage=0.135166


Tree=35
num_leaves=6
num_cat=3
split_feature=1 2 20 18 12
split_gain=2.10253 2.11998 2.46799 4.00617 2.77462
threshold=0 1 2 12.250000000000002 364.00000000000006
decision_type=5 5 5 2 2
left_child=-1 -2 3 -3 -4
right_child=1 2 4 -5 -6
leaf_value=-0.043440653806485895 -0.034167934796023494 0.01689217157339367 0.0095667280464174463 -0.086593501096269135 0.084775865348711871
leaf_count=502 342 207 2227 204 118
internal_value=0 0.00921063 0.0508966 -0.189229 0.10645
internal_count=3600 3098 2756 411 2345
cat_boundaries=0 11 14 17
cat_threshold=8654864 536871970 138936360 604012544 268453888 805306368 133200 2 536870912 1048576 8 539241860 778 8192 2222590784 276858024 128
shrinkage=0.135166


Tree=36
num_leaves=9
num_cat=2
split_feature=2 1 0 10 21 12 13 12
split_gain=2.06841 3.81451 4.40454 4.33653 2.83348 1.42947 1.17783 0.521521
threshold=0 1 4.7500000000000009 38.022850000000012 25.000000000000004 39.250000000000007 17521.750000000004 46.750000000000007
decision_type=5 5 2 2 2 2 2 2
left_child=7 2 3 -2 6 -6 -3 -1
right_child=1 4 -4 -5 5 -7 -8 -9
leaf_value=0.069178794009288364 0.091988997356020161 -0.032456473746890972 -0.031427189260527996 -0.00095942715153370236 0.011019545845039086 -0.030347047750020541 -0.087554383950081915 0.012391149023051258
leaf_count=94 238 1320 239 192 788 354 236 139
internal_value=0 -0.0658539 0.143512 0.374955 -0.161386 -0.0224953 -0.337243 0.223604
internal_count=3600 3367 669 430 2698 1142 1556 233
cat_boundaries=0 4 13
cat_threshold=1082200128 204896 8388608 256 2129924 1141008792 545259524 1342717960 6291584 0 136 335560704 32
shrinkage=0.135166


Tree=37
num_leaves=9
num_cat=1
split_feature=0 1 13 13 16 10 13 5
split_gain=1.90489 2.97063 4.78747 2.91413 4.82665 3.54507 1.28172 0.920972
threshold=18.250000000000004 0 1527.2500000000002 9934.7500000000018 37876.000000000007 38.596850000000011 21978.250000000004 313.00000000000006
decision_type=2 5 2 2 2 2 2 2
left_child=1 2 7 4 -3 -5 -4 -1
right_child=-2 3 6 5 -6 -7 -8 -9
leaf_value=0.0055852860375599691 0.046956881785969941 -0.017466104274292509 0.10916794846828859 0.010075744113434313 0.072556798618102672 -0.086012080918144856 0.02575853787194508 -0.043717582194844687
leaf_count=192 148 2326 79 107 106 480 73 89
internal_value=0 -0.0529357 0.15111 -0.125067 -0.0495383 -0.410147 0.551005 -0.0962393
internal_count=3600 3452 433 3019 2432 587 152 281
cat_boundaries=0 8
cat_threshold=538984640 1082288260 536944640 302006272 8388608 0 65664 128
shrinkage=0.135166


Tree=38
num_leaves=8
num_cat=1
split_feature=18 5 1 15 21 18 13
split_gain=1.6944 4.3471 5.08761 2.87752 2.51734 2.38647 1.41591
threshold=3679.0000000000005 40848.250000000007 0 783.25000000000011 25.000000000000004 723.25000000000011 7428.2500000000009
decision_type=2 2 5 2 2 2 2
left_child=1 2 5 -3 -4 -1 -2
right_child=6 3 4 -5 -6 -7 -8
leaf_value=0.037436562314708675 0.0010828992484933631 0.098255517858980318 -0.053181201630543386 0.002811425699816733 -0.0032154314097568699 -0.026467626777951721 -0.06275452215741556
leaf_count=704 117 139 1358 112 785 149 236
internal_value=0 0.014699 -0.0529246 0.397444 -0.206932 0.152354 -0.271519
internal_count=3600 3247 2996 251 2143 853 353
cat_boundaries=0 10
cat_threshold=537969704 287128 75563152 1342177288 2097168 32768 65672 67108864 32 1048832
shrinkage=0.135166


Tree=39
num_leaves=6
num_cat=2
split_feature=1 14 16 1 13
split_gain=1.79944 1.62037 1.83222 3.70279 1.13323
threshold=0 12.250000000000002 18433.000000000004 1 10069.000000000002
decision_type=5 2 2 5 2
left_child=-1 2 3 -2 -4
right_child=1 -3 4 -5 -6
leaf_value=-0.035737886868047866 0.018777230570284735 0.05259654208187637 0.052978660272917526 -0.024260802710027871 0
leaf_count=633 699 94 147 1847 180
internal_value=0 0.0179252 -0.00487338 -0.0576707 0.215409
internal_count=3600 2967 2873 2546 327
cat_boundaries=0 11 21
cat_threshold=277090304 537134114 143392880 67113028 0 536871936 1073875008 66 536870913 0 8 537968680 1082220692 74240 1342177288 2097168 32768 65672 335544448 32 1048832
shrinkage=0.135166


Tree=40
num_leaves=7
num_cat=3
split_feature=1 2 20 18 4 16
split_gain=1.88537 1.39883 2.14559 3.22104 2.70026 0.424551
threshold=0 1 2 76.750000000000014 147.25000000000003 50557.750000000007
decision_type=5 5 5 2 2 2
left_child=-1 5 3 -3 -4 -2
right_child=1 2 4 -5 -6 -7
leaf_value=-0.038589224614450759 -0.047975707432314593 0.008292524720188283 -0.0027503733017344343 -0.089424427147256999 0.035785872738818572 -0.0033059428675273677
leaf_count=594 308 214 1353 161 872 98
internal_value=0 0.0175021 0.0565668 -0.176068 0.109576 -0.169538
internal_count=3600 3006 2600 375 2225 406
cat_boundaries=0 10 13 15
cat_threshold=281284632 536872034 135004192 67113028 24576 537395200 133184 66 536870913 1048576 537142676 1074266890 8192 2788297024 279021568
shrinkage=0.135166


Tree=41
num_leaves=8
num_cat=1
split_feature=18 16 1 16 18 16 6
split_gain=1.6384 3.35478 3.28334 5.22714 2.00984 1.4207 0.766864
threshold=3679.0000000000005 21175.750000000004 0 1922.5000000000002 22.750000000000004 93199.750000000015 256617.50000000003
decision_type=2 2 5 2 2 2 2
left_child=1 2 4 -4 -1 -2 -3
right_child=5 6 3 -5 -6 -7 -8
leaf_value=-0.00066655383462547318 -0.061125869478382118 0.016079735862602491 -0.0032960046111162647 -0.080367448994296611 0.051960351711831651 0.0036608782922038677 0.081068296099361864
leaf_count=405 282 111 1941 433 304 71 53
internal_value=0 0.0152623 -0.0363123 -0.140175 0.15358 -0.267501 0.40196
internal_count=3600 3247 3083 2374 709 353 164
cat_boundaries=0 10
cat_threshold=536903688 352400 8462864 1342177288 2097152 32800 65672 335544448 32 1048832
shrinkage=0.135166


Tree=42
num_leaves=7
num_cat=1
split_feature=0 1 5 18 4 4
split_gain=1.49095 2.22592 1.46478 4.95975 4.18179 0.27751
threshold=18.250000000000004 0 40848.250000000007 2918.5000000000005 17509.750000000004 3028.0000000000005
decision_type=2 5 2 2 2 2
left_child=1 5 4 -4 -3 -1
right_child=-2 2 3 -5 -6 -7
leaf_value=-0.063842874874939545 0.041795500406138088 0.0018978954267667562 0.086981718551592618 -0.01085673319622632 -0.08849777946311399 -0.018266743417642145
leaf_count=441 148 2216 144 317 155 179
internal_value=0 -0.0428266 0.0110642 0.180126 -0.0449067 -0.26885
internal_count=3600 3452 2832 461 2371 620
cat_boundaries=0 11
cat_threshold=344231936 263456 147325024 67112960 0 536871968 133184 16386 1 1048576 8
shrinkage=0.135166


Tree=43
num_leaves=8
num_cat=2
split_feature=18 1 5 1 6 19 18
split_gain=1.27392 2.9915 3.70221 2.78211 1.23483 0.916181 0.155334
threshold=2779.0000000000005 0 35350.000000000007 1 306585.00000000006 229.75000000000003 1751.5000000000002
decision_type=2 5 2 5 2 2 2
left_child=1 -1 3 -3 -2 -6 -4
right_child=4 2 6 -5 5 -7 -8
leaf_value=-0.041040348698299457 -0.056423195663700125 0.021686211778126414 0.085569998000819311 -0.016348263944571693 0.026159119908947912 -0.027591786240701886 0.032728296758050737
leaf_count=497 279 762 104 1668 74 118 98
internal_value=0 0.0227161 0.0754368 0.0115393 -0.190924 -0.0120499 0.48883
internal_count=3600 3129 2632 2430 471 192 202
cat_boundaries=0 8 18
cat_threshold=339743744 604111876 134742060 34111488 268435520 524288 1073874948 2 537952296 287128 8454288 1342177288 2097296 32768 65672 67108864 32 256
shrinkage=0.135166


Tree=44
num_leaves=8
num_cat=1
split_feature=10 10 11 20 10 12 11
split_gain=1.28934 2.30387 4.46853 3.08715 2.74087 1.87818 1.42956
threshold=59.277450000000009 51.296500000000002 34.750000000000007 0 38.596850000000011 51.250000000000007 25.750000000000004
decision_type=2 2 2 5 2 2 2
left_child=1 3 -3 5 -5 -1 -2
right_child=6 2 -4 4 -6 -7 -8
leaf_value=-0.0071770498867724779 7.585384634965882e-05 -0.015613105451978472 0.091974716689615738 0.046685806970236443 -0.029785203683472199 -0.0500621563603647 -0.071436965573229025
leaf_count=1545 162 249 203 542 217 518 164
internal_value=0 0.0109285 0.284018 -0.0381462 0.164093 -0.130995 -0.269479
internal_count=3600 3274 452 2822 759 2063 326
cat_boundaries=0 2
cat_threshold=71912529 278986954
shrinkage=0.135166


Tree=45
num_leaves=8
num_cat=3
split_feature=2 1 13 19 7 5 18
split_gain=1.64149 2.87618 2.02599 4.19627 2.14782 1.51796 5.44853
threshold=0 1 9934.7500000000018 124.00000000000001 2 3377.5000000000005 1422.2500000000002
decision_type=5 5 2 2 1 2 2
left_child=-1 5 3 -3 -4 -2 -7
right_child=1 2 4 -5 -6 6 -8
leaf_value=0.028960866567016116 -0.066344756991924991 0.0013739379261052005 0.0077316313840113454 0.081708110271040552 -0.065450424250146452 0.061685988423512174 -0.079362382446856991
leaf_count=230 478 2001 251 135 266 116 123
internal_value=0 -0.0496289 0.026354 0.0942496 -0.212988 -0.255888 -0.0614154
internal_count=3600 3370 2653 2136 517 717 239
cat_boundaries=0 4 14 15
cat_threshold=1086328928 204800 8388608 256 8705120 328772 134815776 67108864 18448 0 67584 268435520 1 1048576 2
shrinkage=0.135166


Tree=46
num_leaves=6
num_cat=3
split_feature=2 1 4 6 1
split_gain=1.54948 1.87299 1.66088 2.76214 2.5057
threshold=0 1 147.25000000000003 15073.000000000002 2
decision_type=5 5 2 2 5
left_child=-1 -2 4 -4 -3
right_child=1 2 3 -5 -6
leaf_value=-0.037304666129499287 -0.035583037228281815 -0.038492766723894442 0.074944470118591996 0.0087380160070516175 0.0083434528230252429
leaf_count=274 552 316 232 906 1320
internal_value=0 0.0176052 0.0524697 0.154752 -0.0445933
internal_count=3600 3326 2774 1138 1636
cat_boundaries=0 2 11 17
cat_threshold=673981828 256 4460552 536871968 676069472 536903752 268435456 268436544 2132 2 536870913 32864 1073807368 74260 1342701568 0 32
shrinkage=0.135166


Tree=47
num_leaves=10
num_cat=2
split_feature=1 6 18 15 1 3 0 10 15
split_gain=1.38862 3.66121 3.62332 2.86657 2.627 2.13103 1.74893 1.67956 0.957257
threshold=0 182719.00000000003 2779.0000000000005 129.25000000000003 1 52.750000000000007 10.750000000000002 38.596850000000011 16.750000000000004
decision_type=5 2 2 2 5 2 2 2 2
left_child=1 6 3 4 -2 -5 8 -4 -1
right_child=2 -3 7 5 -6 -7 -8 -9 -10
leaf_value=0.029947892474778717 0.018905611789119006 0.088187171898925179 -0.0021635977642580164 0.08309040477672365 -0.025293610942434729 -0.00014581950602229199 -0.042783187528606145 -0.083118483806392834 -0.016364680912061506
leaf_count=331 482 66 76 210 1738 134 130 315 118
internal_value=0 0.10478 -0.0722421 0.00115159 -0.0766351 0.338385 -0 -0.424756 0.114423
internal_count=3600 645 2955 2564 2220 344 579 391 449
cat_boundaries=0 8 18
cat_threshold=2147456 1082329476 536944644 302006272 0 131072 65668 268435456 536871468 278544 8388624 8 2097296 32800 8 67108992 32 256
shrinkage=0.135166


Tree=48
num_leaves=6
num_cat=2
split_feature=2 12 12 20 17
split_gain=1.42002 2.24182 2.84359 2.85245 2.40755
threshold=0 364.00000000000006 44.500000000000007 1 3478.7500000000005
decision_type=5 2 2 5 2
left_child=-1 2 3 -2 -4
right_child=1 -3 4 -5 -6
leaf_value=0.027539902939170975 -0.046284724463164777 0.047550221423280858 -0.082177445755660369 0.0090780543173747605 -0.014244332461025244
leaf_count=228 202 196 417 2115 442
internal_value=0 -0.0463216 -0.0833934 0.00272792 -0.289885
internal_count=3600 3372 3176 2317 859
cat_boundaries=0 4 6
cat_threshold=1082134624 139266 8388608 256 2231453776 8458368
shrinkage=0.135166


Tree=49
num_leaves=5
num_cat=2
split_feature=2 1 14 11
split_gain=1.3673 1.51351 1.76085 1.89813
threshold=0 1 9.2500000000000018 36.250000000000007
decision_type=5 5 2 2
left_child=-1 -2 3 -3
right_child=1 2 -4 -5
leaf_value=-0.034820043973207974 -0.028569663335447568 -0.0041163501050825082 0.060223234602115844 0.03476141496032515
leaf_count=288 505 2308 111 388
internal_value=0 0.0142058 0.0495879 0.0215713
internal_count=3600 3312 2807 2696
cat_boundaries=0 2 10
cat_threshold=673981828 1073742080 274731016 134218784 684458088 536903688 268451840 268435456 2052 2
shrinkage=0.135166


Tree=50
num_leaves=8
num_cat=1
split_feature=21 1 5 18 4 5 19
split_gain=1.18524 1.41878 4.91754 3.73036 4.92245 1.92189 1.69489
threshold=124670.00000000001 0 73723.750000000015 701.50000000000011 147.25000000000003 17067.250000000004 36.250000000000007
decision_type=2 5 2 2 2 2 2
left_child=1 2 5 4 -3 -1 -5
right_child=-2 3 -4 6 -6 -7 -8
leaf_value=0.0097775431918449077 0.041726891569487293 -0.015754701755874061 0.10060796319141177 -0.083934363461931921 0.061334007108102835 -0.056071799176766184 -0.023395632717393075
leaf_count=426 149 1493 55 356 472 98 551
internal_value=0 -0.0364993 0.0901676 -0.0934987 0.0394216 -0.03207 -0.315292
internal_count=3600 3451 579 2872 1965 524 907
cat_boundaries=0 8
cat_threshold=538985472 1149438340 536944644 1342177280 8388608 0 132 268435456
shrinkage=0.135166


Tree=51
num_leaves=7
num_cat=1
split_feature=10 1 18 10 19 15
split_gain=1.25164 2.5487 1.60138 3.50347 2.62764 0.479137
threshold=59.277450000000009 0 921.25000000000011 48.842800000000004 36.250000000000007 4.7500000000000009
decision_type=2 5 2 2 2 2
left_child=1 5 3 -3 -4 -1
right_child=-2 2 4 -5 -6 -7
leaf_value=-0.073926108757327275 -0.036024850497485807 0.0097321871404529754 -0.059176715647733955 0.094051378882446968 0.0084019059738916543 -0.016721895480103569
leaf_count=355 326 1802 308 142 475 192
internal_value=0 0.0126198 0.0637023 0.142665 -0.0757849 -0.257737
internal_count=3600 3274 2727 1944 783 547
cat_boundaries=0 9
cat_threshold=813961296 1136 676069380 32832 10304 525312 198672 2 536870912
shrinkage=0.135166


Tree=52
num_leaves=6
num_cat=1
split_feature=0 0 1 16 10
split_gain=1.07352 2.15593 3.33763 1.92047 1.38665
threshold=18.250000000000004 10.750000000000002 0 4121.5000000000009 34.218200000000003
decision_type=2 2 5 2 2
left_child=1 2 3 -1 -4
right_child=-2 -3 4 -5 -6
leaf_value=0.056993091750756973 0.035318949622343512 -0.052800347553436537 0.0021356404063875237 -0.0019973619430569234 -0.026954549335818943
leaf_count=324 148 244 1258 132 1494
internal_value=0 -0.0354337 0 0.215892 -0.087692
internal_count=3600 3452 3208 456 2752
cat_boundaries=0 8
cat_threshold=536904776 1073744260 536936960 268435456 2097152 0 65672 268435456
shrinkage=0.135166


Tree=53
num_leaves=6
num_cat=1
split_feature=2 12 11 15 6
split_gain=1.10601 1.64342 2.6042 2.06258 0.991932
threshold=0 364.00000000000006 25.750000000000004 129.25000000000003 54106.750000000007
decision_type=5 2 2 2 2
left_child=-1 2 4 -4 -2
right_child=1 -3 3 -5 -6
leaf_value=0.024722243991129815 -0.0058193914913593926 0.040050830583286609 -0.07357578281651396 -0.0089227134503593666 0.024263591167566146
leaf_count=229 2039 202 472 343 315
internal_value=0 -0.0394876 -0.0719879 -0.289246 0.00331694
internal_count=3600 3371 3169 815 2354
cat_boundaries=0 3
cat_threshold=1082134624 33693760 8388608
shrinkage=0.135166


Tree=54
num_leaves=5
num_cat=3
split_feature=1 20 10 1
split_gain=1.25954 1.12358 1.17819 2.30644
threshold=0 1 59.277450000000009 2
decision_type=5 5 2 5
left_child=-1 -2 3 -3
right_child=1 2 -4 -5
leaf_value=-0.029791320570044664 -0.023032816465997259 -0.016208563961280023 -0.027703104297547545 0.020728568826496156
leaf_count=665 358 561 227 1789
internal_value=0 0.0210037 0.052643 0.0863054
internal_count=3600 2935 2577 2350
cat_boundaries=0 8 11 21
cat_threshold=272896056 263170 134742120 608210944 268444736 536870912 1073874944 1048658 2217347392 276890792 128 612368960 1644167200 541327508 540672 2099200 164864 268501016 0 536870944 1048832
shrinkage=0.135166


Tree=55
num_leaves=10
num_cat=3
split_feature=1 19 2 13 7 6 19 11 21
split_gain=7.08074 3.44631 3.40454 3.20978 2.81229 2.44979 1.78209 0.508083 0.057122
threshold=0 37.750000000000007 1 17521.750000000004 2 1701.2500000000002 3.2500000000000004 34.750000000000007 143.50000000000003
decision_type=5 2 5 2 1 2 2 2 2
left_child=1 5 7 6 -3 8 -4 -2 -1
right_child=2 4 3 -5 -6 -7 -8 -9 -10
leaf_value=0.033116943886636212 0.0029718952961792586 0.03311374458714076 -0.038842633948090469 -0.095382766553097673 -0.067133638105671342 0.094780472473008096 0.0033976847093045164 0.055024456926477096 0.010517411171961056
leaf_count=204 133 77 1766 380 80 185 431 161 183
internal_value=0 0.202831 -0.194274 -0.265498 -0.122202 0.391624 -0.204119 0.160258 0.169098
internal_count=3600 729 2871 2577 157 572 2197 294 387
cat_boundaries=0 11 15 16
cat_threshold=539000840 33769856 74372 33570816 12582924 32800 128 67125378 32 0 33554432 8394864 131104 1056 256 2
shrinkage=0.135166


Tree=56
num_leaves=10
num_cat=2
split_feature=1 15 4 15 1 17 16 0 11
split_gain=5.60774 3.02647 1.9723 5.6221 2.84088 2.5703 1.65918 0.855154 0.52282
threshold=0 143.50000000000003 31756.000000000004 129.25000000000003 1 23452.000000000004 650.50000000000011 6.2500000000000009 27.250000000000004
decision_type=5 2 2 2 5 2 2 2 2
left_child=1 6 3 4 -2 -5 7 -1 -4
right_child=2 -3 8 5 -6 -7 -8 -9 -10
leaf_value=0.044397312474954917 0.01365883111415501 -0.020893090489787547 -0.021302077756908198 0.090344668087312882 -0.041173061407288193 -0.0014693523774658207 0.095684557047868463 -0 -0.077211419506298298
leaf_count=253 382 120 123 228 1842 168 103 148 233
internal_value=0 0.196625 -0.164958 -0.109783 -0.22678 0.355469 0.371547 0.210535 -0.439838
internal_count=3600 624 2976 2620 2224 396 504 401 356
cat_boundaries=0 11 21
cat_threshold=539000840 33769856 66180 33570816 4 32768 128 67108994 32 0 33554432 1050144 24 8388624 8 2097168 131104 8 268435456 0 256
shrinkage=0.135166


Tree=57
num_leaves=9
num_cat=3
split_feature=1 3 2 20 12 4 0 17
split_gain=4.43612 2.66732 2.19204 3.13685 3.37582 2.55824 1.35216 0.586789
threshold=0 9.2500000000000018 1 2 16.750000000000004 31756.000000000004 10.750000000000002 313.00000000000006
decision_type=5 2 5 5 2 2 2 2
left_child=1 6 -2 5 -5 -4 7 -1
right_child=2 -3 3 4 -6 -7 -8 -9
leaf_value=0.072345526173585556 0.020154423863144005 -0.027345457871579149 -0.03296202934886211 0.045881706058746627 -0.045726994229493903 -0.10004538851867313 1.1445299550367121e-05 0.02400435027546869
leaf_count=276 256 125 1752 404 260 242 166 119
internal_value=0 0.16434 -0.152835 -0.205802 0.070174 -0.308161 0.304928 0.410757
internal_count=3600 686 2914 2658 664 1994 561 395
cat_boundaries=0 11 14 17
cat_threshold=539000840 84360 74244 34095104 12 0 128 67125378 32 0 33554432 8394864 131072 1024 2221152337 276894336 32
shrinkage=0.135166


Tree=58
num_leaves=10
num_cat=4
split_feature=1 18 2 1 12 7 18 5 16
split_gain=3.64586 2.65188 2.08265 2.92758 2.16183 2.11684 3.28534 1.65549 1.18707
threshold=0 145.00000000000003 1 2 34.750000000000007 3 1465.7500000000002 42301.000000000007 6313.7500000000009
decision_type=5 2 5 5 2 1 2 2 2
left_child=1 -1 3 -2 -5 6 -4 -3 -7
right_child=2 7 5 4 -6 8 -8 -9 -10
leaf_value=0.058029373586066642 0.016712395920286827 -0.036616763637746332 0.080025427567589291 -0.029590162919673025 -0.087215145757304324 -0.055102067116390048 -0.015975010962204269 0.03124179345322279 0.0082442249198264941
leaf_count=394 219 170 275 1501 468 226 154 88 105
internal_value=0 0.171386 -0.127377 -0.210713 -0.300515 0.0538824 0.266313 -0.026301 -0.176876
internal_count=3600 652 2948 2188 1969 760 429 258 331
cat_boundaries=0 11 13 23 24
cat_threshold=539000840 215424 532 33554432 14680084 32768 128 67108994 0 0 33554432 1352926597 1074266698 544 1073741848 8388736 1073741832 8 131072 0 0 0 256 2
shrinkage=0.135166


Tree=59
num_leaves=8
num_cat=2
split_feature=1 0 12 7 18 4 4
split_gain=3.1702 3.24024 2.41665 1.72278 1.29827 4.29471 0.73384
threshold=0 18.250000000000004 72.250000000000014 1 2671.7500000000005 2328.2500000000005 108301.00000000001
decision_type=5 2 2 1 2 2 2
left_child=2 4 3 -1 5 -2 -6
right_child=1 -3 -4 -5 6 -7 -8
leaf_value=0.018481149091240819 -0.033210160919916291 0.051358843787404948 -0.018423580759912576 0.095548450440077731 -0.072692125320247547 0.023569364671061473 -0.012710572515300975
leaf_count=142 1984 133 107 150 331 673 80
internal_value=0 -0.104494 0.195951 0.410911 -0.159029 -0.106264 -0.383148
internal_count=3600 3201 399 292 3068 2657 411
cat_boundaries=0 11 12
cat_threshold=539000840 16512 66052 33554432 4 0 128 67108866 0 0 33554432 1
shrinkage=0.135166


Tree=60
num_leaves=7
num_cat=2
split_feature=1 2 10 11 11 18
split_gain=2.64082 2.07778 2.68216 3.72588 1.23327 0.880425
threshold=0 1 54.403800000000011 33.250000000000007 25.750000000000004 1174.7500000000002
decision_type=5 5 2 2 2 2
left_child=5 -2 3 -3 -4 -1
right_child=1 2 4 -5 -6 -7
leaf_value=-0.023351592763322621 -0.032510620112642601 0.0053480561007679889 0 0.064591286577249343 -0.065218996963895548 -0.079197193419596551
leaf_count=461 291 1883 233 374 195 163
internal_value=0 0.03208 0.0784505 0.14444 -0.257571 -0.251493
internal_count=3600 2976 2685 2257 428 624
cat_boundaries=0 10 12
cat_threshold=1201220 1141113876 545783808 268501000 128 2 1073752068 16777216 0 131072 1879311760 896
shrinkage=0.135166


Tree=61
num_leaves=6
num_cat=2
split_feature=1 5 1 15 0
split_gain=2.57478 1.96051 2.73253 3.73234 1.84077
threshold=0 171951.50000000003 1 643.75000000000011 4.7500000000000009
decision_type=5 2 5 2 2
left_child=4 2 -2 -4 -1
right_child=1 -3 3 -5 -6
leaf_value=-0.0768586385889901 -0.03204493893922461 -0.042899664080943575 0.0091078195124905722 0.089570859015571727 -0
leaf_count=458 473 144 2168 164 193
internal_value=0 0.0269767 0.0681946 0.12071 -0.267484
internal_count=3600 2949 2805 2332 651
cat_boundaries=0 10 18
cat_threshold=4346948 1074005012 675807232 268533768 8320 2 1073752068 16777280 0 131072 276824112 612368386 67371116 575160384 268435520 524288 268566672 1048592
shrinkage=0.135166


Tree=62
num_leaves=7
num_cat=2
split_feature=1 18 0 1 5 5
split_gain=2.40734 2.73768 2.4671 1.90166 1.65016 1.26267
threshold=0 208.75000000000003 18.250000000000004 1 8798.5000000000018 11768.500000000002
decision_type=5 2 2 5 2 2
left_child=1 -1 3 5 -5 -2
right_child=2 -3 -4 4 -6 -7
leaf_value=0.082806251445932233 -0.029197091237448691 -0.0031830956229595897 0.045870812920657485 -0.019723430263502106 0.013402172789165735 -0.09710866231148807
leaf_count=191 469 121 133 1682 822 182
internal_value=0 0.209584 -0.0802156 -0.124716 -0.0369272 -0.311629
internal_count=3600 312 3288 3155 2504 651
cat_boundaries=0 11 21
cat_threshold=539000840 16512 512 33554432 4 0 128 2 0 0 33554432 71455748 263444 684195840 272695296 8320 34 1073750028 16793664 0 131072
shrinkage=0.135166


Tree=63
num_leaves=7
num_cat=2
split_feature=2 20 15 5 21 13
split_gain=2.40266 2.10386 1.48515 2.57225 0.98151 0.404686
threshold=0 1 783.25000000000011 42301.000000000007 25.000000000000004 58.000000000000007
decision_type=5 5 2 2 2 2
left_child=4 5 3 -3 -1 -2
right_child=1 2 -4 -5 -6 -7
leaf_value=-0.080605433842790425 -0.058569407097310754 0.0090851478874071981 -0.025243155709983402 0.074104216815236851 -0.015113518751319215 -0.00952611263318736
leaf_count=304 227 2356 212 179 179 143
internal_value=0 0.0257793 0.0777238 0.125162 -0.270959 -0.21047
internal_count=3600 3117 2747 2535 483 370
cat_boundaries=0 3 5
cat_threshold=1881417104 34079648 2147484928 2221152592 276890242
shrinkage=0.135166


Tree=64
num_leaves=9
num_cat=2
split_feature=2 1 0 13 13 15 21 21
split_gain=1.96463 2.25416 2.24823 2.40879 1.83389 3.10255 1.76712 0.178768
threshold=0 1 3.2500000000000004 1527.2500000000002 10598.500000000002 12.250000000000002 14005.750000000002 143.50000000000003
decision_type=5 5 2 2 2 2 2 2
left_child=7 4 6 -4 5 -2 -3 -1
right_child=1 2 3 -5 -6 -7 -8 -9
leaf_value=-0.069168722786436682 0.015503090140662657 -0.034562124447613966 -0.0044379382260304545 0.076381236880260758 -0.022551752597620257 0.10012116511856926 0.010902130900636128 -0.023983934224448021
leaf_count=291 467 1511 443 141 100 104 371 172
internal_value=0 0.0203918 -0.0651479 0.167256 0.171503 0.290905 -0.163353 -0.256158
internal_count=3600 3137 2466 584 671 571 1882 463
cat_boundaries=0 3 14
cat_threshold=1881417104 34079616 2147484928 539000840 16768 67117588 34095112 6291480 0 65544 335560706 32 1048832 33554432
shrinkage=0.135166


Tree=65
num_leaves=7
num_cat=2
split_feature=3 1 21 3 10 20
split_gain=1.71293 5.58936 2.78995 2.02458 1.19294 2.93707
threshold=10.750000000000002 0 10654.750000000002 115.00000000000001 54.403800000000011 1
decision_type=2 5 2 2 2 5
left_child=1 -1 3 -2 5 -3
right_child=2 4 -4 -5 -6 -7
leaf_value=-0.048867201896608085 -0.036313588709109619 -0.029509876156328194 -0.08182625120948879 0.031859847491308838 -0.017303050840096482 0.029814609184992125
leaf_count=512 350 227 168 221 320 1802
internal_value=0 0.0322722 -0.202091 -0.0181317 0.123169 0.172452
internal_count=3600 2861 739 571 2349 2029
cat_boundaries=0 8 10
cat_threshold=4476996 8855572 541597708 272629824 268443712 32 1073741836 1048576 67918912 276893832
shrinkage=0.135166


Tree=66
num_leaves=8
num_cat=1
split_feature=1 0 19 18 18 4 4
split_gain=1.55143 1.91094 1.62389 4.5235 1.44616 2.75959 1.71958
threshold=0 18.250000000000004 36.250000000000007 22.750000000000004 2671.7500000000005 2328.2500000000005 108301.00000000001
decision_type=5 2 2 2 2 2 2
left_child=2 4 3 -1 5 -2 -6
right_child=1 -3 -4 -5 6 -7 -8
leaf_value=-0.0075506266125991853 -0.024807575634815639 0.038144707110361942 -0.015337919809650586 0.097148833861953957 -0.082417357962091709 0.022004783914302731 -0
leaf_count=230 1940 134 113 137 320 648 78
internal_value=0 -0.0767618 0.126388 0.293045 -0.122476 -0.0676645 -0.369482
internal_count=3600 3120 480 367 2986 2588 398
cat_boundaries=0 11
cat_threshold=539000840 8587392 66052 33554432 16412 0 128 130 0 0 33554432
shrinkage=0.135166


Tree=67
num_leaves=6
num_cat=3
split_feature=20 2 1 16 17
split_gain=1.46991 3.10431 3.36928 1.2204 0.846513
threshold=0 1 2 527.50000000000011 813.25000000000011
decision_type=5 5 5 2 2
left_child=4 -2 -3 -4 -1
right_child=1 2 3 -5 -6
leaf_value=-0.012977532571268165 -0.04234174158357866 -0.032938013373499449 0.0078457128520346333 0.037108691213207 -0.068443649565571932
leaf_count=372 299 536 1470 727 196
internal_value=0 0.0226402 0.0785678 0.145178 -0.198952
internal_count=3600 3032 2733 2197 568
cat_boundaries=0 3 5 14
cat_threshold=2218597712 276857536 32 1889805696 590602 4198432 537134084 541655144 541069376 268445696 268435456 268445716 64 536870912
shrinkage=0.135166


Tree=68
num_leaves=7
num_cat=1
split_feature=3 1 21 3 15 16
split_gain=1.33574 5.14538 2.28372 1.52399 1.3699 2.2887
threshold=10.750000000000002 0 10654.750000000002 115.00000000000001 627.25000000000011 1984.0000000000002
decision_type=2 5 2 2 2 2
left_child=1 -1 3 -2 5 -3
right_child=2 4 -4 -5 -6 -7
leaf_value=-0.051820158791248717 -0.032880873663186261 0.0199027083419538 -0.076077025299439452 0.026220318424283476 0.060353185940638022 -0.028237541530531665
leaf_count=492 350 1863 168 221 120 386
internal_value=0 0.0224543 -0.185454 -0.0199837 0.104202 0.0725178
internal_count=3600 2861 739 571 2369 2249
cat_boundaries=0 8
cat_threshold=12865604 8593412 541859884 268435520 268443712 32 1073743884 1048576
shrinkage=0.135166


Tree=69
num_leaves=10
num_cat=1
split_feature=1 13 0 17 18 19 10 11 18
split_gain=1.27588 2.83072 3.2877 2.94017 2.4036 2.52737 2.24348 0.925296 0.84974
threshold=0 1930.7500000000002 9.2500000000000018 14104.000000000002 22.750000000000004 7.7500000000000009 37.034950000000009 31.750000000000004 1402.7500000000002
decision_type=5 2 2 2 2 2 2 2 2
left_child=4 2 3 -2 -1 -6 -3 -7 -8
right_child=1 6 -4 -5 5 7 8 -9 -10
leaf_value=-0.019800773005216227 -0.023189833986776903 0.005749440926157378 0.058511839277935802 0.054650017670919378 0.075364722778933149 -0.02464029717961095 -0.020183546735938033 0.029707690348330314 -0.083017341223242586
leaf_count=322 1665 179 226 164 167 89 282 93 413
internal_value=0 -0.0835234 0.0141547 -0.0800036 0.0876299 0.265833 -0.316988 0.00537174 -0.471198
internal_count=3600 2929 2055 1829 671 349 874 182 695
cat_boundaries=0 11
cat_threshold=606109736 8595584 74244 1107296256 10551324 32768 65664 130 0 1048576 33554432
shrinkage=0.135166


Tree=70
num_leaves=7
num_cat=2
split_feature=2 20 4 5 18 4
split_gain=1.47663 1.29947 1.50413 5.56862 3.33292 1.06841
threshold=0 1 2328.2500000000005 1264.7500000000002 1511.5000000000002 1867.0000000000002
decision_type=5 5 2 2 2 2
left_child=-1 5 3 -3 -4 -2
right_child=1 2 4 -5 -6 -7
leaf_value=-0.033843369043230549 -0.0048815071039246391 0.01211535260122368 0.057667461629010534 -0.085870828291826226 -0.0072377246870799546 -0.062800501060018582
leaf_count=359 320 1640 437 277 432 135
internal_value=0 0.0127266 0.0588726 -0.0256718 0.189177 -0.147255
internal_count=3600 3241 2786 1917 869 455
cat_boundaries=0 3 5
cat_threshold=1881417088 1074267008 2147493120 2218530896 276857538
shrinkage=0.135166


Tree=71
num_leaves=8
num_cat=3
split_feature=2 1 10 1 11 10 18
split_gain=1.13975 1.52581 1.47623 3.31208 2.38787 0.742102 0.448745
threshold=0 1 52.647650000000006 2 25.750000000000004 51.296500000000002 104.50000000000001
decision_type=5 5 2 5 2 2 2
left_child=-1 5 3 -3 -4 6 -2
right_child=1 2 4 -5 -6 -7 -8
leaf_value=-0.033161442383407694 -0.047686314164796455 -0.030939907327180573 0.019498552880182846 0.025522225215580896 -0.063226812492381157 0.0049506591678631804 -0.0072574854020179581
leaf_count=289 360 313 246 1811 255 152 174
internal_value=0 0.00464227 0.0623233 0.120921 -0.155365 -0.142505 -0.254649
internal_count=3600 3311 2625 2124 501 686 534
cat_boundaries=0 2 11 18
cat_threshold=1881417088 525184 151648 1677985028 671678528 809500672 0 268435458 1342187540 0 536870912 537133072 8242 12845100 1073774656 272629776 0 196616
shrinkage=0.135166


Tree=72
num_leaves=7
num_cat=2
split_feature=1 0 20 4 12 12
split_gain=1.24078 1.24609 1.23362 1.24854 2.64929 2.43001
threshold=0 9.2500000000000018 1 18961.750000000004 192.25000000000003 31.750000000000004
decision_type=5 2 5 2 2 2
left_child=1 -1 -2 4 -4 -5
right_child=2 -3 3 5 -6 -7
leaf_value=-0.056038169245433166 -0.026443827569801862 0.0013844464791878022 0.0064008572146099767 0.034983174149293632 0.075026387148309212 -0.040875135030087661
leaf_count=531 428 136 1871 146 188 300
internal_value=0 -0.188403 0.0162093 0.0517684 0.110958 -0.111691
internal_count=3600 667 2933 2505 2059 446
cat_boundaries=0 11 13
cat_threshold=152644 1141113868 201326656 268533760 0 2 10244 285229120 536870912 131072 8 2758352640 813745792
shrinkage=0.135166


Tree=73
num_leaves=7
num_cat=2
split_feature=1 10 10 1 5 11
split_gain=1.35611 1.13812 2.09987 3.58036 0.97343 0.936028
threshold=0 54.403800000000011 50.77405000000001 1 1.7500000000000002 25.750000000000004
decision_type=5 2 2 5 2 2
left_child=4 2 3 -2 -1 -3
right_child=1 5 -4 -5 -6 -7
leaf_value=-0.0030042804091595398 -0.029718739031561598 -0 0.058021265434841228 0.016690029761231486 -0.068112421706871554 -0.053426318027007008
leaf_count=341 478 280 176 1811 287 227
internal_value=0 0.0156372 0.0562353 0.00896231 -0.212892 -0.179046
internal_count=3600 2972 2465 2289 628 507
cat_boundaries=0 11 21
cat_threshold=268587076 537134084 134742080 272728072 2176 2 1073752084 16793664 0 131328 8 537133056 90376 12648492 1073745920 272629840 32 196608 268435456 0 1048576
shrinkage=0.135166


Tree=74
num_leaves=5
num_cat=3
split_feature=2 1 0 1
split_gain=1.11014 1.75555 0.844958 1.58443
threshold=0 1 18.250000000000004 2
decision_type=5 5 2 5
left_child=-1 -2 3 -3
right_child=1 2 -4 -5
leaf_value=-0.027865890690756297 -0.030607278555701344 0.023314946727600556 0.042109451932713371 -0.0061285176589247646
leaf_count=389 430 531 116 2134
internal_value=0 0.0106547 0.0538004 0.0301723
internal_count=3600 3211 2781 2665
cat_boundaries=0 4 13 24
cat_threshold=1881417088 590752 2147493120 256 12730400 1028 541130784 272629760 268445696 268959746 1342187540 16 536870912 2131016 8344 75506180 1107296256 4194332 0 65664 2 0 256 33554432
shrinkage=0.135166


Tree=75
num_leaves=6
num_cat=3
split_feature=1 0 20 2 14
split_gain=1.19301 1.32026 1.05105 1.25738 1.20333
threshold=0 6.2500000000000009 1 2 9.2500000000000018
decision_type=5 2 5 5 2
left_child=1 -1 -2 -4 -5
right_child=2 -3 3 4 -6
leaf_value=-0.071821984424001062 -0.024798121358208511 -0 -0.025367230318660693 0.0071010390209104322 0.056588624651478507
leaf_count=480 412 201 213 2193 101
internal_value=0 -0.202098 0.0139933 0.0455672 0.0784715
internal_count=3600 681 2919 2507 2294
cat_boundaries=0 11 13 16
cat_threshold=4346944 262164 201850960 809598976 8192 2 1342185492 16777280 536870912 131072 8 2758614272 276874880 805574016 8448 1024
shrinkage=0.135166


Tree=76
num_leaves=6
num_cat=2
split_feature=1 20 6 14 3
split_gain=0.933635 0.964626 0.920481 0.871017 1.27586
threshold=0 1 847.75000000000011 12.250000000000002 1.7500000000000002
decision_type=5 5 2 2 2
left_child=2 -2 -1 4 -3
right_child=1 3 -4 -5 -6
leaf_value=-0.00019792448928221483 -0.025756213416735597 0.0097653120648376422 -0.06477303376080544 0.043905273791456603 -0.020913384003317739
leaf_count=289 398 1984 269 92 568
internal_value=0 0.00855757 -0.18501 0.0375554 0.0157509
internal_count=3600 3042 558 2644 2552
cat_boundaries=0 11 13
cat_threshold=268587584 537134084 67108960 268500992 2048 268435458 10260 17825872 0 131328 8 2221547008 276876992
shrinkage=0.135166


Tree=77
num_leaves=5
num_cat=3
split_feature=1 2 20 16
split_gain=1.33893 0.890194 1.44606 1.10679
threshold=0 1 2 510.25000000000006
decision_type=5 5 5 2
left_child=-1 -2 -3 -4
right_child=1 2 3 -5
leaf_value=-0.035939237385741833 -0.024891069781846298 -0.026125657034347594 -0 0.024487401589427357
leaf_count=541 255 342 1645 817
internal_value=0 0.00777607 0.0342013 0.0707073
internal_count=3600 3059 2804 2462
cat_boundaries=0 11 14 16
cat_threshold=268587008 537134086 524320 809570304 10368 268435458 1073752084 16777296 536870912 131072 8 805578112 1107362688 8192 2215385600 276860642
shrinkage=0.135166


Tree=78
num_leaves=9
num_cat=3
split_feature=1 2 18 1 4 12 15 21
split_gain=0.895169 1.93976 2.95624 3.24774 2.63341 1.25446 2.92507 0.197238
threshold=0 1 208.75000000000003 2 3342.2500000000005 75.250000000000014 15.250000000000002 25.000000000000004
decision_type=5 5 2 5 2 2 2 2
left_child=5 7 3 -3 -4 6 -1 -2
right_child=1 2 4 -5 -6 -7 -8 -9
leaf_value=0 0.011215437648708498 -0.038227442875656999 -0.10176659226199018 0.018436507844433368 -0.022632039504243428 -0.021728981708044288 0.089749257040445882 0.04776082186892687
leaf_count=268 266 315 297 1394 737 114 74 135
internal_value=0 -0.064266 -0.119589 0.00577684 -0.318986 0.0916898 0.222555 0.162835
internal_count=3600 3144 2743 1709 1034 456 342 401
cat_boundaries=0 11 14 22
cat_threshold=69238824 2176 65540 33554432 28 0 65664 130 0 1048576 33554432 8394864 532586 1056 4214864 1074200836 536879104 557056 0 0 4 268435456
shrinkage=0.135166


Tree=79
num_leaves=5
num_cat=2
split_feature=1 18 12 1
split_gain=0.847812 0.920385 1.42139 1.33683
threshold=0 5386.0000000000009 364.00000000000006 1
decision_type=5 2 2 5
left_child=-1 2 3 -2
right_child=1 -3 -4 -5
leaf_value=-0.026815051905959314 0.017789008637052395 -0.03350397817712477 0.052033768124635699 -0.0086599531356788672
leaf_count=518 615 222 133 2112
internal_value=0 0.00309192 0.0281894 0
internal_count=3600 3082 2860 2727
cat_boundaries=0 11 21
cat_threshold=151552 67372044 4194368 272695304 268435456 268436482 1342185492 16793664 536870912 131072 8 2098284 8396944 545268368 1107296256 6291484 0 65536 2 0 1048832
shrinkage=0.135166


Tree=80
num_leaves=7
num_cat=3
split_feature=2 1 10 1 11 10
split_gain=0.820729 1.30751 1.44399 1.75747 0.991021 0.277083
threshold=0 1 54.403800000000011 2 25.750000000000004 48.667650000000009
decision_type=5 5 2 5 2 2
left_child=5 -2 3 -3 -4 -1
right_child=1 2 4 -5 -6 -7
leaf_value=-0.049666233618299777 -0.027046872166601215 -0.021075907908710619 0 0.018416923591490875 -0.057099106174882557 -0.0073636411045308785
leaf_count=284 474 318 228 1920 190 186
internal_value=0 0.00796206 0.0455507 0.0917689 -0.199011 -0.172102
internal_count=3600 3130 2656 2238 418 470
cat_boundaries=0 3 13 20
cat_threshold=1881417104 525216 2147492096 8798320 536870916 671612936 1346375680 268445696 268959746 10260 16 536870912 1048576 541069312 33563696 12845796 557120 128 131072 196608
shrinkage=0.135166


Tree=81
num_leaves=10
num_cat=2
split_feature=1 10 15 17 0 1 15 18 15
split_gain=0.755225 2.68115 2.14842 4.08431 1.6706 1.33481 1.28869 1.0598 0.609651
threshold=0 52.60455000000001 18.250000000000004 14415.250000000002 6.2500000000000009 1 670.00000000000011 3.2500000000000004 290.50000000000006
decision_type=5 2 2 2 2 5 2 2 2
left_child=2 4 5 -4 6 7 -2 -1 -3
right_child=1 8 3 -5 -6 -7 -8 -9 -10
leaf_value=-0.0045585078597905303 -0.017568021969036354 -0.080719789531988204 0.096257029961293497 -0.0095851144011035849 0.037785017686487635 -0.027313396863577023 0.029943183958986958 0.051206597563035833 -0.017449608148333452
leaf_count=127 1803 399 108 106 347 286 172 86 166
internal_value=0 -0.0721557 0.0565324 0.299235 -0.000730861 -0.0689693 -0.0699805 0.0922063 -0.421531
internal_count=3600 2887 713 214 2322 499 1975 213 565
cat_boundaries=0 11 16
cat_threshold=606109800 76160 545325060 1073741824 8388636 0 65664 2 0 1048576 33554432 536870944 65792 8454144 0 16
shrinkage=0.135166


Tree=82
num_leaves=8
num_cat=2
split_feature=2 1 4 18 13 13 8
split_gain=0.751768 1.02721 2.13982 2.24782 1.73531 1.06166 0.0670084
threshold=0 1 147.25000000000003 388.00000000000006 21978.250000000004 1329.2500000000002 71.500000000000014
decision_type=5 5 2 2 2 2 2
left_child=-1 4 6 -4 5 -2 -3
right_child=1 2 3 -5 -6 -7 -8
leaf_value=-0.02347150782555802 0.013349759265633834 -0.035865014620277351 0.062981025362889825 -0.005210026879683821 -0.034937502191574682 0.063421436278487966 -0.013572633548906537
leaf_count=439 559 1076 228 748 91 90 369
internal_value=0 0.00544079 -0.0608898 0.0827036 0.0938728 0.177664 -0.22435
internal_count=3600 3161 2421 976 740 649 1445
cat_boundaries=0 3 14
cat_threshold=1881417104 896 2147493120 606110728 67518848 75571332 33554440 2097288 0 65672 67108994 32 256 33554432
shrinkage=0.135166


Tree=83
num_leaves=9
num_cat=1
split_feature=18 6 1 4 6 17 15 12
split_gain=0.688275 1.11068 4.18845 2.86524 2.18421 1.1858 0.925369 0.776294
threshold=5386.0000000000009 51646.000000000007 0 31756.000000000004 14834.500000000002 27549.250000000004 1.7500000000000002 44.500000000000007
decision_type=2 2 5 2 2 2 2 2
left_child=1 2 6 5 -4 -3 -1 -5
right_child=-2 3 4 7 -6 -7 -8 -9
leaf_value=0.013403276963141112 -0.031871330971499578 0.082893712165260203 -0.015393805282182546 0.0088196184713236273 -0.075214295143798071 0.011590849729491976 0.060671309271789188 -0.040709306993902593
leaf_count=537 256 161 1733 103 338 144 139 189
internal_value=0 -0 -0.0503541 0.142131 -0.189891 0.390791 0.164909 -0.127087
internal_count=3600 3344 2747 597 2071 305 676 292
cat_boundaries=0 10
cat_threshold=537953316 134496664 8389264 1073741832 2097168 32768 8 335544322 32 256
shrinkage=0.135166


Tree=84
num_leaves=10
num_cat=2
split_feature=20 4 6 3 15 3 2 17 21
split_gain=0.640146 2.55713 2.36372 2.10797 1.76432 1.08007 0.804467 0.705196 0.0860732
threshold=0 24821.500000000004 2325.2500000000005 3.2500000000000004 129.25000000000003 35.500000000000007 1 9432.2500000000018 992.50000000000011
decision_type=5 2 2 2 2 2 5 2 2
left_child=3 2 8 4 6 -5 -1 -7 -2
right_child=1 -3 -4 5 -6 7 -8 -9 -10
leaf_value=-0.012058700422883185 0.034745286220369952 0.073135922002299361 -0.042232021319969067 -0.07690541046627751 0.041321857246223462 0.0062703090423237859 0.017829954194892372 -0.039146554065235838 0.0088467367105041737
leaf_count=1652 215 113 285 212 265 238 206 173 241
internal_value=0 0.0707948 -0.0240011 -0.0553575 0.0124954 -0.290199 -0.0487222 -0.121584 0.172789
internal_count=3600 854 741 2746 2123 623 1858 411 456
cat_boundaries=0 3 6
cat_threshold=2218663249 276857504 40 5121 33554432 8192
shrinkage=0.135166


end of trees

feature importances:
c_02=111
n_table_1.n_20=48
c_table_1.c_4=43
n_table_1.n_15=38
n_table_1.n_2=34
n_1=30
c_table_2.c_4=25
n_table_3.n_3=23
n_table_1.n_18=22
n_table_1.n_7=22
n_table_1.n_16=20
n_table_1.n_12=19
n_table_1.n_9=17
n_table_1.n_19=16
n_table_1.n_8=15
n_table_1.n_3=15
n_table_1.n_17=12
n_table_1.n_26=8
c_table_2.c_1=6
n_table_1.n_10=5
n_table_2.n_13=3

parameters:
[boosting: gbdt]
[objective: binary]
[metric: auc]
[tree_learner: serial]
[device_type: cpu]
[data: ]
[valid: ]
[num_iterations: 100]
[learning_rate: 0.135166]
[num_leaves: 10]
[num_threads: 4]
[max_depth: 4]
[min_data_in_leaf: 20]
[min_sum_hessian_in_leaf: 8.16864]
[bagging_fraction: 0.9]
[bagging_freq: 55]
[bagging_seed: 3]
[feature_fraction: 0.8]
[feature_fraction_seed: 2]
[early_stopping_round: 0]
[max_delta_step: 0]
[lambda_l1: 0.314167]
[lambda_l2: 1.64411]
[min_gain_to_split: 0]
[drop_rate: 0.1]
[max_drop: 50]
[skip_drop: 0.5]
[xgboost_dart_mode: 0]
[uniform_drop: 0]
[drop_seed: 4]
[top_rate: 0.2]
[other_rate: 0.1]
[min_data_per_group: 100]
[max_cat_threshold: 32]
[cat_l2: 10]
[cat_smooth: 10]
[max_cat_to_onehot: 4]
[top_k: 20]
[monotone_constraints: ]
[feature_contri: ]
[forcedsplits_filename: ]
[refit_decay_rate: 0.9]
[verbosity: -1]
[max_bin: 255]
[min_data_in_bin: 3]
[bin_construct_sample_cnt: 200000]
[histogram_pool_size: -1]
[data_random_seed: 1]
[output_model: LightGBM_model.txt]
[snapshot_freq: -1]
[input_model: ]
[output_result: LightGBM_predict_result.txt]
[initscore_filename: ]
[valid_data_initscores: ]
[pre_partition: 0]
[enable_bundle: 1]
[max_conflict_rate: 0]
[is_enable_sparse: 1]
[sparse_threshold: 0.8]
[use_missing: 1]
[zero_as_missing: 0]
[two_round: 0]
[save_binary: 0]
[enable_load_from_binary_file: 1]
[header: 0]
[label_column: ]
[weight_column: ]
[group_column: ]
[ignore_column: ]
[categorical_feature: ]
[predict_raw_score: 0]
[predict_leaf_index: 0]
[predict_contrib: 0]
[num_iteration_predict: -1]
[pred_early_stop: 0]
[pred_early_stop_freq: 10]
[pred_early_stop_margin: 10]
[convert_model_language: ]
[convert_model: gbdt_prediction.cpp]
[num_class: 1]
[is_unbalance: 0]
[scale_pos_weight: 1]
[sigmoid: 1]
[boost_from_average: 1]
[reg_sqrt: 0]
[alpha: 0.9]
[fair_c: 1]
[poisson_max_delta_step: 0.7]
[tweedie_variance_power: 1.5]
[max_position: 20]
[label_gain: ]
[metric_freq: 1]
[is_provide_training_metric: 0]
[eval_at: ]
[num_machines: 1]
[local_listen_port: 12400]
[time_out: 120]
[machine_list_filename: ]
[machines: ]
[gpu_platform_id: -1]
[gpu_device_id: -1]
[gpu_use_dp: 0]

end of parameters

pandas_categorical:[[0, 1, 2, 3, 4, 5, 6, 7, 8, 9, 10, 11, 12, 13, 14, 15, 16, 17, 18, 19, 20, 21, 22, 23, 24, 25, 26, 27, 28, 29, 30, 31, 32, 33, 34, 35, 36, 37, 38, 39, 40, 41, 42, 43, 44, 45, 46, 47, 48, 49, 50, 51, 52, 53, 54, 55, 56, 57, 58, 59, 60, 61, 62, 63, 64, 65, 66, 67, 68, 69, 70, 71, 72, 73, 74, 75, 76, 77, 78, 79, 80, 81, 82, 83, 84, 85, 86, 87, 88, 89, 90, 91, 92, 93, 94, 95, 96, 97, 98, 99, 100, 101, 102, 103, 104, 105, 106, 107, 108, 109, 110, 111, 112, 113, 114, 115, 116, 117, 118, 119, 120, 121, 122, 123, 124, 125, 126, 127, 128, 129, 130, 131, 132, 133, 134, 135, 136, 137, 138, 139, 140, 141, 142, 143, 144, 145, 146, 147, 148, 149, 150, 151, 152, 153, 154, 155, 156, 157, 158, 159, 160, 161, 162, 163, 164, 165, 166, 167, 168, 169, 170, 171, 172, 173, 174, 175, 176, 177, 178, 179, 180, 181, 182, 183, 184, 185, 186, 187, 188, 189, 190, 191, 192, 193, 194, 195, 196, 197, 198, 199, 200, 201, 202, 203, 204, 205, 206, 207, 208, 209, 210, 211, 212, 213, 214, 215, 216, 217, 218, 219, 220, 221, 222, 223, 224, 225, 226, 227, 228, 229, 230, 231, 232, 233, 234, 235, 236, 237, 238, 239, 240, 241, 242, 243, 244, 245, 246, 247, 248, 249, 250, 251, 252, 253, 254, 255, 256, 257, 258, 259, 260, 261, 262, 263, 264, 265, 266, 267, 268, 269, 270, 271, 272, 273, 274, 275, 276, 277, 278, 279, 280, 281, 282, 283, 284, 285, 286, 287, 288, 289, 290, 291, 292, 293, 294, 295, 296, 297, 298, 299, 300, 301, 302, 303, 304, 305, 306, 307, 308, 309, 310, 311, 312, 313, 314, 315, 316, 317, 318, 319, 320, 321, 322, 323, 324, 325, 326, 327, 328, 329, 330, 331, 332, 333, 334, 335, 336, 337, 338, 339, 340, 341, 342, 343, 344, 345, 346, 347, 348, 349, 350, 351, 352, 353, 354, 355, 356, 357, 358, 359, 360, 361, 362, 363, 364, 365, 366, 367, 368, 369, 370, 371, 372, 373, 374, 375, 376, 377, 378, 379, 380, 381, 382, 383, 384, 385, 386, 387, 388, 389, 390, 391, 392, 393, 394, 395, 396, 397, 398, 399, 400, 401, 402, 403, 404, 405, 406, 407, 408, 409, 410, 411, 412, 413, 414, 415, 416, 417, 418, 419, 420, 421, 422, 423, 424, 425, 426, 427, 428, 429, 430, 431, 432, 433, 434, 435, 436, 437, 438, 439, 440, 441, 442, 443, 444, 445, 446, 447, 448, 449, 450, 451, 452, 453, 454, 455, 456, 457, 458, 459, 460, 461, 462, 463, 464, 465, 466, 467, 468, 469, 470, 471, 472, 473, 474, 475, 476, 477, 478, 479, 480, 481, 482, 483, 484, 485, 486, 487, 488, 489, 490, 491, 492, 493, 494, 495, 496, 497, 498, 499, 500, 501, 502, 503, 504, 505, 506, 507, 508, 509, 510, 511, 512, 513, 514, 515, 516, 517, 518, 519, 520, 521, 522, 523, 524, 525, 526, 527, 528, 529, 530, 531, 532, 533, 534, 535, 536, 537, 538, 539, 540, 541, 542, 543, 544, 545, 546, 547, 548, 549, 550, 551, 552, 553, 554, 555, 556, 557, 558], [0, 1, 2, 3, 4, 5, 6, 7, 8, 9, 10, 11, 12, 13, 14, 15, 16, 17, 18, 19, 20, 21, 22, 23, 24, 25, 26, 27, 28, 29, 30, 31, 32, 33, 34, 35, 36, 37, 38, 39, 40, 41, 42, 43, 44, 45, 46, 47, 48, 49, 50, 51, 52, 53, 54, 55, 56, 57, 58, 59, 60, 61, 62, 63, 64, 65, 66, 67, 68, 69, 70, 71, 72, 73, 74, 75, 76, 77, 78, 79, 80, 81, 82, 83, 84, 85, 86, 87, 88, 89, 90, 91, 92, 93, 94, 95, 96, 97, 98, 99, 100, 101, 102, 103, 104, 105, 106, 107, 108, 109, 110, 111, 112, 113, 114, 115, 116, 117, 118, 119, 120, 121, 122, 123, 124, 125, 126, 127, 128, 129, 130, 131, 132, 133, 134, 135, 136, 137, 138, 139, 140, 141, 142, 143, 144, 145, 146, 147, 148, 149, 150, 151], [0, 1], [0, 1, 2, 3, 4, 5, 6, 7, 8, 9, 10, 11, 12, 13, 14, 15, 16, 17, 18, 19, 20, 21, 22, 23, 24, 25, 26, 27, 28, 29, 30, 31, 32, 33, 34, 35, 36, 37, 38, 39, 40, 41, 42, 43, 44, 45, 46, 47, 48, 49, 50, 51, 52, 53, 54, 55, 56, 57, 58, 59, 60, 61, 62, 63, 64, 65, 66, 67, 68, 69, 70, 71, 72, 73, 74, 75, 76, 77, 78, 79, 80, 81, 82, 83, 84, 85, 86, 87, 88, 89, 90, 91, 92, 93, 94, 95, 96, 97, 98, 99, 100, 101, 102, 103, 104, 105, 106, 107, 108, 109, 110, 111, 112, 113, 114, 115, 116, 117, 118, 119, 120, 121, 122, 123, 124, 125, 126, 127, 128, 129, 130, 131, 132, 133]]
