tree
version=v2
num_class=1
num_tree_per_iteration=1
label_index=0
max_feature_idx=21
objective=binary sigmoid:1
feature_names=n_1 c_02 c_table_1.c_4 n_table_1.n_8 n_table_1.n_15 n_table_1.n_18 n_table_1.n_19 c_table_2.c_1 n_table_2.n_13 n_table_2.n_14 n_table_1.n_2 n_table_1.n_3 n_table_1.n_7 n_table_1.n_9 n_table_1.n_10 n_table_1.n_12 n_table_1.n_16 n_table_1.n_17 n_table_1.n_20 n_table_1.n_26 c_table_2.c_4 n_table_3.n_3
feature_infos=[1:335.5] 40:3:68:15:50:10:80:6:35:91:9:5:12:20:165:46:2:48:69:34:83:58:62:87:115:73:77:225:252:45:126:132:149:61:66:111:209:102:196:36:37:39:208:29:124:135:203:121:22:42:71:82:99:108:156:194:14:33:49:70:93:110:118:195:296:308:4:26:28:238:261:55:86:90:150:175:177:199:231:250:18:21:67:125:138:23:131:134:141:161:205:220:228:230:244:285:7:17:38:43:59:122:139:142:166:170:179:198:222:256:345:57:227:248:8:98:100:112:130:144:151:178:188:189:190:269:305:323:11:75:92:116:146:164:186:213:214:268:312:349:377:1:44:63:101:123:154:176:206:212:216:232:251:273:275:354:13:54:65:74:79:84:95:114:120:133:145:153:162:173:181:187:192:211:243:262:277:318:324:334:361:366:368:0:31:104:109:148:169:202:204:239:283:293:295:310:322:380:393:399:19:32:53:94:106:127:140:158:167:172:207:229:234:240:246:264:284:289:291:292:297:306:309:338:350:359:374:386:407:52:72:81:103:107:113:117:180:182:233:236:237:247:255:257:266:267:271:274:282:286:288:301:304:315:336:375:400:418:478:498:24:25:27:30:60:78:105:119:136:137:143:147:163:168:171:174:185:191:217:218:221:224:226:235:249:254:260:263:272:279:280:281:300:302:320:332:337:340:347:351:356:376:378:383:387:392:394:397:414:420:424:430:433:438:442:453:457:462:467:476:479:481 4:0:10:12:2:11:7:5:45:51:35:8:18:23:33:40:77:30:37:38:41:57:29:28:16:74:62:49:13:21:48:104:6:69:22:26:39:54:19:27:72:87:95:3:31:55:56:106:15:17:60:61:96:103:92:25:66:67:78:80:81:93:94:109:113:117:122:1:24:44:46:47:53:59:65:83:84:99:112:121:133:14:20:36:63:70:82:97:102:116:136:32:34:42:52:58:64:71:75:85:90:98:107:111:115:124:129:130:131:132 [1:244588] [1:274774] [1:574087] [1:1285890] 1:0 [1:395101] [1:275.5] [-49.8874:81.708399999999997] [1:175] [1:38456.5] [1:1556770] [1:68.5] [1:8524] [1:249100] [1:448222] [1:19936] [1:121640] 20:0:2:33:16:38:10:8:24:31:6:53:18:21:44:48:26:35:55:12:39:40:14:43:61:42:60:17:22:11:29:9:3:4:37:19:41:67:47:46:49:25:71:98:27:69:57:73:1:30:52:100:59:62:63:77:106:45:56:87:92:103:7:15:32:58:80:82:94:34:65:66:68:74:75:79:84:97:107:112:13:51:54:64:70:76:85:91:95:109 [1:509664]
tree_sizes=2136 2364 2146 2396 2554 1882 2022 2704 1858 2726 2425 2403 2622 1845 2392 3043 2022 3001

Tree=0
num_leaves=27
num_cat=1
split_feature=6 20 5 10 8 18 8 12 19 0 10 10 15 18 3 15 18 0 8 0 10 5 12 6 17 0
split_gain=52.809 37.6406 11.6777 12.3121 11.1236 6.10474 5.15954 4.81027 4.48116 4.61025 3.448 3.2553 4.85853 2.89461 2.84337 2.32834 2.14382 1.91644 1.66498 1.41424 1.33691 1.33475 0.853152 0.308478 0.159682 0.0364741
threshold=553938.00000000012 0 31120.000000000004 40.523250000000004 224327.50000000003 104.50000000000001 2140.7500000000005 31.750000000000004 542.50000000000011 1.7500000000000002 54.601600000000005 35.032850000000003 21.250000000000004 12.250000000000002 45.250000000000007 910.00000000000011 2965.0000000000005 13.750000000000002 1689.2500000000002 1.7500000000000002 71.474800000000016 246652.00000000003 16.750000000000004 156545.00000000003 3537.2500000000005 4.7500000000000009
decision_type=2 5 2 2 2 2 2 2 2 2 2 2 2 2 2 2 2 2 2 2 2 2 2 2 2 2
left_child=1 5 4 7 11 13 16 -4 9 18 -11 12 19 -1 -2 25 -7 20 -5 -3 -13 23 -19 -10 -14 -9
right_child=14 2 3 8 -6 6 -8 15 21 10 -12 17 24 -15 -16 -17 -18 22 -20 -21 -22 -23 -24 -25 -26 -27
leaf_value=-2.4989868880746307 -1.4698302690997829 -2.8655422266490316 -2.0468687274064887 -2.8482578933032685 -2.3007994215724912 -1.7655642869172403 -2.8106757024829077 -2.8106757024829077 -2.8106757024829077 -2.185735851962749 -2.8106757024829077 -3.0116056350566729 -2.8106757024829077 -2.8106757024829077 -2.7328520417853532 -2.4729490778613465 -2.7586863686805772 -2.6558439850169777 -2.6115196570826993 -2.9763463884128245 -2.8106757024829077 -2.8106757024829077 -2.8818965050858916 -3.0349565917983412 -2.5299684602962036 -2.8473452542583266
leaf_count=142 33 1167 36 285 26 71 23 52 20 20 21 1137 27 21 21 30 24 26 44 447 23 21 56 165 35 27
internal_value=0 -0.0692606 -0.210974 0.247371 -0.345258 1.05705 2.50841 1.27615 -0.0146852 0.226851 1.27799 -0.383387 -0.229614 0.751989 3.51848 0.364505 2.88369 -0.564611 0 -0.289411 -0.609175 -0.525514 0 -0.650471 0.708049 -0
internal_count=4000 3946 3665 721 2944 281 118 145 576 370 41 2918 1676 163 54 109 95 1242 329 1614 1160 206 82 185 62 79
cat_boundaries=0 3
cat_threshold=1064960 65802 8
shrinkage=1


Tree=1
num_leaves=31
num_cat=4
split_feature=1 4 17 1 5 4 17 8 4 0 0 4 17 16 16 15 15 19 8 5 11 7 16 16 11 7 4 12 11 4
split_gain=74.7507 20.8333 15.9193 11.1542 7.45762 5.33832 4.89645 3.9748 2.36074 2.50105 2.88546 1.88174 3.52161 2.95794 1.46884 3.43062 3.01151 1.45546 1.05849 0.889245 0.693009 0.554891 0.552708 0.422414 0.395806 0.30437 0.290586 0.110666 0.0452198 0.000369079
threshold=0 1459.0000000000002 36350.500000000007 1 1551.2500000000002 135130.00000000003 1.7500000000000002 16877.500000000004 557.50000000000011 4.7500000000000009 18.250000000000004 48773.500000000007 51556.000000000007 42820.000000000007 3302.5000000000005 4.7500000000000009 28.750000000000004 967.75000000000011 3.2500000000000004 67707.250000000015 37.750000000000007 2 733.75000000000011 24622.750000000004 27.250000000000004 3 132478.00000000003 163.75000000000003 36.250000000000007 11246.500000000002
decision_type=5 2 2 5 2 2 2 2 2 2 2 2 2 2 2 2 2 2 2 2 2 1 2 2 2 1 2 2 2 2
left_child=1 6 3 14 -3 11 8 17 9 -1 21 13 -13 27 15 24 -17 26 -15 -16 22 -11 -8 -14 25 -2 -5 -4 -26 -19
right_child=2 4 5 7 -6 -7 20 -9 -10 10 -12 12 23 18 19 16 -18 29 -20 -21 -22 -23 -24 -25 28 -27 -28 -29 -30 -31
leaf_value=0.35471920598892215 0.084709180902261608 -0 -0.061599090227873493 -0.21473835580682615 0.69341010149853954 0.3967809871051724 -0.16410808371770905 0.1173663817123452 -0 -0.12294197070608835 0.28148454576940285 0.19554830326955572 -0 0 -0.15194113441481391 0.54499538777722201 0 -0 0.40709762948366207 0.0014538631261567995 0.042233378286352527 0 0 -0.21431699366167231 -0.069917250498664762 -0 -0 0 0 0.0035601793667661805
leaf_count=245 143 20 34 2236 251 39 56 29 20 52 48 31 39 38 67 32 47 21 32 31 22 60 21 111 38 138 21 26 20 32
internal_value=0 0.970432 -0.3252 -0.470801 2.01452 0.411295 0.564208 -0.575803 0.763813 0.838375 0.199306 0.0439111 -0.16433 0.431997 0.130927 0.316483 1.02639 -0.653494 0.904037 -0.148703 -0.0626477 -0.0546981 -0.333247 -0.545041 0.0140308 0.139291 -0.6707 -0.0195356 -0.161457 0
internal_count=4000 795 3205 2855 271 350 524 2339 425 405 160 311 181 130 516 418 79 2310 70 98 99 112 77 150 339 281 2257 60 58 53
cat_boundaries=0 10 21 22 23
cat_threshold=539001440 1073766784 545325572 1107296256 82048 0 65664 67125248 0 1048832 17536 201590800 67117184 268435480 6291484 425986 8 268435584 32 0 33554432 2 1
shrinkage=0.317716


Tree=2
num_leaves=27
num_cat=3
split_feature=1 16 2 4 1 19 9 11 3 4 0 12 0 4 4 10 10 0 6 0 16 0 0 8 0 8
split_gain=35.105 9.92092 5.94011 5.50332 5.24816 3.54232 3.50818 3.44313 2.39086 2.18757 1.94092 1.49163 0.931293 0.902842 8.24054 2.70059 0.8877 0.827968 0.815857 0.761387 0.706961 0.628614 0.534548 0.472083 0.198205 0.102352
threshold=0 100650.25000000001 1 23104.000000000004 2 6.2500000000000009 6.2500000000000009 42.250000000000007 289.00000000000006 120662.50000000001 13.750000000000002 124.75000000000001 1.7500000000000002 2156.5000000000005 5305.7500000000009 34.817550000000004 46.045200000000001 12.250000000000002 125962.00000000001 12.250000000000002 2142.2500000000005 18.250000000000004 10.750000000000002 13.750000000000002 9.2500000000000018 14191.000000000002
decision_type=5 2 5 2 5 2 2 2 2 2 2 2 2 2 2 2 2 2 2 2 2 2 2 2 2 2
left_child=3 2 -2 5 13 10 8 -3 9 -6 11 -1 18 15 -15 22 25 -5 -7 -14 -16 -12 -4 -10 -17 -8
right_child=1 7 4 17 6 12 16 -9 23 -11 21 -13 19 14 20 24 -18 -19 -20 -21 -22 -23 -24 -25 -26 -27
leaf_value=0.25020575311117133 0.099278276181167802 0.40614887430577545 0.082132407350965442 0.50085911023164331 -0.19697173970637044 -0.15230238422840436 0 -0 -0.014581792062729452 0 -0.064705755198645715 0 0.20805583912806042 0.47321525541653015 0 -0.20696619214585338 -0.029082514750438868 0.039855195265394959 0 -0 -0.12507350730958156 0.094847504513968867 -6.4239643433104641e-05 0.12971172634590883 -0 0.18341541708474196
leaf_count=404 109 44 202 85 2337 50 36 26 46 20 39 43 20 44 32 102 31 23 32 27 89 53 29 26 23 28
internal_value=0 -0.265095 -0.344504 0.577817 -0.37925 0.468872 -0.481975 0.785999 -0.56567 -0.595474 0.612203 0.715161 -0 0.0179611 0.277298 -0.0589352 0.103715 1.36151 -0.23024 0.294929 -0.191262 0 0.144945 0 -0.577964 0.444557
internal_count=4000 3224 3154 776 3045 668 2524 70 2429 2357 539 447 129 521 165 356 95 108 82 47 121 92 231 72 125 64
cat_boundaries=0 11 14 23
cat_threshold=538968644 1107315076 536945152 1107296272 8470660 262144 65664 67125248 0 1048832 33554432 12587072 32 1024 168 201465864 75497600 268435464 6291464 163842 8 268435586 32
shrinkage=0.317716


Tree=3
num_leaves=29
num_cat=4
split_feature=1 1 17 16 12 18 18 4 17 16 15 1 18 20 18 5 16 5 5 18 15 4 15 5 4 3 4 5
split_gain=17.5424 7.51187 5.4967 4.67459 4.94624 4.56975 3.62718 5.91671 3.56624 3.21928 3.03875 2.95072 2.27368 2.13618 1.58325 1.39434 1.31247 1.24581 2.02194 1.20584 1.06418 1.44043 1.2649 0.91715 0.752844 0.260848 0.249994 0.0729415
threshold=0 1 43639.750000000007 21735.250000000004 40.750000000000007 4249.0000000000009 921.25000000000011 2328.2500000000005 3793.7500000000005 21735.250000000004 250.75000000000003 2 5588.5000000000009 3 104.50000000000001 912.25000000000011 241.75000000000003 10849.000000000002 1.7500000000000002 571.00000000000011 643.75000000000011 33350.500000000007 803.50000000000011 108895.00000000001 101587.00000000001 94.750000000000014 295.00000000000006 81471.250000000015
decision_type=5 5 2 2 2 2 2 2 2 2 2 5 2 5 2 2 2 2 2 2 2 2 2 2 2 2 2 2
left_child=3 -2 6 4 17 9 7 11 14 27 16 15 -5 -13 -6 -3 -9 18 -1 -16 21 -8 -22 -11 -7 -10 -20 -4
right_child=1 2 5 12 8 24 20 10 25 23 -12 13 -14 -15 19 -17 -18 -19 26 -21 22 -23 -24 -25 -26 -27 -28 -29
leaf_value=0.15370209446447433 -0.19135317813687486 0.11085503048075167 0.0067196015374966942 0.51040269537786054 -0.044990533489219262 -0.12277404596698327 -0.22819656297935897 0 -0.23329192159629508 0 -0.048088281849830487 -0.12566821320078719 0.0073110644018830814 0.010241747100019093 0.24192333324445675 -0.057958459469827785 0.33690411422838118 0.33838896585782213 -0.090096321813685945 0 0.16436780167302006 -0 -0.10845501033466018 0.38603899258065938 0.011749100557227632 -0 0 -0.050486960286224472
leaf_count=298 654 317 28 37 39 95 386 78 46 39 33 879 30 374 48 57 127 47 28 38 21 65 65 57 30 23 35 26
internal_value=0 -0.185248 -0.0492233 0.415076 0.322615 0.399855 -0.15475 -0.0322137 -0.0419372 0.767518 0.573357 -0.161311 1.20865 -0.263932 0.231031 0.129335 0.799374 0.547908 0.354128 0.469581 -0.488829 -0.590302 -0 1.04211 -0.075272 -0.603321 -0.0360883 -0
internal_count=4000 3331 2677 669 602 275 2402 1865 194 150 238 1627 67 1253 125 374 205 408 361 86 537 451 86 96 125 69 63 54
cat_boundaries=0 10 19 28 30
cat_threshold=539000896 1216348548 66052 1107296272 8454276 0 65664 67125248 0 256 281022488 536872034 139198568 541102144 268435456 536870912 133136 16777216 536870912 1066528 67108880 67109008 8 2097168 131106 0 268435458 32 2164327425 8454144
shrinkage=0.317716


Tree=4
num_leaves=33
num_cat=3
split_feature=1 20 4 11 1 5 13 13 5 12 18 6 10 11 10 10 3 3 5 15 10 10 3 13 4 10 3 18 18 13 6 12
split_gain=12.4608 5.86879 5.29109 4.39647 6.10698 4.03174 3.77163 3.40035 3.17385 3.59168 2.57423 2.20074 2.17847 2.13911 2.11621 2.16715 1.95797 1.88997 1.8839 1.47831 1.40444 1.24568 0.737323 0.71955 0.524381 0.395209 0.275005 0.249451 0.234723 0.228465 0.126178 0.0178528
threshold=0 1 295.00000000000006 34.750000000000007 2 1551.2500000000002 170923.00000000003 5133.2500000000009 83866.750000000015 100.75000000000001 5386.0000000000009 3.2500000000000004 40.523250000000004 33.250000000000007 35.13580000000001 52.074300000000001 150.25000000000003 3.2500000000000004 313.00000000000006 934.75000000000011 53.458350000000003 54.403800000000011 9.2500000000000018 20687.500000000004 852.25000000000011 66.671650000000014 232.75000000000003 11017.750000000002 1264.0000000000002 2285.5000000000005 5006.5000000000009 3.2500000000000004
decision_type=5 5 2 2 5 2 2 2 2 2 2 2 2 2 2 2 2 2 2 2 2 2 2 2 2 2 2 2 2 2 2 2
left_child=2 3 11 4 20 30 10 8 9 13 19 -1 28 18 17 16 -16 -5 -3 -7 22 29 24 -23 -2 -6 -14 -12 -9 -17 -4 -13
right_child=1 7 5 14 25 6 -8 12 -10 -11 27 31 26 -15 15 21 -18 -19 -20 -21 -22 23 -24 -25 -26 -27 -28 -29 -30 -31 -32 -33
leaf_value=0.079576490416765677 0.015724659850628164 0.092227103408739838 0 0.3562903259603496 -0.20744367432312025 0.42237797006494554 -0 -0 0.33500354419649425 -0.17197681011178978 -0 -0 -0.2149588010732342 0.33254501589908797 -0.19895860454520928 0.2564398981283581 0.034789720815004019 -0 -0.077968704667518318 0 -0.13489134084862608 -0.1249087030948506 -0.01912264369549304 0.049976700152769546 0.17012575484520728 -0 -0 0.091809891636957144 0.080950803069787677 0 -0.066445167899463309 -0.13725934798393877
leaf_count=231 324 365 20 24 1576 138 20 27 33 74 24 20 109 42 224 32 20 27 105 21 59 65 46 68 97 28 20 21 20 30 20 70
internal_value=0 -0.15609 0.37304 -0.284144 -0.418479 0.760794 0.905496 0.103182 0.28349 0.125196 1.03823 0.0469727 -0.283107 0.282943 0.0219354 -0.081492 -0.418317 0.579491 0.124506 1.20093 0.036618 0.175946 0.176548 -0 0.25961 -0.549545 -0.609194 0 0.0681397 0.607761 -0.0053129 -0.39066
internal_count=4000 3415 585 2620 2130 264 224 795 619 586 204 321 176 512 490 439 244 51 470 159 526 195 467 133 421 1604 129 45 47 62 40 90
cat_boundaries=0 10 13 22
cat_threshold=2097344 1250052224 74244 1107296272 8388748 294914 65664 16384 0 256 2217544517 813731008 640 1050156 327688 16 268435456 6291456 131072 0 67108866 32
shrinkage=0.317716


Tree=5
num_leaves=23
num_cat=4
split_feature=1 16 1 18 20 18 4 1 21 19 16 13 15 19 3 16 19 13 21 0 0 13
split_gain=8.51268 4.98605 5.39316 4.28992 2.75941 3.52735 3.14812 5.03279 4.24876 1.89479 1.6813 1.53766 1.93698 1.26147 1.08504 1.0188 0.629351 0.597994 1.47483 0.546796 0.168909 0.114244
threshold=0 18433.000000000004 1 3831.2500000000005 2 921.25000000000011 1423.0000000000002 3 1289.5000000000002 967.75000000000011 100650.25000000001 177577.00000000003 55.000000000000007 169.00000000000003 35.500000000000007 21175.750000000004 282.25000000000006 18.250000000000004 10322.500000000002 9.2500000000000018 6.2500000000000009 1527.2500000000002
decision_type=5 2 5 2 5 2 2 5 2 2 2 2 2 2 2 2 2 2 2 2 2 2
left_child=17 2 19 11 13 6 7 -6 -8 14 16 12 -3 -4 -7 -14 -5 18 20 -2 -1 -12
right_child=1 3 4 10 5 9 8 -9 -10 -11 21 -13 15 -15 -16 -17 -18 -19 -20 -21 -22 -23
leaf_value=-0.16860922775372708 -0.22201421442990038 0 -0.21169938618326611 0 -0.09587471507275673 -0.14646564440687437 0.068246454139640506 0.072382306585440578 0.44226304075324707 0.11307995865375335 0 0 0 0 -0 0.34515115368288551 -0.15027254170228571 -0.27554763064564008 0.012150474563308483 -0 -0 0.15034115959164576
leaf_count=270 420 35 202 49 214 251 214 1225 60 34 28 21 20 20 133 105 118 376 97 35 40 33
internal_value=0 0.069838 -0 0.418147 0.073976 0.12915 0.232039 0.109507 0.576716 -0.165772 0 0.724641 0.847821 -0.263485 -0.301963 0.990994 -0.263831 -0.460726 -0.257306 -0.406996 -0.484581 0.369087
internal_count=4000 3217 2808 409 2353 2131 1713 1439 274 418 228 181 160 222 384 125 167 783 407 455 310 61
cat_boundaries=0 8 16 19 29
cat_threshold=282071048 536871970 135004272 604016712 268438592 536870944 133136 16777216 67503124 131080 541065228 4734976 4202496 525376 1342185540 1064968 2233993216 276889728 128 32864 1073831936 8192 1073741824 0 32768 0 0 0 1048576
shrinkage=0.317716


Tree=6
num_leaves=24
num_cat=4
split_feature=1 0 5 12 1 13 1 0 13 6 12 16 18 15 12 6 6 0 5 16 18 7 14
split_gain=6.58295 5.47663 5.45305 2.74501 2.48984 2.78739 1.94806 1.6391 1.69979 2.08821 1.45596 1.92456 1.26125 1.899 1.05498 0.852081 0.540602 0.517969 0.381116 0.409818 0.271968 0.0729883 0.0225372
threshold=0 18.250000000000004 40848.250000000007 18.250000000000004 1 97970.500000000015 2 4.7500000000000009 1527.2500000000002 24586.750000000004 364.00000000000006 1922.5000000000002 826.75000000000011 24.250000000000004 27.250000000000004 3.2500000000000004 8536.7500000000018 10.750000000000002 24883.750000000004 1600.7500000000002 9382.0000000000018 3 1.7500000000000002
decision_type=5 2 2 2 5 2 5 2 2 2 2 2 2 2 2 2 2 2 2 2 2 1 2
left_child=2 4 7 -3 20 6 22 12 17 -10 14 -12 13 15 -8 -1 -17 21 19 -14 -2 -9 -6
right_child=1 3 -4 -5 5 -7 10 8 9 -11 11 -13 18 -15 -16 16 -18 -19 -20 -21 -22 -23 -24
leaf_value=0.088738704930774973 -0.18489070276503497 0.30589474368188641 0.26814079473342484 -0 -0.17436932047314008 -0.20568661125179918 0.025048246635180814 0.00085220884243518576 0.27314496889204404 -0.040157084209136634 0.39930240557834973 0 0 0.3091553013680915 -0.04751359471844082 -0.10884981382386458 0.0038806015298164659 -0.19219731083356489 0.0071624252983133272 -0.14662378342890622 -0 -0.04374682625326852 -0
leaf_count=185 652 71 117 39 377 115 1224 28 20 21 20 109 23 34 605 67 29 68 36 38 20 56 46
internal_value=0 -0.13085 0.243452 0.601534 -0.193619 -0.0745449 -0.0233379 0.0760182 -0.16087 0.195341 0.0291108 0.477805 0.221155 0.339982 -0 0.11854 -0.0473066 -0.41926 -0.0100796 -0.270969 -0.421608 -0 -0.290571
internal_count=4000 3278 722 110 3168 2496 2381 605 193 41 1958 129 412 315 1829 281 96 152 97 61 672 84 423
cat_boundaries=0 7 16 27 28
cat_threshold=2131012 1250044036 536944644 1107312656 12 294914 65668 335549184 537134384 135004256 536903744 268437504 536870944 133136 16448 536870912 13893648 66 4194328 71307264 9280 0 268435520 16777234 8193 131072 8 1
shrinkage=0.317716


Tree=7
num_leaves=36
num_cat=4
split_feature=2 1 11 0 10 21 10 7 15 10 13 0 21 15 1 13 5 5 19 14 15 10 12 5 9 21 21 0 5 14 13 12 5 5 13
split_gain=4.47351 4.70687 4.04637 4.02963 3.40407 2.56865 2.06052 2.0605 1.97908 1.54374 3.13172 1.61909 1.55223 1.54342 1.46719 1.43566 2.98651 1.56696 1.28204 1.26418 1.24897 1.58382 1.15294 0.799245 0.640819 0.555996 0.693793 0.499696 0.463802 0.458705 0.73131 0.422298 0.758606 0.289105 0.0300975
threshold=0 1 39.250000000000007 10.750000000000002 35.175450000000005 25.000000000000004 38.596850000000011 2 79.750000000000014 35.032850000000003 16.750000000000004 1.7500000000000002 14005.750000000002 670.00000000000011 3 32259.250000000004 32684.500000000004 208216.00000000003 7.7500000000000009 9.2500000000000018 43.000000000000007 52.374600000000008 100.75000000000001 1.7500000000000002 7.7500000000000009 124670.00000000001 962.50000000000011 24.250000000000004 12193.750000000002 12.250000000000002 40683.250000000007 193.75000000000003 160433.50000000003 2593.0000000000005 175462.00000000003
decision_type=5 5 2 2 2 2 2 1 2 2 2 2 2 2 5 2 2 2 2 2 2 2 2 2 2 2 2 2 2 2 2 2 2 2 2
left_child=4 2 3 15 -1 13 -4 9 27 10 12 24 -7 14 18 16 23 -18 28 22 25 -22 -16 -2 -11 26 -9 -5 -3 30 -6 32 -15 -13 -32
right_child=1 5 6 8 29 7 -8 20 -10 11 -12 33 -14 31 19 -17 17 -19 -20 -21 21 -23 -24 -25 -26 -27 -28 -29 -30 -31 34 -33 -34 -35 -36
leaf_value=0.047997089946921846 0.090411684991663924 0 0 -0.18937349166453982 -0.2565817975612667 -0.13963985076778085 0.35207099000682329 0.063797589529809837 0.067875447540773876 -0.20079626156329716 0.27025839183326633 0.11730443674025554 0.037876885347258631 0.17403876652957515 -0.19504377330263747 -0.028929181429893654 0.37548087098454375 0 -0.13490129155156297 0 0.28871646565791242 -0 -0 -0 0 0.12535531957533558 -0.092800041709814526 -0 0.15484603456906246 -0 0 -0 -0 -0 -0.025722512139654471
leaf_count=21 330 249 20 122 370 178 63 39 28 208 45 26 200 40 979 27 43 20 52 28 63 28 179 141 31 47 119 52 28 30 33 21 30 33 77
internal_value=0 0.0484561 0.236818 0.14258 -0.332422 -0.0766678 0.878596 0.0733807 -0.237909 -0.0466891 0.0870259 -0.333381 -0.0535387 -0.226728 -0.292084 0.308371 0.366808 0.965494 0 -0.372135 0.366241 0.682525 -0.52939 0.185028 -0.528297 0 -0.0431055 -0.443156 0.152716 -0.623015 -0.683311 0.100725 0.281364 0.0593124 -0
internal_count=4000 3469 846 763 531 2623 83 1017 202 721 423 298 378 1606 1515 561 534 63 329 1186 296 91 1158 471 239 205 158 174 277 510 480 91 70 59 110
cat_boundaries=0 2 12 13 22
cat_threshold=741092756 392 2131528 1183203716 74240 301989888 4194440 2 65672 67108864 0 1048576 1 536887332 65560 67108992 1073741832 2097152 0 0 268435586 32
shrinkage=0.317716


Tree=8
num_leaves=24
num_cat=3
split_feature=2 20 10 19 4 18 20 0 6 0 0 0 4 18 14 17 17 12 4 10 0 18 6
split_gain=3.45963 3.07016 2.90621 1.92902 1.40983 5.02349 2.79898 3.40222 3.00075 2.21975 4.09619 1.48375 1.29702 1.06333 1.75306 1.14215 0.980389 0.89953 0.855014 0.567378 0.563622 0.526482 0.221501
threshold=0 1 36.038300000000007 800.50000000000011 147.25000000000003 76.750000000000014 2 1.7500000000000002 3.2500000000000004 3.2500000000000004 10.750000000000002 22.750000000000004 135130.00000000003 1511.5000000000002 3.2500000000000004 94497.250000000015 36350.500000000007 48.250000000000007 1056.2500000000002 47.28905000000001 18.250000000000004 305.50000000000006 865.75000000000011
decision_type=5 5 2 2 2 2 5 2 2 2 2 2 2 2 2 2 2 2 2 2 2 2 2
left_child=2 3 -1 16 6 18 7 8 21 19 -11 17 13 14 -7 -15 -2 -9 -6 -8 -12 -3 -4
right_child=1 4 22 -5 5 12 9 11 -10 10 20 -13 -14 15 -16 -17 -18 -19 -20 -21 -22 -23 -24
leaf_value=0 -0.19508778065501847 0.058133062607521026 -0 0.063319848619517671 0.48048970085083303 0.08498956906114763 -0.0073579226999093165 -0.22597923252964322 -0.19780952864377976 0.45182173604403392 -0.027713309527768577 0 0.17543262497809242 -0.060427468466062055 -0.076377349577705103 0.079263610223130943 0 0 0 0.14720987302430341 0.098985097154415336 -0.029843286254673383 -0.23227527183683847
leaf_count=23 478 776 26 24 44 534 234 357 170 54 46 38 31 391 82 56 45 57 44 25 31 60 374
internal_value=0 0.0404585 -0.323315 -0.254666 0.0951674 0.198116 0 -0.114845 0 0.22709 0.638415 -0.50484 0.107194 0.0441405 0.163498 -0.0713498 -0.518071 -0.621487 1.15332 0 0.00947199 0.135022 -0.696653
internal_count=4000 3577 423 547 3030 1182 1848 1458 1006 390 131 452 1094 1063 616 447 523 414 88 259 77 836 400
cat_boundaries=0 4 7 9
cat_threshold=741158276 384 1024 256 2769095488 813812928 640 1029 2101512
shrinkage=0.317716


Tree=9
num_leaves=35
num_cat=4
split_feature=1 1 0 15 1 18 6 7 15 3 18 3 15 8 21 14 15 15 15 17 15 17 18 13 12 8 0 12 3 17 12 12 11 15
split_gain=3.15938 2.22216 1.66402 1.51424 4.01817 2.40684 4.71071 2.05341 3.86474 2.76491 2.22979 1.897 1.79257 1.45452 2.47613 1.34724 1.18194 1.03875 0.845331 1.06338 0.674895 0.654468 1.05455 0.452079 0.864812 0.30708 0.289456 0.471679 0.236117 0.132703 0.114109 0.101784 0.0413339 0.000561453
threshold=0 1 7.7500000000000009 129.25000000000003 2 208.75000000000003 125962.00000000001 3 783.25000000000011 322.00000000000006 4399.7500000000009 158.50000000000003 670.00000000000011 849.25000000000011 17859.250000000004 1.7500000000000002 187.75000000000003 4.7500000000000009 1095.2500000000002 61083.250000000007 2492.5000000000005 645.25000000000011 834.25000000000011 19.750000000000004 3.2500000000000004 16877.500000000004 7.7500000000000009 12.250000000000002 274.75000000000006 44420.500000000007 12.250000000000002 296.50000000000006 31.750000000000004 146.50000000000003
decision_type=5 5 2 2 5 2 2 1 2 2 2 2 2 2 2 2 2 2 2 2 2 2 2 2 2 2 2 2 2 2 2 2 2 2
left_child=23 2 31 4 17 13 11 8 9 10 -5 -7 16 14 -6 29 33 32 -10 -20 -17 -19 -23 26 -25 -15 27 -1 -26 -14 -4 -2 -3 -9
right_child=1 3 30 7 5 6 -8 12 18 -11 -12 -13 15 25 -16 20 -18 21 19 -21 -22 22 -24 24 28 -27 -28 -29 -30 -31 -32 -33 -34 -35
leaf_value=-0.096924659820354128 -0.17109754231573351 -0.15873297178435974 0.059586302593006568 0.3387119542714716 0.068464722727696603 -0.14393190353231691 0.23083546611839398 0.0045202226253877702 -0.14267920782208179 -0 0 0.051380803619666911 0 -0.050097852724729386 0.33826541127309034 0.26126607129327878 -0.15393212184729241 -0.10412384434235927 0.1428596962399408 -0.0095966829782437365 0 0.18225780930167276 -0 0 -0.23661481107552912 0.048031723339799617 0 0 -0 -0.067875459111953432 -0 -0 -0 -0
leaf_count=287 384 296 37 143 956 368 40 28 26 34 57 43 24 186 76 33 135 39 41 61 28 23 28 26 312 25 40 34 21 30 33 32 52 22
internal_value=0 0.0437992 -0.21351 0.0901473 0.017983 0.132897 -0.0762348 0.246973 0.419444 0.730354 0.886022 -0.314236 -0 0.262067 0.333981 0.302844 -0.267189 -0.254727 -0 0.119182 0.567592 -0 0.199807 -0.297767 -0.606949 -0 -0.0753611 -0.188611 -0.696749 -0 0.0130475 -0.511728 -0.46861 0
internal_count=4000 3280 486 2794 2132 1694 451 662 362 234 200 411 300 1243 1032 115 185 438 128 102 61 90 51 720 359 211 361 321 333 54 70 416 348 50
cat_boundaries=0 10 20 28 29
cat_threshold=277090600 536871992 139198560 604012608 2097152 1610612736 133136 64 536870912 1048576 541196304 262146 75497480 4263936 268446784 268960832 1073750080 17825816 8193 131072 68173888 1149378564 536879620 1342717952 4194304 0 268500996 16386 2
shrinkage=0.317716


Tree=10
num_leaves=31
num_cat=5
split_feature=2 1 1 0 0 11 17 17 14 19 4 4 5 20 19 6 6 6 4 5 0 12 6 19 11 17 4 5 4 7
split_gain=2.97519 5.04579 1.6438 1.4395 1.1668 1.15328 1.14801 3.10038 1.65551 1.9332 0.977781 0.822989 1.13349 0.900442 0.507406 0.433162 2.1753 0.570077 0.279472 0.992768 0.313071 0.267391 0.561823 0.164493 0.162417 0.185483 0.284125 0.120486 0.00912385 0.255986
threshold=0 1 2 6.2500000000000009 18.250000000000004 42.250000000000007 39841.000000000007 12.250000000000002 12.250000000000002 967.75000000000011 20297.500000000004 25.750000000000004 171.25000000000003 3 904.75000000000011 33877.000000000007 3.2500000000000004 284999.00000000006 67682.500000000015 253113.50000000003 3.2500000000000004 72.250000000000014 169.75000000000003 6.2500000000000009 60.250000000000007 313.00000000000006 95599.750000000015 9832.7500000000018 10924.000000000002 4
decision_type=5 5 5 2 2 2 2 2 2 2 2 2 2 5 2 2 2 2 2 2 2 2 2 2 2 2 2 2 2 1
left_child=24 3 4 14 5 -3 7 11 9 -9 -8 13 -13 -4 15 16 -2 -17 20 -20 -12 22 -5 -18 25 -1 -27 -7 29 -6
right_child=1 2 6 21 28 27 10 8 -10 -11 18 12 -14 -15 -16 17 23 -19 19 -21 -22 -23 -24 -25 -26 26 -28 -29 -30 -31
leaf_value=0 0.13317362443823805 -0.15718411090520629 -0.036379864815580483 -0.057390093022607391 -0.078564619521389073 0.061367830794794 0.15986604384184314 -0.17232874171181459 0.031380464451526542 0.027408480534097359 -0.088500656563637661 -0 0.19913676737144045 0.041329317515251505 -0 0.23875029727046457 -0.087064330638856519 0 0.14753501441004191 -0.0060095661526484651 0 -0.093368812168812029 0.10831351848852079 0 0 0.22742693486464791 0 -0.015687769117762089 0 0
leaf_count=66 230 740 738 47 58 22 60 725 32 38 90 72 73 359 21 79 92 26 43 27 21 37 34 20 23 107 47 27 20 26
internal_value=0 -0.0548971 -0.149651 0.217472 -0.296324 -0.438338 -0.0380841 -0.108737 -0.366238 -0.452139 0.151232 0.0326285 0.358064 -0 0.363296 0.395826 0.175738 0.621685 0 0.122054 -0.141672 -0.0108231 0 -0.187557 0.297978 0.503574 0.571592 0 -0 -0.0329156
internal_count=4000 3757 3171 586 893 789 2278 2037 795 763 241 1242 145 1097 468 447 342 105 181 70 111 118 81 112 243 220 154 49 104 84
cat_boundaries=0 3 14 24 26 27
cat_threshold=1086328832 1078665216 8388608 536870924 1140992128 545259668 1375748096 4210692 0 132 67125248 32 0 33554432 2151520 545604900 134750240 603979776 16 1073741824 198672 0 536870912 1048576 18875393 10551298 2
shrinkage=0.317716


Tree=11
num_leaves=33
num_cat=2
split_feature=1 11 18 16 3 16 11 8 8 11 15 1 13 3 16 3 18 17 18 18 19 8 8 8 19 9 15 4 11 11 13 17
split_gain=2.30922 1.75248 1.30232 2.64748 2.36055 2.85862 2.3285 1.31923 1.21461 1.40704 1.15278 1.03843 1.02974 1.01774 1.1096 0.851648 0.849453 0.97205 0.955051 0.804458 0.77958 0.726624 1.05288 0.719462 0.687804 0.86728 0.648751 0.394419 0.27577 0.130967 0.0101703 6.76289e-05
threshold=0 39.250000000000007 208.75000000000003 40.750000000000007 150.25000000000003 37876.000000000007 33.250000000000007 745.75000000000011 84.250000000000014 40.750000000000007 9.2500000000000018 1 4261.0000000000009 4.7500000000000009 2122.7500000000005 52.750000000000007 72.250000000000014 15354.250000000002 1.7500000000000002 2979.2500000000005 493.75000000000006 71.500000000000014 384.25000000000006 16877.500000000004 967.75000000000011 7.7500000000000009 643.75000000000011 37671.250000000007 28.750000000000004 30.250000000000004 7348.7500000000009 43639.750000000007
decision_type=5 2 2 2 2 2 2 2 2 2 2 5 2 2 2 2 2 2 2 2 2 2 2 2 2 2 2 2 2 2 2 2
left_child=1 12 3 11 5 24 20 13 9 -8 -3 28 16 14 -5 -12 18 -18 -1 -7 -6 30 -23 -24 25 26 -4 -14 -2 -21 -13 -19
right_child=2 10 4 7 6 19 8 -9 -10 -11 15 21 27 -15 -16 -17 17 31 -20 29 -22 22 23 -25 -26 -27 -28 -29 -30 -31 -32 -33
leaf_value=0.028297669807622806 0.088987673054978747 -0 -0.19730100778134491 0.36415753751973112 -0.15670851231524538 0.12315078397681273 0.32673050835021017 -0 -0 -0 0.27975757104989957 -0.081649531453117555 -0 -0 0 0 0.13965371179810454 -0.0013244005583863865 -0.13737603462281228 0 0 0.14869842291881497 -0.082364701545995359 0.039357049728994127 0 0 -0 -0.12052960802628682 -0 -0.05528005060170256 -0 0
leaf_count=335 209 21 780 81 89 37 45 35 26 20 38 1009 87 28 44 30 145 30 64 66 41 67 290 23 36 28 80 36 42 88 30 20
internal_value=0 0.135764 -0.081146 0 -0.195582 -0.31278 0.105339 0.528924 0.523221 0.777096 0.521248 -0.0659282 0.0557891 0.721773 0.886103 0.664702 0.135878 0.296138 0 0 -0.191479 -0.132456 0 -0.112934 -0.483193 -0.52425 -0.565524 -0.169596 0.116045 -0.0811769 -0.251897 -0
internal_count=4000 806 3194 1858 1336 1115 221 188 91 65 89 1670 717 153 125 68 594 195 399 191 130 1419 380 313 924 888 860 123 251 154 1039 50
cat_boundaries=0 7 15
cat_threshold=2146912 75499908 536944644 1375748112 28 393218 65668 1048588 24 656 0 2097280 32768 0 268435456
shrinkage=0.317716


Tree=12
num_leaves=36
num_cat=2
split_feature=20 10 19 10 10 12 12 21 3 11 4 18 13 13 17 18 13 9 15 13 11 20 21 21 21 18 13 17 5 17 19 9 12 12 12
split_gain=1.41414 0.872621 1.58406 1.56806 1.9763 1.05206 0.962265 0.926051 0.868482 0.864659 0.8263 0.802596 0.700602 0.6576 0.594217 0.581294 0.572903 0.564202 0.629351 1.07255 1.01576 0.534954 0.723218 1.53546 0.78575 0.477262 0.37352 0.287641 0.276155 0.270823 0.238999 0.238726 0.222878 0.137202 0.0443068
threshold=0 40.026150000000008 6.2500000000000009 50.77405000000001 52.60455000000001 49.750000000000007 36.250000000000007 23246.500000000004 39.250000000000007 46.750000000000007 33350.500000000007 9.2500000000000018 19752.250000000004 238.75000000000003 19930.000000000004 3903.2500000000005 1930.7500000000002 1.7500000000000002 55.000000000000007 2522.5000000000005 39.250000000000007 1 25.000000000000004 26170.750000000004 17859.250000000004 571.00000000000011 43.000000000000007 79459.000000000015 1512.2500000000002 1.7500000000000002 873.25000000000011 26.500000000000004 219.25000000000003 4.7500000000000009 122.50000000000001
decision_type=5 2 2 2 2 2 2 2 2 2 2 2 2 2 2 2 2 2 2 2 2 5 2 2 2 2 2 2 2 2 2 2 2 2 2
left_child=11 2 21 5 15 6 7 12 13 10 -4 -1 -3 -7 -12 -5 -8 18 20 -20 -6 28 26 24 -24 -19 33 -16 -2 -13 -31 -25 -10 -23 -28
right_child=1 3 9 4 17 8 16 -9 32 -11 14 29 -14 -15 27 -17 -18 25 19 -21 -22 22 23 31 -26 -27 34 -29 -30 30 -32 -33 -34 -35 -36
leaf_value=-0 -0.11239590027505678 -0.1817422141677415 0.22070590622845365 0.23338754692205643 -0.14503122822874034 -0 0.18490167610265415 0.017069656616157416 -0.07177435280079493 -0 -0.039563817533039322 -0 -0 -0.21617453142627771 0.1264324745144976 0 -0 0.15567197723722026 0.10660769225165724 -0.050100257155548139 0 -0 0.049791254080989521 -0.054706934359315458 0.27732226379210895 -0 -0.10981179336488632 0 0 -0.19889009272105496 -0 0 0.042064392993927141 0.056199144853789927 -0
leaf_count=253 103 116 112 43 269 37 23 42 46 23 33 77 87 237 45 55 48 31 100 172 48 875 337 146 42 30 58 33 20 251 26 32 42 58 50
internal_value=0 0.0347354 0.099475 -0.0377486 0.0693743 -0.220764 -0 -0.181792 -0.399527 0.335235 0.402258 -0.206827 -0.370293 -0.547437 0.0991374 0.46443 0.328565 -0.0191823 -0.1019 0 -0.268353 0.0150855 0.0569722 0.171163 0.32473 0.24986 -0.00209746 0.234452 -0.124351 -0.493164 -0.567809 -0.0474373 -0 0 -0.289594
internal_count=4000 3393 1967 1426 748 678 316 245 362 246 223 607 203 274 111 98 71 650 589 272 317 1721 1598 557 379 61 1041 78 123 354 277 178 88 933 108
cat_boundaries=0 3 5
cat_threshold=2217348420 847285472 544 21037072 2162690
shrinkage=0.317716


Tree=13
num_leaves=22
num_cat=5
split_feature=1 2 10 1 18 4 1 6 18 4 5 17 7 6 9 15 18 18 18 17 4
split_gain=2.22067 1.77362 1.57458 1.48004 1.35896 1.08993 1.86575 1.77754 1.36904 1.43658 1.40996 1.0206 0.924614 0.874941 0.515589 0.354139 0.318642 0.216401 0.12071 0.0929388 0.0648178
threshold=0 1 40.523250000000004 2 120.25000000000001 1423.0000000000002 3 2353.0000000000005 1501.7500000000002 132478.00000000003 2255.5000000000005 3793.7500000000005 4 757.75000000000011 1.7500000000000002 627.25000000000011 22.750000000000004 3602.5000000000005 1297.7500000000002 134782.50000000003 3612.2500000000005
decision_type=5 5 2 5 2 2 5 2 2 2 2 2 1 2 2 2 2 2 2 2 2
left_child=-1 2 -2 4 16 6 14 13 10 15 20 -9 -12 -8 18 -10 -3 -6 -5 -4 -7
right_child=1 3 19 5 17 8 7 11 9 -11 12 -13 -14 -15 -16 -17 -18 -19 -20 -21 -22
leaf_value=-0.094223881307143625 0 -0.016267427419909525 -0.21018389153186012 -0.13422705482453878 -0.19443066520869814 0 0.041634537559852955 -0.17349124354970011 -0.056114508929834751 0.11695498457606338 0.2060685018226012 0 0.032140298811806862 0.2091739581468203 -0 0 0.10175809540417943 -0 -0 -0 -0.041954130887324352
leaf_count=635 31 253 265 225 160 43 1054 125 228 60 200 82 174 74 102 128 35 26 21 28 51
internal_value=0 0.0377598 -0.218286 0.0754859 -0.132277 0.114251 0.0243261 0.114858 0.219274 0.0332477 0.369473 -0.23211 0.458998 0.208531 -0.181134 -0.0545428 0 -0.519074 -0.394627 -0.616016 -0
internal_count=4000 3365 324 3041 474 2567 1683 1335 884 416 468 207 374 1128 348 356 288 186 246 293 94
cat_boundaries=0 9 12 23 30 31
cat_threshold=277090576 536871994 139198560 604012608 268435456 536870912 133136 285212736 536870912 539305252 33554696 9216 4325376 134348864 67109528 4198404 11328 268960832 1342185536 26 1 1048832 33554432 32872 1073831936 8396804 1342701568 0 32768 65536 2
shrinkage=0.317716


Tree=14
num_leaves=32
num_cat=3
split_feature=20 10 20 18 16 12 16 10 5 10 5 4 12 10 12 4 20 6 18 21 4 10 21 21 21 6 12 10 12 12 6
split_gain=1.02592 0.577883 1.07316 1.39234 2.57989 2.42641 1.31657 1.40428 1.25637 1.57877 1.53856 1.10701 0.911074 0.774588 0.8301 0.657278 0.637748 0.760924 0.637695 0.937889 0.599726 0.564251 0.525904 1.54328 0.858751 0.356236 0.273105 0.248921 0.207033 0.0702119 0.015079
threshold=0 34.218200000000003 1 701.50000000000011 116.50000000000001 36.250000000000007 109311.50000000001 60.917550000000006 84940.000000000015 35.795200000000008 1623.2500000000002 254.50000000000003 30.250000000000004 46.93330000000001 3.2500000000000004 132478.00000000003 2 1.7500000000000002 2965.0000000000005 20694.250000000004 27209.500000000004 51.296500000000002 158941.50000000003 14005.750000000002 1682.5000000000002 139898.00000000003 6.2500000000000009 54.216050000000003 189.25000000000003 72.250000000000014 256617.50000000003
decision_type=5 2 5 2 2 2 2 2 2 2 2 2 2 2 2 2 5 2 2 2 2 2 2 2 2 2 2 2 2 2 2
left_child=25 16 8 4 13 26 7 15 9 -3 21 -7 -12 14 -4 -5 -2 22 19 28 -9 -11 23 24 -18 27 -6 -1 -19 -15 -27
right_child=1 2 3 6 5 11 -8 20 -10 10 12 -13 -14 29 -16 -17 17 18 -20 -21 -22 -23 -24 -25 -26 30 -28 -29 -30 -31 -32
leaf_value=-0.13409743385594844 -0.019790029939840251 0.18232841052655466 0 -0.1292103022295524 0.0013643259737192274 0 0.044606053058552551 0.13220386868264747 0.24511833721331303 -0 0 0.27311756602414389 -0.20104596607542136 -0.017795926976517263 -0.19616804717149447 0 0.016518797126475269 0.22330583396746539 0 -0 -0 0.13256084588980169 -0.074116018352038723 0.13271286578319519 -0.12062575499569905 0.016301754596067593 -0.091262653832649379 -0 0 0.03465969292028305 -0.015716060974510216
leaf_count=432 103 34 37 748 60 55 32 34 20 22 38 106 66 163 188 37 957 85 43 22 36 32 35 180 96 26 64 93 40 56 60
internal_value=0 0.019756 -0.024672 -0.0872853 0.0375984 0.36175 -0.216932 -0.286305 0.133075 0 -0.104735 0.687113 -0.416052 -0.20021 -0.437991 -0.356562 0.0859566 0.12002 0.331705 0.45256 0.0807667 0.178339 0.0457833 0.0910428 -0 -0.187885 -0 -0.369263 0.574344 0 -0
internal_count=4000 3389 1828 1616 729 285 887 855 212 192 158 161 104 444 225 785 1561 1458 190 147 70 54 1268 1233 1053 611 124 525 125 219 86
cat_boundaries=0 3 5 7
cat_threshold=69996100 847367392 672 2152808448 2101250 1048592 2097154
shrinkage=0.317716


Tree=15
num_leaves=42
num_cat=3
split_feature=1 21 7 17 17 17 18 1 5 4 3 13 13 18 17 6 21 18 21 8 15 21 8 13 15 21 15 18 5 13 13 5 4 17 8 8 4 13 17 6 15
split_gain=1.53278 0.891354 0.903574 0.870948 1.1764 0.757364 0.95456 0.984604 1.40682 0.629045 0.610471 0.579578 0.573533 0.688914 0.532811 0.532209 0.478487 1.12192 0.785966 0.665909 0.501439 0.365256 0.439891 0.362062 0.3186 1.04548 0.237597 0.165531 0.301384 0.148389 0.133483 0.142033 0.129006 0.115977 0.107139 0.105953 0.103142 0.114455 0.0752564 0.0680355 0.00396506
threshold=0 25.000000000000004 1 949.00000000000011 185.50000000000003 43639.750000000007 208.75000000000003 2 536.50000000000011 2934.2500000000005 57.250000000000007 16.750000000000004 10.000000000000002 76.750000000000014 43639.750000000007 4349.5000000000009 3065.5000000000005 843.25000000000011 124670.00000000001 13.750000000000002 129.25000000000003 14005.750000000002 5380.7500000000009 148.00000000000003 1529.5000000000002 8491.0000000000018 297.25000000000006 1.7500000000000002 11620.000000000002 25749.250000000004 2419.0000000000005 131699.50000000003 852.25000000000011 177.25000000000003 34.750000000000007 25.750000000000004 129368.50000000001 70084.750000000015 34628.500000000007 32107.000000000004 370.75000000000006
decision_type=5 2 1 2 2 2 2 5 2 2 2 2 2 2 2 2 2 2 2 2 2 2 2 2 2 2 2 2 2 2 2 2 2 2 2 2 2 2 2 2 2
left_child=10 5 16 4 21 6 7 23 35 -10 12 -8 27 -14 -15 -6 17 19 20 -3 34 32 -23 -2 25 39 -22 -1 -29 40 31 -7 -4 -13 -18 -9 37 -32 -35 -5 -12
right_child=1 2 3 24 15 30 11 8 9 -11 29 33 13 14 -16 -17 18 -19 -20 -21 26 22 -24 -25 -26 -27 -28 28 -30 -31 36 -33 -34 38 -36 -37 -38 -39 -40 -41 -42
leaf_value=0.029469322667892262 0.076947131494942422 0.29103910611456835 -0.056085496093617244 -0.030299871104833256 0.25324677020755515 0.098120243062488691 0 -0.13117118066578456 0.12650316667478678 -0.010512632672467189 -0 -0 -0 0.14124700174653901 0 0 -0 -0 0.13108580654452201 -0 0.084401095274295859 0.059953602973680568 -0.041071948123677635 -0 -0 -0.18115402786078388 -0 -0.084998198006075082 0 -0.053987684442445692 -0.074203692518663211 -0 0 -0.18144324467988465 -0.1146484106694111 -0 0 0 -0 0.031695662955215434 0.0098918339938140719
leaf_count=330 153 42 300 29 25 23 108 761 91 26 26 69 60 203 49 23 43 28 59 35 21 181 69 54 48 172 45 59 24 46 64 21 36 421 74 26 20 28 20 66 22
internal_value=0 -0.0659069 0 -0.0669105 0 -0.159719 -0.21355 -0.064531 -0.172593 0.062192 0.117614 -0.425917 0.185866 0.308065 0.36903 0.530699 0.181515 0.45272 0.00025228 0.715492 -0.0460385 -0.0387938 0.0246903 0.0867249 -0.26196 -0.341803 0.00939398 0.0233252 -0.0116489 -0 0 0.179212 -0.147795 -0.497994 -0.277682 -0.393427 -0 -0.138799 -0.543381 0 0
internal_count=4000 3181 1296 949 634 1885 1729 1111 904 117 819 618 725 312 252 48 347 105 242 77 183 586 250 207 315 267 66 413 83 94 156 44 336 510 117 787 112 92 441 95 48
cat_boundaries=0 8 9 17
cat_threshold=33896 1082402948 73728 1375731728 65560 131072 65668 67108992 2 536887300 16408 67109504 8 2097280 0 0 2
shrinkage=0.317716


Tree=16
num_leaves=25
num_cat=4
split_feature=1 12 2 1 21 21 17 8 21 12 0 1 17 16 21 5 12 17 0 0 21 21 8 17
split_gain=1.119 1.33766 0.742278 1.54307 0.766389 0.975853 0.707939 0.698058 0.856175 1.09834 0.848412 1.35907 0.59869 0.597193 1.02911 0.539973 0.5154 0.49365 0.469376 0.326909 0.310728 0.147609 0.0971659 0.0370202
threshold=0 1.7500000000000002 1 2 1342.7500000000002 10904.500000000002 61412.500000000007 493.75000000000006 124670.00000000001 7.7500000000000009 10.750000000000002 3 43639.750000000007 3180.2500000000005 424.75000000000006 1.7500000000000002 286.75000000000006 50593.000000000007 7.7500000000000009 3.2500000000000004 143.50000000000003 182973.50000000003 1.7500000000000002 61412.500000000007
decision_type=5 2 5 5 2 2 2 2 2 2 2 5 2 2 2 2 2 2 2 2 2 2 2 2
left_child=1 -1 4 6 22 -6 18 10 12 21 11 16 15 14 -12 -9 -5 -13 -4 -7 -15 -10 23 -2
right_child=2 -3 3 7 5 19 -8 8 9 -11 13 17 -14 20 -16 -17 -18 -19 -20 -21 -22 -23 -24 -25
leaf_value=-0 -0.12013069836304728 -0.21729925227209235 -0.1622550904941252 -0.062354680724809416 0.16110332158985541 -0.10626856400700083 0 -0 0 0.16595629224164313 -0.12779948727398238 0.085711319465076041 0 0.10980767711056254 0 -0.18437127386486243 0.034710493769607269 0 -0 0 -0 -0.062325527412902391 -0 -0
leaf_count=262 251 336 357 294 41 57 20 158 20 43 155 1413 33 26 90 119 25 117 51 26 23 33 26 24
internal_value=0 -0.21111 0.0223353 0.0533316 -0.112721 0 -0.178915 0.093148 -0.0197882 0.160709 0.133216 0.173068 -0.199892 -0.00442515 -0.154305 -0.313236 -0.053624 0.214538 -0.413132 -0.143756 0.189757 -0 -0.317954 -0.357789
internal_count=4000 598 3402 2977 425 124 428 2549 406 96 2143 1849 310 294 245 277 319 1530 408 83 49 53 301 275
cat_boundaries=0 9 12 22 33
cat_threshold=269750544 536871946 143392800 604012608 270532608 1610612736 133136 0 536870912 606416272 264 9216 12713988 8304 541065288 4198400 10304 787520 1073750084 16458 1 1048576 536870912 134692864 67109008 540672 4194304 163842 268435456 144 0 0 33554432
shrinkage=0.317716


Tree=17
num_leaves=42
num_cat=8
split_feature=1 2 1 18 15 10 4 7 21 10 0 16 18 16 7 3 18 15 4 12 7 15 21 16 21 4 7 6 7 21 0 21 15 21 12 18 21 21 4 18 10
split_gain=0.924977 0.898119 1.87132 1.18846 1.13581 1.12131 1.87555 1.0694 0.963811 1.07077 0.885311 0.851042 0.675633 1.73811 1.36238 0.531574 0.632337 0.596881 0.495227 0.470971 0.461402 0.447374 0.723408 0.411428 0.604759 0.326533 0.24901 0.228518 0.427005 0.141225 1.34364 0.663233 0.121259 0.107771 0.0764811 0.0927868 0.0711361 0.0677066 0.0615062 0.0106393 0.00213419
threshold=0 1 2 388.00000000000006 129.25000000000003 34.871900000000004 86940.250000000015 3 26170.750000000004 54.601600000000005 18.250000000000004 15069.250000000002 1449.2500000000002 601.75000000000011 4 35.500000000000007 3645.2500000000005 370.75000000000006 25.750000000000004 48.250000000000007 5 208.75000000000003 20694.250000000004 43495.750000000007 156601.00000000003 14240.500000000002 6 226530.50000000003 7 14005.750000000002 6.2500000000000009 26478.250000000004 1164.2500000000002 424.75000000000006 21.250000000000004 5747.5000000000009 156601.00000000003 42622.000000000007 699.25000000000011 688.75000000000011 45.66040000000001
decision_type=5 5 5 2 2 2 2 1 2 2 2 2 2 2 1 2 2 2 2 2 1 2 2 2 2 2 1 2 1 2 2 2 2 2 2 2 2 2 2 2 2
left_child=12 2 10 8 38 7 23 36 9 18 11 25 13 19 -15 21 17 -17 -3 20 -1 33 -23 24 -7 -2 -20 28 -14 30 -9 -31 -8 -6 -29 -36 -4 -22 -5 -16 -12
right_child=1 3 5 4 15 6 32 29 -10 -11 40 -13 27 14 39 16 -18 -19 26 -21 37 22 -24 -25 -26 -27 -28 34 -30 31 -32 -33 -34 -35 35 -37 -38 -39 -40 -41 -42
leaf_value=-0 -0.18719314405854975 0 0.087803363970609893 -0 -0 -0.13853786573812701 0.14438847199319452 -0.089232445319914214 -0 -0 0 -0 -0.13167792237912679 0.28649628896399321 -0 -0 -0 0.17353430622057017 0 -0.081205748199644753 0.078474214061152639 -0.12962930119826319 0 -0 0 -0 0.27540647253288641 -0 0 0.10177700520310984 0.10212434412071411 -0.020759783562868696 0 0.073543987197722732 0.059144111417305231 -0 -0 -0 -0.14447082160735952 0.018280346437341895 -0.0083579521587626542
leaf_count=192 430 57 501 31 47 701 25 354 42 47 48 49 53 48 30 22 29 61 43 69 128 134 21 64 30 35 60 27 37 58 62 137 26 21 28 22 23 28 132 26 22
internal_value=0 -0.0526119 -0.104011 0.0544166 -0.0186857 -0 -0.172872 0.0882808 0.319252 0.45751 -0.281364 -0.463077 0.0964347 0.19785 0.549762 0.0494749 0.260816 0.412897 0.591118 0 0.0967149 -0.00189597 -0.218724 -0.319094 -0.380834 -0.542087 0.721469 -0 -0.179946 -0.0019558 -0.0917124 0.0174444 0.296666 0.0972215 0.00907401 0.109458 0.263478 0.226505 -0.410457 0 -0
internal_count=4000 3312 2565 747 498 1981 846 1135 249 207 584 514 688 521 104 335 112 83 160 417 348 223 155 795 731 465 103 167 90 611 416 195 51 68 77 50 524 156 163 56 70
cat_boundaries=0 11 13 23 24 25 26 27 28
cat_threshold=536904708 33908868 65536 1342193680 65560 163840 132 128 0 0 33554432 2178453 33555008 67260480 1140983040 671621216 67633152 16384 32 67608 268451840 0 1048576 2 2 2 1 2
shrinkage=0.317716


end of trees

feature importances:
n_table_1.n_20=44
n_table_1.n_15=40
n_1=36
c_02=34
n_table_1.n_7=34
n_table_3.n_3=34
n_table_1.n_12=33
n_table_1.n_18=31
n_table_1.n_2=31
n_table_1.n_17=31
n_table_1.n_9=27
n_table_1.n_19=23
n_table_1.n_16=23
n_table_2.n_13=20
n_table_1.n_8=17
n_table_1.n_3=17
n_table_1.n_26=15
c_table_2.c_1=13
c_table_2.c_4=12
c_table_1.c_4=7
n_table_2.n_14=6
n_table_1.n_10=6

parameters:
[boosting: gbdt]
[objective: binary]
[metric: auc]
[tree_learner: serial]
[device_type: cpu]
[data: ]
[valid: ]
[num_iterations: 100]
[learning_rate: 0.317716]
[num_leaves: 55]
[num_threads: 4]
[max_depth: 7]
[min_data_in_leaf: 20]
[min_sum_hessian_in_leaf: 0.898071]
[bagging_fraction: 1]
[bagging_freq: 44]
[bagging_seed: 3]
[feature_fraction: 0.7]
[feature_fraction_seed: 2]
[early_stopping_round: 0]
[max_delta_step: 0]
[lambda_l1: 1.21623]
[lambda_l2: 1.29282]
[min_gain_to_split: 0]
[drop_rate: 0.1]
[max_drop: 50]
[skip_drop: 0.5]
[xgboost_dart_mode: 0]
[uniform_drop: 0]
[drop_seed: 4]
[top_rate: 0.2]
[other_rate: 0.1]
[min_data_per_group: 100]
[max_cat_threshold: 32]
[cat_l2: 10]
[cat_smooth: 10]
[max_cat_to_onehot: 4]
[top_k: 20]
[monotone_constraints: ]
[feature_contri: ]
[forcedsplits_filename: ]
[refit_decay_rate: 0.9]
[verbosity: -1]
[max_bin: 255]
[min_data_in_bin: 3]
[bin_construct_sample_cnt: 200000]
[histogram_pool_size: -1]
[data_random_seed: 1]
[output_model: LightGBM_model.txt]
[snapshot_freq: -1]
[input_model: ]
[output_result: LightGBM_predict_result.txt]
[initscore_filename: ]
[valid_data_initscores: ]
[pre_partition: 0]
[enable_bundle: 1]
[max_conflict_rate: 0]
[is_enable_sparse: 1]
[sparse_threshold: 0.8]
[use_missing: 1]
[zero_as_missing: 0]
[two_round: 0]
[save_binary: 0]
[enable_load_from_binary_file: 1]
[header: 0]
[label_column: ]
[weight_column: ]
[group_column: ]
[ignore_column: ]
[categorical_feature: ]
[predict_raw_score: 0]
[predict_leaf_index: 0]
[predict_contrib: 0]
[num_iteration_predict: -1]
[pred_early_stop: 0]
[pred_early_stop_freq: 10]
[pred_early_stop_margin: 10]
[convert_model_language: ]
[convert_model: gbdt_prediction.cpp]
[num_class: 1]
[is_unbalance: 0]
[scale_pos_weight: 1]
[sigmoid: 1]
[boost_from_average: 1]
[reg_sqrt: 0]
[alpha: 0.9]
[fair_c: 1]
[poisson_max_delta_step: 0.7]
[tweedie_variance_power: 1.5]
[max_position: 20]
[label_gain: ]
[metric_freq: 1]
[is_provide_training_metric: 0]
[eval_at: ]
[num_machines: 1]
[local_listen_port: 12400]
[time_out: 120]
[machine_list_filename: ]
[machines: ]
[gpu_platform_id: -1]
[gpu_device_id: -1]
[gpu_use_dp: 0]

end of parameters

pandas_categorical:[[0, 1, 2, 3, 4, 5, 6, 7, 8, 9, 10, 11, 12, 13, 14, 15, 16, 17, 18, 19, 20, 21, 22, 23, 24, 25, 26, 27, 28, 29, 30, 31, 32, 33, 34, 35, 36, 37, 38, 39, 40, 41, 42, 43, 44, 45, 46, 47, 48, 49, 50, 51, 52, 53, 54, 55, 56, 57, 58, 59, 60, 61, 62, 63, 64, 65, 66, 67, 68, 69, 70, 71, 72, 73, 74, 75, 76, 77, 78, 79, 80, 81, 82, 83, 84, 85, 86, 87, 88, 89, 90, 91, 92, 93, 94, 95, 96, 97, 98, 99, 100, 101, 102, 103, 104, 105, 106, 107, 108, 109, 110, 111, 112, 113, 114, 115, 116, 117, 118, 119, 120, 121, 122, 123, 124, 125, 126, 127, 128, 129, 130, 131, 132, 133, 134, 135, 136, 137, 138, 139, 140, 141, 142, 143, 144, 145, 146, 147, 148, 149, 150, 151, 152, 153, 154, 155, 156, 157, 158, 159, 160, 161, 162, 163, 164, 165, 166, 167, 168, 169, 170, 171, 172, 173, 174, 175, 176, 177, 178, 179, 180, 181, 182, 183, 184, 185, 186, 187, 188, 189, 190, 191, 192, 193, 194, 195, 196, 197, 198, 199, 200, 201, 202, 203, 204, 205, 206, 207, 208, 209, 210, 211, 212, 213, 214, 215, 216, 217, 218, 219, 220, 221, 222, 223, 224, 225, 226, 227, 228, 229, 230, 231, 232, 233, 234, 235, 236, 237, 238, 239, 240, 241, 242, 243, 244, 245, 246, 247, 248, 249, 250, 251, 252, 253, 254, 255, 256, 257, 258, 259, 260, 261, 262, 263, 264, 265, 266, 267, 268, 269, 270, 271, 272, 273, 274, 275, 276, 277, 278, 279, 280, 281, 282, 283, 284, 285, 286, 287, 288, 289, 290, 291, 292, 293, 294, 295, 296, 297, 298, 299, 300, 301, 302, 303, 304, 305, 306, 307, 308, 309, 310, 311, 312, 313, 314, 315, 316, 317, 318, 319, 320, 321, 322, 323, 324, 325, 326, 327, 328, 329, 330, 331, 332, 333, 334, 335, 336, 337, 338, 339, 340, 341, 342, 343, 344, 345, 346, 347, 348, 349, 350, 351, 352, 353, 354, 355, 356, 357, 358, 359, 360, 361, 362, 363, 364, 365, 366, 367, 368, 369, 370, 371, 372, 373, 374, 375, 376, 377, 378, 379, 380, 381, 382, 383, 384, 385, 386, 387, 388, 389, 390, 391, 392, 393, 394, 395, 396, 397, 398, 399, 400, 401, 402, 403, 404, 405, 406, 407, 408, 409, 410, 411, 412, 413, 414, 415, 416, 417, 418, 419, 420, 421, 422, 423, 424, 425, 426, 427, 428, 429, 430, 431, 432, 433, 434, 435, 436, 437, 438, 439, 440, 441, 442, 443, 444, 445, 446, 447, 448, 449, 450, 451, 452, 453, 454, 455, 456, 457, 458, 459, 460, 461, 462, 463, 464, 465, 466, 467, 468, 469, 470, 471, 472, 473, 474, 475, 476, 477, 478, 479, 480, 481, 482, 483, 484, 485, 486, 487, 488, 489, 490, 491, 492, 493, 494, 495, 496, 497, 498, 499, 500, 501, 502, 503, 504, 505, 506, 507, 508, 509, 510, 511, 512, 513, 514, 515, 516, 517, 518, 519, 520, 521, 522, 523, 524, 525, 526, 527, 528, 529, 530, 531, 532, 533, 534, 535, 536, 537, 538, 539, 540, 541, 542, 543, 544, 545, 546, 547, 548, 549, 550, 551, 552, 553, 554, 555, 556, 557, 558], [0, 1, 2, 3, 4, 5, 6, 7, 8, 9, 10, 11, 12, 13, 14, 15, 16, 17, 18, 19, 20, 21, 22, 23, 24, 25, 26, 27, 28, 29, 30, 31, 32, 33, 34, 35, 36, 37, 38, 39, 40, 41, 42, 43, 44, 45, 46, 47, 48, 49, 50, 51, 52, 53, 54, 55, 56, 57, 58, 59, 60, 61, 62, 63, 64, 65, 66, 67, 68, 69, 70, 71, 72, 73, 74, 75, 76, 77, 78, 79, 80, 81, 82, 83, 84, 85, 86, 87, 88, 89, 90, 91, 92, 93, 94, 95, 96, 97, 98, 99, 100, 101, 102, 103, 104, 105, 106, 107, 108, 109, 110, 111, 112, 113, 114, 115, 116, 117, 118, 119, 120, 121, 122, 123, 124, 125, 126, 127, 128, 129, 130, 131, 132, 133, 134, 135, 136, 137, 138, 139, 140, 141, 142, 143, 144, 145, 146, 147, 148, 149, 150, 151], [0, 1], [0, 1, 2, 3, 4, 5, 6, 7, 8, 9, 10, 11, 12, 13, 14, 15, 16, 17, 18, 19, 20, 21, 22, 23, 24, 25, 26, 27, 28, 29, 30, 31, 32, 33, 34, 35, 36, 37, 38, 39, 40, 41, 42, 43, 44, 45, 46, 47, 48, 49, 50, 51, 52, 53, 54, 55, 56, 57, 58, 59, 60, 61, 62, 63, 64, 65, 66, 67, 68, 69, 70, 71, 72, 73, 74, 75, 76, 77, 78, 79, 80, 81, 82, 83, 84, 85, 86, 87, 88, 89, 90, 91, 92, 93, 94, 95, 96, 97, 98, 99, 100, 101, 102, 103, 104, 105, 106, 107, 108, 109, 110, 111, 112, 113, 114, 115, 116, 117, 118, 119, 120, 121, 122, 123, 124, 125, 126, 127, 128, 129, 130, 131, 132, 133]]
