tree
version=v2
num_class=1
num_tree_per_iteration=1
label_index=0
max_feature_idx=36
objective=binary sigmoid:1
feature_names=n_1 c_table_1.c_1 c_table_1.c_2 n_table_1.n_1 n_table_1.n_2 c_table_1.c_5 n_table_1.n_3 c_table_1.c_6 n_table_1.n_5 n_table_1.n_6 n_table_1.n_7 n_table_1.n_9 n_table_1.n_10 n_table_1.n_11 n_table_1.n_12 n_table_1.n_15 n_table_1.n_16 n_table_1.n_17 n_table_1.n_18 n_table_1.n_19 n_table_1.n_20 n_table_1.n_26 n_table_1.n_27 c_table_2.c_1 c_table_2.c_2 n_table_2.n_2 n_table_2.n_6 n_table_3.n_2 n_table_3.n_3 n_table_3.n_5 c_02 c_table_1.c_3 n_table_1.n_8 n_table_1.n_25 c_table_2.c_5 n_table_2.n_9 n_table_2.n_13
feature_infos=[1:62.5] 1:0 2:0:6:10:16:17:29:9:7:24:13:37:14:15:12:11:18:45:33:19:56:63:60:26:73:38:3:55:54:64:4:70:83:20:22:34:30:21:36:39:58:65:68:74:35:47:71:57:114:1:32:44:59:134:31:53:78:139:8:48:81:85:94:111:119:27:28:42:69:82:90:92:104:105:106:115:128:144:23:46:49:50:52:75:79:80:98:103:116:122:25:40:43:72:86:93:96:97:99:107:112:118:127:129:133:146:152:164 [-183.91200000000001:227.50999999999999] [-49.719499999999996:78.390000000000001] 3:0:5:13:14:7:1:9:11:19:8:24:4:17:30:22:12:2:15:10:20:23:41:21:34:37:6:27:33:39:40:45:18:32:35:36:49 [1:175] 1:0:2:3:4:7:8:9:13:5:6:10:11:12 [1:24272.5] [1:46363] [1:2995] [1:2481850] [1:70] [1:6121] [1:7070.5] [1:423494] [1:313693] [1:372140] [1:441384] [1:1178200] [1:18856] [1:121640] [1:151] 1:0 1:3:5:15:8:16:19:30:37:0:13:6:9:2:14:46:21:27:18:32:23:33:61:4:11:52:24:10:43:28:22:34:35:45:20:36:7:42:56:40:53:54:63:75:12:17:26:41:51:71:48:49:25:31:39:50:64:78:47:57:59:60:65:67:76:89 [-55.711999999999996:81.846299999999999] [1:3170.5] [1:1061.5] [1:540979] [1:435418] 2:1:13:49:27:74:9:45:20:19:0:41:72:44:33:113:127:130:54:56:15:51:104:31:34:83:53:35:92:65:3:23:39:42:48:79:132:82:99:96:142:14:36:105:114:167:43:57:148:153:158:161:52:58:77:152:183:5:7:32:140:141:24:46:97:69:8:16:60:109:157:55:124:137:154:59:91:115:191:194:67:81:100:120:4:66:84:85:87:89:171:203:10:22:25:50:86:94:133:184:189:276:11:26:40:76:78:103:232:240:38:88:108:111:121:122:165:197:218:28:63:107:128:150:156:159:170:201:225:235:253:18:112:123:164:169:182:196:207:30:64:106:134:139:143:147:173:211:224:231:234:17:29:80:131:145:168:178:206:228:250:275:37:47:62:68:73:101:117:126:149:202:208:209:216:222:237:239:251:265:267:61:75:98:125:129:135:138:144:160:162:163:175:176:180:181:192:193:198:205:212:220:245:247:255:268:277:297:299:303:317 6:0:24:20:37:8:65:100:17:44:16:83:31:77:14:76:95:21:73:42:34:101:85:2:13:25:39:18:43:52:60:62:71:59:69:4:40:55:123:130:26:28:15:19:96:23:38:61:90:11:49:63:66:67:72:82:111:139:64:74:121:33:36:3:102:145:9:12:51:53:88:92:7:47:118:140:29:30:32:35:56:106:113:117:141:152:27:48:79:91:99:105:114:122:132:134:138:149:167:41:54:70:86:107:116:120:124:125:129:131:133:142:144:147:157:162:163:170:1:5:45:46:50:57:68:80:84:89:94:97:103:115:135:137:143:159:161:168:176 [1:517224] [1:38.5] 1:0:6:7:9:10:15:11:4:14:12:2:13:5:16:22:3:8:18:17:20:23:19:28 [1:91] [1:273895]
tree_sizes=2066 3049 2542 2337 2739 2089 2538 2830 2786 2620 2877 2605 2453 2542 1995 2552 2134 2271 2740 2222 2475

Tree=0
num_leaves=25
num_cat=5
split_feature=30 18 20 9 5 30 9 10 6 8 15 15 3 15 12 25 3 20 13 10 23 25 23 3
split_gain=131.948 34.3194 22.1386 13.8167 11.3666 10.1462 8.9737 8.36939 8.19985 9.28664 6.35813 3.99273 2.67755 1.55607 1.41145 1.18903 1.04303 1.41034 0.997561 0.365391 0.407253 0.0720759 0.0171778 0.00677673
threshold=0 15357.250000000002 323.50000000000006 6.2500000000000009 1 2 27.250000000000004 7.7500000000000009 42.250000000000007 86.500000000000014 4.7500000000000009 123650.00000000001 191.12950000000004 54716.500000000007 16.750000000000004 60.888500000000001 183.05200000000002 153.25000000000003 311.50000000000006 45.250000000000007 3 52.056100000000008 4 183.03250000000003
decision_type=5 2 2 2 5 5 2 2 2 2 2 2 2 2 2 2 2 2 2 2 1 2 1 2
left_child=2 5 15 -4 18 10 19 22 9 -9 21 -5 13 14 -7 16 17 -1 -3 -6 -21 -2 -8 -12
right_child=1 4 3 11 6 12 7 8 -10 -11 23 -13 -14 -15 -16 -17 -18 -19 -20 20 -22 -23 -24 -25
leaf_value=-2.288560397847661 -2.4627038495957341 -2.8208626368300767 -2.6178251095094844 -1.6984667804780798 -2.6945233617818096 -2.8653096713641029 -2.616120956184238 -1.7603572490055877 -2.6178251095094844 -2.6178251095094844 -2.8086846882388095 -2.5438423328628765 -2.6178251095094844 -2.6178251095094844 -2.6178251095094844 -2.6178251095094844 -2.6178251095094844 -2.6178251095094844 -2.6178251095094844 -2.6178251095094844 -2.4997256856254975 -2.6178251095094844 -2.6434694975513939 -2.6178251095094844
leaf_count=512 234 147 39 211 29 2105 26 110 39 41 100 30 27 45 25 48 36 37 23 23 47 25 21 20
internal_value=0 -0.399642 1.19586 2.35022 0.490864 -0.608322 0.734515 1.45086 1.78966 2.16484 0.0569708 2.67986 -0.686258 -0.752387 -0.767691 0.887223 0.938385 0.982418 -0.287481 0 0.178696 0.461494 -0 -0.555608
internal_count=4000 3087 913 280 506 2581 336 237 190 151 379 241 2202 2175 2130 633 585 549 170 99 70 259 47 120
cat_boundaries=0 9 10 16 17 18
cat_threshold=33555470 23068680 403210240 2164392192 16781824 16777344 2048 65792 1048576 2056 16777729 270008320 32 269222400 1074806784 2147485696 2 2
shrinkage=1


Tree=1
num_leaves=42
num_cat=2
split_feature=31 11 26 16 4 17 27 20 0 19 20 6 17 20 27 19 10 18 0 18 0 27 0 26 26 4 0 4 26 10 16 20 36 26 20 26 10 36 23 4 4
split_gain=35.227 12.1618 7.57948 6.05863 6.2292 6.1587 8.55886 7.69522 4.70699 3.66258 4.27517 3.45201 3.06328 1.79331 1.78768 3.48533 3.31254 2.31736 1.57132 1.68088 1.39113 1.37574 2.26926 1.68139 1.2991 1.46097 1.08361 0.835181 0.776648 0.741584 3.7474 0.721117 0.620273 0.611368 0.606179 0.559402 0.914527 0.301555 0.17881 0.114569 0.0503483
threshold=0 152.50000000000003 682.00000000000011 14739.250000000002 35.253900000000009 592.75000000000011 3.2500000000000004 27.250000000000004 16.750000000000004 30745.750000000004 869.50000000000011 31.750000000000004 1.7500000000000002 6.2500000000000009 9.2500000000000018 7870.0000000000009 60.250000000000007 52.750000000000007 7.7500000000000009 10619.500000000002 4.7500000000000009 12.250000000000002 3.2500000000000004 304.75000000000006 12.250000000000002 46.964900000000007 21.250000000000004 66.907650000000004 64.750000000000014 553.75000000000011 142086.00000000003 112.75000000000001 112.00000000000001 15.250000000000002 304.75000000000006 36.250000000000007 256.75000000000006 165.25000000000003 1 65.833500000000015 34.857500000000009
decision_type=5 2 2 2 2 2 2 2 2 2 2 2 2 2 2 2 2 2 2 2 2 2 2 2 2 2 2 2 2 2 2 2 2 2 2 2 2 2 1 2 2
left_child=2 11 8 5 -5 6 7 -3 12 27 -11 14 21 -4 16 17 31 37 -14 -20 -12 22 28 -23 25 26 38 40 -1 30 -6 33 -8 -2 -33 36 -18 -16 -10 -13 -7
right_child=1 3 13 4 29 9 32 -9 24 10 20 39 18 -15 15 -17 35 -19 19 -21 -22 23 -24 -25 -26 -27 -28 -29 -30 -31 -32 34 -34 -35 -36 -37 -38 -39 -40 -41 -42
leaf_value=-0.047621240076194435 -0.14156427560806434 -0 0.285408268861091 -0 0.61100652116185683 -0 -0.10907559482292484 0.67931990704735445 0 0.32103392508132772 -0.064307658274837753 -0.18326287910157693 -0.26206828426158291 -0 -0.094062700753927503 -0.21253058813641401 0.2858117283069449 0.32257283300244421 -0.16316530321389572 0.11522706427204533 0.1390377985354718 -0.19850743220536932 -0.16069668427057576 0 -0.056777361188326443 -0.0090900510768281758 0 0 0.041172334313712325 0.10407125550012869 0 0.17738928440608878 0.079539069045050023 0 -0 0 0 0.018460434879294118 0.30762008554816112 -0 -0.17341078778700378
leaf_count=931 76 25 54 28 102 20 42 84 27 64 105 104 430 22 33 76 96 30 58 22 45 478 378 36 52 20 48 20 96 29 23 20 28 20 51 24 40 20 41 20 82
internal_value=0 0.425363 -0.306155 0.775218 1.29396 0.461359 1.06302 1.6638 -0.373905 0.119863 0.392956 0.0152012 -0.425197 0.594502 0.184807 -0.0699145 0.349371 0.337377 -0.724505 -0 0 -0.32077 -0.227247 -0.551234 0.148115 0.374544 0.563091 -0.348149 -0.101737 1.51506 1.72009 -0 -0 -0.275039 0.18266 0.677203 0.754504 -0 0.82667 -0.523756 -0.496714
internal_count=4000 1307 2693 697 182 515 179 109 2617 336 214 610 2429 76 486 159 327 83 510 80 150 1919 1405 514 188 136 116 122 1027 154 125 167 70 96 71 160 136 53 68 124 102
cat_boundaries=0 5 6
cat_threshold=2217082961 1209145732 533670 134217761 2052 1
shrinkage=0.317716


Tree=2
num_leaves=34
num_cat=2
split_feature=24 16 26 25 16 26 8 11 0 13 24 0 19 17 0 3 13 9 36 18 17 32 17 15 11 4 28 8 15 32 4 8 4
split_gain=15.8519 10.066 5.73565 4.29934 5.10473 4.47439 3.99361 3.78657 3.6986 3.39985 2.54119 5.38074 2.20075 1.9756 1.9386 1.89525 1.50986 1.98127 1.3863 1.2165 0.881109 0.859672 0.889114 0.803197 0.758893 1.79187 0.636705 0.342082 0.176949 0.117329 0.0559312 0.00133746 0.0478431
threshold=0 14739.250000000002 708.25000000000011 39.173200000000008 88570.750000000015 16.750000000000004 19.750000000000004 30387.250000000004 19.750000000000004 9.2500000000000018 1 1.7500000000000002 2282.5000000000005 466.00000000000006 16.750000000000004 161.76150000000004 12.250000000000002 52.750000000000007 7.7500000000000009 178.75000000000003 17128.750000000004 60.250000000000007 14680.750000000002 53.500000000000007 1789.7500000000002 50.937650000000005 81757.750000000015 541.00000000000011 27527.500000000004 262.75000000000006 69.507800000000017 4.7500000000000009 40.003350000000005
decision_type=5 2 2 2 2 2 2 2 2 2 5 2 2 2 2 2 2 2 2 2 2 2 2 2 2 2 2 2 2 2 2 2 2
left_child=2 6 8 7 5 -5 10 24 27 12 11 13 23 26 16 -16 19 -18 -7 -12 -14 -11 -23 -8 25 -3 -2 29 -26 30 -1 32 -10
right_child=1 3 -4 4 -6 18 9 -9 31 21 14 -13 20 -15 15 -17 17 -19 -20 -21 -22 22 -24 -25 28 -27 -28 -29 -30 -31 -32 -33 -34
leaf_value=-0.23696038518943269 0.28918527831505536 -0.044196056857809925 0.14602024864549437 0.004885288353422051 -0 0.64263990748688782 0.092563175429092023 0.2562921004198877 0 -0.12985817335200955 -0.052070042755729302 -0.13907408217775333 0.26865251800352546 -0 0.16104270019752251 -0.081187878973083188 0.13139025645627966 -0.056453444593989877 0.066328597440737908 -0.18198958698680578 0 0.13399206767192001 -0.05218261780952816 -0.11099520573367287 -0 0.19062840382859625 0 -0 -0.13426684357889015 -0 -0 0.0068460699063971151 -0.042021296784818384
leaf_count=859 115 61 32 35 34 39 34 49 72 73 1354 65 147 33 83 24 112 172 28 189 27 38 20 37 21 48 37 20 43 20 27 27 25
internal_value=0 0.103283 -0.447805 0.59478 1.03066 1.27091 0 0.198485 -0.612475 0.333158 -0.0684673 0.199183 0.560915 0.649907 -0.125904 0.2291 -0.181127 0.0187118 1.6735 -0.237552 0.746047 -0.0664117 0.0467602 0 -0.0169482 0.0715351 0.815981 -0.709478 -0.323096 -0.722294 -0.733795 0 -0
internal_count=4000 2918 1082 358 136 102 2560 222 1050 376 2184 250 245 185 1934 107 1827 284 67 1543 174 131 58 71 173 109 152 926 64 906 886 124 97
cat_boundaries=0 2 4
cat_threshold=1237861176 1048604 272388 2081
shrinkage=0.317716


Tree=3
num_leaves=30
num_cat=4
split_feature=30 30 2 28 21 0 30 10 19 0 21 11 11 0 20 19 3 17 10 27 18 0 0 10 20 11 27 10 14
split_gain=36.8719 11.1633 10.4358 5.18828 5.11674 5.04139 4.65928 3.85846 2.93865 2.42094 2.1185 2.26113 2.56506 2.26864 2.097 1.76277 1.52037 1.25923 1.08364 0.914622 0.740168 0.431906 0.676474 0.382119 0.237352 0.132287 0.116893 0.0610089 0.00373109
threshold=0 1 2 337.00000000000006 208.00000000000003 19.750000000000004 3 24.250000000000004 3.2500000000000004 9.2500000000000018 839.50000000000011 2255.5000000000005 645.25000000000011 6.2500000000000009 27.250000000000004 369789.00000000006 118.82450000000001 132159.00000000003 30.250000000000004 112.00000000000001 85484.500000000015 16.750000000000004 21.250000000000004 24.250000000000004 1274.5000000000002 185.50000000000003 241.00000000000003 51.250000000000007 9.2500000000000018
decision_type=5 5 5 2 2 2 5 2 2 2 2 2 2 2 2 2 2 2 2 2 2 2 2 2 2 2 2 2 2
left_child=10 5 6 9 16 -2 8 -6 -3 14 11 12 13 -1 -4 -16 -5 19 -13 -8 -18 23 -23 -15 -10 -11 -21 -14 -7
right_child=1 2 3 4 7 28 17 -9 24 25 -12 18 27 21 15 -17 20 -19 -20 26 -22 22 -24 -25 -26 -27 -28 -29 -30
leaf_value=0.19465579629669189 -0.28751216493516191 0.10028890647582084 -0 0 -0.016734870600942767 -0 -0.20996341105501506 0.37427439862580736 -0.17855501930196344 0 -0 0.46783795440476567 0 -0.064896241326038162 0.25443020291585738 -0 -0.21471414056036781 0 0.16523523198212506 0.027868849251217961 0 0.14306111550899581 -0 0.045650579925322898 -0 -0.058917586931236138 -0.057076902472767796 -0.053278838077516974 0.011635212643024266
leaf_count=494 916 246 39 23 20 94 912 31 54 21 32 44 22 91 308 27 197 23 108 31 21 41 33 28 20 32 42 30 20
internal_value=0 -0.296694 -0.0870176 0.224921 -0.0880185 -0.660899 -0.325541 0.591113 0.0528272 0.525682 0.473513 0.567047 0.416674 0.481868 0.631879 0.712914 -0.450837 -0.49274 0.929701 -0.623361 -0.587616 0.061236 0.236153 -0 -0.471512 -0 -0 -0.087943 0
internal_count=4000 3077 2047 719 292 1030 1328 51 320 427 923 891 739 687 374 335 241 1008 152 985 218 193 74 119 74 53 73 52 114
cat_boundaries=0 9 15 18 24
cat_threshold=58721286 18089992 403177472 17694976 1157632512 16777344 2048 65792 1048576 135324064 100689047 9216 8193 570433536 2 67326021 285220864 512 521 273219584 32768 268435976 1064960 2147483648
shrinkage=0.317716


Tree=4
num_leaves=36
num_cat=4
split_feature=30 30 2 32 30 16 18 11 19 21 9 6 0 25 28 18 20 16 18 20 15 9 0 20 4 0 13 21 15 3 20 0 20 4 9
split_gain=20.248 8.44648 9.67955 5.28491 3.17246 2.84879 3.2022 3.02533 2.91297 2.63309 2.1908 1.95291 1.88633 1.82612 1.56488 1.47383 5.49703 3.1385 1.45013 1.2786 1.16312 1.16047 1.11817 0.928447 0.568908 0.497821 0.489781 0.477449 0.474398 0.373368 0.30242 0.27131 0.154833 0.14314 0.118029
threshold=0 1 2 122.50000000000001 3 14.500000000000002 14116.000000000002 16.750000000000004 277784.50000000006 597.25000000000011 926.50000000000011 31.750000000000004 7.7500000000000009 53.336500000000008 550.75000000000011 315.25000000000006 838.75000000000011 11888.500000000002 3652.7500000000005 27.250000000000004 32329.000000000004 9.2500000000000018 22.750000000000004 1471.7500000000002 67.32435000000001 21.250000000000004 49.000000000000007 520.75000000000011 2736.2500000000005 171.10650000000004 1.7500000000000002 22.750000000000004 7.7500000000000009 42.829550000000005 9.2500000000000018
decision_type=5 5 5 2 5 2 2 2 2 2 2 2 2 2 2 2 2 2 2 2 2 2 2 2 2 2 2 2 2 2 2 2 2 2 2
left_child=3 31 4 15 11 7 18 29 14 13 -5 12 -3 22 -8 21 24 20 28 -9 -18 25 -6 -21 -17 32 -11 -10 -7 -4 -15 -2 -1 -23 -19
right_child=1 2 5 10 9 6 8 19 27 26 -12 -13 -14 30 -16 16 17 34 -20 23 -22 33 -24 -25 -26 -27 -28 -29 -30 -31 -32 -33 -34 -35 -36
leaf_value=0.1252452479594513 -0.27095409115695557 0.12604748421361839 0.09866828698364731 -0.22796869548777735 -0.20114862779113188 -0.056523047119554456 0.23951677245499758 0 -0.10917474908525231 -0 0.017198550416936062 -0.13497964568238457 -0.093962055359164229 0.005589929144122421 0 0.39992381204882366 -0.18637127062504194 0 -0.18283672981211974 0.48363766197589636 0 -0.070139770213954372 0 0 0 -0 0.12909777905999539 0 0.076325446406912995 -0.020756164514632754 -0.082453568024049864 -0 0 0 0.18744975139502523
leaf_count=416 788 216 33 39 1070 68 98 36 35 23 25 53 37 135 56 95 34 25 106 45 20 24 30 23 30 28 20 27 73 57 67 27 35 38 68
internal_value=0 -0.234495 -0.085756 0.337225 -0.287688 0.223645 0.0731972 0.653254 0.326412 -0.404272 -0.283482 0.0316451 0.236573 -0.52641 0.562838 0.463536 0.666065 0.200293 -0.245731 1.05404 -0.247954 0.281069 -0.605275 1.2475 1.15522 0.344875 0.101152 -0.0839559 0 0 -0 -0.638467 0.37559 -0 0.504054
internal_count=4000 3123 2308 877 1651 657 463 194 216 1345 64 306 253 1302 154 813 272 147 247 104 54 541 1100 68 125 479 43 62 141 90 202 815 451 62 93
cat_boundaries=0 9 15 18 24
cat_threshold=50332678 1310720 402919688 2165178624 83890176 16779392 2048 65792 1048576 202424608 100689043 9216 8193 570425344 2 67327701 16785408 576 2147483657 274792448 32768 268435464 1074807296 2147483648
shrinkage=0.317716


Tree=5
num_leaves=28
num_cat=4
split_feature=30 31 11 30 10 0 28 35 18 10 35 0 3 0 18 20 27 9 26 24 0 0 28 9 19 20 0
split_gain=15.2626 10.5324 5.77245 7.82205 3.97172 2.92709 1.80846 1.63559 1.40068 1.27856 1.26136 1.14799 1.05216 0.99108 0.759659 0.713616 0.400139 0.392655 0.325711 0.228022 0.124138 0.107222 0.0498148 0.0106231 0.00936221 0.00710041 0.00267228
threshold=0 1 16.750000000000004 2 583.75000000000011 16.750000000000004 10891.000000000002 13.750000000000002 2.5000000000000004 1318.0000000000002 3.2500000000000004 19.750000000000004 190.82450000000003 13.750000000000002 691.00000000000011 27.250000000000004 100.00000000000001 613.00000000000011 732.25000000000011 3 22.750000000000004 1.7500000000000002 75163.750000000015 923.50000000000011 1072.7500000000002 1914.2500000000002 19.750000000000004
decision_type=5 5 2 5 2 2 2 2 2 2 2 2 2 2 2 2 2 2 2 5 2 2 2 2 2 2 2
left_child=17 11 3 5 7 8 13 15 10 -6 -3 12 -2 14 -5 -4 -17 18 20 22 -1 -21 -8 -19 -10 -9 -7
right_child=1 2 4 6 9 26 19 25 24 -11 -12 -13 -14 -15 -16 16 -18 23 -20 21 -22 -23 -24 -25 -26 -27 -28
leaf_value=-0.23365490866790103 -0.24244647123316163 -0.22235348561195875 0 0.12496573846435122 -0.16589536326566348 0 -0 -0.016786785134016161 0.018632629967785835 0.022546174545157921 -0 0 -0 -0 -0 0.17160550377153214 0 0 -0 -0.11653485194597801 -0 -0 0.032280975192321697 -0.020630778469598914 -0 0 0.022618546175035489
leaf_count=945 317 433 52 792 59 29 43 23 21 23 35 25 70 43 59 570 24 21 29 100 27 25 89 20 35 20 71
internal_value=0 0.086954 0.178868 0.0222777 0.396881 -0.302065 0.213728 0.472765 -0.531941 -0.202401 -0.611218 -0.423158 -0.669428 0.320285 0.358374 0.50638 0.527444 -0.519794 -0.6801 -0.0194596 -0.718768 -0.117818 0.0221913 -0 0 -0 0.0600468
internal_count=4000 2958 2546 1775 771 624 1151 689 524 82 468 412 387 894 851 646 594 1042 1001 257 972 125 132 41 56 43 100
cat_boundaries=0 7 12 18 20
cat_threshold=202424745 67200147 2106372 8193 570433552 8388610 4 2217082960 1208092804 533540 134217760 4 2155880468 178391556 1074004258 131074 4100 128 41024 1
shrinkage=0.317716


Tree=6
num_leaves=34
num_cat=5
split_feature=31 2 24 10 10 12 8 0 0 24 28 0 3 15 28 0 4 23 17 29 18 29 3 19 35 0 29 3 28 28 28 10 28
split_gain=6.28472 4.69437 2.67877 2.96056 2.32974 2.91685 1.18501 1.7935 1.11543 1.42272 0.913746 0.86411 1.87662 0.80513 0.785227 0.64336 0.628773 0.602523 0.530777 0.826682 0.51116 0.452355 0.347641 0.338214 0.304978 0.246687 0.227801 0.221317 0.128955 0.0736521 0.0378758 0.0231156 0.011287
threshold=0 1 2 669.25000000000011 6.2500000000000009 3.2500000000000004 83.500000000000014 16.750000000000004 18.250000000000004 3 1423.0000000000002 4.7500000000000009 181.58600000000004 131264.50000000003 1312.0000000000002 7.7500000000000009 67.132200000000012 4 43464.250000000007 1566.2500000000002 42460.750000000007 8118.2500000000009 172.25650000000002 33041.500000000007 7.7500000000000009 21.250000000000004 1501.7500000000002 190.82450000000003 457.75000000000006 7300.7500000000009 90329.500000000015 45.250000000000007 431955.50000000006
decision_type=5 5 5 2 2 2 2 2 2 5 2 2 2 2 2 2 2 1 2 2 2 2 2 2 2 2 2 2 2 2 2 2 2
left_child=27 4 11 6 8 13 7 16 9 10 15 12 24 18 22 -2 -4 21 30 -20 23 -11 -7 -8 -3 -10 -19 -1 -27 -13 -6 -9 -30
right_child=1 2 3 -5 5 14 20 31 25 17 -12 29 -14 -15 -16 -17 -18 26 19 -21 -22 -23 -24 -25 -26 28 -28 -29 32 -31 -32 -33 -34
leaf_value=-0.2382076388438987 0.14074230099705126 -0.19956471533862141 0.16296577836678305 -0.11080243364554715 -0.22926206000106986 0.15152682034006829 -0 -0.026389622916939786 0.15200626215218618 -0.10941169845465196 -0 0.054448654503925407 0.033708800064670925 -0 -0.03446565309424697 -0 -0 -0.025373123190401227 -0.11164397057760141 0.018829673137570228 -0.078976342975656574 0 0 0.10632678616377982 -0 -0.01145203075233029 0.018987414787446803 -0.0035162038609963275 0.065282384604578927 -0 -0 0 0
leaf_count=380 149 133 511 40 246 36 26 23 42 491 163 24 28 61 22 30 35 952 82 37 33 54 24 41 20 24 84 97 29 22 21 20 20
internal_value=0 0.0184018 0.198191 0.28351 -0.0861948 -0.307691 0.382525 0.435313 -0.00279572 -0.0470293 0.124743 -0.120713 -0.34783 -0.468888 0.0925327 0.354359 0.491324 -0.115491 -0.533673 -0.122557 0 -0.29567 0.333315 0.186768 -0.5716 0.301468 -0.0466524 -0.455478 0 0.00982653 -0.691257 -0 0.173941
internal_count=4000 3523 956 729 2567 529 689 589 2038 1923 342 227 181 447 82 179 546 1581 386 119 100 545 60 67 153 115 1036 477 73 46 267 43 49
cat_boundaries=0 5 8 10 12 13
cat_threshold=2217476176 1207961732 525349 134217760 2052 1611814597 50339864 64 1074266669 16384 1076382277 33 1
shrinkage=0.317716


Tree=7
num_leaves=37
num_cat=3
split_feature=30 31 32 3 18 30 25 28 15 20 20 10 10 10 16 9 4 17 4 18 12 3 14 10 18 26 9 20 32 10 15 25 10 20 25 25
split_gain=9.77483 4.89888 3.0491 2.62618 5.48967 4.76063 2.36177 2.26906 2.12024 2.55116 1.73199 1.71029 1.31089 1.23128 1.20094 1.14261 1.05843 0.971498 0.75052 0.709377 0.666243 0.597463 0.50835 0.495979 0.426774 0.385516 0.336121 0.316688 0.292613 0.0816166 0.0703532 0.0532864 0.0443826 0.0370153 0.00182801 0.271256
threshold=0 1 88.000000000000014 156.75150000000005 15148.750000000002 2 53.336500000000008 226.75000000000003 1719.2500000000002 826.00000000000011 1650.2500000000002 213.25000000000003 45.250000000000007 91.750000000000014 5022.2500000000009 37.750000000000007 35.47955000000001 32042.500000000004 37.767750000000007 559.75000000000011 9.2500000000000018 114.3875 432.25000000000006 83.500000000000014 79528.750000000015 76.000000000000014 1.7500000000000002 201.25000000000003 18.250000000000004 300.25000000000006 34464.250000000007 43.470600000000012 9.2500000000000018 6343.7500000000009 57.921400000000013 65.709600000000009
decision_type=5 5 2 2 2 5 2 2 2 2 2 2 2 2 2 2 2 2 2 2 2 2 2 2 2 2 2 2 2 2 2 2 2 2 2 2
left_child=2 7 8 5 20 21 -7 11 12 -10 14 15 16 30 28 32 -1 33 -19 -14 22 26 -5 31 27 -25 -3 -4 -6 -15 -11 -9 -2 -12 -8 -36
right_child=1 3 24 4 10 6 34 23 9 13 17 -13 19 29 -16 -17 -18 18 -20 -21 -22 -23 -24 25 -26 -27 -28 -29 -30 -31 -32 -33 -34 -35 35 -37
leaf_value=0.036309516607654503 -0 0.032002808872898421 0 -0.2525134385731379 -0.07600016860302293 -0.17298432320986576 -0 -0 0.33899667327333416 -0.037015862553913217 0.028035090417956047 -0 0 0.18846396576719757 0.16952335760972373 0.30340194709815455 0.20779550531837521 0 -0.16398032201262472 -0.15014684061396466 -0 0.17220428258427767 -0 0.10555389534274515 0 -0.016607108217484436 -0.05076244189179388 -0.15094077719393217 0.02374228259830078 0 0.0084800421093048136 -0.12608292289418041 0.030992741013483163 -0.00063120530814769489 0.084869804782839911 -0
leaf_count=427 27 599 22 669 38 865 75 20 72 35 39 42 41 46 42 57 63 22 152 25 46 33 22 24 23 22 25 36 21 27 41 61 64 55 58 64
internal_value=0 -0.174276 0.234776 -0.249889 -0.428422 -0.119231 -0.327886 0.177853 0.344441 0.601261 -0.07225 0.470684 0.163596 0.221448 0.185228 0.651614 0.249826 -0.265102 -0.407341 -0.12711 -0.71834 0.107903 -0.756547 -0.0720357 -0.188993 0 0.0529984 -0.346957 -0 0.498447 -0 -0.339251 0.0381333 0 0 0.0179997
internal_count=4000 3142 858 2825 1106 1719 1062 317 777 221 369 190 556 149 101 148 490 268 174 66 737 657 691 127 81 46 624 58 59 73 76 81 91 94 197 122
cat_boundaries=0 9 13 19
cat_threshold=42468356 1839104 436474120 2164654336 83890176 16779264 2048 65792 1048576 8978436 813700416 2888200 32768 151003659 21110788 32768 268435464 1074806788 2147483648
shrinkage=0.317716


Tree=8
num_leaves=38
num_cat=3
split_feature=31 5 15 28 21 17 21 4 20 16 26 29 27 20 16 15 3 3 26 36 8 20 0 21 20 24 0 20 21 26 3 3 3 20 25 27 36
split_gain=3.52121 2.61152 3.94083 2.36168 2.73411 0.988801 1.34247 1.15161 1.70186 1.03971 1.72644 0.861946 2.72622 2.23381 1.35185 0.836164 0.770875 0.750243 0.836875 0.725048 0.649793 0.615591 1.26362 0.605901 1.2213 0.516562 1.79632 0.68226 0.331979 0.212412 0.749737 0.205141 0.13781 0.0961931 0.0334353 0.014486 0.00749575
threshold=0 1 8405.5000000000018 16.750000000000004 469.75000000000006 3988.0000000000005 597.25000000000011 63.888450000000006 10632.250000000002 1083.2500000000002 45.250000000000007 811.00000000000011 52.000000000000007 361.75000000000006 191.50000000000003 1135.7500000000002 160.30600000000004 188.69950000000003 82.750000000000014 1448.5000000000002 10.750000000000002 2070.2500000000005 10.750000000000002 18.250000000000004 603.25000000000011 2 1.7500000000000002 28.750000000000004 190.00000000000003 7.7500000000000009 171.81900000000005 118.82450000000001 182.46900000000002 1426.7500000000002 47.707650000000008 3.2500000000000004 2616.2500000000005
decision_type=5 5 2 2 2 2 2 2 2 2 2 2 2 2 2 2 2 2 2 2 2 2 2 2 2 5 2 2 2 2 2 2 2 2 2 2 2
left_child=19 2 11 4 -4 9 7 8 15 16 23 14 13 -13 21 -7 25 18 -18 20 -1 22 -2 24 -11 26 -3 -27 32 30 -8 -22 -16 -5 -9 -10 -21
right_child=1 5 3 33 -6 6 29 34 35 10 -12 12 -14 -15 28 -17 17 -19 -20 36 31 -23 -24 -25 -26 27 -28 -29 -30 -31 -32 -33 -34 -35 -36 -37 -38
leaf_value=-0.2310568608842353 0.15164542200021919 -0.11403003683142818 0.34865894134095049 -0.037494184283980922 0 -0 -0 -0 -0 0.32528520189485138 -0.031046590198234292 -0 -0.066833698473678482 0.32253537481477784 -0.1327202277397897 -0.21847417547644299 -0.16573388046940868 0 0 0.016776797944942252 0 -0.00089408459743958051 -0.011701696574123779 0 -0 0.0011841334079595897 0.046923669417086061 0.13544580503812198 -0 -0.0082316821583933945 0.15471309768976557 -0.071440124243240505 -0 0.035416895936477191 0.037872492613084383 0.023045173208071215 -0
leaf_count=294 93 356 76 27 34 20 25 38 35 28 26 27 43 40 101 197 188 28 44 22 29 46 24 26 23 1479 170 47 25 37 20 200 20 30 20 28 34
internal_value=0 0.019046 0.191054 0.60993 0.82382 -0.0428705 -0.196235 -0.339553 -0.439145 -0 0.298789 0.00546371 0.289168 0.695168 -0.0445467 -0.59075 -0.0310015 -0.260428 -0.37878 -0.315346 -0.490603 0.104567 0.268406 0.562586 0.749255 -0 -0.106724 0.0384397 -0.286286 0 0.162945 -0.156327 -0.382678 0 0 0 0
internal_count=4000 3421 586 167 110 2835 420 338 280 2415 103 419 110 67 309 217 2312 260 232 579 523 163 117 77 51 2052 526 1526 146 82 45 229 121 57 58 63 56
cat_boundaries=0 5 6 8
cat_threshold=2217476176 1208092804 2148008997 134217776 2052 1095377584 162037816 1064994
shrinkage=0.317716


Tree=9
num_leaves=37
num_cat=6
split_feature=2 21 24 18 31 5 25 3 27 0 19 0 3 6 0 1 3 26 26 20 24 10 8 25 0 3 8 0 9 9 9 4 0 26 26 26
split_gain=2.91528 1.69011 1.36812 3.3975 1.8524 2.69801 1.24136 1.17379 1.16393 1.05552 1.68649 1.22583 0.977727 0.893634 1.04383 0.7896 0.784816 0.871532 0.760896 0.608572 0.528874 0.514691 0.435055 0.288941 0.263706 0.223022 0.120134 0.0971704 0.096998 0.230101 0.053015 0.0445087 0.0369527 0.418126 0.104261 0.0253353
threshold=0 8285.5000000000018 1 296.50000000000006 2 3 52.425150000000009 187.09500000000003 3.2500000000000004 4.7500000000000009 33041.500000000007 12.250000000000002 114.3875 31.750000000000004 9.2500000000000018 4 190.82450000000003 241.75000000000003 7.7500000000000009 10632.250000000002 5 18.250000000000004 127.75000000000001 60.487000000000009 1.7500000000000002 190.82450000000003 427.00000000000006 22.750000000000004 256.75000000000006 9.2500000000000018 7.7500000000000009 40.077650000000006 3.2500000000000004 31.750000000000004 34.000000000000007 223.75000000000003
decision_type=5 2 5 2 5 5 2 2 2 2 2 2 2 2 2 1 2 2 2 2 5 2 2 2 2 2 2 2 2 2 2 2 2 2 2 2
left_child=1 6 3 12 8 9 16 15 13 20 11 -11 27 14 -4 19 17 26 -8 -7 35 -20 28 -10 -22 -23 -1 32 29 30 -5 -12 34 -34 -2 -6
right_child=2 -3 4 22 5 7 18 -9 23 10 31 -13 -14 -15 -16 -17 -18 -19 21 -21 24 25 -24 -25 -26 -27 -28 -29 -30 -31 -32 -33 33 -35 -36 -37
leaf_value=-0.19267582835209224 -0 0.038903322815781703 0.20004293876584608 0.039027790903850966 -0.1205148319076489 -0.20473841323141878 0.13029891319518053 0 -0.093263381537751336 0.093780901235866437 0 -0.047181969085283326 -0.13666572491142995 -0 -0 -0 -0 0 0 -0 0.0076285886995630546 -0.15088479628543228 0 0 -0.066221957576302462 -0 -0 0.064377734653161739 0.0070082719117318644 0.2395905256716106 -0 0.23609148474237618 0 -0.11130505119843408 0.033429017738921887 -0
leaf_count=485 119 26 102 25 262 281 26 20 49 249 20 228 56 41 24 34 91 21 25 52 1010 91 20 22 115 21 32 24 33 88 25 26 57 46 134 20
internal_value=0 -0.235746 0.0296077 0.16228 -0.0140942 -0.0713885 -0.370949 -0.310381 0.193275 0.00227384 0.171043 0 -0.00317805 0.401215 0.497859 -0.493807 -0.461783 -0.532769 -0 -0.568629 -0.0506445 -0.187186 0.490032 -0 0 -0.355955 -0.579344 0.0379252 0.534099 0.622311 0.017887 0.597517 0 -0.0511351 0.0349329 -0.182373
internal_count=4000 818 3182 627 2555 2317 792 387 238 1930 523 477 436 167 126 367 629 538 163 333 1407 137 191 71 1125 112 517 380 171 138 50 46 356 103 253 282
cat_boundaries=0 3 5 8 9 10 12
cat_threshold=1141523676 318775322 576 1091909 18464 285270272 1120 130 8715 1 1092616248 2
shrinkage=0.317716


Tree=10
num_leaves=40
num_cat=4
split_feature=31 14 28 25 29 28 5 34 11 11 0 28 4 28 29 4 4 8 11 25 4 10 23 0 20 10 16 25 0 4 25 19 10 25 25 10 10 36 6
split_gain=1.9341 1.28636 1.89043 1.28429 2.15853 2.85897 1.52053 1.24946 1.22626 1.20871 1.51439 1.56199 1.14065 1.09242 0.898517 0.796773 1.25978 0.664873 0.399105 0.431022 0.377777 0.314769 0.486791 0.297272 0.291302 0.237158 0.214295 0.163835 0.107141 0.0803881 0.130849 0.0764994 0.280481 0.0394972 0.229177 0.0143076 0.0136551 0.006274 0.00268208
threshold=0 1759.0000000000002 6.2500000000000009 52.425150000000009 127.00000000000001 48277.750000000007 1 2 82.750000000000014 1128.2500000000002 7.7500000000000009 1567.0000000000002 56.939050000000009 3573.2500000000005 1989.2500000000002 49.36845000000001 38.418000000000006 80.500000000000014 9798.2500000000018 62.694300000000005 47.981350000000006 251.50000000000003 3 16.750000000000004 6.2500000000000009 21.250000000000004 35025.250000000007 33.969400000000007 22.750000000000004 54.761300000000006 65.709600000000009 73036.750000000015 1.7500000000000002 46.820100000000004 35.997850000000007 12.250000000000002 295.75000000000006 32.500000000000007 36.250000000000007
decision_type=5 2 2 2 2 2 5 5 2 2 2 2 2 2 2 2 2 2 2 2 2 2 1 2 2 2 2 2 2 2 2 2 2 2 2 2 2 2 2
left_child=1 2 21 6 18 -6 7 13 31 12 11 -11 14 -2 23 16 -15 20 19 24 -10 22 25 -8 -5 35 -4 -3 -16 30 -21 32 -9 34 -24 -1 -23 -7 -12
right_child=3 27 26 4 5 37 9 8 17 10 38 -13 -14 15 28 -17 -18 -19 -20 29 -22 36 33 -25 -26 -27 -28 -29 -30 -31 -32 -33 -34 -35 -36 -37 -38 -39 -40
leaf_value=-0.020262399934389039 -0.13851452615966151 -0 -0.24800575046890661 -0 0.28444286319023954 0.010999883066281439 -0.011603018088728644 0 0.037815653485430673 -0.23487386722067805 -0 0 0.16511024496647758 -0 -0.10587835801519684 -0.063945157616276616 0.22235869389551344 0 0.07444252027371881 0.077144366739065093 0.21672075571955077 0.01811659390675123 -0 0.043355005530178362 -0.13373339576929641 -0.10618233915106844 -0 0.060316370574102642 0 -0 -0 0.034513266951242266 -0.068034647149030028 -0 0.099561286840737437 0 -0 -0 0.0081349986254412171
leaf_count=57 80 28 244 147 109 29 1376 42 99 115 25 20 33 21 289 33 20 50 33 32 88 57 22 112 71 213 46 26 23 21 71 46 80 59 29 37 23 74 20
internal_value=0 -0.181746 -0.303521 0.0305747 0.204898 0.471231 -4.53596e-05 0.12766 0.223938 -0.0718606 -0.342736 -0.577848 -0.0198699 -0.0719375 -0.0533229 0.0180875 0.350391 0.408506 -0 -0.0937882 0.486046 -0.095166 -0.155093 -0 -0.231128 -0.248869 -0.67618 0.0479593 -0.306395 0 0.119106 -0 -0.057263 0 0.0988775 -0 0 0 0
internal_count=4000 841 787 3159 587 212 2572 559 405 2013 180 135 1833 154 1800 74 41 237 375 342 187 497 417 1488 218 307 290 54 312 124 103 168 122 110 51 94 80 103 45
cat_boundaries=0 5 6 7 8
cat_threshold=2233862484 1209141412 2147492901 134217761 2052 1078489752 65 2
shrinkage=0.317716


Tree=11
num_leaves=36
num_cat=4
split_feature=24 0 31 8 2 15 6 34 0 25 20 0 10 25 15 10 29 0 0 35 0 18 20 36 25 19 8 15 10 20 19 19 20 13 20
split_gain=1.87521 2.81597 2.26448 1.52151 1.38133 2.24015 1.34459 1.28075 1.59257 1.19562 1.21796 1.04251 1.00132 0.960826 1.61005 1.21777 2.28775 0.892275 1.8372 0.743785 0.690855 0.615304 0.566297 0.72163 0.36721 0.305431 0.299804 0.272041 0.210092 0.263914 0.144111 0.120205 0.168783 0.0962054 0.00772349
threshold=0 4.7500000000000009 1 127.75000000000001 2 1719.2500000000002 37.750000000000007 3 6.2500000000000009 34.977700000000006 470.50000000000006 16.750000000000004 1.7500000000000002 46.494150000000012 877.75000000000011 19.750000000000004 4081.0000000000005 12.250000000000002 10.750000000000002 4.7500000000000009 7.7500000000000009 88174.750000000015 3.2500000000000004 112.00000000000001 44.80530000000001 133228.00000000003 51.250000000000007 40260.250000000007 3.2500000000000004 2070.2500000000005 70985.500000000015 47546.500000000007 7.7500000000000009 12.250000000000002 1.7500000000000002
decision_type=5 2 5 2 5 2 2 5 2 2 2 2 2 2 2 2 2 2 2 2 2 2 2 2 2 2 2 2 2 2 2 2 2 2 2
left_child=1 3 13 12 7 22 9 11 19 10 -7 17 34 14 28 -15 -17 18 -4 24 -3 -11 -6 -24 -9 27 30 -16 -2 -30 -8 32 -22 -27 -1
right_child=2 20 4 -5 5 6 26 8 -10 21 -12 -13 -14 15 25 16 -18 -19 -20 -21 31 -23 23 -25 -26 33 -28 -29 29 -31 -32 -33 -34 -35 -36
leaf_value=-0.044477823293680857 -0 0.12852541700022357 -0.020022526520712281 0 0 0.12605483184409844 0 0 -0.024068356159470779 -0.18818526576715147 -0.051529628798374666 0.085222784750511385 -0.24257975220835071 -0 -0.085612511609701167 0.28919651801906654 -0 -0.14536122566565826 0.23913633470085896 -0 -0 -0 -0.19260046219403656 0 0.21266544935382697 0.044429827672148946 0 0 0.16853554326055958 0 0.1326349911549668 0.0066879090152101011 -0.092204108031896215 -0 -0
leaf_count=328 21 71 1284 37 37 91 20 24 25 138 167 81 296 29 90 63 29 111 32 32 132 29 244 32 159 36 45 30 53 27 27 22 72 50 36
internal_value=0 -0.185519 0.0310597 -0.438817 -0.0235394 -0.144168 -0 0.0392707 0.239075 -0.159121 0 -0.00772393 -0.522001 0.214511 0.0990162 0.522178 0.668225 -0.0646052 -0.0131204 0.529749 0.0530306 -0.423316 -0.47265 -0.533781 0.620298 -0.0398691 0.230873 -0.178847 0.38322 0.420818 0.35551 -0 -0.109792 0 -0.131996
internal_count=4000 994 3006 697 2578 830 517 1748 240 425 258 1508 660 428 307 121 92 1427 1316 215 297 167 313 276 183 206 92 120 101 80 47 226 204 86 364
cat_boundaries=0 2 5 8 9
cat_threshold=1105740697 537927692 59875328 276825184 67113730 20981765 67117090 16 4490275
shrinkage=0.317716


Tree=12
num_leaves=34
num_cat=1
split_feature=24 20 21 26 32 20 32 28 26 35 0 29 21 3 17 11 32 4 20 26 3 4 22 0 3 28 0 32 26 0 0 13 26
split_gain=1.23883 2.09618 1.24097 1.29839 2.23296 1.011 0.616592 0.484812 0.875322 1.50239 1.74631 0.741279 0.76316 0.805 0.607208 0.49321 0.663002 0.905194 0.443649 0.41249 0.40654 0.370744 0.360704 0.252501 0.24821 0.24574 0.262106 0.103114 0.103076 0.25412 0.318677 0.00280062 0.00274902
threshold=0 36.250000000000007 412.00000000000006 1.7500000000000002 64.750000000000014 8403.2500000000018 226.75000000000003 226.75000000000003 64.750000000000014 6.2500000000000009 3.2500000000000004 34641.250000000007 190.00000000000003 132.11300000000003 466.00000000000006 256398.50000000003 119.50000000000001 46.693500000000007 379.75000000000006 85.750000000000014 181.87800000000001 42.829550000000005 26.500000000000004 19.750000000000004 190.82450000000003 10891.000000000002 4.7500000000000009 102.25000000000001 15.250000000000002 9.2500000000000018 4.7500000000000009 12.250000000000002 593.50000000000011
decision_type=5 2 2 2 2 2 2 2 2 2 2 2 2 2 2 2 2 2 2 2 2 2 2 2 2 2 2 2 2 2 2 2 2
left_child=1 21 7 27 -5 6 20 8 15 10 -10 12 13 23 19 16 18 -18 -2 -13 -3 25 -16 -9 -15 28 -27 31 -1 30 -30 -4 -21
right_child=2 5 3 4 -6 -7 -8 11 9 -11 -12 14 -14 24 22 -17 17 -19 -20 32 -22 -23 -24 -25 -26 26 -28 -29 29 -31 -32 -33 -34
leaf_value=-0.025477507312948462 -0.0100761976349143 -0.20647429604888901 -0 0.29856171445880436 -0 0 0 -0.043589192941131644 0.25750651795014956 -0 -0 0.17573499804062931 0.0083339887892527505 -0.17588496255524769 -0.1133049886403661 0.10299887558924398 0 -0.18367386170940608 0.032725773014161547 -0 -0 0.11134622921707858 0 0.026966176619109015 -0 -0.11668474047771762 0 0.030119035954639783 0 -0 0.12846925387056582 -0.040903168613274275 0.008235093530439842
leaf_count=73 1395 321 25 29 33 35 22 266 51 38 22 31 24 188 38 27 51 66 431 61 83 61 22 40 21 130 46 30 197 47 45 30 21
internal_value=0 -0.151377 0.0252499 0.269662 0.513049 -0.438472 -0.513743 -0 0.0279033 0.274116 0.558431 -0.100234 -0.208611 -0.282067 0.023332 0 -0.0117209 -0.263713 0 0.239418 -0.569729 0 -0.120228 -0.00972989 -0.505968 -0.0216902 -0.214644 -0 0 0.0761678 0.167273 -0.0960062 0
internal_count=4000 1060 2940 147 62 461 426 2793 2081 111 73 712 539 515 173 1970 1943 117 1826 113 404 599 60 306 209 538 176 85 362 289 242 55 82
cat_boundaries=0 2
cat_threshold=1103643321 537935900
shrinkage=0.317716


Tree=13
num_leaves=34
num_cat=3
split_feature=30 31 15 30 18 0 15 9 12 10 13 11 10 15 25 13 0 25 11 9 10 25 8 0 0 15 12 32 18 13 32 16 0
split_gain=6.91339 4.15371 2.67844 2.17565 1.9659 1.5524 1.532 1.58966 1.47937 1.78619 1.75297 1.24829 1.15575 1.24467 1.55631 0.742627 0.834114 0.69182 0.656174 0.433368 0.90601 0.281801 0.317838 0.27428 0.18171 0.166962 0.158888 0.123787 0.0795001 0.0693614 0.0543558 0.446329 0.0127967
threshold=0 1 6790.0000000000009 2 73261.750000000015 18.250000000000004 858.25000000000011 37.750000000000007 10.750000000000002 4.7500000000000009 311.50000000000006 1128.2500000000002 25.750000000000004 123650.00000000001 56.13235000000001 25.750000000000004 9.2500000000000018 40.797650000000012 41.500000000000007 669.25000000000011 613.00000000000011 60.487000000000009 83.500000000000014 21.250000000000004 6.2500000000000009 23382.250000000004 28.000000000000004 53.500000000000007 2.5000000000000004 1.7500000000000002 4.7500000000000009 1283.5000000000002 15.250000000000002
decision_type=5 5 2 5 2 2 2 2 2 2 2 2 2 2 2 2 2 2 2 2 2 2 2 2 2 2 2 2 2 2 2 2 2
left_child=2 12 6 15 -4 8 7 24 9 18 -11 -8 21 14 19 16 30 -6 -5 20 -14 22 25 29 -1 -2 -10 -17 -25 -7 31 -3 -26
right_child=1 3 4 5 17 23 11 -9 26 10 -12 -13 13 -15 -16 27 -18 -19 -20 -21 -22 -23 -24 28 32 -27 -28 -29 -30 -31 -32 -33 -34
leaf_value=0.13228834254205368 -0.10818554157304364 0.066028213148620479 -0.14665626147041524 -0.067546512449403406 0.17303490505694366 0.069100164560171554 0.36854715931802767 -0.058193019329485139 0.051650556954224207 -0.1870077602467636 0 0 0.2652251444760505 -0 -0 -0.082850233560749456 -0.034143669009452822 -0 0.018062788101353262 0 -0 0.072960836693628239 0 0 -0 0 -0 0 -0.06418969516789394 0 0.18702188270429659 -0 0.019116773075972142
leaf_count=315 92 274 95 1326 32 55 53 41 37 708 66 27 115 59 50 58 63 21 22 31 42 22 33 67 67 20 29 25 29 23 24 44 35
internal_value=0 -0.103579 0.28734 -0.177683 -0.0107741 -0.24058 0.464065 0.275691 -0.303486 -0.337676 -0.517796 0.899139 0.184874 0.383002 0.509522 0.0440836 0.170379 0.302789 -0.178846 0.639164 0.741638 -0 -0.120427 0 0.363799 -0.260758 0 -0.150288 -0.0724088 0.166392 0.263156 0.118543 0
internal_count=4000 3314 686 2850 148 2362 538 458 2188 2122 774 80 464 297 238 488 405 53 1348 188 157 167 145 174 417 112 66 83 96 78 342 318 102
cat_boundaries=0 9 13 18
cat_threshold=8912896 1970176 402653184 17563906 83890692 16779392 2048 65792 1048576 43696128 1054016 2150367490 33554433 50397185 270540800 34373642 520 1074806832
shrinkage=0.317716


Tree=14
num_leaves=25
num_cat=5
split_feature=30 30 20 0 5 30 15 20 33 11 20 6 27 0 11 35 0 32 30 14 0 18 11 9
split_gain=6.04667 2.40953 1.96387 1.25374 1.07591 1.84899 1.82412 1.34036 1.11042 1.02689 1.01569 1.81597 0.8711 0.794778 0.768196 0.725429 0.688846 0.614528 0.565641 0.559632 0.416352 0.210278 0.196124 0.0907306
threshold=0 1 3283.7500000000005 19.750000000000004 2 3 1719.2500000000002 1525.0000000000002 3.2500000000000004 7.0000000000000009 361.75000000000006 30.250000000000004 22.750000000000004 10.750000000000002 94.000000000000014 6.2500000000000009 1.7500000000000002 139.75000000000003 4 934.00000000000011 22.750000000000004 733.00000000000011 64.000000000000014 16.750000000000004
decision_type=5 5 2 2 5 5 2 2 2 2 2 2 2 2 2 2 2 2 5 2 2 2 2 2
left_child=17 2 3 14 16 7 13 10 9 -8 18 -12 -9 15 22 -7 -3 20 -6 -4 -1 -15 -2 -5
right_child=1 4 19 23 5 6 8 12 -10 -11 11 -13 -14 21 -16 -17 -18 -19 -20 -21 -22 -23 -24 -25
leaf_value=-0.21585568237557307 -0.062842845899557173 -0.099060518710812187 0.13657206318200527 0.04704502440535873 0.014041453173452935 0.067178941701389105 -0 -0.20896687302928005 -0 0.16186750849936712 0.23640160374526847 -0 0 0 -0.22368880159931157 -0.0045460946488440719 0 -0 -0.05264375156412484 -0 -0 -0.087449394882323089 0 -0
leaf_count=648 600 118 46 47 225 808 34 50 44 379 43 28 21 201 157 159 30 51 179 20 27 30 30 25
internal_value=0 0.0588401 -0.133524 -0.282737 0.115979 0.144601 0.207824 -0.0315494 0.406696 0.470835 0.0165645 0.383291 -0.433213 0.105 -0.367796 0.165396 -0.0886955 -0.405415 -0.0340941 0.252817 -0.646684 -0.035108 -0.163448 0.00755889
internal_count=4000 3274 925 859 2349 2201 1655 546 457 413 475 71 71 1198 787 967 148 726 404 66 675 231 630 72
cat_boundaries=0 7 13 14 20 26
cat_threshold=72384800 71320979 8537088 8321 571473920 8388610 4 2281793672 446767104 1081876484 2415919632 24592 536870912 526592 41943569 1054724 36898 8 1090523680 2147483776 8389121 0 32768 8 1090519552 2147483648
shrinkage=0.317716


Tree=15
num_leaves=35
num_cat=6
split_feature=31 2 34 25 28 26 26 13 22 27 14 25 10 5 18 10 10 26 32 32 3 5 32 9 26 3 28 10 34 27 28 10 18 26
split_gain=1.6485 0.959621 0.870096 1.18382 2.5348 0.906041 0.868973 1.55712 1.19292 0.776825 0.677977 0.73811 0.585221 0.581337 1.05159 0.781545 0.525563 0.524469 0.370232 0.304346 0.143014 0.0656362 0.294101 0.0594195 0.054911 0.0505427 0.0477195 0.0415138 0.0149973 0.00924559 0.257838 0.00662838 0.00270165 0.000557108
threshold=0 1 2 40.797650000000012 337.00000000000006 254.50000000000003 4.0000000000000009 253.75000000000003 130.00000000000003 91.750000000000014 2460.2500000000005 34.469850000000008 171.25000000000003 3 7096.7500000000009 12.250000000000002 30.250000000000004 18.250000000000004 253.00000000000003 60.250000000000007 172.10450000000003 4 175.75000000000003 39.250000000000007 4.0000000000000009 145.02550000000002 431955.50000000006 295.75000000000006 5 10.750000000000002 53494.000000000007 12.250000000000002 16073.500000000002 10.750000000000002
decision_type=5 5 5 2 2 2 2 2 2 2 2 2 2 5 2 2 2 2 2 2 2 5 2 2 2 2 2 2 5 2 2 2 2 2
left_child=10 2 5 21 -5 17 13 8 9 18 11 12 16 14 20 23 31 33 -8 -17 -3 28 25 -15 -13 -23 -19 -14 -4 -6 -31 -1 -21 -2
right_child=1 6 3 4 29 -7 7 -9 -10 -11 -12 24 27 15 -16 19 -18 26 -20 32 -22 22 -24 -25 -26 -27 -28 -29 -30 30 -32 -33 -34 -35
leaf_value=-0.01193665252994296 -0.0029304646703400515 0.17045739915259212 0.0035371449552053943 0.26538797364223177 -0.0034596146474362476 0.0042188650022325427 0.15540228678779464 -0.041927335002372702 -0.011804451518763999 -0 0 -0 0.03932436482819264 -0 -0 -0.10755106641716716 -0.1249671459344877 -0.10861867318003762 -0 0 0 -0 0 0.063213637745485954 -0.16165236563307536 -0.092204154926778054 -0 -0 -0.0070644795192649594 0.059244722186222787 -0 0 -0.0074349673349530798 0
leaf_count=73 105 59 929 57 123 69 323 52 21 30 23 22 59 28 59 125 198 494 25 37 20 26 23 20 389 86 52 60 121 111 41 60 28 52
internal_value=0 0.0255694 -0.0204993 0.0294016 0.265435 -0.129907 0.117573 0.25546 0.355279 0.419605 -0.182808 -0.277998 -0.0720189 0 0.125366 -0.0777054 -0.207163 -0.248879 0.463704 -0.23471 0.465989 -0.0134389 -0.0626956 0.129983 -0.484768 -0.249606 -0.330596 0.0620344 0 0 0.0311299 -0 -0 -0
internal_count=4000 3116 2289 1517 332 772 827 451 399 378 884 861 450 376 138 238 331 703 348 190 79 1185 135 48 411 112 546 119 1050 275 152 133 65 157
cat_boundaries=0 5 8 9 10 11 12
cat_threshold=2503346256 1744836740 2148017191 33 2052 136329 306184220 592 115249 524328 8225 1026
shrinkage=0.317716


Tree=16
num_leaves=28
num_cat=7
split_feature=30 30 2 22 30 15 11 30 0 8 29 4 8 0 28 0 8 13 8 0 28 16 0 24 0 23 13
split_gain=4.5756 2.04364 2.6656 2.06647 1.71494 1.1425 1.08402 1.12054 0.849964 0.743625 1.16217 0.632766 0.790379 0.622929 0.598316 0.528574 0.489291 0.467435 0.581636 0.663756 0.454933 0.37451 0.345107 0.311736 0.117314 0.334692 0.0553718
threshold=0 1 2 10.750000000000002 3 52793.500000000007 16.750000000000004 4 16.750000000000004 24.250000000000004 986.50000000000011 34.840150000000001 54.250000000000007 6.2500000000000009 6.2500000000000009 18.250000000000004 43.000000000000007 311.50000000000006 127.75000000000001 22.750000000000004 75163.750000000015 41659.750000000007 6.2500000000000009 5 12.250000000000002 6 25.750000000000004
decision_type=5 5 5 2 5 2 2 5 2 2 2 2 2 2 2 2 2 2 2 2 2 2 2 5 2 1 2
left_child=17 3 5 11 13 15 7 8 -6 10 -8 22 -13 16 -9 21 20 18 19 -1 -4 -3 -2 -11 25 -15 -5
right_child=1 2 4 26 6 -7 9 14 -10 23 -12 12 -14 24 -16 -17 -18 -19 -20 -21 -22 -23 -24 -25 -26 -27 -28
leaf_value=-0.2681957008394647 0.062094277323273224 -0.19802838437518536 -0.17010630860252995 -0 -0.083477616848894709 0 0.130681553374458 0.074625509011966004 0 -0.0092811085436005636 -0 0.19541646223538417 -0 -0 -0 0 0 0 -0 0 0 -0 -0 0.037663416526136313 -0.038393737462547428 0.11442354969483942 -0.10393657761982256
leaf_count=603 188 376 290 22 446 48 220 396 113 163 69 142 34 34 372 23 47 35 34 25 32 49 43 118 27 30 21
internal_value=0 0.0317409 -0.0146522 0.211679 0.0350098 -0.27587 0.0863056 0 -0.111742 0.197363 0.312485 0.354429 0.537553 -0.177437 0.108992 -0.485321 -0.374535 -0.41516 -0.727308 -0.783625 -0.455435 -0.529134 0.125553 0.0178592 0 0.133668 -0.246278
internal_count=4000 3303 2853 450 2357 496 1897 1327 559 570 289 407 176 460 768 448 369 697 662 628 322 425 231 281 91 64 43
cat_boundaries=0 7 16 19 25 29 31 32
cat_threshold=105955584 67126675 12731392 8321 570433536 536870914 4 524288 1572872 402653184 17563648 83890692 16777344 2048 65792 1048576 1678983376 293609536 1 688 176230400 1074045218 16 16400 8388608 2155880454 141828 0 2147483650 65538 32 1
shrinkage=0.317716


Tree=17
num_leaves=30
num_cat=4
split_feature=30 5 30 30 6 9 3 21 9 3 32 6 21 6 28 14 4 19 17 9 36 35 4 8 35 32 3 14 15
split_gain=2.51723 1.15992 3.35413 2.39693 2.37781 1.48177 1.13102 1.07399 0.801265 0.655543 0.691349 0.661622 0.648359 0.590201 0.572363 0.542096 0.334378 0.280007 0.983115 0.259862 0.346738 0.359636 0.213061 0.162215 0.136193 0.111915 0.0945891 0.0535304 0.0484312
threshold=0 1 2 3 4.0000000000000009 343.75000000000006 133.64600000000004 33.250000000000007 15.250000000000002 171.30450000000005 127.00000000000001 33.250000000000007 13.750000000000002 43.750000000000007 1223.5000000000002 2470.7500000000005 34.913550000000008 2914.7500000000005 7826.5000000000009 18.250000000000004 403.75000000000006 6.2500000000000009 62.697800000000008 27.250000000000004 10.750000000000002 24.250000000000004 160.97900000000001 190.00000000000003 54716.500000000007
decision_type=5 5 5 5 2 2 2 2 2 2 2 2 2 2 2 2 2 2 2 2 2 2 2 2 2 2 2 2 2
left_child=13 2 7 4 8 6 22 28 -3 19 11 -11 16 15 23 24 -8 -6 -19 20 21 -4 -5 -7 -1 -9 -21 -28 -2
right_child=1 3 9 5 17 14 12 25 -10 10 -12 -13 -14 -15 -16 -17 -18 18 -20 26 -22 -23 -24 -25 -26 -27 27 -29 -30
leaf_value=-0.18322438219498188 -0.094054458900596355 0 0.058518242296388717 -0 -0.09800366131866714 0.10452573452944927 0 0.049062249779143578 0.29921171650239248 0.19018040715749712 0 0 -0.20359157360588928 0 -0.05659760830341945 0 -0.07261624513289798 0.15320014860216669 -0.046826142377352262 -0.035453897959472354 -0 -0 0.08841931331012734 0 -0 -0 -0 0.03938852493406627 -0
leaf_count=629 577 26 1059 48 24 34 32 36 34 114 49 33 207 28 35 20 458 27 27 61 143 72 20 29 62 25 49 20 22
internal_value=0 0.0221704 0.0755812 -0.0790994 0.184206 -0.193889 -0.33048 -0.148441 0.748086 0.169852 0.382032 0.488499 -0.392216 -0.274989 0.0146965 -0.442369 -0.178001 -0 0.023512 0.120321 0.14084 0.164868 0 0.238001 -0.490094 0.0301518 -0 0.0542613 -0.285569
internal_count=4000 3261 2260 1001 138 863 765 660 60 1600 196 147 697 739 98 711 490 78 54 1404 1274 1131 68 63 691 61 130 69 599
cat_boundaries=0 6 7 13 19
cat_threshold=68258088 67126674 11682816 139393 570425376 536870914 550035 2151702660 176166925 1073750304 2147483648 17834500 8388736 2147483652 4096 256 2147483648 16777220 128
shrinkage=0.317716


Tree=18
num_leaves=37
num_cat=5
split_feature=30 17 24 19 25 16 16 8 19 30 20 30 22 17 6 26 10 4 18 20 6 9 26 8 12 19 25 17 3 10 3 13 4 10 30 10
split_gain=1.85729 1.57704 1.97422 1.66748 1.39915 1.04591 0.946761 1.34744 0.963701 0.967529 1.10586 0.840501 0.8252 0.815642 0.809001 0.769726 0.763018 0.593373 0.565433 0.773527 0.545175 0.522578 0.398271 0.38713 0.347084 0.319117 0.309815 0.260989 0.226167 0.193714 0.0988916 0.0653733 0.055708 0.0418955 0.0297822 0.0213818
threshold=0 42511.750000000007 1 262.75000000000006 47.298850000000009 42329.500000000007 2902.0000000000005 3.2500000000000004 700.75000000000011 2 1.7500000000000002 3 6.2500000000000009 62937.250000000007 42.250000000000007 1.7500000000000002 64.750000000000014 50.937650000000005 43389.250000000007 304.75000000000006 25.000000000000004 932.50000000000011 130.75000000000003 92.500000000000014 4.7500000000000009 62.500000000000007 53.336500000000008 132159.00000000003 179.50650000000002 18.250000000000004 176.28800000000004 520.75000000000011 18.170800000000003 25.750000000000004 4 3.2500000000000004
decision_type=5 2 5 2 2 2 2 2 2 5 2 5 2 2 2 2 2 2 2 2 2 2 2 2 2 2 2 2 2 2 2 2 2 2 5 2
left_child=6 2 3 11 12 22 8 -8 9 10 34 32 -3 -6 23 -4 26 29 19 -18 33 -14 31 24 -10 -11 28 -15 -17 -9 -19 -5 -2 -13 -1 -28
right_child=1 4 15 5 13 -7 7 17 14 25 -12 20 21 27 -16 16 18 30 -20 -21 -22 -23 -24 -25 -26 -27 35 -29 -30 -31 -32 -33 -34 -35 -36 -37
leaf_value=-0.012118533990875964 0.055830231387678737 -0 0.13032695939434202 -0.18744397471204235 0.0027320149562047066 0 -0.11412005292208612 0 0.15476161485920067 0.074453574838092049 -0.16996675655254817 -0.090057550727035779 0.19093014017675028 -0.17701162322017536 -0 -0.088182199962715424 -0 0.13968367638618706 -0 0.16234488933345087 0 0 -0 -0 0 -0 0.018379697958147506 -0 0 -0.068072240190337946 0 -0 -0 -0 0.005348699155859578 -0.0046692880423784954
leaf_count=114 194 69 42 637 32 40 113 22 154 268 62 847 53 28 31 291 46 23 35 66 38 21 47 24 44 21 104 21 23 37 29 35 20 35 287 47
internal_value=0 -0.1004 -0.167077 -0.24606 0.111994 -0.476501 0.0764152 -0.0723513 0.139378 0.041905 -0.0612696 -0.0945373 0.338739 -0.12055 0.324483 0.0342657 -0 0.0916403 0.199149 0.348924 -0.164587 0.485631 -0.534311 0.387784 0.427921 0.152553 -0.137584 -0.413404 -0.227506 -0 0.326382 -0.574342 0.0775605 -0.267979 0 0
internal_count=4000 2771 2547 1893 224 759 1229 224 1005 752 463 1134 143 81 253 654 612 111 147 112 920 74 719 222 198 289 465 49 314 59 52 672 214 882 401 151
cat_boundaries=0 9 11 16 21 24
cat_threshold=8921614 788492 402653440 2165047552 83890692 16777216 2048 65792 1048576 1101578922 52 8921094 526340 256 0 4096 152043520 4198400 0 268435456 1074806784 8912896 2052 256
shrinkage=0.317716


Tree=19
num_leaves=29
num_cat=5
split_feature=30 5 30 15 30 20 29 15 26 27 4 16 4 8 26 14 8 14 36 12 30 14 27 20 29 11 10 20
split_gain=1.8044 0.771883 2.62555 1.10442 2.19287 2.05024 1.33608 1.30651 1.16165 1.09762 0.859988 0.6154 0.613466 0.447209 0.838229 0.949968 0.446811 0.342094 0.293411 0.285392 0.278472 0.223947 0.161486 0.110229 0.0437194 0.0192808 0.00843334 0.00272078
threshold=0 1 2 4373.5000000000009 3 1471.7500000000002 1566.2500000000002 137698.00000000003 19.750000000000004 13.750000000000002 44.037000000000006 20340.250000000004 59.582650000000008 16.750000000000004 82.750000000000014 1.7500000000000002 127.75000000000001 4.7500000000000009 208702.00000000003 3.2500000000000004 4 243.25000000000003 52.000000000000007 361.75000000000006 140871.00000000003 176.50000000000003 52.750000000000007 108.25000000000001
decision_type=5 5 5 2 5 2 2 2 2 2 2 2 2 2 2 2 2 2 2 2 5 2 2 2 2 2 2 2
left_child=12 2 11 4 10 20 7 19 -7 13 -4 -2 18 14 15 25 24 27 -1 -5 -6 23 -8 -19 -11 -3 -16 -15
right_child=1 9 3 6 5 8 22 -9 -10 16 -12 -13 -14 17 26 -17 -18 21 -20 -21 -22 -23 -24 -25 -26 -27 -28 -29
leaf_value=-0.21149610199956417 -0.10221378359489357 -0.014742562885456393 0.045702897488070847 0.19155995348166391 -0.019378082538225573 -0.23401213893220407 -0.067902179524309714 -0 0 -0.16946572072000241 0.21076474416446384 0 0 0 0.03682345053117634 -0.16536361720661988 0 -0 -0 0 0.018306992018010403 -0 0 0.080588848291473558 -0 0 0 -0.010449239328613549
leaf_count=544 420 190 413 151 308 51 28 25 36 191 69 20 96 34 25 119 43 22 67 25 793 50 34 113 25 36 20 52
internal_value=0 0.0128061 0.0540892 0.119366 0.0636154 -0.035415 0.324818 0.440246 -0.48362 -0.074042 0.240899 -0.186586 -0.28567 -0 -0.112324 -0.248432 -0.371454 0.0862052 -0.608223 0.535239 0.00772309 0.164978 -0 0.226381 -0.472912 -0 0.0902732 -0
internal_count=4000 3293 2373 1933 1670 1188 263 201 87 920 482 440 707 661 390 345 259 271 611 176 1101 185 62 135 216 226 45 86
cat_boundaries=0 7 8 14 19 24
cat_threshold=68190592 75515282 15877124 268443649 570425344 545259522 4 4744851 2151696416 167778317 1073750304 2147614976 16785920 16777344 151003649 22020096 269221888 17039360 1073762308 4 204800 32770 2 16
shrinkage=0.317716


Tree=20
num_leaves=35
num_cat=7
split_feature=31 24 17 2 24 27 21 20 0 17 11 36 28 0 11 0 0 0 0 0 28 23 27 28 23 11 11 6 0 23 16 19 0 27
split_gain=1.0416 0.706817 0.820715 0.681177 0.650553 0.612824 0.58545 0.519789 0.45306 0.947865 0.640428 0.582872 0.538754 0.44766 0.285608 0.278588 0.216825 0.428115 0.315015 0.246904 0.216846 0.185796 0.183101 0.307722 0.164677 0.106903 0.066743 0.219797 0.0643361 0.035569 0.0345602 0.0171333 0.00639205 0.00366658
threshold=0 1 1866.2500000000002 2 3 66.250000000000014 574.00000000000011 361.75000000000006 7.7500000000000009 17.500000000000004 152.50000000000003 112.00000000000001 81757.750000000015 22.750000000000004 66841.750000000015 15.250000000000002 12.250000000000002 16.750000000000004 10.750000000000002 9.2500000000000018 9895.0000000000018 4 112.00000000000001 6.2500000000000009 5 7.0000000000000009 15244.000000000002 37.750000000000007 21.250000000000004 6 22542.250000000004 1448.5000000000002 18.250000000000004 1.7500000000000002
decision_type=5 5 2 5 5 2 2 2 2 2 2 2 2 2 2 2 2 2 2 2 2 1 2 2 1 2 2 2 2 1 2 2 2 2
left_child=3 2 -2 4 16 7 8 -5 9 21 -10 12 -11 22 25 -12 18 -18 19 20 -1 -3 23 33 -4 -9 -8 -28 32 -17 -29 -23 -19 -6
right_child=1 6 24 5 13 -7 26 14 10 11 15 -13 -14 -15 -16 29 17 28 -20 -21 -22 31 -24 -25 -26 -27 27 30 -30 -31 -32 -33 -34 -35
leaf_value=0.02828955686530682 0.16483946175238259 0.024498783633928153 0 0 -0.0083755144059156801 -0 0.04373081618114228 0 -0.1239263066734249 -0.14454981161702216 0.066227253556198643 -0 0 0 0 -0.028703273088034095 -0.10121830761627836 0 0.14819606682903175 -0.050912526781832057 -0 -0.063291875944332887 0 -0.10866541109340738 -0.076307929168274488 0.14845158487908136 -0.067090075233698448 -0 -0 0 0.026974072618528924 -0 0.039553227264059271 0
leaf_count=1109 61 139 25 141 124 37 33 25 104 538 84 87 22 36 27 31 97 28 29 41 144 57 58 412 50 113 37 20 30 33 22 34 20 152
internal_value=0 -0.105957 0.0765698 0.0323032 -0 0.152199 -0.147366 0.264182 -0.211273 -0.266093 -0 -0.358861 -0.415436 -0.11223 0.358804 0.0611685 0.0394804 -0.0203036 0.072239 0.0386236 0.0636742 -0 -0.199023 -0.221172 -0 0.417383 0 -0 0 -0 0 -0.156527 0.0955352 -0
internal_count=4000 1377 136 2623 2280 343 1241 306 1129 877 252 647 560 782 165 148 1498 175 1323 1294 1253 230 746 688 75 138 112 79 78 64 42 91 48 276
cat_boundaries=0 4 5 8 10 11 12 13
cat_threshold=43573505 2147485042 69473162 33587200 73736 537137669 318767120 16 3967527 16385 2 2 2
shrinkage=0.317716


end of trees

feature importances:
n_1=74
n_table_1.n_20=45
n_table_1.n_7=42
c_02=33
n_table_2.n_6=32
n_table_1.n_1=31
n_table_1.n_2=29
n_table_3.n_3=28
n_table_2.n_2=27
n_table_1.n_15=24
n_table_1.n_9=23
n_table_1.n_18=22
n_table_1.n_5=21
n_table_1.n_6=21
n_table_1.n_19=18
n_table_3.n_2=17
n_table_1.n_8=17
n_table_1.n_16=16
n_table_1.n_17=16
n_table_1.n_26=14
c_table_2.c_2=14
n_table_1.n_3=13
n_table_1.n_11=13
n_table_3.n_5=11
c_table_1.c_3=11
n_table_1.n_12=10
n_table_2.n_13=10
c_table_1.c_5=9
c_table_2.c_1=9
c_table_1.c_2=8
n_table_2.n_9=8
n_table_1.n_10=7
n_table_1.n_27=4
c_table_2.c_5=4
c_table_1.c_1=1
n_table_1.n_25=1

parameters:
[boosting: gbdt]
[objective: binary]
[metric: auc]
[tree_learner: serial]
[device_type: cpu]
[data: ]
[valid: ]
[num_iterations: 100]
[learning_rate: 0.317716]
[num_leaves: 55]
[num_threads: 4]
[max_depth: 7]
[min_data_in_leaf: 20]
[min_sum_hessian_in_leaf: 0.898071]
[bagging_fraction: 1]
[bagging_freq: 44]
[bagging_seed: 3]
[feature_fraction: 0.7]
[feature_fraction_seed: 2]
[early_stopping_round: 0]
[max_delta_step: 0]
[lambda_l1: 1.21623]
[lambda_l2: 1.29282]
[min_gain_to_split: 0]
[drop_rate: 0.1]
[max_drop: 50]
[skip_drop: 0.5]
[xgboost_dart_mode: 0]
[uniform_drop: 0]
[drop_seed: 4]
[top_rate: 0.2]
[other_rate: 0.1]
[min_data_per_group: 100]
[max_cat_threshold: 32]
[cat_l2: 10]
[cat_smooth: 10]
[max_cat_to_onehot: 4]
[top_k: 20]
[monotone_constraints: ]
[feature_contri: ]
[forcedsplits_filename: ]
[refit_decay_rate: 0.9]
[verbosity: -1]
[max_bin: 255]
[min_data_in_bin: 3]
[bin_construct_sample_cnt: 200000]
[histogram_pool_size: -1]
[data_random_seed: 1]
[output_model: LightGBM_model.txt]
[snapshot_freq: -1]
[input_model: ]
[output_result: LightGBM_predict_result.txt]
[initscore_filename: ]
[valid_data_initscores: ]
[pre_partition: 0]
[enable_bundle: 1]
[max_conflict_rate: 0]
[is_enable_sparse: 1]
[sparse_threshold: 0.8]
[use_missing: 1]
[zero_as_missing: 0]
[two_round: 0]
[save_binary: 0]
[enable_load_from_binary_file: 1]
[header: 0]
[label_column: ]
[weight_column: ]
[group_column: ]
[ignore_column: ]
[categorical_feature: ]
[predict_raw_score: 0]
[predict_leaf_index: 0]
[predict_contrib: 0]
[num_iteration_predict: -1]
[pred_early_stop: 0]
[pred_early_stop_freq: 10]
[pred_early_stop_margin: 10]
[convert_model_language: ]
[convert_model: gbdt_prediction.cpp]
[num_class: 1]
[is_unbalance: 0]
[scale_pos_weight: 1]
[sigmoid: 1]
[boost_from_average: 1]
[reg_sqrt: 0]
[alpha: 0.9]
[fair_c: 1]
[poisson_max_delta_step: 0.7]
[tweedie_variance_power: 1.5]
[max_position: 20]
[label_gain: ]
[metric_freq: 1]
[is_provide_training_metric: 0]
[eval_at: ]
[num_machines: 1]
[local_listen_port: 12400]
[time_out: 120]
[machine_list_filename: ]
[machines: ]
[gpu_platform_id: -1]
[gpu_device_id: -1]
[gpu_use_dp: 0]

end of parameters

pandas_categorical:[[0, 1, 2], [0, 1, 2, 3, 4, 5, 6, 7, 8, 9, 10, 11, 12, 13, 14, 15, 16, 17, 18, 19, 20, 21, 22, 23, 24, 25, 26, 27, 28, 29, 30, 31, 32, 33, 34, 35, 36, 37, 38, 39, 40, 41, 42, 43, 44, 45, 46, 47, 48, 49, 50, 51, 52, 53, 54, 55, 56, 57, 58, 59, 60, 61, 62, 63, 64, 65, 66, 67, 68, 69, 70, 71, 72, 73, 74, 75, 76, 77, 78, 79, 80, 81, 82, 83, 84, 85, 86, 87, 88, 89, 90, 91, 92, 93, 94, 95, 96, 97, 98, 99, 100, 101, 102, 103, 104, 105, 106, 107, 108, 109, 110, 111, 112, 113, 114, 115, 116, 117, 118, 119, 120, 121, 122, 123, 124, 125, 126, 127, 128, 129, 130, 131, 132, 133, 134, 135, 136, 137, 138, 139, 140, 141, 142, 143, 144, 145, 146, 147, 148, 149, 150, 151, 152, 153, 154, 155, 156, 157, 158, 159, 160, 161, 162, 163, 164, 165, 166, 167, 168, 169, 170, 171, 172, 173, 174, 175], [0, 1, 2, 3, 4, 5, 6, 7, 8, 9, 10, 11, 12, 13, 14, 15, 16, 17, 18, 19, 20, 21, 22, 23, 24, 25, 26, 27, 28, 29, 30, 31, 32, 33, 34, 35, 36, 37, 38, 39, 40, 41, 42, 43, 44, 45, 46, 47, 48, 49, 50, 51, 52, 53], [0, 1, 2, 3, 4, 5, 6, 7, 8, 9, 10, 11, 12, 13, 14, 15], [0, 1], [0, 1, 2, 3, 4, 5, 6, 7, 8, 9, 10, 11, 12, 13, 14, 15, 16, 17, 18, 19, 20, 21, 22, 23, 24, 25, 26, 27, 28, 29, 30, 31, 32, 33, 34, 35, 36, 37, 38, 39, 40, 41, 42, 43, 44, 45, 46, 47, 48, 49, 50, 51, 52, 53, 54, 55, 56, 57, 58, 59, 60, 61, 62, 63, 64, 65, 66, 67, 68, 69, 70, 71, 72, 73, 74, 75, 76, 77, 78, 79, 80, 81, 82, 83, 84, 85, 86, 87, 88, 89, 90, 91, 92, 93, 94, 95, 96, 97, 98], [0, 1, 2, 3, 4, 5, 6, 7, 8, 9, 10, 11, 12, 13, 14, 15, 16, 17, 18, 19, 20, 21, 22, 23, 24, 25, 26, 27, 28, 29, 30, 31, 32, 33, 34, 35, 36, 37, 38, 39, 40, 41, 42, 43, 44, 45, 46, 47, 48, 49, 50, 51, 52, 53, 54, 55, 56, 57, 58, 59, 60, 61, 62, 63, 64, 65, 66, 67, 68, 69, 70, 71, 72, 73, 74, 75, 76, 77, 78, 79, 80, 81, 82, 83, 84, 85, 86, 87, 88, 89, 90, 91, 92, 93, 94, 95, 96, 97, 98, 99, 100, 101, 102, 103, 104, 105, 106, 107, 108, 109, 110, 111, 112, 113, 114, 115, 116, 117, 118, 119, 120, 121, 122, 123, 124, 125, 126, 127, 128, 129, 130, 131, 132, 133, 134, 135, 136, 137, 138, 139, 140, 141, 142, 143, 144, 145, 146, 147, 148, 149, 150, 151, 152, 153, 154, 155, 156, 157, 158, 159, 160, 161, 162, 163, 164, 165, 166, 167, 168, 169, 170, 171, 172, 173, 174, 175, 176, 177, 178, 179, 180, 181, 182, 183, 184, 185, 186, 187, 188, 189, 190, 191, 192, 193, 194, 195, 196, 197, 198, 199, 200, 201, 202, 203, 204, 205, 206, 207, 208, 209, 210, 211, 212, 213, 214, 215, 216, 217, 218, 219, 220, 221, 222, 223, 224, 225, 226, 227, 228, 229, 230, 231, 232, 233, 234, 235, 236, 237, 238, 239, 240, 241, 242, 243, 244, 245, 246, 247, 248, 249, 250, 251, 252, 253, 254, 255, 256, 257, 258, 259, 260, 261, 262, 263, 264, 265, 266, 267, 268, 269, 270, 271, 272, 273, 274, 275, 276, 277, 278, 279, 280, 281, 282, 283, 284, 285, 286, 287, 288, 289, 290, 291, 292, 293, 294, 295, 296, 297, 298, 299, 300, 301, 302, 303, 304, 305, 306, 307, 308, 309, 310, 311, 312, 313, 314, 315, 316, 317, 318, 319, 320, 321, 322, 323, 324, 325, 326, 327, 328, 329, 330, 331, 332, 333, 334, 335, 336, 337], [0, 1, 2, 3, 4, 5, 6, 7, 8, 9, 10, 11, 12, 13, 14, 15, 16, 17, 18, 19, 20, 21, 22, 23, 24, 25, 26, 27, 28, 29, 30, 31, 32, 33, 34, 35, 36, 37, 38, 39, 40, 41, 42, 43, 44, 45, 46, 47, 48, 49, 50, 51, 52, 53, 54, 55, 56, 57, 58, 59, 60, 61, 62, 63, 64, 65, 66, 67, 68, 69, 70, 71, 72, 73, 74, 75, 76, 77, 78, 79, 80, 81, 82, 83, 84, 85, 86, 87, 88, 89, 90, 91, 92, 93, 94, 95, 96, 97, 98, 99, 100, 101, 102, 103, 104, 105, 106, 107, 108, 109, 110, 111, 112, 113, 114, 115, 116, 117, 118, 119, 120, 121, 122, 123, 124, 125, 126, 127, 128, 129, 130, 131, 132, 133, 134, 135, 136, 137, 138, 139, 140, 141, 142, 143, 144, 145, 146, 147, 148, 149, 150, 151, 152, 153, 154, 155, 156, 157, 158, 159, 160, 161, 162, 163, 164, 165, 166, 167, 168, 169, 170, 171, 172, 173, 174, 175, 176, 177, 178, 179, 180, 181, 182, 183, 184, 185, 186, 187, 188, 189, 190, 191, 192, 193, 194, 195, 196, 197, 198, 199, 200, 201, 202, 203, 204, 205, 206], [0, 1, 2, 3, 4, 5, 6, 7, 8, 9, 10, 11, 12, 13, 14, 15, 16, 17, 18, 19, 20, 21, 22, 23, 24, 25, 26, 27, 28, 29, 30]]
