tree
version=v2
num_class=1
num_tree_per_iteration=1
label_index=0
max_feature_idx=36
objective=binary sigmoid:1
feature_names=n_1 c_table_1.c_1 c_table_1.c_2 n_table_1.n_1 n_table_1.n_2 c_table_1.c_5 n_table_1.n_3 c_table_1.c_6 n_table_1.n_5 n_table_1.n_6 n_table_1.n_7 n_table_1.n_9 n_table_1.n_10 n_table_1.n_11 n_table_1.n_12 n_table_1.n_15 n_table_1.n_16 n_table_1.n_17 n_table_1.n_18 n_table_1.n_19 n_table_1.n_20 n_table_1.n_26 n_table_1.n_27 c_table_2.c_1 c_table_2.c_2 n_table_2.n_2 n_table_2.n_6 n_table_3.n_2 n_table_3.n_3 n_table_3.n_5 c_02 c_table_1.c_3 n_table_1.n_8 n_table_1.n_25 c_table_2.c_5 n_table_2.n_9 n_table_2.n_13
feature_infos=[1:62.5] 1:0 2:0:6:10:16:17:29:9:7:24:13:37:14:15:12:11:18:45:33:19:56:63:60:26:73:38:3:55:54:64:4:70:83:20:22:34:30:21:36:39:58:65:68:74:35:47:71:57:114:1:32:44:59:134:31:53:78:139:8:48:81:85:94:111:119:27:28:42:69:82:90:92:104:105:106:115:128:144:23:46:49:50:52:75:79:80:98:103:116:122:25:40:43:72:86:93:96:97:99:107:112:118:127:129:133:146:152:164 [-183.91200000000001:227.50999999999999] [-49.719499999999996:78.390000000000001] 3:0:5:13:14:7:1:9:11:19:8:24:4:17:30:22:12:2:15:10:20:23:41:21:34:37:6:27:33:39:40:45:18:32:35:36:49 [1:175] 1:0:2:3:4:7:8:9:13:5:6:10:11:12 [1:24272.5] [1:46363] [1:2995] [1:2481850] [1:70] [1:6121] [1:7070.5] [1:423494] [1:313693] [1:372140] [1:441384] [1:1178200] [1:18856] [1:121640] [1:151] 1:0 1:3:5:15:8:16:19:30:37:0:13:6:9:2:14:46:21:27:18:32:23:33:61:4:11:52:24:10:43:28:22:34:35:45:20:36:7:42:56:40:53:54:63:75:12:17:26:41:51:71:48:49:25:31:39:50:64:78:47:57:59:60:65:67:76:89 [-55.711999999999996:81.846299999999999] [1:3170.5] [1:1061.5] [1:540979] [1:435418] 2:1:13:49:27:74:9:45:20:19:0:41:72:44:33:113:127:130:54:56:15:51:104:31:34:83:53:35:92:65:3:23:39:42:48:79:132:82:99:96:142:14:36:105:114:167:43:57:148:153:158:161:52:58:77:152:183:5:7:32:140:141:24:46:97:69:8:16:60:109:157:55:124:137:154:59:91:115:191:194:67:81:100:120:4:66:84:85:87:89:171:203:10:22:25:50:86:94:133:184:189:276:11:26:40:76:78:103:232:240:38:88:108:111:121:122:165:197:218:28:63:107:128:150:156:159:170:201:225:235:253:18:112:123:164:169:182:196:207:30:64:106:134:139:143:147:173:211:224:231:234:17:29:80:131:145:168:178:206:228:250:275:37:47:62:68:73:101:117:126:149:202:208:209:216:222:237:239:251:265:267:61:75:98:125:129:135:138:144:160:162:163:175:176:180:181:192:193:198:205:212:220:245:247:255:268:277:297:299:303:317 6:0:24:20:37:8:65:100:17:44:16:83:31:77:14:76:95:21:73:42:34:101:85:2:13:25:39:18:43:52:60:62:71:59:69:4:40:55:123:130:26:28:15:19:96:23:38:61:90:11:49:63:66:67:72:82:111:139:64:74:121:33:36:3:102:145:9:12:51:53:88:92:7:47:118:140:29:30:32:35:56:106:113:117:141:152:27:48:79:91:99:105:114:122:132:134:138:149:167:41:54:70:86:107:116:120:124:125:129:131:133:142:144:147:157:162:163:170:1:5:45:46:50:57:68:80:84:89:94:97:103:115:135:137:143:159:161:168:176 [1:517224] [1:38.5] 1:0:6:7:9:10:15:11:4:14:12:2:13:5:16:22:3:8:18:17:20:23:19:28 [1:91] [1:273895]
tree_sizes=1854 2295 2574 2159 2168 1973 1795 2342 2508 2318 2777 2078

Tree=0
num_leaves=22
num_cat=4
split_feature=30 18 20 9 5 30 9 10 6 8 15 15 3 15 12 3 20 13 27 10 23
split_gain=129.832 33.499 19.0126 13.0085 10.7216 9.98374 8.3001 7.71848 7.41011 8.04427 5.29472 3.28295 2.65189 1.5334 1.39468 0.989155 1.50291 0.849896 0.531038 0.0585409 0.207672
threshold=0 15357.250000000002 323.50000000000006 6.2500000000000009 1 2 27.250000000000004 7.7500000000000009 42.250000000000007 86.500000000000014 4.7500000000000009 123650.00000000001 191.12950000000004 54716.500000000007 16.750000000000004 183.05200000000002 153.25000000000003 311.50000000000006 88.000000000000014 45.250000000000007 3
decision_type=5 2 2 2 5 5 2 2 2 2 2 2 2 2 2 2 2 2 2 2 1
left_child=2 5 15 -4 17 10 19 -8 9 -9 -2 -5 13 14 -7 16 18 -3 -1 -6 -21
right_child=1 4 3 11 6 12 7 8 -10 -11 -12 -13 -14 -15 -16 -17 -18 -19 -20 20 -22
leaf_value=-2.0811549148071089 -2.3865845464796251 -2.9301311128267495 -2.6178251095094844 -1.0936664042695829 -2.6553569666985943 -3.0385773871844188 -2.6178251095094844 -1.2334246865137952 -2.6178251095094844 -2.6178251095094844 -2.8796175943860445 -2.5828449579928829 -2.6178251095094844 -2.6178251095094844 -2.6178251095094844 -2.6178251095094844 -2.6178251095094844 -2.6178251095094844 -2.6178251095094844 -2.6178251095094844 -2.4905787512155673
leaf_count=534 259 147 39 211 29 2105 47 110 39 41 120 30 27 45 25 37 39 23 23 23 47
internal_value=0 -0.396564 1.18327 2.28731 0.471109 -0.604085 0.712098 1.39369 1.71262 2.06076 0.041912 2.60193 -0.681475 -0.747062 -0.762222 0.868462 0.907903 -0.260446 0.9593 0 0.0837147
internal_count=4000 3087 913 280 506 2581 336 237 190 151 379 241 2202 2175 2130 633 596 170 557 99 70
cat_boundaries=0 9 10 16 17
cat_threshold=33555470 23068680 403210240 2164392192 16781824 16777344 2048 65792 1048576 2056 16777729 270008320 32 269222400 1074806784 2147485696 2
shrinkage=1


Tree=1
num_leaves=31
num_cat=4
split_feature=31 19 2 10 26 20 17 11 17 0 17 4 4 27 17 19 26 0 27 0 10 10 23 27 0 20 0 0 17 23
split_gain=20.2347 8.14186 7.613 6.85648 5.09412 4.0786 4.42226 9.90546 3.61168 3.49927 2.36026 1.77668 1.37744 0.843227 0.782427 0.876787 0.744405 0.837846 0.716449 0.646787 0.899187 0.650214 0.601846 0.593205 0.11975 0.335161 0.0937376 1.34958 0.0738607 0.0643469
threshold=0 6.2500000000000009 1 583.75000000000011 304.75000000000006 27.250000000000004 592.75000000000011 49.750000000000007 44523.250000000007 16.750000000000004 17128.750000000004 34.857500000000009 34.857500000000009 7.7500000000000009 31144.000000000004 62.500000000000007 12.250000000000002 21.250000000000004 7.7500000000000009 19.750000000000004 171.25000000000003 295.75000000000006 2 56.500000000000007 12.250000000000002 6.2500000000000009 12.250000000000002 10.750000000000002 5408.5000000000009 3
decision_type=5 2 5 2 2 2 2 2 2 2 2 2 2 2 2 2 2 2 2 2 2 2 1 2 2 2 2 2 2 1
left_child=1 4 8 5 9 24 7 29 11 26 28 13 -12 -2 15 -13 17 22 -16 20 -3 -22 -11 -17 25 -4 27 -1 -8 -7
right_child=2 19 3 -5 -6 6 10 -9 -10 16 12 14 -14 -15 18 23 -18 -19 -20 -21 21 -23 -24 -25 -26 -27 -28 -29 -30 -31
leaf_value=-0.1530125859057794 0.21969094631639044 -0.46737252057932149 0 -0.24584279261690667 0.27135574472975815 -0 0.045708262779374745 0.94273305224621184 0.36581592225775195 0.40780377718674116 -0 -0 0.34157090829129072 -0.0273796773337356 0.0701437925914178 -0.35767403868063352 -0 -0 -0.19888485983927684 -0 0 -0.20596127090414612 -0 -0 0 -0.17219330869807239 -0.3605280678530603 0.074230261174223114 -0.013471392039270336 0.062428206053829399
leaf_count=1619 48 480 22 42 96 66 116 142 28 37 40 62 225 27 45 199 39 41 34 39 89 74 24 31 20 54 109 29 73 50
internal_value=0 -0.323623 0.211938 0.399602 -0.180292 0.555893 0.636339 1.11441 -0.111875 -0.245668 0.369302 -0.269595 0.538275 0.0260936 -0.377249 -0.47635 0.224856 0.382148 -0 -0.709101 -0.743295 -0.171976 0.59989 -0.592477 -0.011508 -0.143645 -0.3067 -0.253992 0 0
internal_count=4000 2676 1324 850 1994 808 712 258 474 1898 454 446 265 75 371 292 141 102 79 682 643 163 61 230 96 76 1757 1648 189 116
cat_boundaries=0 5 8 9 10
cat_threshold=2217082961 1209145476 533670 134217761 2052 541282500 301989914 16 2 2
shrinkage=0.544036


Tree=2
num_leaves=35
num_cat=2
split_feature=24 0 24 28 11 15 0 9 10 8 16 16 10 3 3 10 8 19 19 10 19 3 26 15 11 8 0 29 9 26 19 10 16 15
split_gain=10.0313 4.7033 3.92978 10.5023 2.98196 2.51529 3.13422 2.37747 1.91547 1.83663 1.75706 2.25114 2.0907 1.65102 1.64053 1.226 1.05648 1.67496 1.3406 1.08979 0.996373 0.815918 0.804881 0.769977 0.735559 0.652494 0.441724 0.397523 0.334434 0.131571 0.0538806 0.561702 0.0235927 1.0754e-05
threshold=0 4.7500000000000009 1 717.25000000000011 256398.50000000003 2830.0000000000005 1.7500000000000002 52.750000000000007 153.25000000000003 127.75000000000001 8437.0000000000018 38148.250000000007 6.2500000000000009 170.98300000000003 181.58100000000005 19.750000000000004 43.000000000000007 1.7500000000000002 92375.500000000015 33.250000000000007 1552.7500000000002 175.03850000000003 708.25000000000011 1818.2500000000002 16.750000000000004 83.500000000000014 16.750000000000004 17068.000000000004 216.25000000000003 69.250000000000014 1.7500000000000002 203.50000000000003 2047.0000000000002 7202.5000000000009
decision_type=5 2 5 2 2 2 2 2 2 2 2 2 2 2 2 2 2 2 2 2 2 2 2 2 2 2 2 2 2 2 2 2 2 2
left_child=1 9 4 5 14 6 7 -4 28 22 12 13 27 -12 16 -16 17 26 -19 -18 -14 23 -1 24 -3 -21 -2 29 -7 -5 -17 -32 -25 -11
right_child=2 21 3 10 -6 8 -8 -9 -10 33 11 -13 20 -15 15 30 19 18 -20 25 -22 -23 -24 32 -26 -27 -28 -29 -30 -31 31 -33 -34 -35
leaf_value=-0.37487782314613377 -0.052635008967976689 0 0.42821292839463532 -0.11722006325595415 0.30033252448671077 0.92513606291628625 -0.17263300148179148 -0 0 -0 -0 -0 -0 0.54384916152552376 0.28117336884360589 0.015091796525333276 0.20759501906262026 -0.28566854139385112 -0.015460947215352648 0 -0.39545118705607379 -0.20519414980411194 -0 0 0.3780117637486517 -0.16695010780488836 0.046510983368980727 0.10531213362657908 0.07920479206334205 0 -0.19760917601742653 0 -0.055827525245795866 0.00098950638063999546
leaf_count=770 982 209 123 89 49 53 49 22 35 21 20 49 46 20 55 23 62 367 155 46 102 63 21 20 33 78 60 76 23 96 52 82 28 21
internal_value=0 -0.389899 0.0285282 0.235145 -0.0538067 0.776084 0.19121 0.55736 1.1369 -0.608574 -0.0491684 0.238314 -0.225076 0.700033 -0.100865 0.145338 -0.14922 -0.189646 -0.354111 0.00287978 -0.55213 -0 -0.656684 0.086911 0.25564 -0.074126 -0.0480055 0 1.37673 -0.107227 -0 -0.0709415 -0.050372 0
internal_count=4000 1186 2814 803 2011 305 194 145 111 833 498 89 409 40 1962 212 1750 1564 522 186 148 353 791 290 242 124 1042 261 76 185 157 134 48 42
cat_boundaries=0 2 4
cat_threshold=1105740601 1064968 134218946 536879127
shrinkage=0.544036


Tree=3
num_leaves=29
num_cat=4
split_feature=30 30 2 11 0 20 30 20 28 0 20 27 0 0 26 17 6 20 0 35 35 20 15 3 0 11 3 15
split_gain=22.9445 8.30741 6.71664 4.92276 4.14113 3.42517 5.49117 4.56306 2.14854 1.98237 1.82931 1.60936 1.47853 1.28728 0.700496 0.650194 0.615293 1.17805 0.718619 0.645105 0.362099 0.359411 0.249156 0.224178 0.156033 0.114692 0.0437391 0.000643085
threshold=0 1 2 275378.00000000006 19.750000000000004 27.250000000000004 3 869.50000000000011 10891.000000000002 16.750000000000004 1426.7500000000002 66.250000000000014 16.750000000000004 9.2500000000000018 732.25000000000011 46.750000000000007 31.750000000000004 44.500000000000007 6.2500000000000009 6.2500000000000009 10.750000000000002 3102.2500000000005 724.00000000000011 178.04100000000003 4.7500000000000009 288.25000000000006 172.10450000000003 2830.0000000000005
decision_type=5 5 5 2 2 2 5 2 2 2 2 2 2 2 2 2 2 2 2 2 2 2 2 2 2 2 2 2
left_child=4 16 3 15 14 6 9 12 13 -4 25 -12 20 -8 -1 27 17 18 19 -2 -7 -18 23 -19 -10 -9 -24 -3
right_child=1 2 5 -5 -6 7 8 10 24 -11 11 -13 -14 -15 -16 -17 21 22 -20 -21 -22 -23 26 -25 -26 -27 -28 -29
leaf_value=-0.47683581496085398 -0.23728165524714398 -0.0053217036435889561 -0.27311125621055282 0.267395780394796 0 0.54846071125247997 0.27907298933066371 0 -0.087876219452462698 0 0.22373548756196071 -0 0 0 -0 -0.31610445704301143 -0.36355222525160619 0.20574773991988438 0 0 0 -0 -0.045955140759017313 0 0 -0.099922330282784036 0 0
leaf_count=897 291 90 311 36 114 264 603 36 100 37 266 37 28 92 29 226 121 20 54 42 30 21 72 35 20 39 39 50
internal_value=0 0.0999907 0.211292 -0.170141 -0.601423 0.309902 0.134074 0.510792 0.295739 -0.221376 0.225971 0.3312 0.881117 0.438602 -0.831519 -0.455256 -0.235266 -0.129207 -0.282054 -0.361864 0.95916 -0.562799 0.00414838 0.195406 -0 -0.0875511 -0 -0
internal_count=4000 2960 2265 402 1040 1863 1163 700 815 348 378 303 322 695 926 366 695 553 387 333 294 142 166 55 120 75 111 140
cat_boundaries=0 6 13 16 19
cat_threshold=135323944 100689299 9216 8193 570449920 2 71305872 148963340 1090175014 2147483792 16 545259520 4 1141784668 289415170 512 2156396548 16912896 262400
shrinkage=0.544036


Tree=4
num_leaves=28
num_cat=4
split_feature=30 30 2 32 30 21 15 32 11 20 8 0 25 15 0 13 13 11 21 20 3 3 13 20 0 11 0
split_gain=11.3561 4.1856 4.04048 2.52986 2.40174 1.40881 1.66628 1.39286 1.71421 1.30758 1.14159 1.09215 0.979933 0.95343 0.830045 0.74391 1.49096 0.747107 0.912 0.529276 0.650458 1.27407 0.456002 0.302942 0.176511 0.0208317 0.00550596
threshold=0 1 2 34.750000000000007 3 597.25000000000011 4.7500000000000009 12.250000000000002 14047.000000000002 4093.0000000000005 46.750000000000007 18.250000000000004 55.972800000000007 91.000000000000014 1.7500000000000002 1.7500000000000002 49.000000000000007 41.500000000000007 3.2500000000000004 2196.2500000000005 181.58600000000004 173.33900000000003 242.50000000000003 6578.5000000000009 22.750000000000004 400.00000000000006 1.7500000000000002
decision_type=5 5 5 2 5 2 2 2 2 2 2 2 2 2 2 2 2 2 2 2 2 2 2 2 2 2 2
left_child=3 24 4 19 14 6 11 15 12 10 -5 -6 13 -9 -3 17 25 -4 -19 20 21 -1 -18 -21 -2 -17 -10
right_child=1 2 7 9 5 -7 -8 8 26 -11 -12 -13 -14 -15 -16 16 22 18 -20 23 -22 -23 -24 -25 -26 -27 -28
leaf_value=0.16169917716598992 -0.36077832959057099 0.16505691259246041 -0 -0.26096250458005188 -0.15881779006116337 0 -0.40600523589528187 0 -0 0.15444002582506183 0 0 -0 0.48427886383249896 -0 -0 0.1654604873918698 0.27764575605922553 -0 -0.062505669595475349 0.39582676903239211 -0.0037825199931671677 -0 0.1162336865525108 -0 -0.2728944089717944 0.016507256921266533
leaf_count=661 946 148 126 71 808 32 267 20 80 20 35 62 25 65 73 35 28 77 22 48 78 50 41 36 27 89 30
internal_value=0 -0.218846 -0.0923081 0.208659 -0.232847 -0.320227 -0.407819 0.0951599 0.291072 -0.0396038 -0.260514 -0.232908 0.601013 0.740388 0.0703312 -0 -0.184411 0.116452 0.331049 0.319966 0.350658 0.239814 0 0 -0.506753 -0.443103 0
internal_count=4000 3001 2028 999 1390 1169 1137 638 220 126 106 870 110 85 221 418 193 225 99 873 789 711 69 84 973 124 110
cat_boundaries=0 9 16 18 24
cat_threshold=25691652 1445888 402915336 2165178624 1157632000 16779264 2048 65792 1048576 202424745 109077907 156672 8193 33554432 2 4 537021141 285220944 2147483648 4194304 33026 268435464 1064960 2147483776
shrinkage=0.544036


Tree=5
num_leaves=25
num_cat=6
split_feature=30 31 31 30 0 11 27 0 3 0 35 19 30 18 3 27 24 10 21 14 20 3 28 0
split_gain=6.28042 7.06738 3.04827 6.072 5.83108 2.52633 1.96244 2.02029 2.26345 1.26921 1.44777 1.16342 3.52979 2.7816 2.21323 1.68489 0.815229 0.777513 0.765785 0.467178 0.409288 0.341898 0.224198 0.0802019
threshold=0 1 2 3 7.7500000000000009 152.50000000000003 68.500000000000014 13.750000000000002 176.761 10.750000000000002 56.500000000000007 120850.00000000001 4 383.50000000000006 118.82450000000001 4.7500000000000009 5 22.750000000000004 1.7500000000000002 2282.5000000000005 8196.2500000000018 190.82450000000003 98646.500000000015 19.750000000000004
decision_type=5 5 5 5 2 2 2 2 2 2 2 2 5 2 2 2 5 2 2 2 2 2 2 2
left_child=9 21 6 4 17 23 7 8 20 10 19 12 13 -5 -13 -16 -14 18 -4 -1 -3 22 -2 -6
right_child=1 2 3 11 5 -7 -8 -9 -10 -11 -12 14 16 -15 15 -17 -18 -19 -20 -21 -22 -23 -24 -25
leaf_value=-0.46284414235202759 -0.34443460064630327 0.49844073245120796 -0.18575237244258105 0.27001147521190194 -0.058081085686436745 0.37479179349772745 -0 -0 0 -0 -0 -0.062901626338894179 -0.077523426109947516 -0 0.36729773143354499 0 0.022510029671220896 -0.47928184094558102 0 -0 0 -0 -0 0
leaf_count=731 343 152 344 384 105 34 28 27 72 104 25 20 699 90 105 56 361 120 26 20 23 79 26 26
internal_value=0 0.0128142 0.0920844 0.0201001 -0.249159 0.143266 0.360952 0.580345 0.683678 -0.43885 -0.713467 0.143694 0.0820885 0.283916 0.380397 0.503149 -0.0562284 -0.55202 -0.2554 -0.810464 0.839134 -0.389927 -0.596516 -0.023181
internal_count=4000 3120 2672 2370 655 165 302 274 247 880 776 1715 1534 474 181 161 1060 490 370 751 175 448 369 131
cat_boundaries=0 6 11 14 21 30 32
cat_threshold=202424736 75515027 1076012036 8193 570433540 2 2217478224 1208092804 533540 48 2052 43041024 8389696 69210114 2148008468 167840260 33558818 2415919120 16777216 8388736 4 16785419 524288 402653184 17039360 1074810880 16777216 0 0 1048576 2719778 2080
shrinkage=0.544036


Tree=6
num_leaves=24
num_cat=4
split_feature=2 31 17 28 10 10 34 18 17 17 35 0 21 10 28 15 28 28 9 10 17 19 23
split_gain=3.90723 1.50313 1.49013 1.17265 1.02256 0.802782 0.784152 1.43973 0.940445 1.11315 0.8212 0.783692 0.772612 0.721618 0.593246 0.519347 0.447641 0.410248 0.267157 0.197715 0.119671 0.110012 0.0743383
threshold=0 1 43464.250000000007 7986.2500000000009 4.7500000000000009 4.7500000000000009 2 41091.250000000007 38417.500000000007 1680.2500000000002 1.7500000000000002 6.2500000000000009 325.75000000000006 301.75000000000006 3573.2500000000005 1135.7500000000002 3573.2500000000005 5702.5000000000009 3.2500000000000004 142.75000000000003 69558.250000000015 154410.00000000003 3
decision_type=5 5 2 2 2 2 5 2 2 2 2 2 2 2 2 2 2 2 2 2 2 2 1
left_child=2 3 4 5 -1 -2 7 10 9 15 11 -3 21 -6 20 18 19 -17 -8 -4 -10 -11 -15
right_child=1 6 16 -5 13 -7 8 -9 14 12 -12 -13 -14 22 -16 17 -18 -19 -20 -21 -22 -23 -24
leaf_value=0 -0 0.31944708830852769 0.077172457793833346 -0 -0.3108452728680639 0.22451811701300642 -0.018640517773097408 -0.092092843275445896 0.069579028392408954 -0.26352362610849595 0 -0 0 -0.056186741470856824 0.23284424912038879 -0 -0.17102340453835513 0.22294143296084515 -0.15905615259960551 -0 -0.038038296452244248 -0 0
leaf_count=89 50 158 83 70 619 243 1731 29 27 177 166 24 20 65 23 79 45 24 107 34 57 34 46
internal_value=0 0.0107471 -0.268624 0.190865 -0.416208 0.350295 -0.0230608 0.107652 -0.0604563 -0.102297 0.324434 0.487045 -0.345228 -0.475325 0.126762 -0.0408485 -0 0.126057 -0.0749937 0.0557341 -0 -0.426656 -0
internal_count=4000 3019 981 363 819 293 2656 377 2279 2172 348 182 231 730 107 1941 162 103 1838 117 84 211 111
cat_boundaries=0 3 7 8 9
cat_threshold=1679480020 50339934 512 18022400 8389634 69210754 16 16576 2
shrinkage=0.544036


Tree=7
num_leaves=31
num_cat=3
split_feature=30 31 14 9 30 25 32 32 3 28 10 20 10 9 9 12 10 14 18 20 20 17 16 3 10 10 15 10 20 25
split_gain=4.95399 1.72624 1.44328 2.6696 3.03921 1.98222 1.93382 1.40994 2.12067 1.04467 0.614381 0.576134 0.570913 0.567802 0.484748 0.47217 0.471095 0.466248 0.446796 0.421609 1.73864 0.322004 0.308658 0.470982 0.228735 0.22385 0.116693 0.0821052 0.00501622 0.000797433
threshold=0 1 1780.0000000000002 1.7500000000000002 2 52.425150000000009 79.750000000000014 85.750000000000014 171.30450000000005 1129.7500000000002 613.00000000000011 28.750000000000004 122.50000000000001 7.7500000000000009 1.7500000000000002 16.750000000000004 304.00000000000006 2731.7500000000005 29020.750000000004 650.50000000000011 101.50000000000001 4667.5000000000009 17216.500000000004 170.69650000000004 146.50000000000003 55.750000000000007 1.7500000000000002 334.75000000000006 2939.5000000000005 63.741700000000009
decision_type=5 5 2 2 5 2 2 2 2 2 2 2 2 2 2 2 2 2 2 2 2 2 2 2 2 2 2 2 2 2
left_child=7 9 3 4 -3 11 15 8 12 13 14 -6 19 -2 -10 16 -5 25 27 20 26 -8 23 -9 -23 -4 -1 -15 -21 -7
right_child=1 2 17 6 5 29 21 22 10 -11 -12 -13 -14 18 -16 -17 -18 -19 -20 28 -22 24 -24 -25 -26 -27 -28 -29 -30 -31
leaf_value=0.035449915532331989 -0 0.076916910693896168 0.21241002398625877 -0.30778863098652876 -0.23336916962959622 -0 -0.11503574659811995 0 0 -0.026999062644001325 -0 0 -0.10979189011029594 0.32769463130894966 0.31318430590433788 0 -0 -0.0080898752021895878 0 -0.015465677908446301 0.42893754214399921 0.10612154691143329 0 -0.24030380838470239 -0 0 -0 0 0 0.0082734885970024551
leaf_count=535 27 379 27 719 926 155 126 20 34 63 21 73 33 82 185 27 67 38 23 64 32 62 22 41 40 28 23 23 41 64
internal_value=0 -0.151972 -0.192238 -0.240951 -0.0690867 -0.222998 -0.404468 0.136772 0.209509 0.0942287 0.486717 -0.391358 0.0557161 0.334689 0.529084 -0.509671 -0.52879 0.0105147 0.41687 0.107356 0.155591 -0 -0.113103 -0.259916 0.0321825 0.235288 0.0333941 0.527922 -0 0
internal_count=4000 2949 2731 2638 1597 1218 1041 1051 968 218 240 999 728 155 219 813 786 93 128 695 590 228 83 61 102 55 558 105 105 219
cat_boundaries=0 9 13 18
cat_threshold=2156397060 1914888 436732168 17301760 83886592 16779392 2048 65792 1048576 109649920 4416 2621440 134217729 151003147 4194304 32768 268697600 1073741824
shrinkage=0.544036


Tree=8
num_leaves=36
num_cat=2
split_feature=5 24 3 25 8 26 11 3 3 20 22 28 20 28 4 0 11 8 15 22 35 8 11 8 35 17 29 27 22 11 16 0 20 36 22
split_gain=1.48598 1.93383 1.47117 1.26622 1.68591 1.09258 1.21889 1.49853 1.06597 1.06757 0.842674 0.682093 0.662408 0.60456 1.00462 0.598045 0.509022 0.47716 0.442099 0.427173 0.571018 0.420281 0.543736 0.405427 0.34614 0.310187 0.262433 0.250571 0.247531 0.234464 0.429324 0.0849306 0.0635047 0.0123247 0.00232229
threshold=0 1 159.22650000000002 32.246400000000008 6.2500000000000009 76.000000000000014 60854.500000000007 190.21250000000001 173.84450000000004 274.00000000000006 42.250000000000007 226.75000000000003 439.75000000000006 14123.500000000002 35.891900000000007 19.750000000000004 320.50000000000006 19.750000000000004 49539.250000000007 9.2500000000000018 3.2500000000000004 4.7500000000000009 719.50000000000011 1018.7500000000001 16.750000000000004 14680.750000000002 140871.00000000003 1.7500000000000002 9.2500000000000018 3.2500000000000004 40740.250000000007 12.250000000000002 112.75000000000001 2616.2500000000005 19.750000000000004
decision_type=5 5 2 2 2 2 2 2 2 2 2 2 2 2 2 2 2 2 2 2 2 2 2 2 2 2 2 2 2 2 2 2 2 2 2
left_child=1 15 13 8 19 6 7 10 21 -10 23 16 -6 14 34 24 -7 -11 -16 20 27 28 -23 -4 29 -24 -13 -5 31 32 -31 -3 -1 -22 -2
right_child=2 3 5 4 12 11 -8 -9 9 17 -12 26 -14 -15 18 -17 -18 -19 -20 -21 33 22 25 -25 -26 -27 -28 -29 -30 30 -32 -33 -34 -35 -36
leaf_value=-0.050463822993413815 -0.014623408117754285 0 -0.30159779828686162 -0 0 0.27137288733071913 0 0 -0 0.40532474032625865 0 -0.15382478716648668 0.43891528982348499 -0.088239655781190612 0.24718577917991311 0 0 0 -0 -0.010605653345981705 -0.029101204718430501 0 -0.25723548111011291 0 0 -0 0 0.13485109514702495 0.11467941394117223 -0.33008008433855524 -0 -0.043408222309362324 0 0 0
leaf_count=428 37 915 562 57 31 27 82 109 50 25 32 125 51 48 124 45 43 20 20 31 97 45 51 21 26 24 28 353 37 108 21 180 24 89 34
internal_value=0 0.0266001 -0.132204 0.0935368 0.240369 -0.230274 -0.310774 -0.38739 0 0.340496 -0.47975 -0 0.67746 0.0317667 0.180508 -0.150189 0.204906 0.56457 0.362745 0.0770981 0.138935 -0.0189075 -0.198798 -0.528241 -0.254206 -0.355994 -0.178133 0.216553 0 -0.283493 -0.50681 -0.00455792 -0.0691149 -0 -0
internal_count=4000 2708 1292 2056 709 1029 806 724 1347 95 615 223 82 263 215 652 70 45 144 627 596 1252 120 583 607 75 153 410 1132 581 129 1095 452 186 71
cat_boundaries=0 1 3
cat_threshold=1078486657 1103889200 537935906
shrinkage=0.544036


Tree=9
num_leaves=33
num_cat=5
split_feature=31 2 27 14 27 27 10 4 12 23 5 4 0 5 4 10 4 25 0 25 4 25 15 12 4 0 26 10 20 26 10 10
split_gain=1.9273 2.28165 1.3288 0.871333 0.963071 0.864083 0.545337 0.561771 0.495781 0.466057 0.931632 0.617265 0.675764 0.426096 1.39488 0.525166 0.961794 0.341099 0.329331 0.317853 0.308037 0.30115 0.191862 0.168901 0.157051 0.227058 0.142293 0.0812845 0.0789861 0.070108 0.0059864 0.000388818
threshold=0 1 28.750000000000004 4.7500000000000009 6.2500000000000009 10.750000000000002 469.00000000000006 61.720350000000003 16.750000000000004 2 3 39.629200000000004 18.250000000000004 4 48.601400000000005 177.25000000000003 47.944500000000005 53.336500000000008 12.250000000000002 33.969400000000007 61.055800000000005 35.548000000000009 91.000000000000014 6.2500000000000009 35.802900000000008 22.750000000000004 18.250000000000004 396.25000000000006 2196.2500000000005 84.250000000000014 3.2500000000000004 34.750000000000007
decision_type=5 5 2 2 2 2 2 2 2 1 5 2 2 5 2 2 2 2 2 2 2 2 2 2 2 2 2 2 2 2 2 2
left_child=2 8 3 4 26 6 7 -5 18 13 19 24 23 15 17 16 31 21 30 -11 -16 -15 -4 -13 25 -12 -1 -17 -21 -19 -2 -3
right_child=1 9 22 5 -6 -7 -8 -9 -10 10 11 12 -14 14 20 27 -18 29 -20 28 -22 -23 -24 -25 -26 -27 -28 -29 -30 -31 -32 -33
leaf_value=-0.072713835364990362 -0 0.0044172046361980952 0 0.33547415292016269 0.27248704331948159 -0 0 0 0 -0 -0.056622299148183709 -0.26521199537773282 0 0 0.32523753054220622 0.058762656938105139 -0.26454580925346227 0.18576682284105894 -0 0.21385665428992379 0 -0.14519356758837218 -0.11215014461580819 -0 0 0 0 -0 0 0 -0.29542860645739416 -0
leaf_count=123 41 45 21 153 45 32 34 20 20 21 894 159 28 1057 62 83 94 34 61 56 28 91 86 40 29 38 34 20 29 55 422 45
internal_value=0 -0.0672465 0.149959 0.27761 0 0.410298 0.472305 0.538513 -0.297177 -0.00242983 -0.0766375 -0.126766 -0.356462 0.0302239 0.0716132 -0.0499481 -0.219929 0.00749509 -0.456058 0.108569 0.491304 -0 -0.0755122 -0.441456 -0.0393379 -0.0721981 -0.0607606 0 0.33758 0.205926 -0.501137 0
internal_count=4000 3452 548 441 202 239 207 173 544 2908 1294 1188 227 1614 1327 287 184 1237 524 106 90 1148 107 199 961 932 157 103 85 89 463 90
cat_boundaries=0 4 7 8 9 10
cat_threshold=43106304 2157052210 69472521 32784 1141556376 293609486 64 2 16793858 16794018
shrinkage=0.544036


Tree=10
num_leaves=40
num_cat=3
split_feature=31 25 0 16 25 18 29 34 25 34 0 10 18 11 20 14 11 20 11 28 4 11 11 25 25 29 28 29 28 25 32 10 25 10 16 0 0 0 18
split_gain=1.20993 2.08675 1.3248 1.25662 0.86169 0.819766 1.36683 0.682718 0.639658 0.588405 1.1537 0.620588 0.576398 0.504235 0.469081 0.449336 1.05228 0.429943 0.787479 0.423653 0.361013 0.306572 0.33336 0.266671 0.882396 0.507564 0.290058 0.269194 0.207994 0.180936 0.0838689 0.0800471 0.0783891 0.0684518 0.0604292 0.0185781 0.178272 0.254939 0.00594486
threshold=0 36.515950000000011 10.750000000000002 17216.500000000004 40.797650000000012 20951.500000000004 4081.0000000000005 1 63.387050000000009 2 3.2500000000000004 30.250000000000004 783.25000000000011 256398.50000000003 2799.2500000000005 1.7500000000000002 4892.5000000000009 2149.0000000000005 185.50000000000003 240281.50000000003 39.100600000000007 3004.7500000000005 82.750000000000014 52.425150000000009 60.916400000000003 811.00000000000011 10891.000000000002 439.00000000000006 83727.250000000015 45.753100000000011 153.25000000000003 583.75000000000011 55.12980000000001 22.750000000000004 33568.000000000007 21.250000000000004 16.750000000000004 12.250000000000002 20428.750000000004
decision_type=5 2 2 2 2 2 2 5 2 5 2 2 2 2 2 2 2 2 2 2 2 2 2 2 2 2 2 2 2 2 2 2 2 2 2 2 2 2 2
left_child=4 9 3 8 7 23 14 19 -3 10 12 20 -2 17 -7 35 -17 18 -13 -1 33 22 -22 27 25 -25 -26 -6 -27 -29 31 -18 34 -11 -5 36 37 -9 -4
right_child=1 2 38 32 5 6 -8 15 -10 11 -12 13 -14 -15 -16 16 30 -19 -20 -21 21 -23 -24 24 26 28 -28 29 -30 -31 -32 -33 -34 -35 -36 -37 -38 -39 -40
leaf_value=-0.18041427212798677 0 -0.35231008632195165 -0 0 0.043169652998827274 0.42442273593703456 -0 0 0 -0.071721422777155167 -0 -0 0.375551042813139 0 0 0.25218406060279092 0.053135768516987175 -0 -0.30010573784800482 0 0 -0 0.22488347811691359 0 0 0.30272334971391079 -0.14085204843852628 0 0 -0.092423250944560928 -0.085657476035637378 -0 0 0 -0.095171534019841589 -0.036116832500628915 0.088880838211155125 -0.12348809046221342 0.018560690449782227
leaf_count=279 31 343 46 20 172 39 21 941 53 58 29 128 58 22 21 64 72 98 162 66 88 43 37 186 73 55 117 46 29 241 28 30 45 20 52 27 42 92 26
internal_value=0 -0.103505 -0.316317 -0.413708 0.0433269 0.14425 0.448332 -0 -0.583836 0 0.161355 -0.0431241 0.542326 -0.177615 0.640896 0.028292 0.173997 -0.247628 -0.364694 -0.157984 0.0143895 0.161049 0.257169 0.0441118 0.120191 0.267771 -0 -0 0.429253 -0.113967 -0 0.0138462 -0 -0.0389679 -0.104158 -0 0 -0 0
internal_count=4000 1359 585 513 2641 1000 81 1641 396 774 118 656 89 410 60 1296 194 388 290 345 246 168 125 919 460 270 190 459 84 287 130 102 117 78 72 1102 1075 1033 72
cat_boundaries=0 4 5 6
cat_threshold=42106881 2425361714 69997315 167804944 33953 2049
shrinkage=0.544036


Tree=11
num_leaves=30
num_cat=5
split_feature=2 24 5 0 0 8 29 25 3 10 25 25 36 24 0 0 2 15 15 19 19 25 0 19 10 36 10 10 3
split_gain=1.15226 0.891365 1.524 1.32516 1.06722 0.789748 0.778072 1.00961 0.543461 0.539215 0.407226 0.39851 0.443723 0.367358 0.485672 0.145174 0.679114 0.343018 0.379395 0.132789 0.0865385 0.0629083 0.062217 0.058953 0.0488675 0.162562 0.0430851 0.0283996 0.0239448
threshold=0 1 2 4.7500000000000009 12.250000000000002 265.75000000000006 6137.5000000000009 75.003800000000012 178.41300000000001 553.75000000000011 55.12980000000001 63.387050000000009 2707.0000000000005 3 12.250000000000002 1.7500000000000002 4 4743.2500000000009 43318.000000000007 92375.500000000015 241.00000000000003 52.425150000000009 16.750000000000004 1.7500000000000002 122.50000000000001 12.250000000000002 435.25000000000006 46.750000000000007 183.05200000000002
decision_type=5 5 5 2 2 2 2 2 2 2 2 2 2 5 2 2 5 2 2 2 2 2 2 2 2 2 2 2 2
left_child=13 2 4 5 9 6 7 28 11 -2 -8 12 -5 24 26 16 -4 21 -19 23 -12 22 -17 -18 25 -1 -15 -6 -3
right_child=1 3 15 8 27 -7 10 -9 -10 -11 20 -13 -14 14 -16 17 19 18 -20 -21 -22 -23 -24 -25 -26 -27 -28 -29 -30
leaf_value=0.1238799462943581 0.21458946532547057 -0.21709669524680136 0.054117276224868824 0.18803526657518257 0 0 -0.11024192279847457 0 -0 0 0.12807437419171316 -0 -0 -0.19387277004919717 0 -0.095736979406755754 -0 0.13266595246125379 -0 -0 -0 0 -0 -0.14545326435181682 -0 -0 -0 -0.050177303580701292 -0
leaf_count=58 358 681 809 227 28 33 160 24 53 41 40 31 41 445 45 397 20 49 27 45 22 29 76 104 29 33 45 21 29
internal_value=0 0.0274079 0.0769654 -0.0581983 0.221673 -0.189944 -0.245026 -0.327824 0.106117 0.342031 0 0.215844 0.278542 -0.154313 -0.214555 -0 0.0296982 -0.0510717 0 -0.0880777 0.16996 -0.123848 -0.136388 -0.232558 0 0.0928692 -0.341156 -0 -0.389573
internal_count=4000 3345 2004 1341 448 989 956 734 352 399 222 299 268 655 535 1556 978 578 76 169 62 502 473 124 120 91 490 49 710
cat_boundaries=0 3 5 6 7 8
cat_threshold=1678398488 318775322 17 405022791 18466 1077962888 1073856800 65
shrinkage=0.544036


end of trees

feature importances:
n_1=39
n_table_1.n_7=33
n_table_1.n_20=23
n_table_1.n_1=19
n_table_1.n_9=18
n_table_2.n_2=18
n_table_1.n_15=16
n_table_3.n_3=13
c_02=13
n_table_1.n_17=12
n_table_1.n_19=11
n_table_3.n_2=11
n_table_1.n_2=10
n_table_1.n_5=10
n_table_1.n_6=8
n_table_2.n_6=8
c_table_1.c_2=7
n_table_1.n_16=7
n_table_1.n_18=7
c_table_1.c_3=7
c_table_2.c_2=6
n_table_3.n_5=6
n_table_2.n_9=6
c_table_1.c_5=5
n_table_1.n_12=5
c_table_2.c_1=5
n_table_1.n_8=5
n_table_1.n_10=4
n_table_1.n_11=4
n_table_1.n_26=4
n_table_1.n_27=4
c_table_2.c_5=3
n_table_2.n_13=3
n_table_1.n_3=2

parameters:
[boosting: gbdt]
[objective: binary]
[metric: auc]
[tree_learner: serial]
[device_type: cpu]
[data: ]
[valid: ]
[num_iterations: 100]
[learning_rate: 0.544036]
[num_leaves: 55]
[num_threads: 4]
[max_depth: 7]
[min_data_in_leaf: 20]
[min_sum_hessian_in_leaf: 1.04542]
[bagging_fraction: 0.5]
[bagging_freq: 0]
[bagging_seed: 3]
[feature_fraction: 0.6]
[feature_fraction_seed: 2]
[early_stopping_round: 0]
[max_delta_step: 0]
[lambda_l1: 1.73556]
[lambda_l2: 1.58941]
[min_gain_to_split: 0]
[drop_rate: 0.1]
[max_drop: 50]
[skip_drop: 0.5]
[xgboost_dart_mode: 0]
[uniform_drop: 0]
[drop_seed: 4]
[top_rate: 0.2]
[other_rate: 0.1]
[min_data_per_group: 100]
[max_cat_threshold: 32]
[cat_l2: 10]
[cat_smooth: 10]
[max_cat_to_onehot: 4]
[top_k: 20]
[monotone_constraints: ]
[feature_contri: ]
[forcedsplits_filename: ]
[refit_decay_rate: 0.9]
[verbosity: -1]
[max_bin: 255]
[min_data_in_bin: 3]
[bin_construct_sample_cnt: 200000]
[histogram_pool_size: -1]
[data_random_seed: 1]
[output_model: LightGBM_model.txt]
[snapshot_freq: -1]
[input_model: ]
[output_result: LightGBM_predict_result.txt]
[initscore_filename: ]
[valid_data_initscores: ]
[pre_partition: 0]
[enable_bundle: 1]
[max_conflict_rate: 0]
[is_enable_sparse: 1]
[sparse_threshold: 0.8]
[use_missing: 1]
[zero_as_missing: 0]
[two_round: 0]
[save_binary: 0]
[enable_load_from_binary_file: 1]
[header: 0]
[label_column: ]
[weight_column: ]
[group_column: ]
[ignore_column: ]
[categorical_feature: ]
[predict_raw_score: 0]
[predict_leaf_index: 0]
[predict_contrib: 0]
[num_iteration_predict: -1]
[pred_early_stop: 0]
[pred_early_stop_freq: 10]
[pred_early_stop_margin: 10]
[convert_model_language: ]
[convert_model: gbdt_prediction.cpp]
[num_class: 1]
[is_unbalance: 0]
[scale_pos_weight: 1]
[sigmoid: 1]
[boost_from_average: 1]
[reg_sqrt: 0]
[alpha: 0.9]
[fair_c: 1]
[poisson_max_delta_step: 0.7]
[tweedie_variance_power: 1.5]
[max_position: 20]
[label_gain: ]
[metric_freq: 1]
[is_provide_training_metric: 0]
[eval_at: ]
[num_machines: 1]
[local_listen_port: 12400]
[time_out: 120]
[machine_list_filename: ]
[machines: ]
[gpu_platform_id: -1]
[gpu_device_id: -1]
[gpu_use_dp: 0]

end of parameters

pandas_categorical:[[0, 1, 2], [0, 1, 2, 3, 4, 5, 6, 7, 8, 9, 10, 11, 12, 13, 14, 15, 16, 17, 18, 19, 20, 21, 22, 23, 24, 25, 26, 27, 28, 29, 30, 31, 32, 33, 34, 35, 36, 37, 38, 39, 40, 41, 42, 43, 44, 45, 46, 47, 48, 49, 50, 51, 52, 53, 54, 55, 56, 57, 58, 59, 60, 61, 62, 63, 64, 65, 66, 67, 68, 69, 70, 71, 72, 73, 74, 75, 76, 77, 78, 79, 80, 81, 82, 83, 84, 85, 86, 87, 88, 89, 90, 91, 92, 93, 94, 95, 96, 97, 98, 99, 100, 101, 102, 103, 104, 105, 106, 107, 108, 109, 110, 111, 112, 113, 114, 115, 116, 117, 118, 119, 120, 121, 122, 123, 124, 125, 126, 127, 128, 129, 130, 131, 132, 133, 134, 135, 136, 137, 138, 139, 140, 141, 142, 143, 144, 145, 146, 147, 148, 149, 150, 151, 152, 153, 154, 155, 156, 157, 158, 159, 160, 161, 162, 163, 164, 165, 166, 167, 168, 169, 170, 171, 172, 173, 174, 175], [0, 1, 2, 3, 4, 5, 6, 7, 8, 9, 10, 11, 12, 13, 14, 15, 16, 17, 18, 19, 20, 21, 22, 23, 24, 25, 26, 27, 28, 29, 30, 31, 32, 33, 34, 35, 36, 37, 38, 39, 40, 41, 42, 43, 44, 45, 46, 47, 48, 49, 50, 51, 52, 53], [0, 1, 2, 3, 4, 5, 6, 7, 8, 9, 10, 11, 12, 13, 14, 15], [0, 1], [0, 1, 2, 3, 4, 5, 6, 7, 8, 9, 10, 11, 12, 13, 14, 15, 16, 17, 18, 19, 20, 21, 22, 23, 24, 25, 26, 27, 28, 29, 30, 31, 32, 33, 34, 35, 36, 37, 38, 39, 40, 41, 42, 43, 44, 45, 46, 47, 48, 49, 50, 51, 52, 53, 54, 55, 56, 57, 58, 59, 60, 61, 62, 63, 64, 65, 66, 67, 68, 69, 70, 71, 72, 73, 74, 75, 76, 77, 78, 79, 80, 81, 82, 83, 84, 85, 86, 87, 88, 89, 90, 91, 92, 93, 94, 95, 96, 97, 98], [0, 1, 2, 3, 4, 5, 6, 7, 8, 9, 10, 11, 12, 13, 14, 15, 16, 17, 18, 19, 20, 21, 22, 23, 24, 25, 26, 27, 28, 29, 30, 31, 32, 33, 34, 35, 36, 37, 38, 39, 40, 41, 42, 43, 44, 45, 46, 47, 48, 49, 50, 51, 52, 53, 54, 55, 56, 57, 58, 59, 60, 61, 62, 63, 64, 65, 66, 67, 68, 69, 70, 71, 72, 73, 74, 75, 76, 77, 78, 79, 80, 81, 82, 83, 84, 85, 86, 87, 88, 89, 90, 91, 92, 93, 94, 95, 96, 97, 98, 99, 100, 101, 102, 103, 104, 105, 106, 107, 108, 109, 110, 111, 112, 113, 114, 115, 116, 117, 118, 119, 120, 121, 122, 123, 124, 125, 126, 127, 128, 129, 130, 131, 132, 133, 134, 135, 136, 137, 138, 139, 140, 141, 142, 143, 144, 145, 146, 147, 148, 149, 150, 151, 152, 153, 154, 155, 156, 157, 158, 159, 160, 161, 162, 163, 164, 165, 166, 167, 168, 169, 170, 171, 172, 173, 174, 175, 176, 177, 178, 179, 180, 181, 182, 183, 184, 185, 186, 187, 188, 189, 190, 191, 192, 193, 194, 195, 196, 197, 198, 199, 200, 201, 202, 203, 204, 205, 206, 207, 208, 209, 210, 211, 212, 213, 214, 215, 216, 217, 218, 219, 220, 221, 222, 223, 224, 225, 226, 227, 228, 229, 230, 231, 232, 233, 234, 235, 236, 237, 238, 239, 240, 241, 242, 243, 244, 245, 246, 247, 248, 249, 250, 251, 252, 253, 254, 255, 256, 257, 258, 259, 260, 261, 262, 263, 264, 265, 266, 267, 268, 269, 270, 271, 272, 273, 274, 275, 276, 277, 278, 279, 280, 281, 282, 283, 284, 285, 286, 287, 288, 289, 290, 291, 292, 293, 294, 295, 296, 297, 298, 299, 300, 301, 302, 303, 304, 305, 306, 307, 308, 309, 310, 311, 312, 313, 314, 315, 316, 317, 318, 319, 320, 321, 322, 323, 324, 325, 326, 327, 328, 329, 330, 331, 332, 333, 334, 335, 336, 337], [0, 1, 2, 3, 4, 5, 6, 7, 8, 9, 10, 11, 12, 13, 14, 15, 16, 17, 18, 19, 20, 21, 22, 23, 24, 25, 26, 27, 28, 29, 30, 31, 32, 33, 34, 35, 36, 37, 38, 39, 40, 41, 42, 43, 44, 45, 46, 47, 48, 49, 50, 51, 52, 53, 54, 55, 56, 57, 58, 59, 60, 61, 62, 63, 64, 65, 66, 67, 68, 69, 70, 71, 72, 73, 74, 75, 76, 77, 78, 79, 80, 81, 82, 83, 84, 85, 86, 87, 88, 89, 90, 91, 92, 93, 94, 95, 96, 97, 98, 99, 100, 101, 102, 103, 104, 105, 106, 107, 108, 109, 110, 111, 112, 113, 114, 115, 116, 117, 118, 119, 120, 121, 122, 123, 124, 125, 126, 127, 128, 129, 130, 131, 132, 133, 134, 135, 136, 137, 138, 139, 140, 141, 142, 143, 144, 145, 146, 147, 148, 149, 150, 151, 152, 153, 154, 155, 156, 157, 158, 159, 160, 161, 162, 163, 164, 165, 166, 167, 168, 169, 170, 171, 172, 173, 174, 175, 176, 177, 178, 179, 180, 181, 182, 183, 184, 185, 186, 187, 188, 189, 190, 191, 192, 193, 194, 195, 196, 197, 198, 199, 200, 201, 202, 203, 204, 205, 206], [0, 1, 2, 3, 4, 5, 6, 7, 8, 9, 10, 11, 12, 13, 14, 15, 16, 17, 18, 19, 20, 21, 22, 23, 24, 25, 26, 27, 28, 29, 30]]
