tree
version=v2
num_class=1
num_tree_per_iteration=1
label_index=0
max_feature_idx=36
objective=binary sigmoid:1
feature_names=n_1 c_table_1.c_1 c_table_1.c_2 n_table_1.n_1 n_table_1.n_2 c_table_1.c_5 n_table_1.n_3 c_table_1.c_6 n_table_1.n_5 n_table_1.n_6 n_table_1.n_7 n_table_1.n_9 n_table_1.n_10 n_table_1.n_11 n_table_1.n_12 n_table_1.n_15 n_table_1.n_16 n_table_1.n_17 n_table_1.n_18 n_table_1.n_19 n_table_1.n_20 n_table_1.n_26 n_table_1.n_27 c_table_2.c_1 c_table_2.c_2 n_table_2.n_2 n_table_2.n_6 n_table_3.n_2 n_table_3.n_3 n_table_3.n_5 c_02 c_table_1.c_3 n_table_1.n_8 n_table_1.n_25 c_table_2.c_5 n_table_2.n_9 n_table_2.n_13
feature_infos=[1:62.5] 1:0 2:0:6:10:16:17:29:9:7:24:13:37:14:15:12:11:18:45:33:19:56:63:60:26:73:38:3:55:54:64:4:70:83:20:22:34:30:21:36:39:58:65:68:74:35:47:71:57:114:1:32:44:59:134:31:53:78:139:8:48:81:85:94:111:119:27:28:42:69:82:90:92:104:105:106:115:128:144:23:46:49:50:52:75:79:80:98:103:116:122:25:40:43:72:86:93:96:97:99:107:112:118:127:129:133:146:152:164 [-183.91200000000001:227.50999999999999] [-49.719499999999996:78.390000000000001] 3:0:5:13:14:7:1:9:11:19:8:24:4:17:30:22:12:2:15:10:20:23:41:21:34:37:6:27:33:39:40:45:18:32:35:36:49 [1:175] 1:0:2:3:4:7:8:9:13:5:6:10:11:12 [1:24272.5] [1:46363] [1:2995] [1:2481850] [1:70] [1:6121] [1:7070.5] [1:423494] [1:313693] [1:372140] [1:441384] [1:1178200] [1:18856] [1:121640] [1:151] 1:0 1:3:5:15:8:16:19:30:37:0:13:6:9:2:14:46:21:27:18:32:23:33:61:4:11:52:24:10:43:28:22:34:35:45:20:36:7:42:56:40:53:54:63:75:12:17:26:41:51:71:48:49:25:31:39:50:64:78:47:57:59:60:65:67:76:89 [-55.711999999999996:81.846299999999999] [1:3170.5] [1:1061.5] [1:540979] [1:435418] 2:1:13:49:27:74:9:45:20:19:0:41:72:44:33:113:127:130:54:56:15:51:104:31:34:83:53:35:92:65:3:23:39:42:48:79:132:82:99:96:142:14:36:105:114:167:43:57:148:153:158:161:52:58:77:152:183:5:7:32:140:141:24:46:97:69:8:16:60:109:157:55:124:137:154:59:91:115:191:194:67:81:100:120:4:66:84:85:87:89:171:203:10:22:25:50:86:94:133:184:189:276:11:26:40:76:78:103:232:240:38:88:108:111:121:122:165:197:218:28:63:107:128:150:156:159:170:201:225:235:253:18:112:123:164:169:182:196:207:30:64:106:134:139:143:147:173:211:224:231:234:17:29:80:131:145:168:178:206:228:250:275:37:47:62:68:73:101:117:126:149:202:208:209:216:222:237:239:251:265:267:61:75:98:125:129:135:138:144:160:162:163:175:176:180:181:192:193:198:205:212:220:245:247:255:268:277:297:299:303:317 6:0:24:20:37:8:65:100:17:44:16:83:31:77:14:76:95:21:73:42:34:101:85:2:13:25:39:18:43:52:60:62:71:59:69:4:40:55:123:130:26:28:15:19:96:23:38:61:90:11:49:63:66:67:72:82:111:139:64:74:121:33:36:3:102:145:9:12:51:53:88:92:7:47:118:140:29:30:32:35:56:106:113:117:141:152:27:48:79:91:99:105:114:122:132:134:138:149:167:41:54:70:86:107:116:120:124:125:129:131:133:142:144:147:157:162:163:170:1:5:45:46:50:57:68:80:84:89:94:97:103:115:135:137:143:159:161:168:176 [1:517224] [1:38.5] 1:0:6:7:9:10:15:11:4:14:12:2:13:5:16:22:3:8:18:17:20:23:19:28 [1:91] [1:273895]
tree_sizes=1697 1541 2042 1845 1942 1626 1959 2027 1740 1804 2112 1697 1915 2193 1898 2066 2015 2034 1581 1757 1628 1520 1676 2141

Tree=0
num_leaves=20
num_cat=2
split_feature=30 18 19 22 18 30 26 3 21 20 20 3 26 20 19 3 3 20 21
split_gain=90.2874 23.2006 16.0502 11.2842 6.32467 4.01394 3.07621 2.66542 2.29135 1.53238 1.40631 0.636642 0.595903 0.592342 0.491912 0.3604 0.630579 0.204642 0.198774
threshold=0 15357.250000000002 32377.000000000004 61.750000000000007 30408.250000000004 1 418.75000000000006 171.30750000000003 18.250000000000004 3902.5000000000005 2592.2500000000005 181.65950000000001 1.7500000000000002 2563.7500000000005 7450.7500000000009 171.30450000000005 155.07100000000003 121.75000000000001 42.250000000000007
decision_type=5 2 2 2 2 5 2 2 2 2 2 2 2 2 2 2 2 2 2
left_child=2 5 7 4 -3 15 13 14 -6 -4 -5 -9 18 -7 -1 16 -2 -17 -10
right_child=1 3 9 10 8 6 -8 11 12 -11 -12 -13 -14 -15 -16 17 -18 -19 -20
leaf_value=-2.4365667323056575 -2.6178251095094844 -2.434476568174778 -2.1297060576532383 -2.6178251095094844 -2.5824450016514642 -2.7402961651082665 -2.6178251095094844 -2.6178251095094844 -2.6157158271044687 -2.5640525501049218 -2.2865081346980913 -2.5555776832382886 -2.7252036566246307 -2.6178251095094844 -2.6178251095094844 -2.5552194664368399 -2.6862592733655744 -2.6178251095094844 -2.6528693389308331
leaf_count=420 214 51 110 36 51 1685 39 52 35 34 51 54 123 35 32 32 50 44 52
internal_value=0 -0.3789 1.08667 0.423812 0 -0.574149 -0.627147 0.884503 -0.233109 2.54029 1.52926 0.0267992 -0.457115 -0.710232 1.02282 -0 -0.0760912 0.203487 -0
internal_count=3200 2498 702 399 312 2099 1759 558 261 144 87 106 210 1720 452 340 264 76 87
cat_boundaries=0 6 12
cat_threshold=16777230 23068680 402948096 2164392192 17829888 16777344 8389121 270073856 524320 269221896 16900 2147483648
shrinkage=1


Tree=1
num_leaves=20
num_cat=6
split_feature=30 18 16 22 5 9 9 30 11 19 11 26 31 13 5 13 20 15 23
split_gain=59.8819 16.8922 13.7863 7.35469 4.56705 4.42919 9.71496 4.14718 4.00081 3.76649 2.8703 2.68359 1.0771 1.01147 0.693588 0.561031 0.39364 0.314025 0.0150507
threshold=0 15357.250000000002 14.500000000000002 61.750000000000007 1 18.250000000000004 112.75000000000001 2 16.750000000000004 6.2500000000000009 183997.50000000003 418.75000000000006 3 1.7500000000000002 4 133.75000000000003 1986.2500000000002 655.00000000000011 5
decision_type=5 2 2 2 5 2 2 5 2 2 2 2 5 2 5 2 2 2 1
left_child=2 7 9 4 5 -3 -7 14 -4 -1 -5 12 16 -6 -2 -15 -9 -11 -16
right_child=1 3 8 10 13 6 -8 11 -10 17 -12 -13 -14 15 18 -17 -18 -19 -20
leaf_value=0.11018190008013305 0.021040882725437686 -0 0.0031785269432750441 0.25993337376381531 0 0.41061212762090676 -0 0.044508175867214742 0.32554917317351728 -0.049160445731747104 0 0 -0.10908876774393855 -0.12524947890862484 -0 -0 -0 0 -0.058597078747184485
leaf_count=359 222 42 42 57 40 30 36 80 192 36 31 39 1641 126 51 35 35 40 66
internal_value=0 -0.326222 0.834089 0.335322 0 0.377015 1.32662 -0.505002 1.70225 0.488461 1.14164 -0.563007 -0.64483 -0.286579 0 -0.624192 0.0185175 -0.0350121 -0.126651
internal_count=3200 2531 669 397 309 108 66 2134 234 435 88 1795 1756 201 339 161 115 76 117
cat_boundaries=0 6 7 13 17 18 19
cat_threshold=2164260878 18874376 402915328 2164392192 17829888 16777344 524962 8389121 270073856 557088 269221896 16896 2147483648 50348032 64 4096 16 131 2
shrinkage=0.169796


Tree=2
num_leaves=28
num_cat=1
split_feature=18 24 0 4 9 26 16 16 15 0 0 26 27 11 8 13 0 18 10 3 27 10 26 10 0 28 11
split_gain=19.8181 7.29526 6.71452 6.47626 6.45405 5.13835 4.61395 4.88505 2.63111 2.59261 2.65459 2.41857 2.0098 3.23409 1.48737 1.42886 1.39875 1.19146 1.15788 1.12056 1.39923 1.02068 0.926439 0.691595 0.361112 0.231648 0.0329017
threshold=23126.500000000004 0 7.7500000000000009 39.423750000000005 30.250000000000004 708.25000000000011 17216.500000000004 36979.750000000007 243.25000000000003 16.750000000000004 3.2500000000000004 82.750000000000014 7.7500000000000009 320.50000000000006 1.7500000000000002 7.7500000000000009 21.250000000000004 39627.250000000007 131.50000000000003 181.79450000000003 6.2500000000000009 1.7500000000000002 6.2500000000000009 155.50000000000003 19.750000000000004 1312.0000000000002 1642.0000000000002
decision_type=2 5 2 2 2 2 2 2 2 2 2 2 2 2 2 2 2 2 2 2 2 2 2 2 2 2 2
left_child=1 4 6 -4 9 22 17 -8 18 10 11 14 13 -9 -1 -12 -11 -2 -6 20 23 -13 -3 -10 -24 -19 -14
right_child=2 5 3 -5 8 -7 7 12 19 16 15 21 26 -15 -16 -17 -18 25 -20 -21 -22 -23 24 -25 -26 -27 -28
leaf_value=-0.035799858865651971 0.015106516395476338 -0 0 0.37679834572169696 -0.068677781358958093 0.089741754971998419 0.2111466250088446 0.15010663372542599 0.20505535799907576 0.12464188548216654 -0.099133670108768807 0.10112737278431279 -0.049826154302291779 -0 0.044746895357997252 0 -0 -0.089257872858311327 0.058997173086321915 0 0 -0 -0.10344457344049406 0 -0 -0 -0
leaf_count=741 42 78 29 41 55 33 80 70 99 50 285 85 45 54 57 33 30 54 30 54 30 33 896 48 92 27 29
internal_value=0 -0.160432 0.642334 1.58235 0.00603717 -0.400759 0.346244 0.613321 0.502014 -0.1041 -0.170177 -0.029769 0.0990641 0.420781 -0.138187 -0.487033 0.41281 -0.0928264 -0 0.698759 0.830286 0.399274 -0.542288 0.982894 -0.576458 -0.411517 -0.226496
internal_count=3200 2729 471 70 1630 1099 401 278 316 1314 1234 916 198 124 798 318 80 123 85 231 177 118 1066 147 988 81 74
cat_boundaries=0 2
cat_threshold=2400326 18465
shrinkage=0.169796


Tree=3
num_leaves=24
num_cat=3
split_feature=30 2 30 27 10 20 10 10 10 28 17 10 20 0 15 29 35 29 28 0 3 20 18
split_gain=39.2852 20.5465 9.70355 5.48525 4.58921 4.5596 3.33905 3.44491 4.32117 3.26429 3.23154 2.75715 1.93767 1.59569 1.02329 0.703382 0.617634 1.36947 0.562747 0.555279 0.355369 0.154613 0.015814
threshold=0 1 2 70.750000000000014 6.2500000000000009 274.00000000000006 523.75000000000011 67.750000000000014 33.250000000000007 10891.000000000002 17.500000000000004 251.50000000000003 28.750000000000004 19.750000000000004 131264.50000000003 54227.500000000007 4.7500000000000009 127.00000000000001 102605.00000000001 10.750000000000002 172.29750000000004 148.00000000000003 733.00000000000011
decision_type=5 5 5 2 2 2 2 2 2 2 2 2 2 2 2 2 2 2 2 2 2 2 2
left_child=13 2 19 5 9 10 7 8 -7 16 12 -6 -3 -1 -9 -11 17 -4 -5 -2 -13 22 -12
right_child=1 3 4 18 11 6 -8 14 -10 15 21 20 -14 -15 -16 -17 -18 -19 -20 -21 -22 -23 -24
leaf_value=-0.15371332364230864 -0.13090419356759447 0 0.047999629203497846 -0.061029322105996771 -0.10220843496771069 0.16084582419214571 0 0.30146296632267572 -0 -0.076778509939944589 -0.036359030652116063 0.058378038718949241 0.18435580165869053 -0 0.017885721613077575 0 -0 0.16135531949585122 0.011751096874123379 -0 -0 0 -0
leaf_count=817 340 56 577 47 148 164 36 149 87 73 57 27 55 91 36 34 49 106 33 90 55 38 35
internal_value=0 0.252387 -0.0424027 0.66996 0.1418 0.875113 1.06789 1.15398 0.651188 0.311635 0.222183 -0.263919 0.687227 -0.698541 1.60781 -0.211386 0.410845 0.439155 -0 -0.484089 0.0834253 -0.0709021 -0.172536
internal_count=3200 2292 1499 793 1069 713 472 436 251 839 241 230 111 908 185 107 732 683 80 430 82 130 92
cat_boundaries=0 7 10 16
cat_threshold=135324064 109603987 2237440 8209 1107304448 2 4 67780821 16785410 513 2156397056 201220 786722 770 20 8388608
shrinkage=0.169796


Tree=4
num_leaves=25
num_cat=3
split_feature=30 30 18 9 20 11 16 0 30 4 25 19 0 0 0 32 9 19 0 8 25 11 13 25
split_gain=29.8966 10.5431 9.6327 3.15778 3.17486 3.09472 2.14686 5.64389 1.77534 2.51677 4.18072 1.989 1.72102 1.67195 1.65217 1.32268 1.12968 1.11052 1.02065 0.991396 0.958316 0.866332 0.607477 0.00699824
threshold=0 1 15357.250000000002 27.250000000000004 5638.0000000000009 183997.50000000003 7.0000000000000009 9.2500000000000018 2 59.953050000000012 52.425150000000009 2577.2500000000005 1.7500000000000002 3.2500000000000004 16.750000000000004 122.50000000000001 80.500000000000014 6.2500000000000009 21.250000000000004 114.25000000000001 60.872250000000008 3004.7500000000005 13.750000000000002 49.783700000000003
decision_type=5 5 2 2 2 2 2 2 5 2 2 2 2 2 2 2 2 2 2 2 2 2 2 2
left_child=6 -2 8 -4 5 19 12 13 11 10 22 -3 17 15 23 -8 -11 -1 -16 -5 -12 -9 -10 -14
right_child=1 2 3 4 -6 -7 7 21 9 16 20 -13 14 -15 18 -17 -18 -19 -20 -21 -22 -23 -24 -25
leaf_value=0.098488216591579997 -0.10982549087544528 0.055873832126048961 -0 0.20595547721307972 -0 -0 0.11462157565929479 0.0024019676773902425 -0.098189171594929403 0.089288480935297815 0.05686447847357947 -0.064496513342099909 -0.050376924191505711 -0 0.11801558035148116 -0 -0 -0 -0 0 -0.020325367936562849 0.33272762711468501 -0 -0
leaf_count=242 835 184 56 100 63 31 120 21 777 52 117 44 66 22 34 32 67 32 27 26 107 37 79 29
internal_value=0 -0.25821 -0.0412189 0.496663 0.679489 0.890169 0.530567 0.894846 -0.226353 -0.279387 -0.398394 0.0454332 0.348434 0.409905 0 0.534223 0.0903331 0.507497 0.409903 1.08003 0.0199642 1.67053 -0.537842 -0.255754
internal_count=3200 2538 1703 276 220 157 662 232 1427 1199 1080 228 430 174 156 152 119 274 61 126 224 58 856 95
cat_boundaries=0 6 13 18
cat_threshold=8388622 18874376 402915328 2164916480 16781824 2164260992 135324064 100691091 9216 8193 1107304448 2 4 16777729 269484032 32800 268697600 1048576
shrinkage=0.169796


Tree=5
num_leaves=21
num_cat=3
split_feature=30 2 30 3 27 20 10 8 10 8 26 0 27 13 11 11 27 28 9 0
split_gain=22.7313 14.5909 6.15025 5.74119 4.92601 2.50562 2.70808 3.532 2.10392 1.85313 1.73579 1.46937 1.28817 1.54217 0.809991 2.8846 0.45013 0.427306 0.179877 0.157713
threshold=0 1 2 156.83150000000003 70.750000000000014 27.250000000000004 18.250000000000004 83.500000000000014 523.75000000000011 6.2500000000000009 418.75000000000006 19.750000000000004 6.2500000000000009 43.750000000000007 49.750000000000007 9619.0000000000018 82.750000000000014 112931.00000000001 84.250000000000014 7.7500000000000009
decision_type=5 5 5 2 2 2 2 2 2 2 2 2 2 2 2 2 2 2 2 2
left_child=11 2 3 -2 5 -3 14 8 -8 10 16 -1 13 -11 -7 -16 -4 -6 -9 -5
right_child=1 4 9 19 17 6 7 18 -10 12 -12 -13 -14 -15 15 -17 -18 -19 -20 -21
leaf_value=-0.13414425263757332 0.089274804076534278 -0 -0.076248062814466652 -0.086660780586606409 -0.059612567706842846 -0 0.17730145778371142 -0.0099762262949424762 0 -0 0.00079815675019002724 -0 -0.04284163753695075 0.14206337523067455 0.15367968168115914 -0 -0 0 0.032951255507799398 -0
leaf_count=824 286 69 882 47 48 65 354 33 34 56 43 91 64 39 35 52 91 34 30 23
internal_value=0 0.170085 -0.0747051 0.221138 0.50597 0.670601 0.726202 0.860435 0.972125 -0.253867 -0.366886 -0.585002 0 0.378673 0.135002 0.325683 -0.420142 -0.118433 0 -0.40666
internal_count=3200 2285 1531 356 754 672 603 451 388 1175 1016 915 159 95 152 87 973 82 63 70
cat_boundaries=0 6 9 15
cat_threshold=135324065 100691091 2106368 8193 1644191744 2 67784917 16785426 513 16777230 273678344 268468224 131072 4096 128
shrinkage=0.169796


Tree=6
num_leaves=27
num_cat=6
split_feature=31 24 14 3 10 17 19 0 24 29 4 0 4 17 28 4 36 23 0 17 34 4 11 3 10 23
split_gain=12.5283 5.46744 5.50752 4.09948 3.57478 2.99056 7.60133 2.83537 2.34704 1.88545 2.61226 1.50177 1.25515 1.22934 1.14068 1.08307 1.00986 0.961645 0.863933 0.788816 0.713592 0.55219 0.526881 0.295496 0.215193 0.0137675
threshold=0 1 92.500000000000014 156.83150000000003 171.25000000000003 542.50000000000011 1448.5000000000002 16.750000000000004 2 7450.0000000000009 51.718900000000012 13.750000000000002 56.939050000000009 24356.500000000004 16475.500000000004 32.045700000000004 36.250000000000007 3 6.2500000000000009 1180.0000000000002 4 58.958350000000003 152.50000000000003 171.55500000000004 523.75000000000011 5
decision_type=5 5 2 2 2 2 2 2 5 2 2 2 2 2 2 2 2 1 2 2 5 2 2 2 2 1
left_child=3 12 5 7 11 6 18 8 14 10 15 -5 16 19 -1 -4 -2 -9 23 -7 -10 -12 -15 -3 25 -6
right_child=1 2 9 4 24 13 -8 17 20 -11 21 -13 -14 22 -16 -17 -18 -19 -20 -21 -22 -23 -24 -25 -26 -27
leaf_value=0.067104269989859341 -0.10600357894586822 0.041091710396636484 0 -0.14841025960867235 -0 0 0.19893342300398895 0.10306589232136926 0.0044977468857744056 -0 -0 -0 0 -0 -0 0.20271128954054657 0 -0 -0.070035079690335969 -0.084443907457191839 -0.047132273483481715 0.060241284123645954 0.067855750086079081 -0 -0.040880612499380763 0.0085615032542381824
leaf_count=150 135 86 32 326 54 54 93 55 107 28 37 36 53 49 71 144 55 66 51 106 1170 35 20 69 43 75
internal_value=0 0.271955 0.402047 -0.21315 -0.544194 0.148461 0.421155 -0.0923485 -0.166684 0.810163 0.891191 -0.774826 -0.167841 -0.0807445 0.123376 1.10163 -0.443237 0.38171 -0 -0.329857 -0.234095 0.0618869 0.0916212 0.0939567 -0 0.0188672
internal_count=3200 1047 804 2153 534 528 299 1619 1498 276 248 362 243 229 221 176 190 121 206 160 1277 72 69 155 172 129
cat_boundaries=0 5 7 9 10 11 12
cat_threshold=2486566993 1207966084 532514 33 4 541485 16384 279053 33 2 14496 1
shrinkage=0.169796


Tree=7
num_leaves=26
num_cat=4
split_feature=30 30 22 30 18 16 14 32 4 0 9 4 3 9 3 30 9 4 27 20 15 0 0 32 20
split_gain=16.2196 7.28837 5.43114 2.71302 2.23251 3.58093 3.07165 1.97565 1.78084 1.70425 1.7016 1.5767 1.70115 1.45807 1.4179 1.06398 0.457013 0.443982 0.423194 0.742339 0.401965 0.718504 1.17836 0.258499 0.192598
threshold=0 1 61.750000000000007 2 15357.250000000002 14.500000000000002 243.25000000000003 122.50000000000001 54.288050000000005 19.750000000000004 10.750000000000002 35.422650000000012 175.68050000000002 31.750000000000004 133.64600000000004 3 923.50000000000011 46.693500000000007 6.2500000000000009 323.50000000000006 3323.5000000000005 3.2500000000000004 16.750000000000004 24.250000000000004 136.00000000000003
decision_type=5 5 2 5 2 2 2 2 2 2 2 2 2 2 2 5 2 2 2 2 2 2 2 2 2
left_child=9 7 3 8 5 15 13 10 23 -1 20 -4 -13 -6 -7 -5 -9 -8 19 24 21 -2 -23 -3 -12
right_child=1 2 11 4 6 14 17 16 -10 -11 18 12 -14 -15 -16 -17 -18 -19 -20 -21 -22 22 -24 -25 -26
leaf_value=-0.14122259468180162 0.068927804537709803 -0.11062787204016085 -0 -0.029207717845184878 0 0 0.0099463319203663934 -0.056617692591237501 0 -0 0.039797073529649708 0.1719247638296022 0 0.21012792087634871 -0.11227264854120753 0.018644196534743356 0.014017040616918901 -0.049703549612484646 0 0.17588136886280675 -0 -0.043600238286874031 0.057613912927789342 -0 -0
leaf_count=741 242 331 27 124 49 31 26 27 72 91 25 40 31 27 206 711 20 50 38 79 37 67 52 30 26
internal_value=0 0.121444 -0.0317849 -0.127411 0 -0.0864719 0.350249 0.373279 -0.347819 -0.565706 0.490805 0.583117 0.761393 0.764794 -0.52276 0.0231094 -0 -0 0.770641 0.866403 0.261397 0.299729 0 -0.606262 0.0340968
internal_count=3200 2368 1755 1657 1224 1072 152 613 433 832 566 98 71 76 237 835 47 76 168 130 398 361 119 361 51
cat_boundaries=0 6 12 19 23
cat_threshold=135324064 100691347 9216 8193 1107304448 2 524294 18874376 402653184 2164916480 16781312 2164260864 8388624 143327236 2752516 16 68173844 545259648 4 2147483648 4608 262400 514
shrinkage=0.169796


Tree=8
num_leaves=23
num_cat=4
split_feature=30 31 5 30 28 0 16 16 0 9 27 0 4 0 3 29 11 0 11 15 11 9
split_gain=13.2795 5.39315 6.90254 7.52885 3.86545 3.65896 1.76173 4.2238 3.24219 3.14348 1.99153 1.54197 1.33243 1.27561 1.412 1.27165 0.685207 0.551414 0.830564 0.481527 0.357388 0.0975723
threshold=0 1 2 3 10891.000000000002 16.750000000000004 17216.500000000004 271.75000000000006 10.750000000000002 13.750000000000002 28.750000000000004 19.750000000000004 55.144650000000006 13.750000000000002 190.82450000000003 74268.250000000015 61454.500000000007 9.2500000000000018 4514.5000000000009 152053.50000000003 19930.750000000004 57.250000000000007
decision_type=5 5 5 5 2 2 2 2 2 2 2 2 2 2 2 2 2 2 2 2 2 2
left_child=11 13 3 5 12 20 7 8 10 -8 -4 -1 16 14 -2 -6 -5 18 -9 -11 -3 -19
right_child=1 2 6 4 15 -7 9 17 -10 19 -12 -13 -14 -15 -16 -17 -18 21 -20 -21 -22 -23
leaf_value=-0.13663294230598669 -0.13580866612536829 -0.11159841981952345 0.16549031881129134 0.046027644140228634 -0.098572336075542277 0.019590626374876786 0 0 -0 0.20166998602609612 0 -0 -8.5804370056860894e-06 0 -0 0 0.16041031162913288 0.058169218150836956 -0.061317969396782968 0 -0 0
leaf_count=744 175 461 147 762 114 44 39 125 40 69 41 91 27 22 49 52 26 27 80 22 23 20
internal_value=0 0.108668 0.177295 -0 0.183142 -0.349612 0.427955 0.295492 0.634186 0.828161 0.820099 -0.530066 0.320762 -0.313506 -0.63321 -0.290735 0.361744 -0 -0.103653 1.06371 -0.620559 0.244573
internal_count=3200 2365 2119 1509 981 528 610 480 228 130 188 835 815 246 224 166 788 252 205 91 484 47
cat_boundaries=0 7 12 13 19
cat_threshold=135323904 100691347 2106372 8193 1107304448 2 4 2149974096 1207959684 8224 32 4 7433 8913540 134943232 786722 514 20 8388608
shrinkage=0.169796


Tree=9
num_leaves=25
num_cat=4
split_feature=31 28 2 24 0 26 3 26 4 3 0 3 0 28 36 20 3 27 27 9 0 1 29 3
split_gain=6.69828 3.55504 2.7224 2.43984 3.26815 2.19766 1.89266 1.66517 1.00315 0.981343 0.853594 0.677769 0.602561 0.581736 1.13833 0.5373 0.961045 0.477287 0.468269 0.347932 0.267783 0.1993 0.0265743 0.00465119
threshold=0 16.750000000000004 1 2 16.750000000000004 241.75000000000003 159.22650000000002 1.7500000000000002 63.700500000000005 181.52750000000003 3.2500000000000004 151.51550000000003 21.250000000000004 7080.2500000000009 40.750000000000007 10632.250000000002 121.02000000000001 45.250000000000007 82.750000000000014 87.250000000000014 18.250000000000004 3 105.25000000000001 176.79000000000002
decision_type=5 2 5 5 2 2 2 2 2 2 2 2 2 2 2 2 2 2 2 2 2 1 2 2
left_child=1 21 8 10 5 7 12 9 15 -5 11 -4 20 22 -15 16 -2 -7 -9 -8 -6 -1 -3 -13
right_child=2 13 3 4 6 17 19 18 -10 -11 -12 23 -14 14 -16 -17 -18 -19 -20 -21 -22 -23 -24 -25
leaf_value=0.1103617929878591 0 -0.06139144563340574 0.073153714102233078 -0.039608483258660988 0 0.058285997361131929 -0.060272897617637627 -0.094939394062988583 -0 0.0058047963374041273 -0 -0.0060025563426744548 0 0.10218859325371508 -0 0 0.10797362764812217 -0 -0 0 0.13381278248482364 0 -0 0
leaf_count=252 50 36 127 1018 32 45 39 835 33 73 53 34 61 26 64 50 112 41 79 21 39 24 32 24
internal_value=0 0.325072 -0.102327 -0.158002 -0.215677 -0.299239 0.135973 -0.340147 0.170767 -0.184691 0.105266 0.296424 0.4296 -0 0.114514 0.367826 0.458926 0.106688 -0.525371 -0.162833 0.619669 0.611177 -0.284909 -0
internal_count=3200 434 2766 2521 2283 2091 192 2005 245 1091 238 185 132 158 90 212 162 86 914 60 71 276 68 58
cat_boundaries=0 3 6 8 9
cat_threshold=58835204 813696096 2216693760 16787972 67108868 524352 268722180 2081 1
shrinkage=0.169796


Tree=10
num_leaves=28
num_cat=3
split_feature=30 21 16 17 5 25 4 25 11 11 30 19 17 16 8 4 25 4 3 25 3 19 4 3 20 4 4
split_gain=10.2515 4.53138 3.69808 2.96616 2.1607 2.66877 3.03203 1.72317 3.12284 3.50847 1.62966 1.54148 1.4886 1.32192 1.70456 1.14687 1.13117 1.05681 1.64905 0.971108 0.879823 0.773386 0.554195 0.379416 0.190588 0.0985653 0.507453
threshold=0 622.75000000000011 16250.500000000002 3871.7500000000005 1 52.425150000000009 45.258900000000004 47.15290000000001 6892.7500000000009 16.750000000000004 2 660.25000000000011 24052.750000000004 2545.0000000000005 68.500000000000014 67.32435000000001 65.709600000000009 36.094350000000013 135.08550000000005 57.921400000000013 165.65550000000002 30745.750000000004 62.697800000000008 156.23150000000001 1471.7500000000002 50.937650000000005 34.840150000000001
decision_type=5 2 2 2 5 2 2 2 2 2 5 2 2 2 2 2 2 2 2 2 2 2 2 2 2 2 2
left_child=2 4 3 11 7 10 16 8 9 -2 25 23 -4 14 20 -11 19 -5 -19 -7 -13 -9 -12 -1 -25 26 -6
right_child=1 -3 12 17 5 6 -8 21 -10 15 22 13 -14 -15 -16 -17 -18 18 -20 -21 -22 -23 -24 24 -26 -27 -28
leaf_value=0.025229024114707333 -0.0021870023309111808 0.07787713034102077 0 0 0.0042444000406304501 0 -0.098675377390338367 -0.085224127951328082 -0.053919481831990676 0.17970473256522726 -0.10297514439586963 0.23628837542539019 0.16142835159344263 -0 -0 0 -0 0 -0.10653171421972117 0.11646063442543554 0.045579223448817617 0 -0 -0.034571260205051073 0 0.02728623384163088 -0.054365362592004585
leaf_count=472 62 74 27 23 141 104 97 92 41 82 1254 26 61 25 23 44 61 20 67 82 100 27 46 52 24 32 41
internal_value=0 -0.19972 0.242243 0.148109 -0.280482 -0.331318 0 0.0154192 0.276979 0.558524 -0.456463 0.256688 0.790715 0.542323 0.651981 0.861896 0.285709 -0.215777 -0.39431 0.456341 0.793079 -0.281355 -0.495426 0.100822 -0 0 -0
internal_count=3200 2280 920 832 2206 1858 344 348 229 188 1514 722 88 174 149 126 247 110 87 186 126 119 1300 548 76 214 182
cat_boundaries=0 6 7 12
cat_threshold=8912910 24248328 402915584 2164916482 16781828 2164260864 1077936802 2164260865 268500996 524288 268435976 1048576
shrinkage=0.169796


Tree=11
num_leaves=23
num_cat=4
split_feature=2 31 10 10 24 20 28 22 28 35 8 0 0 24 0 0 16 25 29 20 3 14
split_gain=4.28877 3.17171 3.02143 1.90169 1.77093 1.78637 1.49994 1.37905 1.26729 0.952332 0.857817 0.926286 0.719078 0.768599 0.774982 0.737369 0.651267 0.57686 0.306954 0.196659 0.118541 0.00538279
threshold=0 1 6.2500000000000009 583.75000000000011 2 27.250000000000004 10891.000000000002 148.00000000000003 4807.0000000000009 21.250000000000004 103.00000000000001 16.750000000000004 16.750000000000004 3 3.2500000000000004 21.250000000000004 2147.5000000000005 50.15420000000001 72311.500000000015 739.75000000000011 190.82450000000003 246.25000000000003
decision_type=5 5 2 2 5 2 2 2 2 2 2 2 2 5 2 2 2 2 2 2 2 2
left_child=2 6 16 4 19 -6 8 20 12 18 11 -7 13 14 -2 -14 -1 -15 -8 -3 -4 -12
right_child=1 3 7 -5 5 10 9 -9 -10 -11 21 -13 15 17 -16 -17 -18 -19 -20 -21 -22 -23
leaf_value=-0 0.06036249028086435 -0 -0.11625995454341503 -0.048631722531545608 -0 0.084419073350661358 -0.099250319638542917 0 0.083210993793551485 0 0.0051406996026709421 -0 0.069422256075339597 -0.033798970595241673 -0 -0 0.072870986021055198 0 -0 -0.063754398192757064 -0 -0
leaf_count=55 75 58 379 36 84 494 225 30 88 64 63 34 59 1011 34 38 27 146 41 52 77 30
internal_value=0 0.0680673 -0.293052 0.214777 0.290781 0.318241 -0.0457707 -0.54696 0 -0.349707 0.417559 0.462808 -0.0282883 -0.0825485 0.0773207 0.192441 0.0655244 -0.128355 -0.496664 -0.0994646 -0.620491 0
internal_count=3200 2632 568 851 815 705 1781 486 1451 330 621 528 1363 1266 109 97 82 1157 266 110 456 93
cat_boundaries=0 3 8 9 11
cat_threshold=1145749716 16785554 512 2150631425 4100 160 0 4 1074266633 1073741829 32
shrinkage=0.169796


Tree=12
num_leaves=25
num_cat=5
split_feature=30 30 16 30 0 3 8 21 28 16 0 23 11 20 0 11 16 23 4 29 16 0 0 11
split_gain=9.10757 2.9865 2.30438 2.20115 1.56907 1.38659 0.826225 0.821341 0.772083 1.43455 1.02179 0.937558 0.73473 2.39213 0.839479 0.886814 0.591357 0.499719 0.496722 0.467904 0.171985 0.0335282 0.403497 0.218857
threshold=0 1 17944.750000000004 2 19.750000000000004 170.50600000000003 54.250000000000007 616.75000000000011 10891.000000000002 14.500000000000002 9.2500000000000018 3 2255.5000000000005 2742.2500000000005 3.2500000000000004 719.50000000000011 2021.5000000000002 4 46.693500000000007 74268.250000000015 14371.750000000002 15.250000000000002 21.250000000000004 7.0000000000000009
decision_type=5 5 2 5 2 2 2 2 2 2 2 1 2 2 2 2 2 1 2 2 2 2 2 2
left_child=4 7 3 6 -1 17 -3 12 9 10 -5 -11 14 -14 15 20 19 -4 -7 -10 -2 23 -23 -16
right_child=1 2 5 8 -6 18 -8 -9 16 11 -12 -13 13 -15 21 -17 -18 -19 -20 -21 -22 22 -24 -25
leaf_value=-0.1288118102955258 0.06249407842541093 -0.080320812635302413 0.018487741565443801 0.047667230420858367 -0 0.11387033095727003 0 -0 -0.087019026035731695 0 -0.0035283868373008312 -0.059655781669050917 0.1358236396742046 -0 -0.038217399726896764 -0 0 -0.055929958364484389 0 -0 0 0.039128135359457118 -0 0
leaf_count=738 285 416 37 583 91 37 38 22 124 91 69 131 74 22 62 21 40 41 82 43 30 60 33 30
internal_value=0 0.0875594 -0.0109894 -0.100317 -0.467051 0.270655 -0.29148 0.242502 0.00762264 0.0849381 0.207955 -0.123805 0.30878 0.586013 0.186307 0.276673 -0.200956 -0 0.465317 -0.347022 0.334235 -0 0.0320417 -0.0543766
internal_count=3200 2371 1732 1535 829 197 454 639 1081 874 652 222 617 96 521 336 207 78 119 167 315 185 93 92
cat_boundaries=0 6 12 19 20 21
cat_threshold=135323936 109079955 2237444 0 1644167168 536870914 524294 16777224 402915584 17432832 16781316 2164260864 2155872384 140644356 524288 2147492371 8208 128 4 1 2
shrinkage=0.169796


Tree=13
num_leaves=29
num_cat=4
split_feature=30 30 5 28 9 32 30 19 17 0 0 4 10 9 15 13 29 29 0 10 10 4 10 25 25 16 0 10
split_gain=7.24938 2.35342 3.12627 2.63459 2.31991 2.30118 2.2632 1.69664 2.21171 1.59609 1.40298 0.937925 3.62677 0.93231 0.770133 1.53627 1.44179 0.694031 0.672976 0.633553 1.11462 0.44766 0.263978 0.166439 0.668133 0.237342 0.149604 0.0314445
threshold=0 1 2 10891.000000000002 13.750000000000002 61.750000000000007 3 78264.250000000015 499.75000000000006 6.2500000000000009 19.750000000000004 35.263700000000007 33.250000000000007 70.750000000000014 2830.0000000000005 25.750000000000004 139.00000000000003 74268.250000000015 12.250000000000002 7.7500000000000009 396.25000000000006 43.282650000000011 61.750000000000007 33.969400000000007 47.298850000000009 87.250000000000014 1.7500000000000002 100.75000000000001
decision_type=5 5 5 2 2 2 5 2 2 2 2 2 2 2 2 2 2 2 2 2 2 2 2 2 2 2 2 2
left_child=10 5 4 6 23 11 9 8 13 -4 -1 26 -13 -6 16 -16 -8 -5 -11 -9 -21 -10 -7 25 -25 -3 -2 -14
right_child=1 2 3 17 7 22 14 19 21 18 -12 12 27 -15 15 -17 -18 -19 -20 20 -22 -23 -24 24 -26 -27 -28 -29
leaf_value=-0.12346985093584234 0.032864295899819214 0 -0.096810962119410149 -0.11224259546697422 0.15328440208908947 -0.047960208252163093 -0.013877570414192401 0 0 0.055109619474808427 -0 0.19813034984139463 -0 0 0.088067896493891948 -0 0.057916828875652089 -0 -0.038081555323201045 0.17483289627887585 0 -0.059392277524607864 0 0.071175590075127915 -0.0030021030063381495 -0.046024967936715691 0 0.011521352478155823
leaf_count=764 123 34 293 237 24 20 556 20 29 58 91 49 25 32 101 64 133 48 76 45 26 80 27 35 55 47 64 44
internal_value=0 0.0730881 -0 -0.103384 0.204402 0.258142 -0.0204116 0.431226 0 -0.256362 -0.432531 0.434472 0.660005 0.56244 0.0674 0.28061 0 -0.533508 0 0.671234 0.761023 -0.203764 -0.0452142 -0 0 -0.138316 0.135284 0
internal_count=3200 2345 1993 1566 427 352 1281 256 165 427 855 305 118 56 854 165 689 285 134 91 71 109 47 171 90 81 187 69
cat_boundaries=0 7 13 14 19
cat_threshold=135323936 109079699 2106372 8193 1644167168 536870914 4 2 16777216 402653440 16908544 16781312 16777216 1074291334 66176 140710400 262146 514 8212
shrinkage=0.169796


Tree=14
num_leaves=24
num_cat=4
split_feature=30 30 14 20 32 15 15 30 18 13 11 0 11 20 0 17 14 30 13 15 15 21 10
split_gain=5.62051 2.08775 2.12443 1.50414 1.55967 1.37145 1.9377 1.26306 2.15189 1.71712 3.43127 1.59938 1.5786 1.18231 1.11343 1.04484 0.614636 0.581788 0.504042 0.390805 0.494754 0.215096 0.0158769
threshold=0 1 771.25000000000011 4015.0000000000005 94.750000000000014 4.7500000000000009 21535.750000000004 2 3185.5000000000005 6.2500000000000009 94.000000000000014 13.750000000000002 6892.7500000000009 13.750000000000002 19.750000000000004 41541.250000000007 694.00000000000011 3 218.50000000000003 47644.000000000007 8983.7500000000018 37.750000000000007 12.250000000000002
decision_type=5 5 2 2 2 2 2 5 2 2 2 2 2 2 2 2 2 5 2 2 2 2 2
left_child=14 5 7 4 -4 22 21 8 11 10 17 13 -12 -3 -1 18 -8 -9 -11 20 -10 -7 -2
right_child=1 2 3 -5 -6 6 16 9 19 15 12 -13 -14 -15 -16 -17 -18 -19 -20 -21 -22 -23 -24
leaf_value=-0.1121176869439021 0.0050757578880592513 0.027690612071545113 0.18123492795487903 0 0 -0.12118254540987398 0.044597220135998331 0.013454550230133052 0 -0.083773266981928551 0.13391745401890948 -0 0 0.14747349119499492 -0 0 -0.040416498969660444 -0.018231729444309668 -0 0.005850766209597299 -0.076184517170869534 -0 -0
leaf_count=759 333 191 27 49 21 134 53 135 33 154 93 51 96 79 91 21 29 681 61 24 31 21 33
internal_value=0 0.0651494 0.12883 0.522541 0.751395 -0.10901 -0.346402 0.0761927 0.197262 -0 0.0692876 0.397083 0.465117 0.506013 -0.385829 -0.275814 0 -0.0441236 -0.393095 -0.00920617 -0.208726 -0.622552 0
internal_count=3200 2350 1747 97 48 603 237 1650 409 1241 1005 321 189 270 850 236 82 816 215 88 64 155 366
cat_boundaries=0 6 13 18 23
cat_threshold=135307552 67136919 2237444 8192 1711284224 536870914 2164342937 445710848 557090 268697625 1064976 8388736 4 8389122 8 268435712 2164261120 16781312 524288 20975616 262144 0 512
shrinkage=0.169796


Tree=15
num_leaves=29
num_cat=3
split_feature=31 2 5 10 13 8 15 26 8 10 14 28 27 25 28 27 36 15 10 28 27 13 26 25 16 26 27 26
split_gain=4.28084 2.22773 1.18925 1.58019 1.17018 2.0694 0.931516 0.987652 0.862021 1.05779 0.746062 0.688935 0.93251 1.53918 0.661001 0.380183 0.20658 0.268282 0.144184 0.644486 0.451071 0.2209 0.112008 0.304262 0.107332 0.0867887 0.0833036 0.0370208
threshold=0 1 2 422.50000000000006 37.750000000000007 54.250000000000007 4.7500000000000009 130.75000000000003 427.00000000000006 251.50000000000003 1693.0000000000002 14123.500000000002 21.250000000000004 53.336500000000008 22162.750000000004 123.25000000000001 7.7500000000000009 41384.500000000007 142.75000000000003 1129.7500000000002 1.7500000000000002 283.00000000000006 16.750000000000004 32.246400000000008 43341.250000000007 12.250000000000002 4.7500000000000009 106.00000000000001
decision_type=5 5 5 2 2 2 2 2 2 2 2 2 2 2 2 2 2 2 2 2 2 2 2 2 2 2 2 2
left_child=8 6 18 4 5 27 11 10 9 14 24 12 22 -14 -1 -13 17 -6 19 20 21 -3 26 -24 -8 -20 -2 -4
right_child=1 2 3 -5 16 -7 7 -9 -10 -11 -12 15 13 -15 -16 -17 -18 -19 25 -21 -22 -23 23 -25 -26 -27 -28 -29
leaf_value=-0.13985574541909052 0.0087804763268583379 -0.025648438902731784 0.13859300382732129 -0 0.043521440318151465 0 -0.10099216513518683 0 0 -0 0 -0.055759992461812811 -0 0.13495353740615343 -0 0 -0 -0 0.02577866988086706 -0.060925107222463838 0.051014090617435837 0 0 -0.028943248658981967 -0 -0 -0 0
leaf_count=270 873 127 172 36 80 44 134 28 40 93 20 228 75 52 46 45 31 48 67 79 47 23 25 256 63 50 117 31
internal_value=0 0.0578594 0.188011 0.297019 0.435386 0.603009 -0.0278067 -0.243505 -0.343662 -0.577158 -0.366035 0 0.0486782 0.353917 -0.728689 -0.21955 0.0686968 0.143343 0 -0.0496562 0 -0.0394848 0 -0.0676091 -0.460762 0.0912911 0.0284925 0.758152
internal_count=3200 2751 835 442 406 247 1916 245 449 409 217 1671 1398 127 316 273 159 128 393 276 197 150 1271 281 197 117 990 203
cat_boundaries=0 5 7 8
cat_threshold=2485520464 1209010564 532512 134217760 4 537022665 2432704664 15628
shrinkage=0.169796


Tree=16
num_leaves=27
num_cat=5
split_feature=30 16 30 21 19 10 20 15 11 30 26 16 11 21 28 11 18 8 0 11 23 26 23 32 14 17
split_gain=4.13789 2.33038 2.36981 2.04547 1.81795 2.28525 1.51097 1.28788 1.15151 1.01133 1.45939 0.949276 1.18918 1.79048 0.923495 0.94516 0.907292 0.729861 0.453604 0.424219 0.417049 0.272547 0.138043 0.134082 0.106238 0.0127409
threshold=0 16250.500000000002 1 622.75000000000011 3.2500000000000004 60.250000000000007 486.25000000000006 20002.750000000004 1642.0000000000002 2 69.250000000000014 3802.7500000000005 121.75000000000001 29.500000000000004 457.75000000000006 6023.5000000000009 577.75000000000011 10.750000000000002 12.250000000000002 12.250000000000002 3 16.750000000000004 4 190.75000000000003 1.7500000000000002 15.250000000000002
decision_type=5 2 5 2 2 2 2 2 2 5 2 2 2 2 2 2 2 2 2 2 1 2 1 2 2 2
left_child=1 2 6 4 9 23 16 17 22 18 -11 12 19 -14 15 -9 -1 -7 -2 25 -18 -5 -3 -6 -8 -4
right_child=3 8 11 21 5 7 24 14 -10 10 -12 -13 13 -15 -16 -17 20 -19 -20 -21 -22 -23 -24 -25 -26 -27
leaf_value=-0.018299256012284427 0.046462232534085039 -0 0.029521499391024639 0 -0.10155958609190044 -0.081450476162765337 -0 0.1021350731898077 0.13273090632521889 -0.054179004879152864 0.0095369307790695527 -0 0.14979356368754906 0 -0 -0 0 -0 -0 -0 0.097883714369866093 0.084401527536052956 0.03107260945434728 -0 -0.089396077377252636 0
leaf_count=285 260 21 268 44 504 125 25 56 46 686 176 35 52 30 58 40 28 144 91 24 22 23 29 35 67 26
internal_value=0 0.143545 0.0606894 -0.140103 -0.204219 -0.345607 -0.114884 -0.0326299 0.53813 -0.0183945 -0.131576 0.194822 0.289542 0.610426 0.147456 0.382219 0 -0.273468 0.110592 0.110198 0.351431 0.275204 0 -0.566953 -0.460459 0.165265
internal_count=3200 958 862 2242 2175 962 427 423 96 1213 862 435 400 82 154 96 335 269 351 318 50 67 50 539 92 294
cat_boundaries=0 6 12 16 17 18
cat_threshold=8912902 23724040 403439872 2164916482 16781828 2164260992 8912896 23199744 786688 2147614978 0 128 152052233 8192 32770 8 2 2
shrinkage=0.169796


Tree=17
num_leaves=26
num_cat=3
split_feature=30 30 17 17 15 17 14 9 30 27 11 10 11 19 25 18 15 3 29 4 15 27 3 21 15
split_gain=4.6282 1.87684 2.43871 4.70264 1.74858 2.75628 1.9865 4.86803 1.75516 1.51158 0.793234 1.07305 0.782816 0.761942 1.44131 0.720617 0.585293 1.41695 0.359753 0.314949 0.261321 0.149463 0.0970157 0.0960086 0.0237227
threshold=0 1 43464.250000000007 97.750000000000014 7636.0000000000009 3049.0000000000005 265.00000000000006 54.250000000000007 2 7.7500000000000009 64.000000000000014 1.7500000000000002 185.50000000000003 700.75000000000011 33.969400000000007 2347.0000000000005 28178.500000000004 178.24900000000002 1566.2500000000002 59.582650000000008 800.50000000000011 3.2500000000000004 159.22650000000002 184.00000000000003 126814.50000000001
decision_type=5 5 2 2 2 2 2 2 5 2 2 2 2 2 2 2 2 2 2 2 2 2 2 2 2
left_child=19 2 3 13 5 8 7 21 20 -9 11 -10 -5 14 -2 -12 23 -18 -7 -1 -3 22 -6 -8 -19
right_child=1 4 -4 12 6 18 16 9 10 -11 15 -13 -14 -15 -16 -17 17 24 -20 -21 -22 -23 -24 -25 -26
leaf_value=-0.10500772003703876 0.071582713168100665 -0.06018083345217165 0.15686702087776877 0 0.028107799428163792 -0.11112383391054685 -0 0.20349387707494249 0.014748900150364889 0 0.074729629854978427 -0.047026938043139253 -0.078614997093436542 0.1577121055998901 -0 -0 -0.072171749576413299 -0 -0 -0 -0 -0.034944726637838326 -0 0.043045133001249361 0.017631505959978255
leaf_count=717 151 288 28 44 31 82 20 42 794 30 127 145 81 32 111 52 83 21 34 99 32 53 63 20 20
internal_value=0 0.0581751 0.227526 0.114398 -0 -0.0787505 0.179251 0.420098 -0 0.960642 0.0696649 0 -0.313017 0.416946 0.179431 0.299255 -0 -0.159289 -0.559211 -0.371618 -0.212429 -0 0 0.178478 0.0537177
internal_count=3200 2384 447 419 1937 1554 383 219 1438 72 1118 939 125 294 262 179 164 124 116 816 320 147 94 40 41
cat_boundaries=0 7 13 19
cat_threshold=135324064 75517331 2237444 8193 637542400 536870914 4 8912896 23199744 402915328 2164261120 16781312 2164260864 2147483652 167838212 0 131586 1073741840 8388736
shrinkage=0.169796


Tree=18
num_leaves=20
num_cat=4
split_feature=30 30 9 11 3 30 9 9 18 24 29 19 27 4 16 26 4 27 4
split_gain=2.5427 1.61707 2.88983 1.76135 1.32639 2.28606 3.54659 3.3349 2.33478 1.64126 2.11298 1.48565 1.05661 0.893184 0.804604 0.861728 0.540592 0.352572 0.188962
threshold=0 1 42.250000000000007 60854.500000000007 156.83150000000003 2 37.750000000000007 30.250000000000004 2226.2500000000005 3 71.500000000000014 3.2500000000000004 145.75000000000003 43.467850000000006 2047.0000000000002 82.750000000000014 39.629200000000004 1.7500000000000002 35.422650000000012
decision_type=5 5 2 2 2 5 2 2 2 5 2 2 2 2 2 2 2 2 2
left_child=-1 2 -2 4 9 6 8 11 -6 17 13 -7 -12 -11 -5 18 -9 -3 -16
right_child=1 3 -4 14 5 7 -8 16 -10 10 12 -13 -14 -15 15 -17 -18 -19 -20
leaf_value=-0.051148621112801121 0.12556491237026401 0 -0 -0 -0 -0 -0.039951911093433941 0.033173195181211181 0.18375380109183079 -0.0052677106482221063 0.097993004381437793 -0.10827419506805511 -0 0.054317871833482356 0 -0 -0.017350337110301258 -0.056279633104187814 0.094850338614622276
leaf_count=595 77 30 31 28 31 70 35 82 39 712 243 365 36 70 30 21 314 326 65
internal_value=0 0.0397722 0.276067 0 -0.0385919 -0.152065 0.156174 -0.226082 0.743652 0.0342899 0.119365 -0.519067 0.464402 0 0.285581 0.374798 -0 -0.16524 0.475531
internal_count=3200 2605 108 2497 2353 936 105 831 70 1417 1061 435 279 782 144 116 396 356 95
cat_boundaries=0 7 13 17 19
cat_threshold=1098145 100681107 1024 1 1711276032 536870914 4 0 0 402653184 256 16781312 16777216 2147483648 593920 262400 2147614720 1227456608 32
shrinkage=0.169796


Tree=19
num_leaves=21
num_cat=6
split_feature=30 31 30 16 5 11 30 9 20 11 16 2 8 10 29 9 26 9 3 3
split_gain=2.91387 2.56637 1.21268 2.88863 1.38503 1.58432 1.56918 1.19732 1.40127 1.05091 1.04333 0.984971 0.604527 1.06209 0.53225 0.41085 0.287965 0.253954 0.125752 0.0789988
threshold=0 1 2 17216.500000000004 3 16.750000000000004 4 121.00000000000001 256.75000000000006 275378.00000000006 393.25000000000006 5 427.00000000000006 251.50000000000003 1720.0000000000002 1.7500000000000002 100.75000000000001 268.75000000000006 121.02000000000001 157.66750000000005
decision_type=5 5 5 2 5 2 5 2 2 2 2 5 2 2 2 2 2 2 2 2
left_child=14 12 3 10 6 -6 16 8 -7 11 18 -8 13 -2 -1 -16 -4 -9 -3 -12
right_child=1 2 4 -5 5 7 9 17 -10 -11 19 -13 -14 -15 15 -17 -18 -19 -20 -21
leaf_value=-0.11999693579704838 -0.11219647111099761 0.003475218985541666 -0.082564654543002394 0.15502765897211024 -0.014286021648633952 0 -0.03553369660370527 -0.01959499984184971 0.1237838076311374 0.078756540447953161 0 0.0082276358594533805 0 -0 0 -0.054503682900129462 -0 0.025823750943871616 0.063023440811364406 -0.033054795016593433
leaf_count=441 227 210 306 34 74 59 106 38 87 29 23 1006 31 76 131 82 67 64 72 37
internal_value=0 0.041533 0.0935863 0.238606 0.0182123 0.184019 -0.0337951 0.362626 0.54369 0.0229154 0.0989249 -0 -0.238374 -0.466271 -0.30889 -0.0335529 -0.244541 0 0.2222 -0.121977
internal_count=3200 2546 2212 376 1836 322 1514 248 146 1141 342 1112 334 303 654 213 373 102 282 60
cat_boundaries=0 7 12 18 19 25 27
cat_threshold=1106344 75517331 2097156 1 1711284224 536870914 4 2485256272 1209008516 532512 134217760 4 8388608 24248328 402915328 2164261122 16781312 16777216 555273 524816 168301056 8482 139264 20 8388608 537002628 2147483648
shrinkage=0.169796


Tree=20
num_leaves=22
num_cat=4
split_feature=31 31 5 15 11 28 11 0 20 14 8 13 24 19 19 13 9 0 28 13 11
split_gain=2.28604 1.1888 1.04734 1.17477 1.1716 1.1496 2.52384 0.583193 0.58771 0.641645 0.529574 0.637093 0.466594 1.34668 1.17729 0.99253 0.594904 0.391032 0.116687 0.0875345 0.0576284
threshold=0 1 2 8405.5000000000018 61454.500000000007 226.75000000000003 7876.0000000000009 12.250000000000002 10632.250000000002 623.50000000000011 427.00000000000006 218.50000000000003 3 1.7500000000000002 1.7500000000000002 19.750000000000004 42.250000000000007 16.750000000000004 13042.750000000002 9.2500000000000018 4984.0000000000009
decision_type=5 5 5 2 2 2 2 2 2 2 2 2 5 2 2 2 2 2 2 2 2
left_child=10 -2 3 12 7 6 -5 8 9 -4 11 -1 13 18 17 -16 -15 -14 -3 -6 -7
right_child=1 2 4 5 19 20 -8 -9 -10 -11 -12 -13 14 16 15 -17 -18 -19 -20 -21 -22
leaf_value=-0.10250286988017156 0.045305908452179584 0.011095482520220655 -0.074952359300368823 0.14263836834854518 0.023290798915435517 -0.020336805544491927 -0 0 0 0 0 -0 -0 0.12632666736231926 -0.076904202059626448 0 0 0.03588842908006714 -0.01478335158505872 -0 0
leaf_count=320 108 257 336 59 35 39 52 60 50 54 40 89 1100 47 140 44 31 90 187 37 25
internal_value=0 0.0346008 0 0.0517717 -0.119975 0.284288 0.449365 -0.256369 -0.312924 -0.369159 -0.270667 -0.483361 0 0.105762 -0.0294444 -0.282182 0.530254 0.00570563 0 0.0507139 -0
internal_count=3200 2751 2643 2071 572 175 111 500 440 390 449 409 1896 522 1374 184 78 1190 444 72 64
cat_boundaries=0 5 8 9 11
cat_threshold=2485520464 1209010564 532512 134217760 4 41992192 8388672 2097152 21521027 2744361 1
shrinkage=0.169796


Tree=21
num_leaves=19
num_cat=4
split_feature=30 31 5 30 28 17 10 16 4 29 26 36 9 26 15 8 4 18
split_gain=2.33943 1.71379 1.11568 4.12107 1.17688 1.04681 1.04501 0.90389 0.569371 0.514266 0.427792 0.386972 0.365472 0.556226 1.78571 0.359553 0.448361 0.399602
threshold=0 1 2 3 10891.000000000002 3988.0000000000005 553.75000000000011 9017.5000000000018 47.783600000000014 74268.250000000015 732.25000000000011 685.75000000000011 866.50000000000011 16.750000000000004 17375.500000000004 427.00000000000006 67.132200000000012 82823.500000000015
decision_type=5 5 5 5 2 2 2 2 2 2 2 2 2 2 2 2 2 2
left_child=7 15 6 -4 5 11 12 10 -7 -6 -1 -5 13 14 -3 16 17 -2
right_child=1 2 3 4 9 8 -8 -9 -10 -11 -12 -13 -14 -15 -16 -17 -18 -19
leaf_value=-0.098536969974076613 -0.094872974116015613 -0 -0.060914670753453082 0.040013202551064365 -0.066626931283971833 0.0023676909301999999 -0 0 -0.054512590584497297 0 -0 -0 -0 0.095924218091660976 0.083048447827776511 0 -0 -0
leaf_count=628 209 184 319 998 123 54 36 101 53 57 24 36 26 136 52 30 91 43
internal_value=0 0.0416495 0.0879906 0.00326065 0.106772 0.167477 0.205362 -0.263911 -0.00634314 -0.144252 -0.501448 0.219117 0.303809 0.331766 0.138127 -0.171477 -0.318332 -0.429205
internal_count=3200 2447 2074 1640 1321 1141 434 753 107 180 652 1034 398 372 236 373 343 252
cat_boundaries=0 6 11 12 18
cat_threshold=2148589992 100682899 2229252 8193 1644175360 536870914 2150760528 1209012612 532512 134217760 4 1074422434 8912896 17371648 786722 514 20 8388608
shrinkage=0.169796


Tree=22
num_leaves=23
num_cat=4
split_feature=2 11 12 10 24 20 26 2 10 27 26 22 0 0 0 22 0 3 11 24 26 26
split_gain=1.67317 3.26011 1.66675 1.36467 1.03787 1.47636 1.28951 0.836936 1.08412 1.06288 0.753236 0.710067 0.411304 0.62737 0.412518 0.403022 0.380502 0.609155 0.116644 0.106257 0.425556 0.0619085
threshold=0 175774.50000000003 4.7500000000000009 3.2500000000000004 1 27.250000000000004 274.75000000000006 2 545.50000000000011 56.500000000000007 4.0000000000000009 138.25000000000003 16.750000000000004 12.250000000000002 21.250000000000004 22.750000000000004 10.750000000000002 179.50650000000002 152.50000000000003 3 12.250000000000002 82.750000000000014
decision_type=5 2 2 2 5 2 2 5 2 2 2 2 2 2 2 2 2 2 2 5 2 2
left_child=1 2 3 -1 6 12 16 18 9 11 -3 -9 13 19 -14 -5 17 -2 -7 21 -21 -6
right_child=4 10 -4 15 5 7 -8 8 -10 -11 -12 -13 14 -15 -16 -17 -18 -19 -20 20 -22 -23
leaf_value=0 -0.060589907649450672 0.077984245467701704 -0 -0.13977868658667833 -0 -0.022751450502857817 0.030616773714608719 0.067908801075909686 -0 -0 -0 -0 0.053684065192688445 -0.069789641760524712 -0 -0 0 0 0 0 -0.04135307256707367 0.021087905791364891
leaf_count=43 519 28 114 349 54 71 27 445 36 46 26 27 58 81 42 41 77 55 44 757 198 62
internal_value=0 -0.197242 -0.467325 -0.629028 0.0327981 0.0796068 -0.0972261 0.198277 0.229007 0.319673 0.206695 0.362341 -0 -0.0524079 0.161291 -0.743631 -0.253025 -0.296604 -0.0201212 -0 -0.0362599 0.0412113
internal_count=3200 601 547 433 2599 1921 678 669 554 518 54 472 1252 1152 100 390 651 574 115 1071 955 116
cat_boundaries=0 2 4 6 8
cat_threshold=1146639580 16785562 1095303289 1056768 536905728 2155872256 279044 33
shrinkage=0.169796


Tree=23
num_leaves=28
num_cat=4
split_feature=30 30 6 11 0 4 4 0 15 29 4 9 21 14 4 30 29 0 0 20 27 27 5 8 15 16 0
split_gain=1.7965 1.09653 2.00301 1.33868 2.6905 1.36746 1.33441 1.24919 0.989546 0.980012 0.929838 0.728046 0.57355 0.97487 0.841062 0.490274 0.653911 1.55341 0.597986 0.48486 0.429314 0.258473 0.213208 0.114425 0.0428927 0.00517239 0.00162232
threshold=0 1 31.750000000000004 94.000000000000014 7.7500000000000009 34.857500000000009 56.939050000000009 13.750000000000002 3889.7500000000005 2207.5000000000005 39.423750000000005 3.2500000000000004 244.00000000000003 243.25000000000003 46.805700000000009 2 139.00000000000003 16.750000000000004 7.7500000000000009 2164.0000000000005 10.750000000000002 45.250000000000007 3 1.7500000000000002 800.50000000000011 22542.250000000004 18.250000000000004
decision_type=5 5 2 2 2 2 2 2 2 2 2 2 2 2 2 5 2 2 2 2 2 2 5 2 2 2 2
left_child=11 2 7 5 12 15 9 8 -2 -7 -6 -1 13 22 20 18 17 -17 -3 -4 -14 -18 -5 -15 -12 -16 -20
right_child=1 3 19 4 10 6 -8 -9 -10 -11 24 -13 14 23 25 16 21 -19 26 -21 -22 -23 -24 -25 -26 -27 -28
leaf_value=-0 0.090853699366059373 0.040832149532715654 -0.051689812003791379 0.013146725586501314 -0 -0.096755967683685551 0 -0 -0 0 0 -0.10781199659391687 0.084771495127013 -0 0 -0.05460133398127455 0.028692614928634605 0.030022531103390222 -0.0031766907138934168 0 -0 -0.0012703533742380673 -0.010932814431123501 -0.084318821506312966 0.11229609748085552 -0.0054910814438159147 0
leaf_count=355 233 210 58 113 30 238 117 31 24 66 40 272 38 20 27 538 138 28 66 23 26 114 172 61 68 45 49
internal_value=0 0.0228741 0.166966 -0.0104155 0.0958135 -0.10326 -0.312645 0.373808 0.459536 -0.456531 0.459257 -0.255789 -0.0037608 -0.117534 0.115467 -0 -0.0779885 -0.19581 0.0784633 -0.0814704 0.353828 0 0 -0.404483 0.583146 -0 -0
internal_count=3200 2573 369 2204 640 1564 421 288 257 304 138 627 502 366 136 1143 818 566 325 81 64 252 285 81 108 72 115
cat_boundaries=0 7 13 18 19
cat_threshold=1098024 343960983 2097156 8192 1644167184 536870914 4 8389120 23068672 402653440 17301762 16777216 2164260864 151527427 65536 32768 131080 1048576 25218
shrinkage=0.169796


end of trees

feature importances:
n_1=56
c_02=46
n_table_1.n_9=34
n_table_1.n_2=30
n_table_1.n_7=29
n_table_1.n_1=28
n_table_1.n_6=24
n_table_1.n_20=24
n_table_1.n_16=23
n_table_2.n_6=23
n_table_1.n_15=21
n_table_3.n_2=21
n_table_3.n_3=19
n_table_3.n_5=15
n_table_1.n_5=14
n_table_1.n_19=14
n_table_1.n_11=13
n_table_1.n_17=13
n_table_1.n_18=13
n_table_2.n_2=13
c_table_1.c_5=10
n_table_1.n_12=10
c_table_2.c_2=10
c_table_1.c_3=10
n_table_1.n_26=9
c_table_1.c_2=8
c_table_2.c_1=7
n_table_1.n_27=6
n_table_1.n_8=6
n_table_2.n_13=4
n_table_2.n_9=2
c_table_1.c_1=1
n_table_1.n_3=1
n_table_1.n_10=1
c_table_2.c_5=1

parameters:
[boosting: gbdt]
[objective: binary]
[metric: auc]
[tree_learner: serial]
[device_type: cpu]
[data: ]
[valid: ]
[num_iterations: 100]
[learning_rate: 0.169796]
[num_leaves: 100]
[num_threads: 4]
[max_depth: 7]
[min_data_in_leaf: 20]
[min_sum_hessian_in_leaf: 2.00646]
[bagging_fraction: 0.8]
[bagging_freq: 88]
[bagging_seed: 3]
[feature_fraction: 0.8]
[feature_fraction_seed: 2]
[early_stopping_round: 0]
[max_delta_step: 0]
[lambda_l1: 1.57558]
[lambda_l2: 1.35787]
[min_gain_to_split: 0]
[drop_rate: 0.1]
[max_drop: 50]
[skip_drop: 0.5]
[xgboost_dart_mode: 0]
[uniform_drop: 0]
[drop_seed: 4]
[top_rate: 0.2]
[other_rate: 0.1]
[min_data_per_group: 100]
[max_cat_threshold: 32]
[cat_l2: 10]
[cat_smooth: 10]
[max_cat_to_onehot: 4]
[top_k: 20]
[monotone_constraints: ]
[feature_contri: ]
[forcedsplits_filename: ]
[refit_decay_rate: 0.9]
[verbosity: -1]
[max_bin: 255]
[min_data_in_bin: 3]
[bin_construct_sample_cnt: 200000]
[histogram_pool_size: -1]
[data_random_seed: 1]
[output_model: LightGBM_model.txt]
[snapshot_freq: -1]
[input_model: ]
[output_result: LightGBM_predict_result.txt]
[initscore_filename: ]
[valid_data_initscores: ]
[pre_partition: 0]
[enable_bundle: 1]
[max_conflict_rate: 0]
[is_enable_sparse: 1]
[sparse_threshold: 0.8]
[use_missing: 1]
[zero_as_missing: 0]
[two_round: 0]
[save_binary: 0]
[enable_load_from_binary_file: 1]
[header: 0]
[label_column: ]
[weight_column: ]
[group_column: ]
[ignore_column: ]
[categorical_feature: ]
[predict_raw_score: 0]
[predict_leaf_index: 0]
[predict_contrib: 0]
[num_iteration_predict: -1]
[pred_early_stop: 0]
[pred_early_stop_freq: 10]
[pred_early_stop_margin: 10]
[convert_model_language: ]
[convert_model: gbdt_prediction.cpp]
[num_class: 1]
[is_unbalance: 0]
[scale_pos_weight: 1]
[sigmoid: 1]
[boost_from_average: 1]
[reg_sqrt: 0]
[alpha: 0.9]
[fair_c: 1]
[poisson_max_delta_step: 0.7]
[tweedie_variance_power: 1.5]
[max_position: 20]
[label_gain: ]
[metric_freq: 1]
[is_provide_training_metric: 0]
[eval_at: ]
[num_machines: 1]
[local_listen_port: 12400]
[time_out: 120]
[machine_list_filename: ]
[machines: ]
[gpu_platform_id: -1]
[gpu_device_id: -1]
[gpu_use_dp: 0]

end of parameters

pandas_categorical:[[0, 1, 2], [0, 1, 2, 3, 4, 5, 6, 7, 8, 9, 10, 11, 12, 13, 14, 15, 16, 17, 18, 19, 20, 21, 22, 23, 24, 25, 26, 27, 28, 29, 30, 31, 32, 33, 34, 35, 36, 37, 38, 39, 40, 41, 42, 43, 44, 45, 46, 47, 48, 49, 50, 51, 52, 53, 54, 55, 56, 57, 58, 59, 60, 61, 62, 63, 64, 65, 66, 67, 68, 69, 70, 71, 72, 73, 74, 75, 76, 77, 78, 79, 80, 81, 82, 83, 84, 85, 86, 87, 88, 89, 90, 91, 92, 93, 94, 95, 96, 97, 98, 99, 100, 101, 102, 103, 104, 105, 106, 107, 108, 109, 110, 111, 112, 113, 114, 115, 116, 117, 118, 119, 120, 121, 122, 123, 124, 125, 126, 127, 128, 129, 130, 131, 132, 133, 134, 135, 136, 137, 138, 139, 140, 141, 142, 143, 144, 145, 146, 147, 148, 149, 150, 151, 152, 153, 154, 155, 156, 157, 158, 159, 160, 161, 162, 163, 164, 165, 166, 167, 168, 169, 170, 171, 172, 173, 174, 175], [0, 1, 2, 3, 4, 5, 6, 7, 8, 9, 10, 11, 12, 13, 14, 15, 16, 17, 18, 19, 20, 21, 22, 23, 24, 25, 26, 27, 28, 29, 30, 31, 32, 33, 34, 35, 36, 37, 38, 39, 40, 41, 42, 43, 44, 45, 46, 47, 48, 49, 50, 51, 52, 53], [0, 1, 2, 3, 4, 5, 6, 7, 8, 9, 10, 11, 12, 13, 14, 15], [0, 1], [0, 1, 2, 3, 4, 5, 6, 7, 8, 9, 10, 11, 12, 13, 14, 15, 16, 17, 18, 19, 20, 21, 22, 23, 24, 25, 26, 27, 28, 29, 30, 31, 32, 33, 34, 35, 36, 37, 38, 39, 40, 41, 42, 43, 44, 45, 46, 47, 48, 49, 50, 51, 52, 53, 54, 55, 56, 57, 58, 59, 60, 61, 62, 63, 64, 65, 66, 67, 68, 69, 70, 71, 72, 73, 74, 75, 76, 77, 78, 79, 80, 81, 82, 83, 84, 85, 86, 87, 88, 89, 90, 91, 92, 93, 94, 95, 96, 97, 98], [0, 1, 2, 3, 4, 5, 6, 7, 8, 9, 10, 11, 12, 13, 14, 15, 16, 17, 18, 19, 20, 21, 22, 23, 24, 25, 26, 27, 28, 29, 30, 31, 32, 33, 34, 35, 36, 37, 38, 39, 40, 41, 42, 43, 44, 45, 46, 47, 48, 49, 50, 51, 52, 53, 54, 55, 56, 57, 58, 59, 60, 61, 62, 63, 64, 65, 66, 67, 68, 69, 70, 71, 72, 73, 74, 75, 76, 77, 78, 79, 80, 81, 82, 83, 84, 85, 86, 87, 88, 89, 90, 91, 92, 93, 94, 95, 96, 97, 98, 99, 100, 101, 102, 103, 104, 105, 106, 107, 108, 109, 110, 111, 112, 113, 114, 115, 116, 117, 118, 119, 120, 121, 122, 123, 124, 125, 126, 127, 128, 129, 130, 131, 132, 133, 134, 135, 136, 137, 138, 139, 140, 141, 142, 143, 144, 145, 146, 147, 148, 149, 150, 151, 152, 153, 154, 155, 156, 157, 158, 159, 160, 161, 162, 163, 164, 165, 166, 167, 168, 169, 170, 171, 172, 173, 174, 175, 176, 177, 178, 179, 180, 181, 182, 183, 184, 185, 186, 187, 188, 189, 190, 191, 192, 193, 194, 195, 196, 197, 198, 199, 200, 201, 202, 203, 204, 205, 206, 207, 208, 209, 210, 211, 212, 213, 214, 215, 216, 217, 218, 219, 220, 221, 222, 223, 224, 225, 226, 227, 228, 229, 230, 231, 232, 233, 234, 235, 236, 237, 238, 239, 240, 241, 242, 243, 244, 245, 246, 247, 248, 249, 250, 251, 252, 253, 254, 255, 256, 257, 258, 259, 260, 261, 262, 263, 264, 265, 266, 267, 268, 269, 270, 271, 272, 273, 274, 275, 276, 277, 278, 279, 280, 281, 282, 283, 284, 285, 286, 287, 288, 289, 290, 291, 292, 293, 294, 295, 296, 297, 298, 299, 300, 301, 302, 303, 304, 305, 306, 307, 308, 309, 310, 311, 312, 313, 314, 315, 316, 317, 318, 319, 320, 321, 322, 323, 324, 325, 326, 327, 328, 329, 330, 331, 332, 333, 334, 335, 336, 337], [0, 1, 2, 3, 4, 5, 6, 7, 8, 9, 10, 11, 12, 13, 14, 15, 16, 17, 18, 19, 20, 21, 22, 23, 24, 25, 26, 27, 28, 29, 30, 31, 32, 33, 34, 35, 36, 37, 38, 39, 40, 41, 42, 43, 44, 45, 46, 47, 48, 49, 50, 51, 52, 53, 54, 55, 56, 57, 58, 59, 60, 61, 62, 63, 64, 65, 66, 67, 68, 69, 70, 71, 72, 73, 74, 75, 76, 77, 78, 79, 80, 81, 82, 83, 84, 85, 86, 87, 88, 89, 90, 91, 92, 93, 94, 95, 96, 97, 98, 99, 100, 101, 102, 103, 104, 105, 106, 107, 108, 109, 110, 111, 112, 113, 114, 115, 116, 117, 118, 119, 120, 121, 122, 123, 124, 125, 126, 127, 128, 129, 130, 131, 132, 133, 134, 135, 136, 137, 138, 139, 140, 141, 142, 143, 144, 145, 146, 147, 148, 149, 150, 151, 152, 153, 154, 155, 156, 157, 158, 159, 160, 161, 162, 163, 164, 165, 166, 167, 168, 169, 170, 171, 172, 173, 174, 175, 176, 177, 178, 179, 180, 181, 182, 183, 184, 185, 186, 187, 188, 189, 190, 191, 192, 193, 194, 195, 196, 197, 198, 199, 200, 201, 202, 203, 204, 205, 206], [0, 1, 2, 3, 4, 5, 6, 7, 8, 9, 10, 11, 12, 13, 14, 15, 16, 17, 18, 19, 20, 21, 22, 23, 24, 25, 26, 27, 28, 29, 30]]
