tree
version=v2
num_class=1
num_tree_per_iteration=1
label_index=0
max_feature_idx=36
objective=binary sigmoid:1
feature_names=n_1 c_table_1.c_1 c_table_1.c_2 n_table_1.n_1 n_table_1.n_2 c_table_1.c_5 n_table_1.n_3 c_table_1.c_6 n_table_1.n_5 n_table_1.n_6 n_table_1.n_7 n_table_1.n_9 n_table_1.n_10 n_table_1.n_11 n_table_1.n_12 n_table_1.n_15 n_table_1.n_16 n_table_1.n_17 n_table_1.n_18 n_table_1.n_19 n_table_1.n_20 n_table_1.n_26 n_table_1.n_27 c_table_2.c_1 c_table_2.c_2 n_table_2.n_2 n_table_2.n_6 n_table_3.n_2 n_table_3.n_3 n_table_3.n_5 c_02 c_table_1.c_3 n_table_1.n_8 n_table_1.n_25 c_table_2.c_5 n_table_2.n_9 n_table_2.n_13
feature_infos=[1:62.5] 1:0 2:0:6:10:16:17:29:9:7:24:13:37:14:15:12:11:18:45:33:19:56:63:60:26:73:38:3:55:54:64:4:70:83:20:22:34:30:21:36:39:58:65:68:74:35:47:71:57:114:1:32:44:59:134:31:53:78:139:8:48:81:85:94:111:119:27:28:42:69:82:90:92:104:105:106:115:128:144:23:46:49:50:52:75:79:80:98:103:116:122:25:40:43:72:86:93:96:97:99:107:112:118:127:129:133:146:152:164 [-183.91200000000001:227.50999999999999] [-49.719499999999996:78.390000000000001] 3:0:5:13:14:7:1:9:11:19:8:24:4:17:30:22:12:2:15:10:20:23:41:21:34:37:6:27:33:39:40:45:18:32:35:36:49 [1:175] 1:0:2:3:4:7:8:9:13:5:6:10:11:12 [1:24272.5] [1:46363] [1:2995] [1:2481850] [1:70] [1:6121] [1:7070.5] [1:423494] [1:313693] [1:372140] [1:441384] [1:1178200] [1:18856] [1:121640] [1:151] 1:0 1:3:5:15:8:16:19:30:37:0:13:6:9:2:14:46:21:27:18:32:23:33:61:4:11:52:24:10:43:28:22:34:35:45:20:36:7:42:56:40:53:54:63:75:12:17:26:41:51:71:48:49:25:31:39:50:64:78:47:57:59:60:65:67:76:89 [-55.711999999999996:81.846299999999999] [1:3170.5] [1:1061.5] [1:540979] [1:435418] 2:1:13:49:27:74:9:45:20:19:0:41:72:44:33:113:127:130:54:56:15:51:104:31:34:83:53:35:92:65:3:23:39:42:48:79:132:82:99:96:142:14:36:105:114:167:43:57:148:153:158:161:52:58:77:152:183:5:7:32:140:141:24:46:97:69:8:16:60:109:157:55:124:137:154:59:91:115:191:194:67:81:100:120:4:66:84:85:87:89:171:203:10:22:25:50:86:94:133:184:189:276:11:26:40:76:78:103:232:240:38:88:108:111:121:122:165:197:218:28:63:107:128:150:156:159:170:201:225:235:253:18:112:123:164:169:182:196:207:30:64:106:134:139:143:147:173:211:224:231:234:17:29:80:131:145:168:178:206:228:250:275:37:47:62:68:73:101:117:126:149:202:208:209:216:222:237:239:251:265:267:61:75:98:125:129:135:138:144:160:162:163:175:176:180:181:192:193:198:205:212:220:245:247:255:268:277:297:299:303:317 6:0:24:20:37:8:65:100:17:44:16:83:31:77:14:76:95:21:73:42:34:101:85:2:13:25:39:18:43:52:60:62:71:59:69:4:40:55:123:130:26:28:15:19:96:23:38:61:90:11:49:63:66:67:72:82:111:139:64:74:121:33:36:3:102:145:9:12:51:53:88:92:7:47:118:140:29:30:32:35:56:106:113:117:141:152:27:48:79:91:99:105:114:122:132:134:138:149:167:41:54:70:86:107:116:120:124:125:129:131:133:142:144:147:157:162:163:170:1:5:45:46:50:57:68:80:84:89:94:97:103:115:135:137:143:159:161:168:176 [1:517224] [1:38.5] 1:0:6:7:9:10:15:11:4:14:12:2:13:5:16:22:3:8:18:17:20:23:19:28 [1:91] [1:273895]
tree_sizes=666 1009 1029 861 870 991 1061 894 1052 1157 1113 1131 1026 1079 1109 1101 916 1033 949 1028 1126 1002 889 1125 1179 950 1057 1109 892 826 1101 1060 1167 916 1086 953 1067 1221 1112 889 957 1082 861 872 972 851 851 1003 912 1011 957 1103 1019 954 989 960 990 960 1161 906

Tree=0
num_leaves=6
num_cat=2
split_feature=30 18 20 22 30
split_gain=91.5968 23.8565 13.2458 5.76992 3.9482
threshold=0 15357.250000000002 323.50000000000006 1.7500000000000002 1
decision_type=5 2 2 2 5
left_child=2 4 -1 -3 -2
right_child=1 3 -4 -5 -6
leaf_value=-2.479121365248127 -2.6147067215396333 -2.6262006988667688 -2.2551825318579692 -2.4801993559996851 -2.7216318578223464
leaf_count=487 259 169 215 230 1840
internal_value=0 -0.381802 1.08819 0.441004 -0.576973
internal_count=3200 2498 702 399 2099
cat_boundaries=0 6 12
cat_threshold=16777230 23068680 402948096 2164392192 17829888 16777344 513 269484032 524320 269221896 16896 2147483648
shrinkage=1


Tree=1
num_leaves=11
num_cat=1
split_feature=31 18 0 26 17 26 11 26 11 26
split_gain=33.6305 16.9326 7.50252 4.42373 4.05388 2.89711 2.09588 2.05683 1.11947 0.177194
threshold=0 20428.750000000004 16.750000000000004 6.2500000000000009 466.00000000000006 82.750000000000014 82.750000000000014 16.750000000000004 3004.7500000000005 190.75000000000003
decision_type=5 2 2 2 2 2 2 2 2 2
left_child=2 3 5 6 -5 7 -2 -1 -3 -7
right_child=1 8 -4 4 -6 9 -8 -9 -10 -11
leaf_value=-0.059911520194264802 0.0025833689871969955 0.092140343935038324 0.070697156260083466 0.03266599687240674 -0.096748112984359841 -0.019229634651138031 0.12007429224328368 -0.12873797827053143 0.24138701364630194 0.0028007266962297114
leaf_count=1238 160 142 151 201 159 205 187 403 209 145
internal_value=0 0.491459 -0.309126 0.150957 -0.130803 -0.402871 0.45709 -0.473758 1.18483 -0.0257719
internal_count=3200 1058 2142 707 360 1991 347 1641 351 350
cat_boundaries=0 5
cat_threshold=2486566993 1207966084 532514 32 4
shrinkage=0.168364


Tree=2
num_leaves=12
num_cat=0
split_feature=18 16 15 26 26 8 17 28 26 0 3
split_gain=19.5702 8.24943 7.62875 4.76226 7.18682 4.27157 1.51864 2.12333 3.14754 1.18016 1.1487
threshold=20428.750000000004 8652.2500000000018 63527.500000000007 1.7500000000000002 254.50000000000003 19.750000000000004 466.00000000000006 5702.5000000000009 69.250000000000014 10.750000000000002 171.55500000000004
decision_type=2 2 2 2 2 2 2 2 2 2 2
left_child=3 -2 -3 5 6 9 7 8 -5 10 -1
right_child=1 2 -4 4 -6 -7 -8 -9 -10 -11 -12
leaf_value=-0.039012008807554371 -0.004070534053883244 0.23186924737559111 0.034732133522435267 -0.053196310807846967 0.061916107883633463 0.091913761832182556 -0.13042979147201961 -0.094389217556849009 0.049306360835392443 0.021325014883920624 0.014074614345925116
leaf_count=762 141 171 177 449 148 158 261 421 148 213 151
internal_value=0 0.603338 0.895403 -0.170336 -0.33401 0 -0.447073 -0.327742 -0.126269 -0.089105 -0.161457
internal_count=3200 489 348 2711 1427 1284 1279 1018 597 1126 913
shrinkage=0.168364


Tree=3
num_leaves=8
num_cat=4
split_feature=30 30 21 11 19 30 24
split_gain=56.6043 14.7421 11.135 3.40692 3.33683 3.26756 2.50609
threshold=0 1 190.00000000000003 49.750000000000007 92375.500000000015 2 3
decision_type=5 5 2 2 2 5 5
left_child=3 -2 4 -1 5 -3 -7
right_child=1 2 -4 -5 -6 6 -8
leaf_value=0.10520617659679875 -0.11991384978733481 0.014957357247698129 0.1264325231856642 0.22798075973897067 0.042481741983866013 0.014819810105226013 -0.07686492979719442
leaf_count=429 893 290 157 210 140 179 902
internal_value=0 -0.318905 -0.0562152 0.809274 -0.197362 -0.275581 -0.356307
internal_count=3200 2561 1668 639 1511 1371 1081
cat_boundaries=0 6 13 18 20
cat_threshold=8388622 18874376 402915328 2164392192 16781312 2164260992 135324064 100691603 2106368 8193 1107304448 2 4 16777729 270008320 557056 269221888 1065472 90120 2048
shrinkage=0.168364


Tree=4
num_leaves=9
num_cat=3
split_feature=30 30 2 18 16 25 16 18
split_gain=38.5478 12.6925 12.4502 9.54538 5.23275 3.91844 3.47309 1.77338
threshold=0 1 2 15357.250000000002 11888.500000000002 47.979700000000008 1.7500000000000002 4525.0000000000009
decision_type=5 5 5 2 2 2 2 2
left_child=4 -2 5 6 7 -3 -4 -1
right_child=1 2 3 -5 -6 -7 -8 -9
leaf_value=0.09094675632540021 -0.11715161561132081 -0.094870909360915148 0.067019031954208705 0.17266539864564701 0.21628510751339233 0 -0.057638793935016301 0
leaf_count=602 898 692 172 152 94 271 216 103
internal_value=0 -0.318587 -0.0513975 0.337265 0.551035 -0.336287 -0 0.454609
internal_count=3200 2401 1503 540 799 963 388 705
cat_boundaries=0 6 13 15
cat_threshold=2172649486 23068680 402915584 2164916480 17830400 2164260992 135324064 109603987 2106372 8193 1107304448 2 4 604193285 16785408
shrinkage=0.168364


Tree=5
num_leaves=10
num_cat=4
split_feature=30 5 30 31 19 11 20 19 19
split_gain=28.4269 13.6524 7.16497 5.8869 3.30333 2.81245 0.548029 0.496389 0.147895
threshold=0 1 2 3 78264.250000000015 2255.5000000000005 1.7500000000000002 1.7500000000000002 6.2500000000000009
decision_type=5 5 5 5 2 2 2 2 2
left_child=5 3 6 -2 -5 8 -3 -4 -1
right_child=1 2 7 4 -6 -7 -8 -9 -10
leaf_value=0.088011800347246205 -0.042894560714370804 0.038351379748184998 -0.079435690625029184 0.032879796073081807 0.16589729106052464 0.18125038642727065 -0.0015193665458925049 -0.13424079604941661 0.031866072495187026
leaf_count=301 180 233 1129 301 121 104 125 551 155
internal_value=0 -0.24767 -0.422166 0.220166 0.432458 0.535864 0.072647 -0.558476 0.428477
internal_count=3200 2640 2038 602 422 560 358 1680 456
cat_boundaries=0 6 7 12 17
cat_threshold=6 18874376 402653184 2164392192 16781312 16777344 1078478502 2164260873 408027140 557056 268435464 1065472 2147878976 1073745920 128 0 4
shrinkage=0.168364


Tree=6
num_leaves=12
num_cat=2
split_feature=2 10 28 28 34 0 22 28 0 15 10
split_gain=14.7017 7.62652 5.4133 2.57576 2.16712 2.36361 2.11159 1.66614 1.44862 1.94777 2.33505
threshold=0 6.2500000000000009 226.75000000000003 10891.000000000002 1 10.750000000000002 18.250000000000004 7080.2500000000009 7.7500000000000009 877.75000000000011 61.750000000000007
decision_type=5 2 2 2 5 2 2 2 2 2 2
left_child=1 3 8 4 -1 -6 -3 -4 9 -2 -11
right_child=2 6 7 -5 5 -7 -8 -9 -10 10 -12
leaf_value=0.037591665816231905 0.11719243987007853 -0.12920547015688427 -0.054923376341279126 -0.073104713228888091 -0.037869922833583522 0.038507069078697907 -0.013977329820148871 0.027177668114315663 0.15040639396108402 -0.022281218927762182 0.067179877316020417
leaf_count=341 173 433 144 300 840 183 118 213 125 160 170
internal_value=0 -0.221623 0.305215 -0.0681279 0 -0.0935311 -0.620515 -0.00770312 0.530039 0.361441 0.147121
internal_count=3200 2215 985 1664 1364 1023 551 357 628 503 330
cat_boundaries=0 3 4
cat_threshold=1145722069 16785554 512 18565
shrinkage=0.168364


Tree=7
num_leaves=9
num_cat=2
split_feature=30 30 18 28 3 4 14 16
split_gain=20.9546 9.06888 5.19121 3.75143 3.50058 3.19315 2.20559 2.18762
threshold=0 1 80732.500000000015 10891.000000000002 172.40050000000005 45.682150000000007 43.750000000000007 144.25000000000003
decision_type=5 5 2 2 2 2 2 2
left_child=-1 5 3 4 6 -2 -3 -6
right_child=1 2 -4 -5 7 -7 -8 -9
leaf_value=-0.1031223736247415 -0.086239337694156912 0.046000086493186362 0.14266034193871666 -0.035064759336076383 0.040547816507568855 0.0042379126562787708 0.13761376254062643 -0.057334346021248359
leaf_count=790 439 958 130 291 129 223 111 129
internal_value=0 0.142543 0.270949 0.201849 0.278229 -0.233865 0.3778 -0.0446869
internal_count=3200 2410 1748 1618 1327 662 1069 258
cat_boundaries=0 6 13
cat_threshold=135324032 67136659 9216 8193 1107304448 2 49 176886532 2785286 262168 605044752 545259520 4
shrinkage=0.168364


Tree=8
num_leaves=12
num_cat=3
split_feature=24 11 5 20 24 0 15 17 3 25 25
split_gain=7.13922 7.20076 5.77303 3.29399 1.90094 2.74204 1.85035 6.06782 1.41 0.607045 0.329522
threshold=0 60854.500000000007 1 36.250000000000007 2 10.750000000000002 15843.250000000002 592.75000000000011 165.39200000000002 47.979700000000008 50.553450000000005
decision_type=5 2 5 2 5 2 2 2 2 2 2
left_child=3 2 4 9 5 8 7 -4 -2 -1 -6
right_child=1 -3 6 -5 10 -7 -8 -9 -10 -11 -12
leaf_value=-0.043075803396512742 -0.034290613384613727 0.11580452808644928 0.082106269723139419 -0.11820408703544756 0.03472847257509306 0.016062861572499539 0.10222439341267264 -0.055976757789827733 -0.10848316206627685 0.00055031314983890515 -0
leaf_count=252 786 145 277 375 175 185 166 154 212 274 199
internal_value=0 0.0835989 0.00628489 -0.333353 -0.129301 -0.213391 0.261807 0.129605 -0.347091 -0.0917841 0.0719834
internal_count=3200 2299 2154 901 1557 1183 597 431 998 526 374
cat_boundaries=0 2 3 5
cat_threshold=1103643449 1048590 1055499 134291522 536870912
shrinkage=0.168364


Tree=9
num_leaves=13
num_cat=2
split_feature=31 2 15 3 27 10 25 27 6 14 3 27
split_gain=10.8617 5.2952 3.75013 4.7031 3.2267 3.00406 1.25007 0.905481 0.873929 0.247975 0.158174 0.0396428
threshold=0 1 1103.5000000000002 173.80400000000006 3.2500000000000004 1.7500000000000002 47.979700000000008 4.7500000000000009 25.000000000000004 4.7500000000000009 177.89000000000001 10.750000000000002
decision_type=5 5 2 2 2 2 2 2 2 2 2 2
left_child=4 10 5 8 9 6 7 -3 -4 -1 -2 -8
right_child=1 2 3 -5 -6 -7 11 -9 -10 -11 -12 -13
leaf_value=0.05466304966409935 -0.12863150002728055 -0.0089363032692550051 -0.044323360221180233 0.10524558807809078 0.0030504777684154725 -0.094432562104656656 0 -0.067085816578926205 0.014248372458089202 0.15299255957721214 -0.045732026134149485 0.028194499726204653
leaf_count=141 266 902 127 181 188 201 243 243 163 130 178 237
internal_value=0 -0.132875 -0.0271812 0.223128 0.405161 -0.138881 -0.0523629 -0.138628 -0.0379017 0.720736 -0.463623 0.109894
internal_count=3200 2741 2297 471 459 1826 1625 1145 290 271 444 480
cat_boundaries=0 4 7
cat_threshold=58835200 276825184 2149585408 16 1073927384 16785410 1
shrinkage=0.168364


Tree=10
num_leaves=13
num_cat=2
split_feature=31 0 28 7 10 25 28 10 6 6 8 25
split_gain=8.28874 4.45138 3.04508 2.52435 2.76802 2.84753 1.94374 0.966266 0.7205 0.672351 0.230395 0.0959128
threshold=0 16.750000000000004 16.750000000000004 1 6.2500000000000009 48.777700000000003 5702.5000000000009 100.75000000000001 30.250000000000004 36.250000000000007 1.7500000000000002 35.548000000000009
decision_type=5 2 2 5 2 2 2 2 2 2 2 2
left_child=2 3 10 -2 5 11 -7 9 -9 -6 -1 -5
right_child=1 -3 -4 4 7 6 -8 8 -10 -11 -12 -13
leaf_value=0.050512087973262537 0.024665044584897242 0.059567835604873783 -0 -0.025678045128348738 -0.1091249770392711 0.0704122737912935 -0.016241605686998051 0 -0.053654207718018258 -0.024424916015480726 0.13515271045513111 -0.064226889187490588
leaf_count=153 171 207 171 910 397 182 207 131 131 133 136 271
internal_value=0 -0.118553 0.348153 -0.183635 -0.219793 -0.101634 0.17315 -0.419735 -0.141868 -0.534479 0.613926 -0.222311
internal_count=3200 2740 460 2533 2362 1570 389 792 262 530 289 1181
cat_boundaries=0 4 5
cat_threshold=58835200 813696096 69210624 16 12
shrinkage=0.168364


Tree=11
num_leaves=13
num_cat=3
split_feature=2 10 24 19 16 24 16 0 19 10 25 25
split_gain=6.93154 6.32908 2.87068 2.4548 3.05562 2.34472 2.28047 2.27871 1.67632 1.04079 0.521091 0.736311
threshold=0 6.2500000000000009 1 327723.00000000006 17216.500000000004 2 2412.2500000000005 10.750000000000002 1448.5000000000002 251.50000000000003 52.056100000000008 1.9745100000000002
decision_type=5 2 5 2 2 5 2 2 2 2 2 2
left_child=1 5 -2 4 6 -1 8 10 -4 -3 11 -7
right_child=2 9 3 -5 -6 7 -8 -9 -10 -11 -12 -13
leaf_value=0.03844761254755797 -0.026878308478876619 -0.11648257602005622 0.0090352390139301318 -0.010110714020365159 0.13630722258884548 -0.023314676683470641 -0.0080661805972616074 0.032595197365573231 0.10192735062759831 -0.02589532775921799 -0 -0.086038922488291286
leaf_count=285 200 384 189 97 106 664 180 207 202 178 231 277
internal_value=0 -0.161232 0.199603 0.28215 0.401966 -0.0183509 0.225474 -0.107276 0.381488 -0.541441 -0.21852 -0.268926
internal_count=3200 2226 974 774 677 1664 571 1379 391 562 1172 941
cat_boundaries=0 3 4 6
cat_threshold=1145722069 16785562 512 1074283049 1074020365 33
shrinkage=0.168364


Tree=12
num_leaves=12
num_cat=2
split_feature=24 16 3 0 0 16 20 16 24 0 11
split_gain=4.9078 4.05604 4.55929 3.58253 1.51512 2.88694 2.64873 2.32456 1.54252 1.11667 0.966252
threshold=0 8437.0000000000018 170.50600000000003 4.7500000000000009 1.7500000000000002 1432.0000000000002 27.250000000000004 35.500000000000007 1 15.250000000000002 33.250000000000007
decision_type=5 2 2 2 2 2 2 2 5 2 2
left_child=3 4 -3 -1 5 6 8 9 -2 -6 -8
right_child=1 2 -4 -5 7 -7 10 -9 -10 -11 -12
leaf_value=-0.090430042609595737 -0.017648654327920631 -0 0.11235419793216241 0.01078867186833048 -0.072469310193166714 -0.054630341346971437 0.012136687466894391 0.021005007682580044 0.034186309725014775 -0 0.11014152839370822
leaf_count=635 581 140 177 244 410 175 141 185 250 110 152
internal_value=0 0.0690919 0.367972 -0.285167 -0.00691145 0.0721982 0.16697 -0.152479 0.00425811 -0.309503 0.451985
internal_count=3200 2321 317 879 2004 1299 1124 705 831 520 293
cat_boundaries=0 2 3
cat_threshold=29901689 537919502 98306
shrinkage=0.168364


Tree=13
num_leaves=11
num_cat=5
split_feature=30 31 30 16 16 16 11 15 5 30
split_gain=17.1169 6.08202 3.3483 3.04956 2.61155 1.92906 2.40496 1.43168 0.98667 1.41978
threshold=0 1 2 16250.500000000002 39685.000000000007 2902.0000000000005 49.750000000000007 15742.000000000002 3 4
decision_type=5 5 5 2 2 2 2 2 5 5
left_child=-1 7 8 5 -5 6 -4 -2 9 -3
right_child=1 2 3 4 -6 -7 -8 -9 -10 -11
leaf_value=-0.096945357254433012 -0.098713505401419058 0.0097706950765374702 0.025066260703487869 0.17627354345089841 0.025016209167966621 -0.019177665560332634 0.098083136420098485 -0 0.017220091301938772 -0.057424651846383894
leaf_count=828 223 197 979 58 78 114 227 117 128 251
internal_value=0 0.12854 0.210093 0.293912 0.695577 0.22097 0.27684 -0.267372 -0.0560635 -0.165914
internal_count=3200 2372 2032 1456 136 1320 1206 340 576 448
cat_boundaries=0 7 12 18 19 24
cat_threshold=135324064 67136915 9216 8193 1107304448 2 4 2150762576 1209008260 532512 134217760 4 2148074001 437326340 32802 268435978 1064976 545259520 8457 513 33554436 32768 268435464 1064960
shrinkage=0.168364


Tree=14
num_leaves=12
num_cat=4
split_feature=30 30 5 10 20 18 32 30 20 29 10
split_gain=16.1448 4.09541 5.53329 3.62303 3.62601 3.37893 2.06916 1.83142 1.4892 1.06548 0.65873
threshold=0 1 2 4.7500000000000009 2592.2500000000005 15357.250000000002 61.750000000000007 3 323.50000000000006 127.00000000000001 58.750000000000007
decision_type=5 5 5 2 2 2 2 5 2 2 2
left_child=-1 6 5 7 -5 -3 8 -4 -2 -9 -10
right_child=1 2 3 4 -6 -7 -8 9 10 -11 -12
leaf_value=-0.094045888574823017 0.039461574720852252 0.0010860750663804076 0.040348894801316627 -0.120745264402375 0 0.12460480478992655 -0 -0.04573123843170171 0.15132537987249445 0.0091506775392970786 0.040469011031109746
leaf_count=896 423 263 147 301 117 100 76 496 76 227 78
internal_value=0 0.121759 -0.00640357 -0.161596 -0.450106 0.291476 0.300472 0 0.425346 -0.114238 0.670963
internal_count=3200 2304 1651 1288 418 363 653 870 577 723 154
cat_boundaries=0 7 13 14 20
cat_threshold=135324064 67136919 140292 8193 1644175360 536870914 4 524294 16777224 402653440 2164916480 16781316 2164260864 4735650 16777737 4194304 32768 0 0 128
shrinkage=0.168364


Tree=15
num_leaves=12
num_cat=2
split_feature=31 2 19 26 10 18 27 9 21 10 27
split_gain=5.42376 4.14577 2.38137 2.32513 2.0844 1.37634 0.811892 0.694185 1.38397 0.450553 0.372424
threshold=0 1 277784.50000000006 230.50000000000003 6.2500000000000009 296.50000000000006 12.250000000000002 109.75000000000001 21.250000000000004 109.75000000000001 1.7500000000000002
decision_type=5 5 2 2 2 2 2 2 2 2 2
left_child=-1 3 5 4 6 -3 10 8 -7 -6 -2
right_child=1 2 -4 -5 9 7 -8 -9 -10 -11 -12
leaf_value=-0.06320671808773147 -0.003458887476947952 0.008832613144765954 -0.015805921503146546 0.058437705267699085 -0.087355084730767613 0.14488730928232327 -0.040369417618189796 0.030615895537177359 0.029083582849596171 -0.010960491744979237 0.023790366976186961
leaf_count=469 863 252 79 127 191 157 377 149 102 130 304
internal_value=0 0.0559929 0.236836 -0.0616865 -0.122788 0.357789 -0.0258375 0.466424 0.608696 -0.384003 0.0120411
internal_count=3200 2731 739 1992 1865 660 1544 408 259 321 1167
cat_boundaries=0 5 8
cat_threshold=2486566992 1207961988 532512 32 4 538595533 16785560 512
shrinkage=0.168364


Tree=16
num_leaves=9
num_cat=3
split_feature=30 2 30 11 28 29 15 15
split_gain=11.1995 3.8174 2.97302 3.80552 3.76415 2.66932 2.48047 1.73491
threshold=0 1 2 3711.2500000000005 10891.000000000002 71.500000000000014 1086.2500000000002 21431.500000000004
decision_type=5 5 5 2 2 2 2 2
left_child=-1 -2 6 4 5 -4 -3 -8
right_child=1 2 3 -5 -6 -7 7 -9
leaf_value=-0.085363830109319791 -0.041197141401651288 0.022960123481153713 -0.018717812924503814 0.065656059632350064 -0.10073307724977874 0.066862476704244209 0.14218189588070149 0.033650033325298173
leaf_count=827 301 489 780 184 225 189 104 101
internal_value=0 0.0910771 0.150554 0.000701763 -0.10614 0 0.294972 0.571957
internal_count=3200 2373 2072 1378 1194 969 694 205
cat_boundaries=0 6 9 15
cat_threshold=135324032 100691091 9216 8193 1644175360 536870914 67649744 16785426 577 2173173766 21495816 269221890 2164392192 16781316 16777216
shrinkage=0.168364


Tree=17
num_leaves=11
num_cat=4
split_feature=30 30 5 3 19 3 30 25 9 8
split_gain=8.69032 3.68876 5.03842 5.95753 3.80251 3.05039 2.43679 1.29719 1.07679 0.260336
threshold=0 1 2 156.83150000000003 7450.7500000000009 170.47700000000003 3 47.979700000000008 118.00000000000001 6.2500000000000009
decision_type=5 5 5 2 2 2 5 2 2 2
left_child=-1 4 5 6 -2 -3 -4 -8 -7 -5
right_child=1 2 3 9 -6 8 7 -9 -10 -11
leaf_value=-0.083931831455455588 0.10128532467002092 -0 -0.044179244927337907 -0.11240708888321976 -0 0.1310713563285619 0.00049084790125893834 0.061508810356486109 0.029332448267799731 -0.044141678414245579
leaf_count=692 263 217 225 271 107 119 601 327 116 262
internal_value=0 0.066233 -0.0153365 -0.146348 0.296483 0.234599 0.0164773 0.124371 0.521349 -0.492001
internal_count=3200 2508 2138 1686 370 452 1153 928 235 533
cat_boundaries=0 6 12 13 18
cat_threshold=135315872 67136659 9216 8193 1107304448 2 524290 8 402653184 17432832 16781312 16777216 1074291334 2155872256 2822144 524546 2147484160 20
shrinkage=0.168364


Tree=18
num_leaves=11
num_cat=1
split_feature=24 20 21 28 25 25 9 17 20 16
split_gain=1.86217 2.32434 2.00087 1.15517 1.38445 1.17682 2.40684 0.808996 1.5955 0.814239
threshold=0 18.250000000000004 412.00000000000006 717.25000000000011 53.336500000000008 30.087050000000001 6.2500000000000009 5537.5000000000009 309.25000000000006 17216.500000000004
decision_type=5 2 2 2 2 2 2 2 2 2
left_child=1 -1 3 5 -5 7 -7 8 -2 -9
right_child=2 -3 -4 4 -6 6 -8 9 -10 -11
leaf_value=0 -0.0044758608217872519 -0.084086299932922756 0.06202261257965664 -0.062203094417862662 0 -0.0043592500496916703 0.086966543405440994 -0.06003378577729207 0.05733643198253463 0
leaf_count=473 1020 406 107 263 226 196 128 127 153 101
internal_value=0 -0.200128 0.0259845 -0.00333867 -0.174879 0.0375693 0.223042 -0.00861299 0.0343082 -0.181171
internal_count=3200 879 2321 2214 489 1725 324 1401 1173 228
cat_boundaries=0 2
cat_threshold=29901689 537919502
shrinkage=0.168364


Tree=19
num_leaves=10
num_cat=3
split_feature=30 30 11 9 11 30 36 20 20
split_gain=9.45618 2.03551 2.85883 2.78656 1.32008 2.60263 2.73546 0.140727 0.0524392
threshold=0 1 60854.500000000007 39.250000000000007 6023.5000000000009 2 12.250000000000002 1.7500000000000002 121.75000000000001
decision_type=5 5 2 2 2 5 2 2 2
left_child=-1 3 4 7 5 8 -7 -2 -3
right_child=1 2 -4 -5 -6 6 -8 -9 -10
leaf_value=-0.084668939340594732 0.038218353049984263 -0.024387003975208307 0.063966886863069172 -0.0089434873938767315 -0.05830653688384306 0.034479260144736741 -0.046426559028335888 0.099449765144650509 -0.075426313692793831
leaf_count=776 223 293 120 102 146 1041 264 119 116
internal_value=0 0.0716741 -0 0.229976 -0.0604838 -0.00861592 0.0899506 0.433493 -0.221625
internal_count=3200 2424 1980 444 1860 1714 1305 342 409
cat_boundaries=0 7 13 19
cat_threshold=135299360 243297687 2106368 8193 1644175360 536870914 4 524290 16777216 402653440 17432832 16781316 16777216 8405140 2228232 131076 18 1048592 8388736
shrinkage=0.168364


Tree=20
num_leaves=13
num_cat=3
split_feature=31 2 11 24 27 13 36 6 17 20 18 22
split_gain=4.00973 4.0626 2.05707 1.36147 1.39528 1.23677 1.35174 0.669506 0.7205 0.67675 0.571781 0.54085
threshold=0 1 19.000000000000004 2 1.7500000000000002 3.2500000000000004 37.750000000000007 28.750000000000004 17.500000000000004 1525.0000000000002 296.50000000000006 6.2500000000000009
decision_type=5 5 2 5 2 2 2 2 2 2 2 2
left_child=2 11 -1 10 7 6 -6 8 -5 -9 -3 -2
right_child=1 3 -4 4 5 -7 -8 9 -10 -11 -12 -13
leaf_value=0 -0.13728939052509137 -0.066223226094800913 0.099216573193017202 -0.0001674714734101299 0.071940468484656253 -0.0068565804605859558 -0 0.045175594320114761 -0.043719710105783731 -0.0032473940835905319 -0 -0.039728162706016368
leaf_count=167 256 292 160 853 358 163 249 143 188 81 113 177
internal_value=0 -0.0856407 0.273822 -0.00613373 0.0344203 0.186054 0.288572 -0.0305965 -0.0910296 0.101441 -0.188089 -0.407541
internal_count=3200 2873 327 2440 2035 770 607 1265 1041 224 405 433
cat_boundaries=0 3 6 8
cat_threshold=59359488 8388672 69210624 1145754776 16785418 1 1229553664 537935872
shrinkage=0.168364


Tree=21
num_leaves=11
num_cat=1
split_feature=14 5 15 20 19 20 21 9 16 26
split_gain=1.18959 1.16794 2.32338 2.11421 1.37762 1.34289 0.959996 0.844364 1.14913 0.518175
threshold=1759.0000000000002 0 25468.000000000004 568.00000000000011 1448.5000000000002 1.7500000000000002 3.2500000000000004 87.250000000000014 337.75000000000006 106.00000000000001
decision_type=2 5 2 2 2 2 2 2 2 2
left_child=1 2 7 4 5 9 -5 8 -1 -3
right_child=-2 3 -4 6 -6 -7 -8 -9 -10 -11
leaf_value=0.040571314518612352 0.03844680466169665 -0.01056719959390744 0.081452767483980587 -0.0085482688423141606 0.046868334092951713 -0.067195229500462264 -0.086414383871141226 -0.039485750639174914 -0.018390136333077067 0.023130637026798698
leaf_count=238 111 1350 86 221 172 214 203 168 201 236
internal_value=0 -0.0497176 0.0622252 -0.0999193 -0.0252864 -0.0758897 -0.342365 -0.0133884 0.0548429 -0.0158411
internal_count=3200 3089 693 2396 1972 1800 424 607 439 1586
cat_boundaries=0 1
cat_threshold=1078601378
shrinkage=0.168364


Tree=22
num_leaves=10
num_cat=2
split_feature=2 0 15 8 5 16 11 8 19
split_gain=3.11073 1.31353 5.24437 1.56014 1.37032 1.65872 0.756472 0.689626 1.03247
threshold=0 7.7500000000000009 1086.2500000000002 72.250000000000014 1 2902.0000000000005 13903.000000000002 13.000000000000002 91.000000000000014
decision_type=5 2 2 2 5 2 2 2 2
left_child=6 3 -3 4 5 -2 -1 8 -6
right_child=1 2 -4 -5 7 -7 -8 -9 -10
leaf_value=-0.083966130081000734 0.09413000732613544 -0.0079986914288092091 0.11269584160560805 -0.056721027558246741 -0 0 -0.0062715584505413117 0.026578717812251868 -0.046480678755294824
leaf_count=418 105 420 119 136 1286 182 132 123 279
internal_value=0 0.0358064 0.195739 -0.00636258 0.0243276 0.19166 -0.274815 -0.0328839 -0.0784406
internal_count=3200 2650 539 2111 1975 287 550 1688 1565
cat_boundaries=0 3 4
cat_threshold=1145716948 16785562 576 1078478992
shrinkage=0.168364


Tree=23
num_leaves=12
num_cat=6
split_feature=30 31 30 4 27 24 4 15 30 4 23
split_gain=7.72661 2.74424 1.89798 1.7515 2.03212 1.3563 0.773965 0.633982 1.49308 0.961191 0.496691
threshold=0 1 2 34.840150000000001 36.250000000000007 3 47.783600000000014 7636.0000000000009 4 18.170800000000003 5
decision_type=5 5 5 2 2 5 2 2 5 2 1
left_child=-1 -2 7 5 6 -4 -5 8 -3 -10 -7
right_child=1 2 3 4 -6 10 -8 -9 9 -11 -12
leaf_value=-0.073797868129382674 -0.045557762887834405 0.019094761845606698 -0.027031410894501756 0.094626318605278134 -0 0.039316346132715535 0.032830407702041521 0.018380261123515627 -0.011154821612008937 -0.092375880835378482 -0
leaf_count=841 202 169 194 179 160 421 283 105 282 139 225
internal_value=0 0.0670606 0.110382 0.18089 0.31307 0.0353707 0.402494 -0.0440093 -0.128832 -0.222484 0.128032
internal_count=3200 2359 2157 1462 622 840 462 695 590 421 646
cat_boundaries=0 6 11 18 20 25 26
cat_threshold=134275496 209743251 2106372 8193 1644175360 536870914 2149711888 1209010308 8224 32 4 1114645 309400068 32 268435984 1064976 8388608 4 1208516640 32 512 273682432 32 0 1048576 2
shrinkage=0.168364


Tree=24
num_leaves=12
num_cat=3
split_feature=30 30 18 30 10 3 20 18 11 25 13
split_gain=7.2717 1.51886 1.95194 2.60929 2.31443 1.93806 1.38426 1.41846 0.756314 1.55327 0.70625
threshold=0 1 15357.250000000002 2 64.750000000000014 133.64600000000004 832.75000000000011 2.5000000000000004 16.750000000000004 50.15420000000001 12.250000000000002
decision_type=5 5 2 5 2 2 2 2 2 2 2
left_child=-1 6 3 5 -4 -3 7 -2 9 -5 -6
right_child=1 2 4 8 10 -7 -8 -9 -10 -11 -12
leaf_value=-0.081592139862665475 0.018430285118114613 -0.016720151109465318 -0.01261896466415754 -0.028891114344141693 0.097814632103322238 -0.11470140297085031 -0.0011721960898199923 0.094014605275630422 0.038500053318574395 0.042940551960159216 0.0095990500632854928
leaf_count=726 331 363 134 570 91 201 113 119 263 205 84
internal_value=0 0.0498428 -0.0136177 -0.106851 0.170347 -0.2843 0.169045 0.291397 0.0411906 -0.0124267 0.394436
internal_count=3200 2474 1911 1602 309 564 563 450 1038 775 175
cat_boundaries=0 7 13 19
cat_threshold=134267296 75525523 2237444 8209 1644175360 536870914 4 524294 8 402653440 17301760 16781828 2164260864 2148540440 190976000 262144 2147615234 16 8388736
shrinkage=0.168364


Tree=25
num_leaves=9
num_cat=3
split_feature=30 30 22 9 9 30 17 4
split_gain=4.44467 1.70295 2.08738 1.70264 2.55746 3.58177 1.44278 2.08408
threshold=0 1 67.750000000000014 100.00000000000001 36.250000000000007 2 4258.0000000000009 39.423750000000005
decision_type=5 5 2 2 2 5 2 2
left_child=-1 6 3 4 5 -3 7 -2
right_child=1 2 -4 -5 -6 -7 -8 -9
leaf_value=-0.069119853984445673 0.013406085284006039 0.023995329295560832 0.051546436737714155 -0.068873032420171967 0.055982313016551093 -0.041295620891320335 -0.0019054755328434686 0.1024285659249817
leaf_count=632 339 488 97 205 192 1002 124 121
internal_value=0 0.0293845 -0.0353669 -0.0925829 -0.0299257 -0.109441 0.157439 0.287901
internal_count=3200 2568 1984 1887 1682 1490 584 460
cat_boundaries=0 6 12 17
cat_threshold=134267136 75525523 2237440 8193 1107296256 536870914 524292 16777224 402653442 17694984 16781828 2164260992 2164269577 274272260 294944 2415919104 16384
shrinkage=0.168364


Tree=26
num_leaves=11
num_cat=6
split_feature=30 2 30 2 5 34 14 0 11 20
split_gain=5.12409 2.10652 1.20369 1.84372 2.65515 1.69341 1.21583 0.645206 2.33233 1.27516
threshold=0 1 2 3 4 5 92.500000000000014 3.2500000000000004 928.00000000000011 79.750000000000014
decision_type=5 5 5 5 5 5 2 2 2 2
left_child=-1 -2 7 -4 5 -5 -6 8 9 -3
right_child=1 2 3 4 6 -7 -8 -9 -10 -11
leaf_value=-0.072488068987672877 -0.032136056426614761 0.029727060850387229 -0.040157434893846933 0.033126245016427837 0.0097070480939941608 -0.019831345094558805 0.11155296269335065 0 -0.0095529264780976723 0.12224566020730904
leaf_count=705 386 237 153 194 140 1010 85 143 64 83
internal_value=0 0.0352595 0.0838012 0.00151829 0.0698855 -0.0319161 0.308376 0.191808 0.296286 0.435304
internal_count=3200 2495 2109 1582 1429 1204 225 527 384 320
cat_boundaries=0 7 10 16 18 19 20
cat_threshold=134267296 243297683 2229252 8193 1644167168 536870914 4 68698324 16785426 577 2173173762 21495816 269221890 16908546 16781312 16777344 537012736 268435456 16802057 7316
shrinkage=0.168364


Tree=27
num_leaves=12
num_cat=5
split_feature=30 30 11 11 30 21 0 5 3 11 23
split_gain=3.24114 1.46052 2.87799 1.72725 2.80991 3.13933 2.58316 1.59717 1.05665 0.914198 0.11849
threshold=0 1 1181.5000000000002 2255.5000000000005 2 15.250000000000002 4.7500000000000009 3 175.48750000000004 7.0000000000000009 4
decision_type=5 5 2 2 5 2 2 5 2 2 1
left_child=-1 2 9 4 -3 7 8 -6 -5 10 -2
right_child=1 3 -4 6 5 -7 -8 -9 -10 -11 -12
leaf_value=-0.061879711977940371 -0.030363767277003004 0.045034737628054974 -0.096470618739456282 0.035890605442841596 -0.039494832898829449 -0.089065277908557852 0.10481106682965298 0.01220502174345749 -0.026628241228081696 0.040217709223145819 -0
leaf_count=580 234 234 146 124 172 118 82 899 114 190 307
internal_value=0 0.0193356 -0.121472 0.0727674 0 -0.0818504 0.257401 -0 0.0317391 0 -0.107062
internal_count=3200 2620 877 1743 1423 1189 320 1071 238 731 541
cat_boundaries=0 7 13 18 19 20
cat_threshold=33056 100691350 2106368 8209 1107304448 2 4 2282840729 415306241 393252 512 605044752 545259520 17301504 524288 268468224 2147745800 16781824 314 2
shrinkage=0.168364


Tree=28
num_leaves=10
num_cat=3
split_feature=24 14 5 16 24 15 19 19 28
split_gain=0.998789 1.23389 1.80282 0.988599 0.755402 0.970572 1.53385 0.565506 0.240241
threshold=0 1759.0000000000002 1 20340.250000000004 2 15843.250000000002 7274.5000000000009 3.2500000000000004 10161.250000000002
decision_type=5 2 5 2 5 2 2 2 2
left_child=7 2 4 -4 8 6 -6 -1 -2
right_child=1 -3 3 -5 5 -7 -8 -9 -10
leaf_value=-0.00084751124209682339 -0.032413405103701512 0.04741431822976519 -0.061018477159362844 -0 0.016626900927874048 0.055950065803935772 -0.04714225056042208 -0.069336442986886557 0
leaf_count=334 241 93 332 139 1249 163 146 286 217
internal_value=0 0.00399342 -0.017388 -0.187803 0.0404644 0.0842525 0.0358093 -0.180868 -0.0819132
internal_count=3200 2580 2487 471 2016 1558 1395 620 458
cat_boundaries=0 2 3 5
cat_threshold=29886257 1056782 1078091945 1210157064 16384
shrinkage=0.168364


Tree=29
num_leaves=9
num_cat=4
split_feature=31 31 28 18 29 31 24 25
split_gain=2.69963 1.56377 1.14915 1.39746 1.07779 1.12544 1.32028 0.872539
threshold=0 1 10891.000000000002 82.750000000000014 71.500000000000014 2 3 50.049200000000006
decision_type=5 5 2 2 2 5 5 2
left_child=-1 -2 4 -4 5 -3 -7 -6
right_child=1 2 3 -5 7 6 -8 -9
leaf_value=-0.051369565488742872 0.046137231191661007 0.025948619936610691 -0.071222300593817692 0 0 0 -0.03925690972397388 0.070615326477377519
leaf_count=417 149 203 343 150 282 1177 382 97
internal_value=0 0.0211599 -0.0076511 -0.217926 0.0207018 -0.0145972 -0.0652935 0.205386
internal_count=3200 2783 2634 493 2141 1762 1559 379
cat_boundaries=0 5 8 11 12
cat_threshold=2485520464 1207961988 2147491872 32 4 41992192 8388608 2097154 17891584 1024 67109512 1075922947
shrinkage=0.168364


Tree=30
num_leaves=11
num_cat=5
split_feature=30 31 30 6 11 15 28 5 4 30
split_gain=3.49929 2.77284 1.15856 1.64613 1.05017 1.80344 1.42507 1.6246 0.799757 0.532629
threshold=0 1 2 17.500000000000004 2255.5000000000005 50292.250000000007 10891.000000000002 3 48.271000000000008 4
decision_type=5 5 5 2 2 2 2 5 2 5
left_child=-1 -2 3 9 6 8 7 -4 -6 -3
right_child=1 2 4 -5 5 -7 -8 -9 -10 -11
leaf_value=-0.064407486218339527 -0.051285300425401428 -0.013269197954385137 0.030413669150972263 -0.063990761316408393 0.098601812567598354 -0.0015835956576334422 -0.039673927222831036 -0.015649712168649028 0.012465140808315255 0.020437024464035912
leaf_count=608 228 274 835 179 104 69 254 219 98 332
internal_value=0 0.0261249 0.0706574 -0.0593708 0.117988 0.282759 0.0577163 0.111355 0.423509 0.0344085
internal_count=3200 2592 2364 785 1579 271 1308 1054 202 606
cat_boundaries=0 7 12 18 19 25
cat_threshold=49536 209743251 140288 8193 1644175360 536870914 4 2216953876 1207961988 8224 32 4 135864880 324080132 2392096 268435968 16400 8388608 4204705 135790624 50397696 0 0 16 8388608
shrinkage=0.168364


Tree=31
num_leaves=11
num_cat=8
split_feature=30 2 30 5 5 30 34 25 10 30
split_gain=2.7819 1.51868 1.42885 2.75111 2.6038 3.3817 1.49071 1.0166 0.899623 1.21139
threshold=0 1 2 3 4 5 6 47.15290000000001 12.250000000000002 7
decision_type=5 5 5 5 5 5 5 2 2 5
left_child=-1 -2 3 8 7 -6 -7 -4 9 -3
right_child=1 2 4 -5 5 6 -8 -9 -10 -11
leaf_value=-0.061448114597522564 -0.030462187973317609 -0.026685887524346429 0.10348935522151756 -0.05094392040980314 -0.056154594999112961 -0.0052225407342947772 0.042399927623956321 0.013238944750592358 0.055254937891266231 0.022058655299381492
leaf_count=524 360 233 170 242 214 377 450 109 104 417
internal_value=0 0.0143357 0.055587 -0.0491503 0.130563 0 0.114979 0.342905 0.0746346 0
internal_count=3200 2676 2316 996 1320 1041 827 279 754 650
cat_boundaries=0 7 10 16 17 18 24 25 30
cat_threshold=33184 201346451 2106372 8193 1644175360 2 4 68698260 16785490 577 135356943 59908100 290 268435456 16388 536870912 8713 542898 2148007936 70144 262144 2147745794 16 8388608 16961 8196 16777220 258 0 4
shrinkage=0.168364


Tree=32
num_leaves=12
num_cat=4
split_feature=30 30 17 3 5 18 6 30 0 0 13
split_gain=2.77597 1.15704 2.20203 0.989114 2.41033 2.83445 2.31242 1.55216 1.49996 0.140806 0.108828
threshold=0 1 97.750000000000014 159.22650000000002 2 8779.0000000000018 30.250000000000004 3 1.7500000000000002 1.7500000000000002 4.7500000000000009
decision_type=5 5 2 2 5 2 2 5 2 2 2
left_child=-1 2 -2 7 5 -5 -6 9 -9 -3 -8
right_child=1 3 -4 4 6 -7 10 8 -10 -11 -12
leaf_value=-0.05457870132768048 0.078738432937138239 0.05376259819480083 -0.0082044862616715147 -0.019591288808476152 -0.087975437915165405 0.082448498503281675 0.0010696976830518786 -0.032630955463351756 0.029162013838538864 0.0093780102426837281 -0.0148813193086342
leaf_count=639 166 268 84 202 294 86 132 692 291 178 168
internal_value=0 0.0149992 0.17515 -0.0188799 -0.112481 0.104952 -0.231718 0.0482414 -0.0605518 0.185881 -0.0144925
internal_count=3200 2561 250 2311 882 288 594 1429 983 446 300
cat_boundaries=0 7 13 14 20
cat_threshold=49544 247483795 2237444 8209 1107304448 536870914 4 8388608 2097152 402653440 2164785408 16781312 2147483648 16786050 17309703 16785412 32768 0 16384 128
shrinkage=0.168364


Tree=33
num_leaves=9
num_cat=4
split_feature=30 31 10 2 30 32 18 29
split_gain=2.37116 1.63071 1.55204 1.37292 4.15549 1.82664 1.33653 0.439236
threshold=0 1 545.50000000000011 2 3 85.750000000000014 296.50000000000006 71.500000000000014
decision_type=5 5 2 5 5 2 2 2
left_child=-1 -2 3 4 -3 6 -5 -6
right_child=1 2 -4 5 7 -7 -8 -9
leaf_value=-0.055322237306127113 -0.041195778270261822 0.03634519743597573 -0.049506501961399607 0 -0.042793775132911868 -0.012025946576760935 0.068864315865541939 -0.00088069318148911767
leaf_count=632 239 505 99 224 691 114 297 399
internal_value=0 0.00960527 0.0450999 0.0777475 -0 0.178554 0.298143 -0.165688
internal_count=3200 2568 2329 2230 1595 635 521 1090
cat_boundaries=0 7 12 15 20
cat_threshold=33056 243297431 140292 8209 1107304448 536870914 4 2149728272 1209010308 8224 32 4 536875213 268443680 576 152044043 274731016 268730368 268435464 1069056
shrinkage=0.168364


Tree=34
num_leaves=11
num_cat=6
split_feature=30 4 5 30 30 11 9 30 30 29
split_gain=1.59048 2.59729 1.69259 2.68653 2.28815 1.76927 1.58605 1.52941 0.702002 0.515815
threshold=0 46.941800000000008 1 2 3 51899.500000000007 16.750000000000004 4 5 139.00000000000003
decision_type=5 2 5 5 5 2 2 5 5 2
left_child=1 8 3 -2 -4 -6 7 -5 -1 -9
right_child=2 -3 4 6 5 -7 -8 9 -10 -11
leaf_value=-0.022837607177240642 -0.048698871959162338 0.070903611153096568 0.020905358597988415 0.028821597425947806 -0.080921028719198651 0 0.069902276259821428 -0.0402350459681926 0.012383633510542219 0
leaf_count=217 393 166 181 343 715 98 137 499 199 252
internal_value=0 0.0958681 -0.0893866 0.0032286 -0.21133 -0.311832 0.100664 0.0172564 -0.0143331 -0.109554
internal_count=3200 582 2618 1624 994 813 1231 1094 416 751
cat_boundaries=0 6 7 13 19 24 30
cat_threshold=8388612 17301512 402653442 2165047554 16781828 2172649472 1095238293 2147524768 134350358 1024 513 8208 128 2147491840 135680 525312 0 0 128 17826315 4268032 294912 268435456 1048576 8388612 524288 2 262146 4 8388608
shrinkage=0.168364


Tree=35
num_leaves=11
num_cat=3
split_feature=2 24 25 9 18 19 13 24 18 4
split_gain=1.37269 0.923169 1.18562 0.898011 0.960072 1.55697 0.751671 0.458211 0.551334 0.181999
threshold=0 1 57.921400000000013 30.250000000000004 43389.250000000007 25981.000000000004 43.750000000000007 2 1555.0000000000002 38.693000000000005
decision_type=5 5 2 2 2 2 2 5 2 2
left_child=6 9 3 7 5 -5 -1 -3 -9 -2
right_child=1 2 -4 4 -6 -7 -8 8 -10 -11
leaf_value=-0.062986074866384134 -0.040616983396552411 0.015297938602554219 0.05152643330356825 0 -0.0041808281727715446 0.090854168580230585 -0 -0.0024696131865476496 -0.041294537671146957 -0
leaf_count=414 387 163 186 153 82 101 166 1186 188 174
internal_value=0 0.0140641 0.0531982 0.0130941 0.156123 0.275523 -0.192064 -0.0329467 -0.0654666 -0.1243
internal_count=3200 2620 2059 1873 336 254 580 1537 1374 561
cat_boundaries=0 3 5 7
cat_threshold=1145586900 16785626 65 1237909601 1056768 17152 32
shrinkage=0.168364


Tree=36
num_leaves=11
num_cat=4
split_feature=31 30 26 3 15 30 26 17 3 23
split_gain=2.14286 2.38338 1.35561 1.23547 1.44739 0.921992 0.704581 1.42869 0.537526 0.138706
threshold=0 1 241.75000000000003 180.28750000000002 4743.2500000000009 2 18.250000000000004 25687.750000000004 171.14850000000004 3
decision_type=5 5 2 2 2 5 2 2 2 1
left_child=-1 3 5 4 9 8 7 -7 -3 -2
right_child=1 2 -4 -5 -6 6 -8 -9 -10 -11
leaf_value=0.036781063987322303 0.038807189117717772 0.007576280475820857 0.022715982766021287 0.069232549417340639 -0.044411756892726618 -0.013233096369380247 -0.088341750971773575 -0.087915157565119861 -0.034798273876333732 0.003239366381396725
leaf_count=268 186 466 129 103 118 926 445 95 155 309
internal_value=0 -0.064882 -0.144978 0.0937681 0.0091767 -0.195048 -0.251797 -0.193464 -0.00177707 0.135771
internal_count=3200 2932 2216 716 613 2087 1466 1021 621 495
cat_boundaries=0 3 9 15 16
cat_threshold=42516736 545259584 2101250 2156470280 269090824 402653186 286130698 17846804 2164260864 152043523 22093824 787456 0 0 128 2
shrinkage=0.168364


Tree=37
num_leaves=13
num_cat=5
split_feature=30 4 2 30 0 5 4 4 10 3 3 30
split_gain=1.3105 2.22543 1.72846 2.78628 3.36391 1.02437 1.1163 1.13899 0.877217 0.489269 0.414199 0.262209
threshold=0 34.857500000000009 1 2 9.2500000000000018 3 35.024400000000007 47.944500000000005 1.7500000000000002 172.10450000000003 169.40950000000001 4
decision_type=5 2 5 5 2 5 2 2 2 2 2 5
left_child=1 -1 9 4 8 -5 11 -8 -4 10 -2 -7
right_child=2 -3 3 5 -6 6 7 -9 -10 -11 -12 -13
leaf_value=0 0.034876835687944537 -0.088374034614205108 -0.029160313588265801 -0.018665339427882413 0.0247336143636613 0.018356411833783514 0.08491689081298763 0.00036619453324227241 -0.10779701658800857 0.064399255984773723 -0.0027708232034120385 -0.0034043948832387376
leaf_count=371 121 314 337 163 133 206 162 173 163 241 120 696
internal_value=0 -0.172657 0.0230999 -0.0331268 -0.213529 0.0747389 0.131017 0.31254 -0.429008 0.189821 0.0632507 0.0165571
internal_count=3200 685 2515 2033 633 1400 1237 335 500 482 241 902
cat_boundaries=0 7 9 14 15 20
cat_threshold=49419 75517075 2269188 8209 1644175360 536870914 4 554011204 2222981156 2156397220 191435268 786688 2147483650 16781312 26880 152043520 8200 268435456 131080 1048576
shrinkage=0.168364


Tree=38
num_leaves=11
num_cat=4
split_feature=31 30 16 30 18 11 3 30 11 18
split_gain=2.00476 2.78235 1.6279 2.13543 1.53856 1.71392 0.941476 0.7924 0.442688 0.207531
threshold=0 1 8437.0000000000018 2 2642.5000000000005 19.000000000000004 159.86700000000005 3 5371.7500000000009 39430.750000000007
decision_type=5 5 2 5 2 2 2 5 2 2
left_child=9 -2 3 6 5 -5 7 -3 -4 -1
right_child=1 2 8 4 -6 -7 -8 -9 -10 -11
leaf_value=-0.078874201009202935 -0.04475981321611875 0.011781414427670354 0.078069702057083815 0.015781628760911284 -0.023310489595001926 0.08814669117583665 -0.06847938618529506 -0.029502495884727458 0.014907958223778448 -0.015352811031275971
leaf_count=367 518 223 123 1007 149 155 141 268 113 136
internal_value=0 0.0283605 0.0819744 0.0262828 0.119711 0.199933 -0.135347 -0.0293777 0.303193 -0.236752
internal_count=3200 2697 2179 1943 1311 1162 632 491 236 503
cat_boundaries=0 5 11 17 23
cat_threshold=2486569044 1207961988 2147491872 33 4 2148057520 234898579 2138112 2147491841 1107320832 536870914 142614532 23203848 263200 131586 16 128 134217732 20971528 0 131072 0 128
shrinkage=0.168364


Tree=39
num_leaves=9
num_cat=2
split_feature=30 16 30 28 15 19 22 17
split_gain=1.47504 1.03243 3.5052 0.944993 1.17097 2.02496 0.547018 0.51463
threshold=0 8437.0000000000018 1 10891.000000000002 2830.0000000000005 62.500000000000007 1.7500000000000002 97.750000000000014
decision_type=5 2 5 2 2 2 2 2
left_child=-1 2 7 4 5 -4 -3 -2
right_child=1 6 3 -5 -6 -7 -8 -9
leaf_value=-0.038128016986575392 -0.026683280675997886 0 0.02720719841317833 -0.022830971242424353 0.061692192564659354 -0.037867790389763775 0.044928340369518906 -0.089372682926213545
leaf_count=615 601 198 741 297 191 217 143 197
internal_value=0 0.0162965 -0.0196111 0.0810202 0.133116 0.0515329 0.164797 -0.244471
internal_count=3200 2585 2244 1446 1149 958 341 798
cat_boundaries=0 7 13
cat_threshold=16826633 75525523 2228228 8209 1712324608 2 4 2291146912 190976000 271360 2147615490 12304 128
shrinkage=0.168364


Tree=40
num_leaves=11
num_cat=4
split_feature=31 2 25 23 3 0 25 2 0 3
split_gain=1.6057 1.73826 2.7455 1.67961 1.02893 0.99978 1.18919 0.849 1.18673 0.349367
threshold=0 1 50.049200000000006 2 173.84450000000004 16.750000000000004 53.336500000000008 3 3.2500000000000004 171.55500000000004
decision_type=5 5 2 1 2 2 2 5 2 2
left_child=9 5 3 4 -3 6 7 8 -2 -1
right_child=1 2 -4 -5 -6 -7 -8 -9 -10 -11
leaf_value=0.05349470202801751 -0.0080473209552722243 -0.065449794565915417 -0.11010587165682365 0.02666133973571682 0 0.046870955907220936 0.031762426157643416 0.012345688634812918 -0.068745803252345597 0
leaf_count=211 1004 224 193 228 143 157 342 238 311 149
internal_value=0 -0.0605511 -0.196329 -0.074449 -0.235452 0.0097496 -0.0159936 -0.0795939 -0.129239 0.167915
internal_count=3200 2840 788 595 367 2052 1895 1553 1315 360
cat_boundaries=0 3 6 7 9
cat_threshold=42582272 545264640 69210114 16851525 348135428 524865 2 517 8192
shrinkage=0.168364


Tree=41
num_leaves=11
num_cat=3
split_feature=31 30 16 30 0 15 15 4 26 16
split_gain=1.46579 2.44908 1.05993 1.80403 1.28046 1.76821 0.978527 1.51301 0.758875 0.459318
threshold=0 1 8437.0000000000018 2 16.750000000000004 655.00000000000011 4.7500000000000009 18.170800000000003 1.7500000000000002 25337.500000000004
decision_type=5 5 2 5 2 2 2 2 2 2
left_child=-1 -2 3 4 5 -3 7 -5 -8 -4
right_child=1 2 9 6 -6 -7 8 -9 -10 -11
leaf_value=-0.037477981232252558 -0.045739586280809097 -0.055581669789211335 0.063940100620629367 0.015335752952835185 0.018766222954441768 0.013921443723501088 0.020853213919591208 0.094819929400494857 -0.035907371903519829 0.0057163058430930603
leaf_count=417 512 526 96 777 171 111 155 111 183 141
internal_value=0 0.0189663 0.06662 0.0216901 -0.0991006 -0.208971 0.122746 0.219445 -0 0.244573
internal_count=3200 2783 2271 2034 808 637 1226 888 338 237
cat_boundaries=0 5 11 17
cat_threshold=2486568980 1207961988 2147491872 32 4 2148057520 503334035 2105344 2147491841 1644175360 536870914 143663110 6426632 263200 131842 16 128
shrinkage=0.168364


Tree=42
num_leaves=9
num_cat=4
split_feature=30 31 16 30 23 15 22 0
split_gain=1.38194 1.77834 1.25727 2.41268 1.21684 0.953222 0.703149 0.616038
threshold=0 1 8437.0000000000018 2 3 1.7500000000000002 10.750000000000002 12.250000000000002
decision_type=5 5 2 5 1 2 2 2
left_child=5 -2 3 -3 -4 -1 7 -5
right_child=1 2 4 6 -6 -7 -8 -9
leaf_value=-0 -0.032622892480909736 -0.034440039046842418 0.072626975571548874 0.031120887403824397 0 -0.085626165064775314 -0.014550986943415341 -0
leaf_count=371 345 533 130 1127 121 287 108 178
internal_value=0 0.0202838 0.0676222 0.0150161 0.255863 -0.206904 0.0975278 0.143945
internal_count=3200 2542 2197 1946 251 658 1413 1305
cat_boundaries=0 7 12 18 19
cat_threshold=16892704 75517847 131076 8209 1175470080 536870914 4 2166556948 1209010564 32 32 4 2155880576 186781696 271362 131842 8208 128 2
shrinkage=0.168364


Tree=43
num_leaves=10
num_cat=1
split_feature=7 13 26 4 27 0 3 9 3
split_gain=0.67002 1.31049 0.823976 1.2743 1.07685 0.799866 0.773016 0.727283 0.33076
threshold=0 36.250000000000007 69.250000000000014 60.179100000000005 45.250000000000007 16.750000000000004 157.06400000000002 67.750000000000014 173.84450000000004
decision_type=5 2 2 2 2 2 2 2 2
left_child=2 -2 3 5 6 7 -4 8 -1
right_child=1 -3 4 -5 -6 -7 -8 -9 -10
leaf_value=-0.029679018881509697 -0.076045467584063303 -0 0.0052574779929752515 0.042149038247376411 -0.006800503692765217 0.023086282064172913 0.078138146148549331 0.0059391695194741939 0
leaf_count=1469 218 168 214 213 276 143 113 222 164
internal_value=0 -0.138736 0.00762843 -0.0276475 0.137465 -0.0699812 0.261189 -0.105968 -0.151479
internal_count=3200 386 2814 2211 603 1998 327 1855 1633
cat_boundaries=0 1
cat_threshold=29
shrinkage=0.168364


Tree=44
num_leaves=10
num_cat=3
split_feature=30 9 30 2 9 0 21 28 0
split_gain=13.351 6.41719 4.04486 3.16286 2.36874 1.7932 1.60595 1.64533 0.0931701
threshold=0 15.250000000000002 1 2 31.750000000000004 9.2500000000000018 217.75000000000003 717.25000000000011 15.250000000000002
decision_type=5 2 5 5 2 2 2 2 2
left_child=1 -1 4 -4 8 6 7 -5 -2
right_child=2 -3 3 5 -6 -7 -8 -9 -10
leaf_value=0.18219497930148962 -0.090233057697691951 0 -0.049284032311570317 0.032091252396897238 -0.00070109086978499698 -0.034805928507689397 0.092193946188522891 -0.032470370533153624 -0.025163322979742449
leaf_count=338 687 172 262 778 243 174 96 361 89
internal_value=0 0.52357 -0.143344 0 -0.317464 0.0996346 0.185409 0.0888864 -0.483305
internal_count=3200 510 2690 1671 1019 1409 1235 1139 776
cat_boundaries=0 8 14 17
cat_threshold=9217 1062912 134742016 17040128 1140851200 0 2048 256 142639150 86589450 394496 2147483673 570429444 8388738 553869316 8224 64
shrinkage=0.168364


Tree=45
num_leaves=8
num_cat=5
split_feature=30 30 2 21 2 30 9
split_gain=9.63607 3.33085 2.85554 1.65467 1.27101 1.1782 0.900979
threshold=0 1 2 244.00000000000003 3 4 94.750000000000014
decision_type=5 5 5 2 5 5 2
left_child=-1 4 -3 5 -2 -4 -7
right_child=1 2 3 -5 -6 6 -8
leaf_value=0.080786352158221164 0.008172259771540652 -0.045102732091114442 0.032838645737083776 0.07063563524373459 -0.059604600331527924 0 -0.052001859502555821
leaf_count=424 153 312 212 99 855 1000 145
internal_value=0 -0.11839 0 0.0930064 -0.282696 0.0235853 -0.0484427
internal_count=3200 2776 1768 1456 1008 1357 1145
cat_boundaries=0 8 14 17 20 25
cat_threshold=9217 10240 134742016 17039872 1140851200 0 2048 256 142639118 355024922 394496 2147483673 570429444 130 553873412 16785440 64 16888960 32 512 2164261376 4096 268435456 268960002 1064960
shrinkage=0.168364


Tree=46
num_leaves=10
num_cat=0
split_feature=15 14 18 4 6 9 4 0 28
split_gain=1.76961 1.93518 2.09826 1.6135 1.58827 1.2647 1.002 0.892276 0.253886
threshold=460.75000000000006 63.250000000000007 151021.00000000003 43.713950000000004 17.500000000000004 58.750000000000007 50.216400000000007 9.2500000000000018 5702.5000000000009
decision_type=2 2 2 2 2 2 2 2 2
left_child=3 5 4 7 -3 -2 -5 8 -1
right_child=1 2 -4 6 -6 -7 -8 -9 -10
leaf_value=0.015524105027064413 -0.07698095375423937 -0.0087389295872453837 -0.055476467570274295 0.087445283064701895 0.057720637942965676 -0 0.00080056235540271442 -0.03082572086203331 -0.0057763916630646731
leaf_count=1079 416 192 103 120 189 232 248 313 308
internal_value=0 -0.132183 0 0.0663053 0.143098 -0.305088 0.302085 -0 0.0580699
internal_count=3200 1132 484 2068 381 648 368 1700 1387
shrinkage=0.168364


Tree=47
num_leaves=11
num_cat=1
split_feature=5 14 12 8 29 29 25 10 25 16
split_gain=2.94746 2.68877 1.3188 1.23193 0.656655 1.08822 0.646947 0.629665 0.34242 0.0769513
threshold=0 25.750000000000004 3.2500000000000004 43.000000000000007 3848.5000000000005 510.25000000000006 50.444900000000004 18.250000000000004 16.075960000000002 11386.000000000002
decision_type=5 2 2 2 2 2 2 2 2 2
left_child=1 4 3 7 5 6 8 -2 -1 -5
right_child=2 -3 -4 9 -6 -7 -8 -9 -10 -11
leaf_value=0.0022752005706006286 -0.0022026237713445663 0.07571852098537768 0.0065737000695948941 0.0007711889131390878 0.036741049514173181 -0.05114133326306456 -0.028180113681930706 -0.071971478690830926 0.038645358910583134 -0.013576924765386399
leaf_count=889 222 146 186 152 261 228 240 491 246 139
internal_value=0 0.0870886 -0.157941 -0.247817 0.0119548 -0.0139646 0.0233714 -0.351711 0.077806 -0.00144355
internal_count=3200 2010 1190 1004 1864 1603 1375 713 1135 291
cat_boundaries=0 1
cat_threshold=1077978165
shrinkage=0.168364


Tree=48
num_leaves=10
num_cat=2
split_feature=31 5 32 27 9 22 26 0 27
split_gain=4.51533 2.16572 1.23272 1.1813 0.813954 0.853144 0.669501 0.505722 0.236881
threshold=0 1 37.750000000000007 31.750000000000004 1.7500000000000002 6.2500000000000009 16.750000000000004 12.250000000000002 4.7500000000000009
decision_type=5 5 2 2 2 2 2 2 2
left_child=8 2 -2 4 6 -6 7 -3 -1
right_child=1 3 -4 -5 5 -7 -8 -9 -10
leaf_value=-0.034988232294213807 0.075128276440292657 0.020212397928518151 0.001744509936366753 0.034332497591664402 -0.064401377383946842 -0 -0.02930187431141263 -0.013761162801176369 -0.095889037165894267
leaf_count=421 353 807 153 349 179 134 370 169 265
internal_value=0 0.067252 0.242856 -0.00640318 -0.0637802 -0.217851 -0 0.0540083 -0.292369
internal_count=3200 2514 506 2008 1659 313 1346 976 686
cat_boundaries=0 5 6
cat_threshold=2233753920 1216485540 2147491878 33 4 582712
shrinkage=0.168364


Tree=49
num_leaves=10
num_cat=3
split_feature=30 30 32 32 25 30 32 19 28
split_gain=7.26059 3.51052 3.19729 2.59626 2.34737 2.85314 1.45044 0.522562 0.516806
threshold=0 1 12.250000000000002 18.250000000000004 53.336500000000008 2 102.25000000000001 13032.250000000002 6.2500000000000009
decision_type=5 5 2 2 2 5 2 2 2
left_child=-1 2 -2 4 5 7 -5 -3 -7
right_child=1 3 -4 6 -6 8 -8 -9 -10
leaf_value=0.079744002452425147 -0.083426593269929641 0.017582472369803117 0.010854511480950433 -0.082047590368072992 0.078859439275275028 -0.01194989784190718 -0 0.073925550934021228 -0.068799073938752314
leaf_count=341 685 425 120 134 236 674 168 97 320
internal_value=0 -0.0887526 -0.294126 0.00518093 0.0971772 0.0137491 -0.243933 0.176719 -0.162312
internal_count=3200 2859 805 2054 1752 1516 302 522 994
cat_boundaries=0 8 14 19
cat_threshold=9216 10240 134742016 512 1140851200 0 2048 256 142639114 86589450 393472 2147483673 537923604 8388738 2164785669 273682436 268435456 17170432 16777216
shrinkage=0.168364


Tree=50
num_leaves=10
num_cat=4
split_feature=30 2 19 30 3 3 15 19 23
split_gain=6.01374 2.25885 1.52633 2.1177 1.38496 1.2193 1.09263 0.627089 0.540155
threshold=0 1 62.500000000000007 2 156.94000000000003 173.80400000000006 25468.000000000004 12045.250000000002 3
decision_type=5 5 2 5 2 2 2 2 1
left_child=4 7 3 -3 -1 6 -4 -2 -5
right_child=1 2 5 8 -6 -7 -8 -9 -10
leaf_value=0.095936899228550088 -0 -0.045750041949379296 -0.094271725361899539 0.027476073217017009 0.0095904265579749674 -0.00052293166663226515 -0.017046057804567145 0.04564082850376755 -0.0040782295843409637
leaf_count=377 260 336 374 572 247 237 134 226 437
internal_value=0 -0.102507 -0.167813 -0.0560469 0.314186 -0.311971 -0.408581 0.107752 0.0589927
internal_count=3200 2576 2090 1345 624 745 508 486 1009
cat_boundaries=0 8 10 15 16
cat_threshold=533505 1189888 134742048 17039874 1140851200 2048 2048 256 302784 2415919330 2290089986 16777740 34050 8 4112 2
shrinkage=0.168364


Tree=51
num_leaves=13
num_cat=3
split_feature=24 2 11 4 3 20 17 17 25 24 3 25
split_gain=2.91276 4.78059 3.04687 2.62399 1.84836 1.84273 1.58048 1.01627 0.870011 0.37813 0.346308 0.232397
threshold=0 1 121.75000000000001 39.423750000000005 172.59550000000004 153.25000000000003 28637.500000000004 217.00000000000003 53.336500000000008 2 173.23550000000003 46.69100000000001
decision_type=5 5 2 2 2 2 2 2 2 5 2 2
left_child=1 5 8 -3 -4 9 7 -5 11 -1 -7 -2
right_child=2 3 4 6 -6 10 -8 -9 -10 -11 -12 -13
leaf_value=0.0036013777825696673 -0 -0.11951688776095538 0.12784093996652379 -0 0.0069805069449237981 0.0073961282725589867 0.016800925867013768 -0.080414706423167837 0.035324526262816201 -0.020901049016408074 0.077176145662855938 -0.037511895965377386
leaf_count=892 302 241 150 164 145 133 102 250 180 267 137 237
internal_value=0 -0.0912373 0.171047 -0.30846 0.490174 0.0572821 -0.159205 -0.3072 -0 -0.013316 0.318515 -0.127475
internal_count=3200 2186 1014 757 295 1429 516 414 719 1159 270 539
cat_boundaries=0 2 5 6
cat_threshold=1093190179 33 541432385 268435456 577 49667
shrinkage=0.168364


Tree=52
num_leaves=12
num_cat=5
split_feature=24 21 5 17 23 24 17 6 22 24 20
split_gain=2.84777 3.8184 2.92552 1.31744 1.01724 0.580718 0.493234 0.465181 0.581766 0.339194 0.0309061
threshold=0 196.00000000000003 1 1652.5000000000002 2 3 15223.000000000002 33.250000000000007 1.7500000000000002 4 148.00000000000003
decision_type=5 2 5 2 1 5 2 2 2 5 2
left_child=2 3 4 5 6 -2 10 8 -4 -6 -1
right_child=1 -3 7 -5 9 -7 -8 -9 -10 -11 -12
leaf_value=0.0075530790295737903 0.039603713240217019 0.12073658777020904 -0.047069044239143078 -0.033181983606057307 0.00074482511160927592 -0.0020212704659065997 0.049865634936412127 -0.081462092918818729 0 -0.031715907366004936 -0
leaf_count=834 226 79 292 175 158 327 97 344 163 354 151
internal_value=0 0.173852 -0.0874254 0.0293456 0.0189764 0.171144 0.0945491 -0.272234 -0.15861 -0.141975 0.0331121
internal_count=3200 807 2393 728 1594 553 1082 799 455 512 985
cat_boundaries=0 2 3 4 6 8
cat_threshold=1101840939 536887301 4762673 2 73796 34 295425 16385
shrinkage=0.168364


Tree=53
num_leaves=9
num_cat=4
split_feature=30 30 2 19 19 30 4 19
split_gain=4.47888 2.25932 3.05858 0.972647 1.85612 1.11003 0.744606 0.074263
threshold=0 1 2 277784.50000000006 33041.500000000007 3 39.423750000000005 16874.500000000004
decision_type=5 5 5 2 2 5 2 2
left_child=7 6 -3 4 5 -4 -2 -1
right_child=1 2 3 -5 -6 -7 -8 -9
leaf_value=0.035271692026584013 -0.074574670763697379 -0.049331713009424412 0.033084713468553247 -0.025867567130294998 0.070512813666022744 -0.007061661344798421 -0.012476584486752235 0.093873997825985128
leaf_count=384 544 320 246 84 178 1002 312 130
internal_value=0 -0.0856568 0 0.082279 0.134495 0.0350648 -0.25931 0.282166
internal_count=3200 2686 1830 1510 1426 1248 856 514
cat_boundaries=0 8 14 17 22
cat_threshold=9216 1189888 403177472 16777730 1140851200 2048 2048 256 142639146 120144914 426240 2147483673 570429444 545259650 604136476 293609472 513 17302017 268439556 32 262400 16777216
shrinkage=0.168364


Tree=54
num_leaves=10
num_cat=5
split_feature=30 30 2 20 20 30 25 34 9
split_gain=3.91077 1.91721 2.76018 1.82814 3.23704 2.13895 0.872838 0.533877 0.151572
threshold=0 1 2 508.00000000000006 1914.2500000000002 3 39.173200000000008 4 31.750000000000004
decision_type=5 5 5 2 2 5 2 5 2
left_child=-1 8 -3 5 -5 -4 -6 -7 -2
right_child=1 2 3 4 6 7 -8 -9 -10
leaf_value=0.054558266121338614 -0.066112356256923077 -0.046744506408532463 -0.036897492222474827 0.10467742014211344 -0.020076768018546923 0.030772871743478338 0.038998542144617211 -0 -0.010806367621398243
leaf_count=312 577 326 478 151 150 446 92 485 183
internal_value=0 -0.0677761 -0 0.0653355 0.244439 -0.01537 0 0.094401 -0.250351
internal_count=3200 2888 2128 1802 393 1409 242 931 760
cat_boundaries=0 8 14 17 22 23
cat_threshold=9216 1050624 134742016 514 1140851200 2048 2048 256 142639146 120144914 2490624 25 536875012 8388610 537059340 25174016 579 2147483780 138547724 33794 2147483648 33562640 194
shrinkage=0.168364


Tree=55
num_leaves=10
num_cat=6
split_feature=30 5 30 20 20 5 23 16 30
split_gain=3.09954 1.70126 2.29206 3.97581 8.25828 1.6871 0.713871 0.644159 0.48288
threshold=0 1 2 869.50000000000011 309.25000000000006 3 4 246.25000000000003 5
decision_type=5 5 5 2 2 5 1 2 5
left_child=-1 7 5 4 6 8 -4 -2 -3
right_child=1 2 3 -5 -6 -7 -8 -9 -10
leaf_value=0.055783585414572297 0.064462996751475057 -0.0017933473998208401 -0.016352839025590177 -0.089526355971445953 0.1181569484522637 -0.024124419844888625 -0.06471329736757557 0 0.042339452186874189
leaf_count=233 136 238 770 380 145 196 583 156 363
internal_value=0 -0.0546607 -0.0999134 -0.187734 -0.0597259 0.0611056 -0.218714 0.14936 0.176755
internal_count=3200 2967 2675 1878 1498 797 1353 292 601
cat_boundaries=0 8 9 15 16 17 23
cat_threshold=9216 2048 0 512 1140851200 0 2048 256 1094885396 2165899785 273809924 33555490 2416705794 17842176 8390656 526473 2 1572872 131584 34 0 0 8388608
shrinkage=0.168364


Tree=56
num_leaves=11
num_cat=1
split_feature=31 20 32 14 27 26 11 16 20 26
split_gain=2.68521 1.48915 0.691695 1.03717 0.687774 0.776785 0.510793 0.347441 0.304169 0.120935
threshold=0 79.750000000000014 142.00000000000003 778.75000000000011 31.750000000000004 1.7500000000000002 2833.7500000000005 26.500000000000004 1525.0000000000002 64.750000000000014
decision_type=5 2 2 2 2 2 2 2 2 2
left_child=1 4 3 6 5 -1 7 -2 -3 -7
right_child=2 8 -4 -5 -6 9 -8 -9 -10 -11
leaf_value=0.0090309450803112909 -0.0033727007188080037 0.077376697620866186 -0.070310392887565312 0.024440612700155871 0.036642728953330546 -0.036131801103831802 -0 -0.055692024508376604 0.01929448946603653 -0
leaf_count=779 317 144 132 103 280 407 239 447 179 173
internal_value=0 0.0918187 -0.147155 -0.0972362 0.014166 -0.0173829 -0.166098 -0.238254 0.290364 -0.158939
internal_count=3200 1962 1238 1106 1639 1359 1003 764 323 580
cat_boundaries=0 4
cat_threshold=312049669 268436800 2102152 32784
shrinkage=0.168364


Tree=57
num_leaves=11
num_cat=3
split_feature=31 34 5 10 0 16 28 0 27 25
split_gain=2.35185 1.07914 1.9804 1.65337 1.01659 0.648032 0.558932 0.370516 0.366081 0.347751
threshold=0 1 2 33.250000000000007 1.7500000000000002 11386.000000000002 550.75000000000011 9.2500000000000018 3.2500000000000004 33.742400000000011
decision_type=5 5 5 2 2 2 2 2 2 2
left_child=9 6 4 7 -3 -5 -2 8 -4 -1
right_child=1 2 3 5 -6 -7 -8 -9 -10 -11
leaf_value=-0.017093345659469423 0.078713322305468333 0.063235024426880782 0.016276144881981213 -0.076232161283211128 -0 -0 0.0025567434513572235 -0.021941953339958849 -0.0081633766981951336 -0.079083127157020774
leaf_count=315 226 259 824 196 130 92 196 257 392 313
internal_value=0 0.0503166 0.0010621 -0.0649359 0.190794 -0.306777 0.217541 0 0.0364112 -0.226872
internal_count=3200 2572 2150 1761 389 288 422 1473 1216 628
cat_boundaries=0 5 6 7
cat_threshold=2233753936 1217530016 8230 32 4 71872 1073783864
shrinkage=0.168364


Tree=58
num_leaves=12
num_cat=5
split_feature=30 24 19 30 19 32 26 19 30 11 24
split_gain=2.79855 1.58686 3.45857 2.05954 2.26662 1.8375 1.5755 0.962431 1.70685 0.769636 0.353046
threshold=0 1 47546.500000000007 2 63177.250000000007 29.500000000000004 13.750000000000002 69526.750000000015 3 16.750000000000004 4
decision_type=5 5 2 5 2 2 2 2 5 2 5
left_child=-1 3 10 5 6 7 9 8 -2 -5 -3
right_child=1 2 -4 4 -6 -7 -8 -9 -10 -11 -12
leaf_value=0.056099138752844738 -0.022560554047997138 -0.025277446484838272 0.085214160948486911 -0.019339450638857912 -0.10602417925313402 -0.048509537585224874 -0.069817163097154078 0.062364380884779559 0.030314077965782314 0.031607668506998463 0.0025840679664453389
leaf_count=142 440 197 163 523 236 114 436 94 251 191 413
internal_value=0 -0.0475116 0.100181 -0.105136 -0.23119 0.00991448 -0.124722 0.105671 0.016969 -0 -0.0691962
internal_count=3200 3058 773 2285 1386 899 1150 785 691 714 610
cat_boundaries=0 8 10 16 21 23
cat_threshold=1024 2048 524288 512 1140851200 0 2048 256 1091093039 536870944 2165309445 5386756 436207648 286130434 16777232 2176 2148532228 5382656 0 524290 16 10748160 18432
shrinkage=0.168364


Tree=59
num_leaves=9
num_cat=4
split_feature=30 2 30 13 17 9 13 24
split_gain=2.68642 2.13019 1.55488 1.74649 1.69011 1.47995 1.11617 0.525468
threshold=0 1 2 13.750000000000002 1.7500000000000002 220.00000000000003 3.2500000000000004 3
decision_type=5 5 5 2 2 2 2 5
left_child=-1 -2 4 6 -3 -5 7 -4
right_child=1 2 3 5 -6 -7 -8 -9
leaf_value=-0.049868403314605882 -0.029986098728609557 0.0070700239943835546 -0.0065373404789837945 0.10288621874819338 -0.0702403607386866 0.0018249738216751551 -0.02961486331017019 0.026083219837236171
leaf_count=646 469 316 156 143 158 73 133 1106
internal_value=0 0.0437209 0.0977425 0.153103 -0.0814329 0.408811 0.0824523 0.132364
internal_count=3200 2554 2085 1611 474 216 1395 1262
cat_boundaries=0 6 8 14 16
cat_threshold=142639136 388580370 2490624 25 570437632 545259522 1677870172 25174080 17843080 5243013 8194 2164269056 17842692 128 264 33
shrinkage=0.168364


end of trees

feature importances:
c_02=94
n_1=27
n_table_1.n_16=25
c_table_1.c_2=24
n_table_1.n_1=24
n_table_1.n_9=24
n_table_2.n_2=24
n_table_1.n_19=23
n_table_1.n_20=23
c_table_2.c_2=23
c_table_1.c_5=22
c_table_1.c_3=21
n_table_1.n_15=19
n_table_1.n_18=19
n_table_1.n_2=17
n_table_1.n_6=17
n_table_1.n_7=17
n_table_2.n_6=17
n_table_3.n_3=17
n_table_1.n_17=14
n_table_3.n_2=12
n_table_1.n_3=8
n_table_1.n_12=8
n_table_1.n_26=8
n_table_1.n_27=8
c_table_2.c_1=8
n_table_1.n_8=8
n_table_1.n_11=7
n_table_3.n_5=7
n_table_1.n_5=6
c_table_2.c_5=5
c_table_1.c_6=2
n_table_2.n_13=2
n_table_1.n_10=1

parameters:
[boosting: gbdt]
[objective: binary]
[metric: auc]
[tree_learner: serial]
[device_type: cpu]
[data: ]
[valid: ]
[num_iterations: 100]
[learning_rate: 0.168364]
[num_leaves: 77]
[num_threads: 4]
[max_depth: 6]
[min_data_in_leaf: 20]
[min_sum_hessian_in_leaf: 9.19587]
[bagging_fraction: 0.8]
[bagging_freq: 44]
[bagging_seed: 3]
[feature_fraction: 0.5]
[feature_fraction_seed: 2]
[early_stopping_round: 0]
[max_delta_step: 0]
[lambda_l1: 0.862918]
[lambda_l2: 1.93513]
[min_gain_to_split: 0]
[drop_rate: 0.1]
[max_drop: 50]
[skip_drop: 0.5]
[xgboost_dart_mode: 0]
[uniform_drop: 0]
[drop_seed: 4]
[top_rate: 0.2]
[other_rate: 0.1]
[min_data_per_group: 100]
[max_cat_threshold: 32]
[cat_l2: 10]
[cat_smooth: 10]
[max_cat_to_onehot: 4]
[top_k: 20]
[monotone_constraints: ]
[feature_contri: ]
[forcedsplits_filename: ]
[refit_decay_rate: 0.9]
[verbosity: -1]
[max_bin: 255]
[min_data_in_bin: 3]
[bin_construct_sample_cnt: 200000]
[histogram_pool_size: -1]
[data_random_seed: 1]
[output_model: LightGBM_model.txt]
[snapshot_freq: -1]
[input_model: ]
[output_result: LightGBM_predict_result.txt]
[initscore_filename: ]
[valid_data_initscores: ]
[pre_partition: 0]
[enable_bundle: 1]
[max_conflict_rate: 0]
[is_enable_sparse: 1]
[sparse_threshold: 0.8]
[use_missing: 1]
[zero_as_missing: 0]
[two_round: 0]
[save_binary: 0]
[enable_load_from_binary_file: 1]
[header: 0]
[label_column: ]
[weight_column: ]
[group_column: ]
[ignore_column: ]
[categorical_feature: ]
[predict_raw_score: 0]
[predict_leaf_index: 0]
[predict_contrib: 0]
[num_iteration_predict: -1]
[pred_early_stop: 0]
[pred_early_stop_freq: 10]
[pred_early_stop_margin: 10]
[convert_model_language: ]
[convert_model: gbdt_prediction.cpp]
[num_class: 1]
[is_unbalance: 0]
[scale_pos_weight: 1]
[sigmoid: 1]
[boost_from_average: 1]
[reg_sqrt: 0]
[alpha: 0.9]
[fair_c: 1]
[poisson_max_delta_step: 0.7]
[tweedie_variance_power: 1.5]
[max_position: 20]
[label_gain: ]
[metric_freq: 1]
[is_provide_training_metric: 0]
[eval_at: ]
[num_machines: 1]
[local_listen_port: 12400]
[time_out: 120]
[machine_list_filename: ]
[machines: ]
[gpu_platform_id: -1]
[gpu_device_id: -1]
[gpu_use_dp: 0]

end of parameters

pandas_categorical:[[0, 1, 2], [0, 1, 2, 3, 4, 5, 6, 7, 8, 9, 10, 11, 12, 13, 14, 15, 16, 17, 18, 19, 20, 21, 22, 23, 24, 25, 26, 27, 28, 29, 30, 31, 32, 33, 34, 35, 36, 37, 38, 39, 40, 41, 42, 43, 44, 45, 46, 47, 48, 49, 50, 51, 52, 53, 54, 55, 56, 57, 58, 59, 60, 61, 62, 63, 64, 65, 66, 67, 68, 69, 70, 71, 72, 73, 74, 75, 76, 77, 78, 79, 80, 81, 82, 83, 84, 85, 86, 87, 88, 89, 90, 91, 92, 93, 94, 95, 96, 97, 98, 99, 100, 101, 102, 103, 104, 105, 106, 107, 108, 109, 110, 111, 112, 113, 114, 115, 116, 117, 118, 119, 120, 121, 122, 123, 124, 125, 126, 127, 128, 129, 130, 131, 132, 133, 134, 135, 136, 137, 138, 139, 140, 141, 142, 143, 144, 145, 146, 147, 148, 149, 150, 151, 152, 153, 154, 155, 156, 157, 158, 159, 160, 161, 162, 163, 164, 165, 166, 167, 168, 169, 170, 171, 172, 173, 174, 175], [0, 1, 2, 3, 4, 5, 6, 7, 8, 9, 10, 11, 12, 13, 14, 15, 16, 17, 18, 19, 20, 21, 22, 23, 24, 25, 26, 27, 28, 29, 30, 31, 32, 33, 34, 35, 36, 37, 38, 39, 40, 41, 42, 43, 44, 45, 46, 47, 48, 49, 50, 51, 52, 53], [0, 1, 2, 3, 4, 5, 6, 7, 8, 9, 10, 11, 12, 13, 14, 15], [0, 1], [0, 1, 2, 3, 4, 5, 6, 7, 8, 9, 10, 11, 12, 13, 14, 15, 16, 17, 18, 19, 20, 21, 22, 23, 24, 25, 26, 27, 28, 29, 30, 31, 32, 33, 34, 35, 36, 37, 38, 39, 40, 41, 42, 43, 44, 45, 46, 47, 48, 49, 50, 51, 52, 53, 54, 55, 56, 57, 58, 59, 60, 61, 62, 63, 64, 65, 66, 67, 68, 69, 70, 71, 72, 73, 74, 75, 76, 77, 78, 79, 80, 81, 82, 83, 84, 85, 86, 87, 88, 89, 90, 91, 92, 93, 94, 95, 96, 97, 98], [0, 1, 2, 3, 4, 5, 6, 7, 8, 9, 10, 11, 12, 13, 14, 15, 16, 17, 18, 19, 20, 21, 22, 23, 24, 25, 26, 27, 28, 29, 30, 31, 32, 33, 34, 35, 36, 37, 38, 39, 40, 41, 42, 43, 44, 45, 46, 47, 48, 49, 50, 51, 52, 53, 54, 55, 56, 57, 58, 59, 60, 61, 62, 63, 64, 65, 66, 67, 68, 69, 70, 71, 72, 73, 74, 75, 76, 77, 78, 79, 80, 81, 82, 83, 84, 85, 86, 87, 88, 89, 90, 91, 92, 93, 94, 95, 96, 97, 98, 99, 100, 101, 102, 103, 104, 105, 106, 107, 108, 109, 110, 111, 112, 113, 114, 115, 116, 117, 118, 119, 120, 121, 122, 123, 124, 125, 126, 127, 128, 129, 130, 131, 132, 133, 134, 135, 136, 137, 138, 139, 140, 141, 142, 143, 144, 145, 146, 147, 148, 149, 150, 151, 152, 153, 154, 155, 156, 157, 158, 159, 160, 161, 162, 163, 164, 165, 166, 167, 168, 169, 170, 171, 172, 173, 174, 175, 176, 177, 178, 179, 180, 181, 182, 183, 184, 185, 186, 187, 188, 189, 190, 191, 192, 193, 194, 195, 196, 197, 198, 199, 200, 201, 202, 203, 204, 205, 206, 207, 208, 209, 210, 211, 212, 213, 214, 215, 216, 217, 218, 219, 220, 221, 222, 223, 224, 225, 226, 227, 228, 229, 230, 231, 232, 233, 234, 235, 236, 237, 238, 239, 240, 241, 242, 243, 244, 245, 246, 247, 248, 249, 250, 251, 252, 253, 254, 255, 256, 257, 258, 259, 260, 261, 262, 263, 264, 265, 266, 267, 268, 269, 270, 271, 272, 273, 274, 275, 276, 277, 278, 279, 280, 281, 282, 283, 284, 285, 286, 287, 288, 289, 290, 291, 292, 293, 294, 295, 296, 297, 298, 299, 300, 301, 302, 303, 304, 305, 306, 307, 308, 309, 310, 311, 312, 313, 314, 315, 316, 317, 318, 319, 320, 321, 322, 323, 324, 325, 326, 327, 328, 329, 330, 331, 332, 333, 334, 335, 336, 337], [0, 1, 2, 3, 4, 5, 6, 7, 8, 9, 10, 11, 12, 13, 14, 15, 16, 17, 18, 19, 20, 21, 22, 23, 24, 25, 26, 27, 28, 29, 30, 31, 32, 33, 34, 35, 36, 37, 38, 39, 40, 41, 42, 43, 44, 45, 46, 47, 48, 49, 50, 51, 52, 53, 54, 55, 56, 57, 58, 59, 60, 61, 62, 63, 64, 65, 66, 67, 68, 69, 70, 71, 72, 73, 74, 75, 76, 77, 78, 79, 80, 81, 82, 83, 84, 85, 86, 87, 88, 89, 90, 91, 92, 93, 94, 95, 96, 97, 98, 99, 100, 101, 102, 103, 104, 105, 106, 107, 108, 109, 110, 111, 112, 113, 114, 115, 116, 117, 118, 119, 120, 121, 122, 123, 124, 125, 126, 127, 128, 129, 130, 131, 132, 133, 134, 135, 136, 137, 138, 139, 140, 141, 142, 143, 144, 145, 146, 147, 148, 149, 150, 151, 152, 153, 154, 155, 156, 157, 158, 159, 160, 161, 162, 163, 164, 165, 166, 167, 168, 169, 170, 171, 172, 173, 174, 175, 176, 177, 178, 179, 180, 181, 182, 183, 184, 185, 186, 187, 188, 189, 190, 191, 192, 193, 194, 195, 196, 197, 198, 199, 200, 201, 202, 203, 204, 205, 206], [0, 1, 2, 3, 4, 5, 6, 7, 8, 9, 10, 11, 12, 13, 14, 15, 16, 17, 18, 19, 20, 21, 22, 23, 24, 25, 26, 27, 28, 29, 30]]
