tree
version=v2
num_class=1
num_tree_per_iteration=1
label_index=0
max_feature_idx=36
objective=binary sigmoid:1
feature_names=n_1 c_table_1.c_1 c_table_1.c_2 n_table_1.n_1 n_table_1.n_2 c_table_1.c_5 n_table_1.n_3 c_table_1.c_6 n_table_1.n_5 n_table_1.n_6 n_table_1.n_7 n_table_1.n_9 n_table_1.n_10 n_table_1.n_11 n_table_1.n_12 n_table_1.n_15 n_table_1.n_16 n_table_1.n_17 n_table_1.n_18 n_table_1.n_19 n_table_1.n_20 n_table_1.n_26 n_table_1.n_27 c_table_2.c_1 c_table_2.c_2 n_table_2.n_2 n_table_2.n_6 n_table_3.n_2 n_table_3.n_3 n_table_3.n_5 c_02 c_table_1.c_3 n_table_1.n_8 n_table_1.n_25 c_table_2.c_5 n_table_2.n_9 n_table_2.n_13
feature_infos=[1:62.5] 1:0 2:0:6:10:16:17:29:9:7:24:13:37:14:15:12:11:18:45:33:19:56:63:60:26:73:38:3:55:54:64:4:70:83:20:22:34:30:21:36:39:58:65:68:74:35:47:71:57:114:1:32:44:59:134:31:53:78:139:8:48:81:85:94:111:119:27:28:42:69:82:90:92:104:105:106:115:128:144:23:46:49:50:52:75:79:80:98:103:116:122:25:40:43:72:86:93:96:97:99:107:112:118:127:129:133:146:152:164 [-183.91200000000001:227.50999999999999] [-49.719499999999996:78.390000000000001] 3:0:5:13:14:7:1:9:11:19:8:24:4:17:30:22:12:2:15:10:20:23:41:21:34:37:6:27:33:39:40:45:18:32:35:36:49 [1:175] 1:0:2:3:4:7:8:9:13:5:6:10:11:12 [1:24272.5] [1:46363] [1:2995] [1:2481850] [1:70] [1:6121] [1:7070.5] [1:423494] [1:313693] [1:372140] [1:441384] [1:1178200] [1:18856] [1:121640] [1:151] 1:0 1:3:5:15:8:16:19:30:37:0:13:6:9:2:14:46:21:27:18:32:23:33:61:4:11:52:24:10:43:28:22:34:35:45:20:36:7:42:56:40:53:54:63:75:12:17:26:41:51:71:48:49:25:31:39:50:64:78:47:57:59:60:65:67:76:89 [-55.711999999999996:81.846299999999999] [1:3170.5] [1:1061.5] [1:540979] [1:435418] 2:1:13:49:27:74:9:45:20:19:0:41:72:44:33:113:127:130:54:56:15:51:104:31:34:83:53:35:92:65:3:23:39:42:48:79:132:82:99:96:142:14:36:105:114:167:43:57:148:153:158:161:52:58:77:152:183:5:7:32:140:141:24:46:97:69:8:16:60:109:157:55:124:137:154:59:91:115:191:194:67:81:100:120:4:66:84:85:87:89:171:203:10:22:25:50:86:94:133:184:189:276:11:26:40:76:78:103:232:240:38:88:108:111:121:122:165:197:218:28:63:107:128:150:156:159:170:201:225:235:253:18:112:123:164:169:182:196:207:30:64:106:134:139:143:147:173:211:224:231:234:17:29:80:131:145:168:178:206:228:250:275:37:47:62:68:73:101:117:126:149:202:208:209:216:222:237:239:251:265:267:61:75:98:125:129:135:138:144:160:162:163:175:176:180:181:192:193:198:205:212:220:245:247:255:268:277:297:299:303:317 6:0:24:20:37:8:65:100:17:44:16:83:31:77:14:76:95:21:73:42:34:101:85:2:13:25:39:18:43:52:60:62:71:59:69:4:40:55:123:130:26:28:15:19:96:23:38:61:90:11:49:63:66:67:72:82:111:139:64:74:121:33:36:3:102:145:9:12:51:53:88:92:7:47:118:140:29:30:32:35:56:106:113:117:141:152:27:48:79:91:99:105:114:122:132:134:138:149:167:41:54:70:86:107:116:120:124:125:129:131:133:142:144:147:157:162:163:170:1:5:45:46:50:57:68:80:84:89:94:97:103:115:135:137:143:159:161:168:176 [1:517224] [1:38.5] 1:0:6:7:9:10:15:11:4:14:12:2:13:5:16:22:3:8:18:17:20:23:19:28 [1:91] [1:273895]
tree_sizes=906 980 930 992 961 1010 979 925 960 1076 1064 1057 961 1155 1086 1034 1131 973 1035 873 866 992 1147 855 1054 1121 1032 994 820 918 976 985 1321 1199 971 913 1001 931 995 1148 1067 998 1092 1046 995 1099 1036 915 1092 999 1001 1124 1066 1105 1003 1069 976 1010 897 992

Tree=0
num_leaves=9
num_cat=3
split_feature=30 18 19 9 30 25 3 30
split_gain=92.4222 24.1001 18.9842 8.46966 4.09091 0.829306 0.619805 0.154925
threshold=0 15357.250000000002 32377.000000000004 58.750000000000007 1 57.921400000000013 170.22100000000003 2
decision_type=5 2 2 2 5 2 2 5
left_child=2 4 6 -3 7 -6 -1 -2
right_child=1 3 -4 -5 5 -7 -8 -9
leaf_value=-2.5505914892491055 -2.6222695883472338 -2.6256712854911415 -2.4478196636747107 -2.5556219617424869 -2.6655681635986586 -2.6355984268826083 -2.5923305239999306 -2.6145103480738729
leaf_count=411 135 182 144 217 1558 201 147 205
internal_value=0 -0.383224 1.09918 0.451221 -0.579536 -0.63302 0.903786 -0
internal_count=3200 2498 702 399 2099 1759 558 340
cat_boundaries=0 6 12 17
cat_threshold=16777230 23068680 402948096 2164392192 17829888 16777344 8389121 270073856 524320 269221896 16900 2147483648 8388608 589824 524288 8 16388
shrinkage=1


Tree=1
num_leaves=10
num_cat=4
split_feature=30 18 16 5 30 10 25 25 30
split_gain=79.1547 21.1662 16.5599 7.53653 4.81891 0.885261 0.827184 1.05899 0.197632
threshold=0 15357.250000000002 14.500000000000002 1 2 99.250000000000014 52.425150000000009 60.872250000000008 3
decision_type=5 2 2 5 5 2 2 2 5
left_child=2 4 -1 -3 8 -5 -6 -8 -2
right_child=1 3 -4 5 6 -7 7 -9 -10
leaf_value=0.043822877849378904 -0.0043272680145686497 0.04818307272403085 0.13188960638824335 0 -0.047931113426624261 -0.027165197965592296 -0.003703880091627055 -0.038966822623833025 0.0042736803771334228
leaf_count=447 135 149 232 123 1410 129 192 157 226
internal_value=0 -0.361592 0.997542 0.403263 -0.55134 -0.133768 -0.614608 -0.359274 0
internal_count=3200 2521 679 401 2120 252 1759 349 361
cat_boundaries=0 6 7 13 18
cat_threshold=16777230 23068680 402915328 2164392192 17829888 16777344 25250 8389121 270073856 557088 269221896 16900 2147483648 8388608 589824 524288 8 16388
shrinkage=0.0653891


Tree=2
num_leaves=10
num_cat=3
split_feature=31 18 3 0 2 27 24 28 26
split_gain=36.3831 19.2074 8.41163 7.54287 7.26734 7.96383 5.67563 3.21811 2.83424
threshold=0 20428.750000000004 170.47700000000003 16.750000000000004 1 3.2500000000000004 2 10891.000000000002 69.250000000000014
decision_type=5 2 2 2 5 2 5 2 2
left_child=3 4 -3 6 -2 -6 -1 8 -8
right_child=1 2 -4 -5 5 -7 7 -9 -10
leaf_value=0.015690042310585604 -0.018341083933704951 0.032266298784422602 0.12134026380204671 0.028589639290022815 0.062934333143637208 -0.002359882681717284 -0.028304964828668622 -0.056870890809406556 0.0053879483269813561
leaf_count=126 243 171 180 153 263 184 1400 338 142
internal_value=0 0.533385 1.29744 -0.308807 0.174092 0.406679 -0.4019 -0.44199 -0.376778
internal_count=3200 1041 351 2159 690 447 2006 1880 1542
cat_boundaries=0 5 8 10
cat_threshold=2486566993 1207966084 532642 32 4 152772 8336 512 262148 16417
shrinkage=0.0653891


Tree=3
num_leaves=10
num_cat=3
split_feature=30 22 5 11 19 30 25 0 29
split_gain=66.3531 16.5409 10.0799 9.19099 4.9429 3.10148 2.77501 2.10578 0.52382
threshold=0 61.750000000000007 1 49.750000000000007 30745.750000000004 2 36.515950000000011 3.2500000000000004 71.500000000000014
decision_type=5 2 5 2 2 5 2 2 2
left_child=3 2 4 7 6 -4 -2 -1 -7
right_child=1 -3 5 -5 -6 8 -8 -9 -10
leaf_value=0.054675124115895687 0.01409126532916974 0.055847777859902768 0.00064500258287863445 0.10861808371367733 0.050325346637589093 -0.050667246189160291 -0.033118158992851109 0.0096414406047672166 -0.030618845111964603
leaf_count=294 154 126 234 225 122 1148 135 150 612
internal_value=0 -0.339318 -0.448395 0.889186 0.131827 -0.54548 -0.0898574 0.643196 -0.625047
internal_count=3200 2531 2405 669 411 1994 289 444 1760
cat_boundaries=0 6 7 13
cat_threshold=2164260878 18874376 402915328 2164392192 17829888 16777344 1078461090 8388609 273678340 32768 268435976 16896 2147483648
shrinkage=0.0653891


Tree=4
num_leaves=10
num_cat=3
split_feature=30 18 11 22 30 11 0 25 5
split_gain=57.4305 18.0919 6.74387 6.23508 3.58306 3.18091 3.02635 1.08554 0.779489
threshold=0 15357.250000000002 2255.5000000000005 37.750000000000007 1 5371.7500000000009 1.7500000000000002 57.921400000000013 2
decision_type=5 2 2 2 5 2 2 2 5
left_child=2 4 6 5 8 -3 -1 -6 -2
right_child=1 3 -4 -5 7 -7 -8 -9 -10
leaf_value=0.057958729921726626 0.0073191160807406352 0.02276845360111553 0.11061768920219639 0.064908563910523728 -0.044255716786874455 -0.027335530742907146 0.012902272756275594 -0.012554144277185399 -0.0099857424544382133
leaf_count=364 232 169 121 113 1558 121 192 201 129
internal_value=0 -0.32695 0.797841 0.349658 -0.517048 0 0.686847 -0.574563 -0
internal_count=3200 2523 677 403 2120 290 556 1759 361
cat_boundaries=0 6 11 12
cat_threshold=16777230 18874376 402948096 2164392192 17829888 2164260992 8389121 274268160 524320 269221896 16900 131
shrinkage=0.0653891


Tree=5
num_leaves=10
num_cat=4
split_feature=30 30 5 18 16 30 25 8 3
split_gain=50.1404 14.237 16.8679 16.8089 10.5612 3.44407 2.75272 1.64996 1.17401
threshold=0 1 2 15148.750000000002 11888.500000000002 3 52.425150000000009 9.2500000000000018 165.65550000000002
decision_type=5 5 5 2 2 5 2 2 2
left_child=4 -2 3 -3 7 -4 -7 8 -1
right_child=1 2 5 -5 -6 6 -8 -9 -10
leaf_value=0.035676442568069199 -0.046528424947591997 0.0023135142400365601 0.006318567001404385 0.11617463517476848 0.12448331446135914 -0.037893716126479779 -0.00067039381198592341 0.069785882188536708 0.00023125396382253611
leaf_count=367 851 265 237 111 86 834 238 107 104
internal_value=0 -0.308196 -0.0541523 0.528403 0.739349 -0.29075 -0.400098 0.618788 0.44582
internal_count=3200 2536 1685 376 664 1309 1072 578 471
cat_boundaries=0 6 12 13 18
cat_threshold=2155872270 18874376 402915328 2164392192 16781312 2164260992 135324064 101215379 9216 8193 1107304448 2 4735650 16777217 273809408 32768 268435456 1049088
shrinkage=0.0653891


Tree=6
num_leaves=11
num_cat=2
split_feature=2 28 26 0 20 11 24 26 15 14
split_gain=25.8231 8.83746 6.4817 6.29799 4.52302 4.37124 3.63936 2.92449 2.6148 3.98763
threshold=0 226.75000000000003 241.75000000000003 16.750000000000004 238.75000000000003 1642.0000000000002 1 6.2500000000000009 49935.250000000007 24.250000000000004
decision_type=5 2 2 2 2 2 5 2 2 2
left_child=2 4 3 6 -2 -3 -1 -8 9 -6
right_child=1 5 -4 -5 8 -7 7 -9 -10 -11
leaf_value=0.010908856127907351 0.010286808692761299 -0.019759195827481008 0.030969710152800197 0.02385239290529086 0.028749668188916257 0.036143187897392015 -0.019256621204974449 -0.044353324317308915 0.022366207540050049 0.10337764819364524
leaf_count=109 187 234 129 152 130 110 1035 822 130 162
internal_value=0 0.46 -0.255049 -0.336642 0.787068 0 -0.404629 -0.432556 0.989608 1.20187
internal_count=3200 953 2247 2118 609 344 1966 1857 422 292
cat_boundaries=0 3 5
cat_threshold=1145722069 25174162 513 2375680 32
shrinkage=0.0653891


Tree=7
num_leaves=10
num_cat=3
split_feature=30 30 14 17 28 24 3 8 3
split_gain=42.5373 13.9094 15.2715 7.18576 6.05908 2.36498 2.21593 1.78626 2.76522
threshold=0 1 92.500000000000014 23080.000000000004 16.750000000000004 2 171.13950000000003 19.750000000000004 159.22650000000002
decision_type=5 5 2 2 2 5 2 2 2
left_child=3 -2 5 7 -4 -3 -7 8 -1
right_child=1 2 4 -5 -6 6 -8 -9 -10
leaf_value=0.036826978725250682 -0.04621501931075099 0.0051042445987610338 0.075064239792625886 0.10488588263098161 0 -0.030675060312850454 -0 0.067628248521662535 -0
leaf_count=379 835 284 147 80 125 881 243 88 138
internal_value=0 -0.295256 -0.0457499 0.653634 0.696436 -0.257504 -0.318605 0.556228 0.405431
internal_count=3200 2515 1680 685 272 1408 1124 605 517
cat_boundaries=0 6 13 15
cat_threshold=8388622 23068680 402915328 2164916480 16781312 2164260992 135324064 100691091 9216 8193 1107304448 2 4 90125 2049
shrinkage=0.0653891


Tree=8
num_leaves=10
num_cat=4
split_feature=30 31 9 5 16 0 30 0 25
split_gain=37.5319 16.6815 9.30108 7.39416 3.59606 3.18614 2.90553 1.96412 1.42513
threshold=0 1 16.750000000000004 2 14.500000000000002 1.7500000000000002 3 1.7500000000000002 57.921400000000013
decision_type=5 5 2 5 2 2 5 2 2
left_child=4 2 -2 -3 7 -6 -5 -1 -8
right_child=1 3 -4 6 5 -7 8 -9 -10
leaf_value=0.044095734350487338 -0 0.012017458686653305 0.08702396964923495 0.00076313113686821555 0.039222870347713705 0.11082834362183629 -0.043604398262504895 0.002648264959560092 -0.011049643358022618
leaf_count=226 145 253 126 240 117 77 1662 139 215
internal_value=0 -0.256621 0.461103 -0.389498 0.666332 1.15294 -0.483967 0.47959 -0.561851
internal_count=3200 2641 271 2370 559 194 2117 365 1877
cat_boundaries=0 6 9 10 15
cat_threshold=14 16777224 402653184 2164392192 16781312 16777344 9029892 813696096 2097152 16514 2164260865 273678336 32768 268443656 1064964
shrinkage=0.0653891


Tree=9
num_leaves=12
num_cat=3
split_feature=31 24 16 16 0 24 8 28 25 16 9
split_gain=19.8247 10.1285 9.62509 6.51044 6.227 3.21437 3.16339 2.54542 3.10705 1.43039 0.770644
threshold=0 1 16051.750000000002 39685.000000000007 16.750000000000004 2 1.7500000000000002 10891.000000000002 52.056100000000008 2412.2500000000005 39.250000000000007
decision_type=5 5 2 2 2 5 2 2 2 2 2
left_child=4 -2 6 -4 5 -1 10 8 -7 -8 -3
right_child=1 2 3 -5 -6 7 9 -9 -10 -11 -12
leaf_value=0.010014456678703388 -0.017295535014692057 0.013264788019861719 0.12305799178311536 0.027767743266936408 0.027703560310613363 -0.026348117082195116 0.055085854655808814 -0.052647944433552835 0.0030010638770035384 0.0093333436183546566 -0.0076486794805373879
leaf_count=130 237 246 83 104 153 1277 170 313 246 109 132
internal_value=0 0.363619 0.538786 1.25867 -0.247172 -0.339432 0.339973 -0.372117 -0.315001 0.616403 0.0522398
internal_count=3200 1081 844 187 2119 1966 657 1836 1523 279 378
cat_boundaries=0 5 6 8
cat_threshold=2486566993 1207961988 532514 134217760 4 541485 5 33
shrinkage=0.0653891


Tree=10
num_leaves=11
num_cat=3
split_feature=30 18 30 20 16 5 17 3 3 0
split_gain=36.6208 15.5463 14.6871 6.30881 7.89119 2.57025 8.30388 1.62133 1.37905 0.619429
threshold=0 23126.500000000004 1 3902.5000000000005 17216.500000000004 2 466.00000000000006 160.30600000000004 172.14550000000006 10.750000000000002
decision_type=5 2 5 2 2 5 2 2 2 2
left_child=9 2 8 4 -3 7 -7 -4 -2 -1
right_child=1 3 5 -5 -6 6 -8 -9 -10 -11
leaf_value=-0.060200325742019056 0.041473622990421469 0.023121660071842642 -0.014663772722169925 0.0093572376642752485 0.11548174188611539 0.05117018190662128 -0.028267987920397409 -0.046906909232555312 0.0038807715259024404 -0.020274719078140165
leaf_count=745 512 102 830 130 106 151 161 194 106 163
internal_value=0 0.239577 0.0807479 0.867803 1.18866 -0.192373 0.0837779 -0.300322 0.457632 -0.691411
internal_count=3200 2292 1954 338 208 1336 312 1024 618 908
cat_boundaries=0 7 13 14
cat_threshold=135324064 109603987 2106372 8193 1644175360 2 4 16777742 286261256 268468256 269353216 17830400 2147483648 16777513
shrinkage=0.0653891


Tree=11
num_leaves=11
num_cat=3
split_feature=30 5 18 11 30 18 25 25 0 19
split_gain=28.8719 12.4166 7.44158 5.58073 5.06647 3.71925 1.64369 2.38747 1.14791 0.226604
threshold=0 1 23126.500000000004 2255.5000000000005 2 2335.7500000000005 52.425150000000009 60.872250000000008 3.2500000000000004 154.75000000000003
decision_type=5 5 2 2 5 2 2 2 2 2
left_child=3 2 5 8 -3 -2 -6 -8 9 -1
right_child=1 4 -4 -5 6 -7 7 -9 -10 -11
leaf_value=0.038882588759754956 0.017095883520534164 0.0063499017017854126 0.055600055270291319 0.075030221517352377 -0.044605943286096912 -0.0309260560170008 0.0042332529293273849 -0.036875656875751249 0.0050303641229511344 0.011972394663744619
leaf_count=265 239 227 137 129 1366 192 170 169 198 108
internal_value=0 -0.254793 0.20044 0.51502 -0.432388 -0.0438047 -0.537169 -0.229765 0.38117 0.495153
internal_count=3200 2500 568 700 1932 431 1705 339 571 373
cat_boundaries=0 6 7 12
cat_threshold=14 19005448 402653184 2164916480 16781312 2164260992 1078478498 2164260865 273678336 557056 268435464 1065472
shrinkage=0.0653891


Tree=12
num_leaves=10
num_cat=3
split_feature=30 22 30 5 11 16 17 28 20
split_gain=25.7125 10.2708 7.02966 6.81059 4.39819 3.13359 3.82443 2.2331 1.7304
threshold=0 61.750000000000007 1 2 121.75000000000001 11888.500000000002 4258.0000000000009 10891.000000000002 274.00000000000006
decision_type=5 2 5 5 2 2 2 2 2
left_child=5 2 -2 4 -4 6 8 -5 -1
right_child=1 -3 3 7 -6 -7 -8 -9 -10
leaf_value=0.02247392454217562 -0.041933481323304288 0.039250927347588456 -0 -0.011025066950969192 0.059113252644211842 0.065675458067788683 -0.011029653883159863 -0.045007059700612848 0.06154923283408098
leaf_count=548 920 120 174 788 126 97 78 260 89
internal_value=0 -0.262282 -0.37253 -0.0918297 0.298983 0.445702 0.373123 -0.274043 0.47958
internal_count=3200 2388 2268 1348 300 812 715 1048 637
cat_boundaries=0 6 12 13
cat_threshold=8913422 23068680 402915328 2164916480 16781312 2164260992 135324064 100820115 9216 8193 1108353040 8388610 541362
shrinkage=0.0653891


Tree=13
num_leaves=12
num_cat=4
split_feature=30 30 5 18 17 30 28 8 0 16 0
split_gain=24.6508 10.3388 10.6252 9.42322 5.40597 4.56201 4.70805 3.19328 2.13641 1.39742 0.129607
threshold=0 1 2 15357.250000000002 592.75000000000011 3 10891.000000000002 16.750000000000004 9.2500000000000018 172.75000000000003 9.2500000000000018
decision_type=5 5 5 2 2 5 2 2 2 2 2
left_child=10 7 3 4 -3 -4 -7 8 9 -2 -1
right_child=1 2 5 -5 -6 6 -8 -9 -10 -11 -12
leaf_value=-0.058940655101377554 0.021257020859482556 0.037272120824938457 -0.03476916842881108 0.078247257503469697 -0.029642262371036295 0.0083811945661875793 -0.035043294561068375 0.067869190345664507 0.04852768660835094 -0.0054084128000359451 -0.023386425644205736
leaf_count=614 248 142 407 112 153 776 243 105 135 72 193
internal_value=0 0.176074 -0.012811 0.406112 0.0161043 -0.213032 -0.0129863 0.490406 0.387546 0.186724 -0.636535
internal_count=3200 2393 1833 407 295 1426 1019 560 455 320 807
cat_boundaries=0 6 12 13 20
cat_threshold=135324032 100691091 9216 8193 1107304448 2 6 18874376 402653184 2164392192 16781312 16777344 4735650 590336 594432 262434 262658 20 8388608 4
shrinkage=0.0653891


Tree=14
num_leaves=11
num_cat=4
split_feature=30 31 2 30 28 11 20 26 25 0
split_gain=22.3064 9.64411 13.3879 8.8177 4.58081 4.00754 3.78071 2.44982 0.452582 0.151212
threshold=0 1 2 3 226.75000000000003 643.75000000000011 238.75000000000003 69.250000000000014 35.463500000000003 9.2500000000000018
decision_type=5 5 5 5 2 2 2 2 2 2
left_child=9 8 3 -3 6 -6 -4 -5 -2 -1
right_child=1 2 4 7 5 -7 -8 -9 -10 -11
leaf_value=-0.058264881001420389 -0.013141235134838189 0.020728567401191413 0.014570967622831792 -0.028442485695304203 -0.013031832705539655 0.042809852576960933 0.070237438432082897 0.00048530345294576382 -0.050571868551464567 -0.022481316375364845
leaf_count=612 125 442 147 742 141 96 307 252 143 193
internal_value=0 0.162275 0.257941 -0.00231784 0.594513 0.187971 0.885201 -0.257214 -0.375399 -0.620407
internal_count=3200 2395 2127 1436 691 237 454 994 268 805
cat_boundaries=0 6 11 13 19
cat_threshold=135324064 100691091 9216 8192 1107304448 2 2149714000 1207959684 8224 134217760 4 675981 16785426 16777743 6291464 268468224 268566536 1052672 128
shrinkage=0.0653891


Tree=15
num_leaves=11
num_cat=3
split_feature=30 2 14 30 10 28 3 8 10 8
split_gain=20.313 8.66663 10.5878 10.7593 3.668 3.2474 2.65798 1.54331 1.15866 0.357426
threshold=0 1 1.7500000000000002 2 67.750000000000014 10891.000000000002 172.93050000000002 6.2500000000000009 4.7500000000000009 37.750000000000007
decision_type=5 5 2 5 2 2 2 2 2 2
left_child=-1 7 3 8 6 -5 -4 -2 -3 -6
right_child=1 2 4 5 9 -7 -8 -9 -10 -11
leaf_value=-0.039517541955625977 -0.044553553474501045 0.024247159096963417 0 -0.0049519688451213802 0.079936423396501435 -0.045111821625975559 0.044088013087681129 -0.004682979919283064 0.063135199388245231 0.031463972038079435
leaf_count=805 188 352 165 866 117 234 113 171 90 99
internal_value=0 0.151872 0.252294 0.0659224 0.660891 -0.179678 0.323033 -0.308881 0.442833 0.989299
internal_count=3200 2395 2036 1542 494 1100 278 359 442 216
cat_boundaries=0 6 9 14
cat_threshold=135324064 67136659 9216 8193 1107304448 2 67784912 16785426 513 16777739 292028416 269254656 2147484416 1069056
shrinkage=0.0653891


Tree=16
num_leaves=12
num_cat=4
split_feature=30 2 30 10 0 5 17 20 28 29 0
split_gain=18.7753 11.5174 8.93004 4.39728 4.02121 3.465 2.68416 1.05295 0.821285 2.71567 0.43476
threshold=0 1 2 4.7500000000000009 7.7500000000000009 3 592.75000000000011 969.25000000000011 10891.000000000002 127.00000000000001 7.7500000000000009
decision_type=5 5 5 2 2 5 2 2 2 2 2
left_child=-1 2 3 10 5 7 -7 -3 9 -4 -2
right_child=1 4 8 -5 -6 6 -8 -9 -10 -11 -12
leaf_value=-0.036879661321492431 0.041337723226325389 -0.022828192245759719 -0.023545686432283743 -0.013145345790475584 0.066553748829540529 0.064205255346187831 0.019429768753134107 0.004597189643050773 -0.038846156484776254 0.012419201692185872 0.0087889919778047533
leaf_count=856 233 138 698 91 131 148 234 101 309 163 98
internal_value=0 0.149551 -0.0696801 0.263097 0.443858 0.343667 0.455345 -0.069827 -0.296632 -0.23256 0.529347
internal_count=3200 2344 1592 422 752 621 382 239 1170 861 331
cat_boundaries=0 6 9 15 16
cat_threshold=135324065 67136659 9216 8193 1107304448 2 68833501 16785426 513 16777230 273678344 268468224 268566536 17846272 128 16779560
shrinkage=0.0653891


Tree=17
num_leaves=10
num_cat=3
split_feature=30 31 11 30 28 8 0 0 0
split_gain=20.1332 7.92232 9.34863 8.74872 3.81815 2.71879 3.56945 0.79987 0.497647
threshold=0 1 16.750000000000004 2 10891.000000000002 114.25000000000001 7.7500000000000009 7.7500000000000009 9.2500000000000018
decision_type=5 5 2 5 2 2 2 2 2
left_child=8 -2 3 7 -5 6 -4 -3 -1
right_child=1 2 5 4 -6 -7 -8 -9 -10
leaf_value=-0.057726798227782705 -0.023397735160132251 -0.043151053862573806 0.028101188749114256 0.024238088421244402 -0.017071743913220909 0 0.075393396627912848 -0.0064625684358144636 -0.018508845003224649
leaf_count=663 250 303 460 807 193 93 104 134 193
internal_value=0 0.149351 0.232231 0.0243056 0.225659 0.545367 0.6296 -0.376287 -0.60321
internal_count=3200 2344 2094 1437 1000 657 564 437 856
cat_boundaries=0 7 12 18
cat_threshold=135324064 100691091 2106368 8193 1644175360 2 4 2149714000 1207959684 8224 32 4 2155872276 136974852 786722 514 20 8388608
shrinkage=0.0653891


Tree=18
num_leaves=11
num_cat=2
split_feature=30 16 30 20 16 16 11 25 9 16
split_gain=18.2005 7.27101 8.15294 5.86883 2.19509 1.67527 1.53518 3.04373 2.03037 0.9824
threshold=0 16250.500000000002 1 4157.5000000000009 2512.7500000000005 33568.000000000007 16.750000000000004 57.921400000000013 84.250000000000014 35.500000000000007
decision_type=5 2 5 2 2 2 2 2 2 2
left_child=-1 2 4 5 9 -3 7 -4 -8 -2
right_child=1 3 6 -5 -6 -7 8 -9 -10 -11
leaf_value=-0.03661706585544694 0.019643815580317962 0.085827446907185079 -0.027860089057046129 -0 -0.0018654005736168401 0.025241061213968213 0.017724474942901532 0.0095131454013830559 -0.01678304131015123 0.050062883180291812
leaf_count=908 538 58 771 120 86 83 197 155 190 94
internal_value=0 0.143758 0.0479176 0.615951 0.291041 0.947902 -0.165726 -0.295772 0 0.418293
internal_count=3200 2292 2031 261 718 141 1313 926 387 632
cat_boundaries=0 7 13
cat_threshold=135324065 100691091 2106372 8193 1107304448 2 4 17367566 286261256 402653440 917760 16781828 2164260864
shrinkage=0.0653891


Tree=19
num_leaves=9
num_cat=4
split_feature=30 31 2 30 11 8 10 0
split_gain=14.4765 7.87472 7.3112 5.61541 4.06322 3.89906 2.35768 0.0990953
threshold=0 1 2 3 16.750000000000004 83.500000000000014 4.7500000000000009 7.7500000000000009
decision_type=5 5 5 5 2 2 2 2
left_child=7 -2 3 -3 -4 -6 -5 -1
right_child=1 2 4 6 5 -7 -8 -9
leaf_value=-0.055098651796157007 -0.024011645169964197 -0.028542606220712925 0 0.013717222845590201 0.048291669985215675 0 -0.01878018874504607 -0.020001041510028256
leaf_count=578 283 274 226 990 421 90 122 216
internal_value=0 0.115136 0.20019 -0.0051338 0.423957 0.618733 0.114081 -0.549995
internal_count=3200 2406 2123 1386 737 511 1112 794
cat_boundaries=0 6 11 13 18
cat_threshold=135323904 67136915 9220 8193 1107304448 2 2149974096 1207959684 532512 134217760 4 675977 16785426 2155872256 17502724 524322 512 20
shrinkage=0.0653891


Tree=20
num_leaves=9
num_cat=3
split_feature=31 2 16 28 0 14 24 9
split_gain=9.35264 6.39653 6.20293 5.99717 4.44534 1.25536 1.18097 0.255811
threshold=0 1 17216.500000000004 16.750000000000004 16.750000000000004 4.7500000000000009 2 58.750000000000007
decision_type=5 5 2 2 2 2 5 2
left_child=3 7 4 5 6 -1 -3 -2
right_child=1 2 -4 -5 -6 -7 -8 -9
leaf_value=0.020835922913032941 -0.057971799211072712 0.004104175749776966 0.037374275887476369 -0.0034882148755114068 0.028448925687090409 0.063619520694236043 -0.013099276305745606 -0.025259532976394741
leaf_count=160 222 213 149 174 172 140 1708 262
internal_value=0 -0.122292 -0.00781997 0.371207 -0.0937841 0.727369 -0.167377 -0.484418
internal_count=3200 2726 2242 474 2093 300 1921 484
cat_boundaries=0 4 7 9
cat_threshold=58835204 276825184 2149585408 16 1141560536 16785410 1 24581 16417
shrinkage=0.0653891


Tree=21
num_leaves=10
num_cat=3
split_feature=30 31 11 30 28 10 25 10 9
split_gain=16.3565 5.94547 6.51672 6.99622 3.74717 1.79927 1.40634 1.24178 0.533753
threshold=0 1 16.750000000000004 2 10891.000000000002 469.00000000000006 35.463500000000003 171.25000000000003 1.7500000000000002
decision_type=5 5 2 5 2 2 2 2 2
left_child=8 6 3 -3 -5 7 -2 -4 -1
right_child=1 2 5 4 -6 -7 -8 -9 -10
leaf_value=-0.025807764696696083 -0.0037646887184412153 -0.028837515877688465 0.026065046213158756 0.019647196500083144 -0.01878992192934208 0 -0.048012456671230233 0.060373156881544356 -0.057561922324810749
leaf_count=518 136 295 427 845 241 88 143 99 408
internal_value=0 0.132613 0.207984 0.026277 0.170125 0.467805 -0.292853 0.534985 -0.536074
internal_count=3200 2274 1995 1381 1086 614 279 526 926
cat_boundaries=0 7 12 18
cat_threshold=135324065 75525523 2106368 8192 1644191744 536870914 4 2149714000 1209008260 532480 134217760 4 2155872256 134877700 786466 514 20 8388608
shrinkage=0.0653891


Tree=22
num_leaves=12
num_cat=4
split_feature=30 16 30 30 10 2 19 15 16 16 15
split_gain=12.36 4.80474 4.07013 4.02199 4.72694 2.2136 4.17771 1.96856 1.87965 2.72751 0.269482
threshold=0 16250.500000000002 1 2 117.25000000000001 3 62.500000000000007 13413.250000000002 2512.7500000000005 35.500000000000007 55.750000000000007
decision_type=5 2 5 5 2 5 2 2 2 2 2
left_child=1 2 10 -2 5 -5 -7 -6 9 -4 -1
right_child=3 -3 8 4 7 6 -8 -9 -10 -11 -12
leaf_value=-0.026742640490415675 -0.034037425585279252 0.054167314466914272 0.015469865894995976 0.010211018829853705 0 -0.0041609167565806173 -0.042135038859049491 0.043520911721242166 -0.0020489983623185044 0.059059378898977007 -0.0010477009018386306
leaf_count=173 793 92 443 139 122 778 319 93 69 75 104
internal_value=0 0.251698 0.159874 -0.226526 -0.0712291 -0.208145 -0.259623 0.361696 0.271196 0.396161 -0.188254
internal_count=3200 956 864 2244 1451 1236 1097 215 587 518 277
cat_boundaries=0 6 12 19 21
cat_threshold=8912910 20054024 403472672 2165178626 16781824 2164260992 8912896 2228224 786432 2147483650 0 128 135324064 100689043 2106372 1 33554432 2 4 17597568 32
shrinkage=0.0653891


Tree=23
num_leaves=8
num_cat=5
split_feature=30 30 17 2 30 5 13
split_gain=11.5478 5.69929 8.25966 5.15507 3.89572 3.48463 1.65518
threshold=0 1 52549.000000000007 2 3 4 3.2500000000000004
decision_type=5 5 2 5 5 5 2
left_child=-1 5 3 -3 -5 -2 -7
right_child=1 2 -4 4 -6 6 -8
leaf_value=-0.033728693893762526 0.012627922921430128 -0.018659373468760648 0.065267029802707474 -0.010475881014607101 0.019162518275634359 -0.015499815663156105 -0.05603202172313352
leaf_count=798 117 228 87 255 1123 472 120
internal_value=0 0.0928188 0.196677 0.120339 0.202868 -0.193208 -0.346454
internal_count=3200 2402 1693 1606 1378 709 592
cat_boundaries=0 6 13 15 21 22
cat_threshold=135324064 75525267 9220 1 570425344 536870914 2164326929 440996612 2228226 270872 1141923856 8388608 4 67687060 8194 8388608 2228224 524576 2415919106 0 128 526498
shrinkage=0.0653891


Tree=24
num_leaves=11
num_cat=4
split_feature=30 31 5 30 11 14 9 17 8 0
split_gain=13.6604 5.16314 5.10715 5.97291 3.9199 3.2303 4.58277 4.26451 1.38246 0.0949252
threshold=0 1 2 3 9016.0000000000018 92.500000000000014 87.250000000000014 466.00000000000006 51.250000000000007 6.2500000000000009
decision_type=5 5 5 5 2 2 2 2 2 2
left_child=9 8 3 -3 -5 7 -7 -4 -2 -1
right_child=1 2 5 4 -6 6 -8 -9 -10 -11
leaf_value=-0.054668849502774959 -0.039254302845051638 -0.027362835922194524 0.037140048929471751 0.0036375454014360787 0.049769562516773752 0.086720930788136655 0.019244994093496278 -0.0070915769075630616 -0 -0.019795606146839565
leaf_count=640 208 298 185 1079 70 71 111 188 102 248
internal_value=0 0.10437 0.176788 0.00794684 0.134964 0.394732 0.755126 0.206396 -0.268859 -0.543393
internal_count=3200 2312 2002 1447 1149 555 182 373 310 888
cat_boundaries=0 7 12 13 19
cat_threshold=135324064 109079955 2106368 8193 1644175360 536870914 4 2150762576 1207959684 532480 134217760 4 7437 2156396544 201216 262434 0 4 8388608
shrinkage=0.0653891


Tree=25
num_leaves=12
num_cat=3
split_feature=30 5 17 19 31 19 25 17 20 19 0
split_gain=9.68762 4.45607 3.1584 2.18974 2.11741 4.0294 4.15826 2.0157 4.21362 1.82643 0.976573
threshold=0 1 43464.250000000007 43082.500000000007 2 1.7500000000000002 47.979700000000008 4258.0000000000009 361.75000000000006 184964.50000000003 1.7500000000000002
decision_type=5 5 2 2 5 2 2 2 2 2 2
left_child=2 3 7 -2 -3 6 -6 8 10 -7 -1
right_child=1 4 -4 -5 5 9 -8 -9 -10 -11 -12
leaf_value=0.015310346991606282 -0.0027352232141123057 0.0068602807384279939 0.054058687182557297 0.03439964914868119 -0.02498546589191495 -0.052000549749590251 0.012215563592759394 -0.0064667901372117932 0.057830307614356778 -0.011171609666402309 -0.0016894954178466085
leaf_count=338 167 171 51 120 839 543 389 130 77 151 224
internal_value=0 -0.191844 0.236228 0.164029 -0.284983 -0.342705 -0.165227 0.172641 0.267127 -0.636516 0.116744
internal_count=3200 2380 820 287 2093 1922 1228 769 639 694 562
cat_boundaries=0 6 7 11
cat_threshold=8912902 19005448 402915584 2164916480 16781824 2164260992 524934 34095168 8388672 2149584896 16
shrinkage=0.0653891


Tree=26
num_leaves=10
num_cat=4
split_feature=30 31 30 16 15 28 16 18 30
split_gain=9.85749 4.9597 5.30377 6.76039 2.21794 1.62857 1.13166 1.03747 1.48795
threshold=0 1 2 16250.500000000002 15843.250000000002 10891.000000000002 38148.250000000007 2347.0000000000005 3
decision_type=5 5 5 2 2 2 2 2 5
left_child=-1 4 7 5 -2 -4 -5 8 -3
right_child=1 2 3 6 -6 -7 -8 -9 -10
leaf_value=-0.032082072432215052 -0.049766657287392338 0.0080843760251027279 0.013812040050349091 0.073532465440393685 -0 -0.0085178109108030517 0.02167239396541688 -0.027210004072238773 -0.014739243403351235
leaf_count=803 171 284 1090 56 116 234 78 138 230
internal_value=0 0.0819482 0.150356 0.256708 -0.293476 0.156534 0.829024 -0.141234 -0.024393
internal_count=3200 2397 2110 1458 287 1324 134 652 514
cat_boundaries=0 6 11 18 23
cat_threshold=135323904 109079955 140292 0 570433536 536870914 2151024656 1209008260 532480 134217760 4 2148074161 407437828 524290 2415927833 1074806784 8388608 4 524801 524804 524288 2415919104 1064960
shrinkage=0.0653891


Tree=27
num_leaves=10
num_cat=3
split_feature=30 2 11 30 0 10 20 28 16
split_gain=9.52413 4.64122 3.97658 6.89276 3.20189 2.75711 2.48096 2.4693 1.03221
threshold=0 1 2255.5000000000005 2 4.7500000000000009 117.25000000000001 411.25000000000006 10891.000000000002 2047.0000000000002
decision_type=5 5 2 5 2 2 2 2 2
left_child=-1 8 3 6 5 -4 -3 -5 -2
right_child=1 2 4 7 -6 -7 -8 -9 -10
leaf_value=-0.031795631821934421 -0.044207652844346981 0.015423535124720606 -0.0044188708522063429 -0.0020330187458523262 0.05899526209765233 0.036698341637653592 0.059021176841673809 -0.035140926037983994 -0.0035819430517341965
leaf_count=812 148 389 141 1102 77 73 88 239 131
internal_value=0 0.0782032 0.143028 0.0565404 0.453435 0.177243 0.365356 -0.10178 -0.292547
internal_count=3200 2388 2109 1818 291 214 477 1341 279
cat_boundaries=0 6 9 14
cat_threshold=135323936 109079955 2237444 0 570425344 536870914 67649684 16785426 512 2164785673 290456064 268730400 2147746560 16781312
shrinkage=0.0653891


Tree=28
num_leaves=8
num_cat=4
split_feature=30 31 2 30 10 27 28
split_gain=9.74771 5.66108 4.76503 4.32169 1.95248 3.17816 1.3434
threshold=0 1 2 3 369.25000000000006 24.250000000000004 10891.000000000002
decision_type=5 5 5 5 2 2 2
left_child=-1 -2 3 -3 5 -4 -5
right_child=1 2 4 6 -6 -7 -8
leaf_value=-0.032136401782325352 -0.022022052840269455 -0.025591117491726802 0.035220659083102235 0.010578694687412035 -0 -0 -0.013880484493701438
leaf_count=793 288 299 498 926 76 136 184
internal_value=0 0.0786967 0.149397 -0.0116471 0.327342 0.436475 0.0904907
internal_count=3200 2407 2119 1409 710 634 1110
cat_boundaries=0 7 12 15 21
cat_threshold=135315841 67136659 2237444 8193 1644175360 536870914 4 2149976144 1207959940 8224 134217760 4 20621 16785426 64 2156396544 725508 786434 512 4 8388608
shrinkage=0.0653891


Tree=29
num_leaves=9
num_cat=3
split_feature=30 2 11 30 32 20 28 16
split_gain=9.64164 3.72886 3.5726 4.88014 3.58182 2.39168 2.36789 0.485539
threshold=0 1 2255.5000000000005 2 85.750000000000014 101.50000000000001 10891.000000000002 2047.0000000000002
decision_type=5 5 2 5 2 2 2 2
left_child=-1 7 3 5 -4 -3 -5 -2
right_child=1 2 4 6 -6 -7 -8 -9
leaf_value=-0.031532978829385147 -0.032826870166679588 0.009603387440821079 0.046605424600116865 -0.00071845788139036947 0.0004913114588373117 0.049778766671937105 -0.033565728387125952 -0.0023287012375204853
leaf_count=893 188 337 164 1020 119 115 237 127
internal_value=0 0.0760896 0.137049 0.0523036 0.429761 0.315875 -0.0820458 -0.243278
internal_count=3200 2307 1992 1709 283 452 1257 315
cat_boundaries=0 7 10 15
cat_threshold=135324064 109079955 2237444 8193 33579008 2 4 67649748 16785410 512 2164785673 290456064 268730400 2147746560 4096
shrinkage=0.0653891


Tree=30
num_leaves=10
num_cat=5
split_feature=30 31 5 30 0 1 32 25 28
split_gain=7.45571 5.10927 4.5555 7.59538 3.26639 2.10525 2.66289 1.85391 1.3446
threshold=0 1 2 3 7.7500000000000009 4 117.25000000000001 35.463500000000003 6367.0000000000009
decision_type=5 5 5 5 2 1 2 2 2
left_child=-1 7 3 4 -3 6 -4 -2 -5
right_child=1 2 5 8 -6 -7 -8 -9 -10
leaf_value=-0.031478213005859568 -0.0045111535347457906 -0.045275770717278799 0.025799970895495732 0.016928774759853868 0 0.057369681144990706 -0.0078434830529234088 -0.046614207374652258 -0.0058025862587253651
leaf_count=692 189 378 381 860 154 74 84 196 192
internal_value=0 0.0540056 0.129136 -0.00405096 -0.357239 0.333844 0.269837 -0.291691 0.173203
internal_count=3200 2508 2123 1584 532 539 465 385 1052
cat_boundaries=0 6 11 12 18 19
cat_threshold=135315744 75523475 2106372 1 1644167168 536870914 2150762576 1209010564 532640 134217760 4 40205 2156397060 134943232 786722 2147484162 20 8388608 1
shrinkage=0.0653891


Tree=31
num_leaves=10
num_cat=4
split_feature=30 31 2 0 30 27 8 10 4
split_gain=7.45517 4.7861 4.40899 3.90594 5.28651 3.07441 2.70667 1.53881 0.392843
threshold=0 1 2 16.750000000000004 3 24.250000000000004 51.250000000000007 60.250000000000007 1.9836450000000003
decision_type=5 5 5 2 5 2 2 2 2
left_child=8 6 3 4 -3 7 -2 -4 -1
right_child=1 2 5 -5 -6 -7 -8 -9 -10
leaf_value=-0.01796709143482136 -0.051579316206201146 -0.030675157877099901 0.014023544874603349 0.036302950175829678 0.0033905014134539258 -0.0029782512022760062 -0 0.040163056824860703 -0.052937985510938083
leaf_count=398 192 346 314 118 936 163 102 236 395
internal_value=0 0.0591614 0.126451 -0.0317343 -0.122462 0.290871 -0.310855 0.428432 -0.44548
internal_count=3200 2407 2113 1400 1282 713 294 550 793
cat_boundaries=0 7 12 14 19
cat_threshold=135315841 100691347 9220 8192 1107320832 536870914 4 2151024656 1207959940 532512 134217760 4 1069249 16785426 2155880452 17502724 524322 512 4
shrinkage=0.0653891


Tree=32
num_leaves=15
num_cat=5
split_feature=30 5 3 25 19 29 19 15 20 16 30 0 30 23
split_gain=6.50339 4.70052 4.20477 5.01842 3.43261 3.15298 2.5077 1.87082 3.8045 4.07845 1.90303 1.70346 1.59572 0.0352988
threshold=0 1 156.83150000000003 47.979700000000008 230348.00000000003 71.500000000000014 43082.500000000007 800.50000000000011 832.75000000000011 17216.500000000004 2 6.2500000000000009 3 4
decision_type=5 5 2 2 2 2 2 2 2 2 5 2 5 1
left_child=7 6 3 12 -4 -5 -2 10 -9 -10 -1 13 -3 -12
right_child=1 2 4 5 -6 -7 -8 8 9 -11 11 -13 -14 -15
leaf_value=-0.011361002448729566 -0.0019307388185215637 0.004788413159182354 -0.046393037782359904 -0.0036885250280807888 0 0.041466537706886811 0.036196800794936507 0.057454695908776235 -0.019808898276238437 0.033603073895563537 0.0082932486330623729 -0.0051689441003124909 -0.024545435157971113 0.030498891633944324
leaf_count=167 197 180 619 228 113 208 121 93 81 69 144 93 758 129
internal_value=0 -0.164494 -0.26401 -0.100173 -0.55234 0.261557 0.176451 0.188496 0.402735 0.0940009 0.0566641 0.174481 -0.326068 0.365466
internal_count=3200 2424 2106 1374 732 436 318 776 243 150 533 366 938 273
cat_boundaries=0 6 7 9 15 16
cat_threshold=8912902 19005448 403177728 17432832 16781824 2164260864 1078461062 4 131072 17825792 4202500 32 8 1048576 128 1
shrinkage=0.0653891


Tree=33
num_leaves=13
num_cat=4
split_feature=31 30 12 11 10 7 15 30 27 25 3 10
split_gain=5.78402 6.78194 3.66832 2.38409 2.09793 1.6872 2.46646 1.98718 1.61059 1.37956 1.34215 1.20699
threshold=0 1 4.7500000000000009 16.750000000000004 6.2500000000000009 2 1719.2500000000002 3 1.7500000000000002 53.336500000000008 171.64800000000005 108.25000000000001
decision_type=5 5 2 2 2 5 2 5 2 2 2 2
left_child=3 5 4 -1 9 -2 7 -7 -5 -3 -8 -6
right_child=1 2 -4 8 11 6 10 -9 -10 -11 -12 -13
leaf_value=-0 -0.0095581009423713614 -0.019358170421973363 0.015482241922630471 0.055894099052365032 -0.046558124172049846 -0.01088748497412893 0.0076294540604626973 0.012202340196294591 0.0086302778015184961 0.0022527950296725848 0.050683701070473416 -0.012061138516491788
leaf_count=141 102 969 151 110 483 215 82 312 95 262 75 203
internal_value=0 -0.100219 -0.270135 0.320079 -0.367509 0.114235 0.183111 0.0505947 0.601395 -0.192575 0.499554 -0.560643
internal_count=3200 2854 2068 346 1917 786 684 527 205 1231 157 686
cat_boundaries=0 3 9 10 15
cat_threshold=58835200 276825152 2149584896 2148073487 289931264 268730368 285606658 16797716 2147483776 22 2148007940 17301504 262144 514 16
shrinkage=0.0653891


Tree=34
num_leaves=10
num_cat=4
split_feature=30 2 11 30 3 5 32 9 3
split_gain=6.02532 3.49555 2.91147 5.77208 4.0175 3.05639 2.48969 0.730988 0.178069
threshold=0 1 2255.5000000000005 2 132.36350000000002 3 85.750000000000014 121.00000000000001 171.12500000000003
decision_type=5 5 2 5 2 5 2 2 2
left_child=-1 8 3 4 -3 -5 7 -4 -2
right_child=1 2 6 5 -6 -7 -8 -9 -10
leaf_value=-0.027461580449365634 -0.0075876653477036206 0.0051912461854508093 0.055531876984708947 0.0023500078842238511 0.060074922724797732 -0.019726377198799647 0 0.01541027910684092 -0.037686473679715234
leaf_count=804 131 244 76 1068 112 408 115 95 147
internal_value=0 0.0490994 0.105281 0.0297414 0.363938 -0.089205 0.364546 0.591103 -0.274541
internal_count=3200 2396 2118 1832 356 1476 286 171 278
cat_boundaries=0 6 9 14 15
cat_threshold=135323936 109077651 2237444 8192 570425344 536870914 1141391508 16785410 512 2164785664 4719104 268697632 2147484416 16781312 4218881
shrinkage=0.0653891


Tree=35
num_leaves=9
num_cat=4
split_feature=30 31 30 16 30 8 3 16
split_gain=5.46489 3.94713 4.18122 6.07706 2.68891 2.58147 2.0608 1.86892
threshold=0 1 2 17216.500000000004 3 51.250000000000007 156.75150000000005 33568.000000000007
decision_type=5 5 5 2 5 2 2 2
left_child=-1 5 6 4 -4 -2 -3 -5
right_child=1 2 3 7 -6 -7 -8 -9
leaf_value=-0.02834798022636276 -0.054292211128040266 -0 -0.013064648754457541 0.067863812088324746 0.010202662465187404 -0 -0.032612470769957179 0.016496424744467539
leaf_count=691 179 421 257 49 1194 104 213 92
internal_value=0 0.0404482 0.0990825 0.184375 0.0896707 -0.304874 -0.170008 0.68819
internal_count=3200 2509 2226 1592 1451 283 634 141
cat_boundaries=0 6 11 18 24
cat_threshold=135315872 67136659 2106372 1 570433536 2 2150762512 1207961988 524320 134217760 4 2148016657 444662276 0 2415927832 1074806784 545259520 4 8388608 6426624 786432 2 16 128
shrinkage=0.0653891


Tree=36
num_leaves=10
num_cat=5
split_feature=30 31 30 16 30 8 3 16 23
split_gain=5.41522 3.60942 3.7491 5.17252 2.47673 2.18994 2.02222 1.1739 0.071124
threshold=0 1 2 17216.500000000004 3 51.250000000000007 156.75150000000005 33568.000000000007 4
decision_type=5 5 5 2 5 2 2 2 1
left_child=-1 5 6 4 -4 -2 8 -5 -3
right_child=1 2 3 7 -6 -7 -8 -9 -10
leaf_value=-0.028313376164400491 -0.049308028249320783 -0.0036340760146827212 -0.012419615094583822 0.061986089184094345 0.010025115900628299 -0 -0.03163956980223348 0.016831337850761664 0.0036008365911819229
leaf_count=681 197 216 254 47 1167 103 217 89 229
internal_value=0 0.0392177 0.0960864 0.177885 0.0899085 -0.287012 -0.156629 0.647151 0
internal_count=3200 2519 2219 1557 1421 300 662 136 445
cat_boundaries=0 6 11 18 24 25
cat_threshold=135315744 201354643 2237444 0 570425344 536870914 2150762512 1207961988 532512 134217760 4 2148016785 310444548 32 2415927817 1074814976 8388608 4 8388608 6426624 786432 2 16 128 2
shrinkage=0.0653891


Tree=37
num_leaves=9
num_cat=5
split_feature=30 31 30 16 30 3 22 23
split_gain=5.3568 3.59877 3.41306 4.64608 2.69825 2.08874 1.35056 0.000257462
threshold=0 1 2 17216.500000000004 3 156.75150000000005 1.7500000000000002 4
decision_type=5 5 5 2 5 2 2 1
left_child=-1 -2 5 4 -4 7 -5 -3
right_child=1 2 3 6 -6 -7 -8 -9
leaf_value=-0.028231981202348731 -0.019228037861803705 -0 -0.0068393792107833999 0.0086708685510042804 0.012510847293077981 -0.032928534028649273 0.053763023072963066 0.0003060114498043437
leaf_count=698 289 175 519 69 943 210 71 226
internal_value=0 0.0381352 0.0939803 0.168207 0.0849154 -0.158327 0.604011 0
internal_count=3200 2502 2213 1602 1462 611 140 401
cat_boundaries=0 6 11 18 24 25
cat_threshold=135315584 100691347 2229252 1 637542400 536870914 2151024656 1207961988 8224 134217760 4 2148016945 411107844 8192 2147491848 1074806784 8388608 4 8388620 23728128 819234 514 16 128 2
shrinkage=0.0653891


Tree=38
num_leaves=10
num_cat=4
split_feature=30 31 5 30 15 13 10 8 6
split_gain=5.28873 3.4313 3.13853 7.26692 5.32575 3.58472 2.72295 2.29677 2.03417
threshold=0 1 2 3 9237.2500000000018 7.7500000000000009 67.750000000000014 51.250000000000007 30.250000000000004
decision_type=5 5 5 5 2 2 2 2 2
left_child=-1 7 4 -4 8 -5 -6 -2 -3
right_child=1 2 3 5 6 -7 -8 -9 -10
leaf_value=-0.028138255784399303 -0.049083014694727749 0.015947502651123914 -0.028864249779174882 0.01451551451114845 0.012525964497242983 -0.020853413689925573 0.073003458163300297 -0 -0.015285371422607682
leaf_count=716 208 220 436 1095 83 128 57 102 155
internal_value=0 0.0368609 0.0924869 -0.00662843 0.270478 0.119126 0.737261 -0.281577 0.0521412
internal_count=3200 2484 2174 1659 515 1223 140 310 375
cat_boundaries=0 6 11 12 19
cat_threshold=135315616 209724819 2237444 8193 570433536 536870914 2151024656 1207961988 532512 134217760 4 17326770 2156396544 17519104 786722 514 1073741844 8388608 4
shrinkage=0.0653891


Tree=39
num_leaves=12
num_cat=4
split_feature=31 30 28 16 20 12 19 10 30 30 8
split_gain=4.7804 5.29272 2.34875 2.3103 3.39103 1.83379 2.16663 2.54775 1.52484 1.08626 0.595898
threshold=0 1 16.750000000000004 17216.500000000004 136.00000000000003 4.7500000000000009 1.7500000000000002 203.50000000000003 2 3 1.7500000000000002
decision_type=5 5 2 2 2 2 2 2 5 5 2
left_child=2 3 10 4 8 6 9 -8 -2 -3 -1
right_child=1 5 -4 -5 -6 -7 7 -9 -10 -11 -12
leaf_value=0.01069691548906734 -0.006864482046136911 0.0041172068274674088 -0.00033818484048298247 0.036880804406265268 -0.024876950266261875 0.0059854878172816888 -0.041406619566809438 -0 0.018278071086972103 -0.013298071716243223 0.042516940285382533
leaf_count=139 172 222 165 72 162 143 535 149 302 997 142
internal_value=0 -0.104357 0.255581 0.125215 0.0259477 -0.234217 -0.302101 -0.484291 0.209 -0.139449 0.484509
internal_count=3200 2754 446 708 636 2046 1903 684 474 1219 281
cat_boundaries=0 3 9 15 19
cat_threshold=59359488 813700160 2216694280 2173181965 6815744 268730368 285475074 16797716 2147483776 2147491840 2621440 262144 268435714 16 128 1049090 8192 0 131080
shrinkage=0.0653891


Tree=40
num_leaves=11
num_cat=3
split_feature=30 31 30 4 3 0 27 8 25 11
split_gain=6.16707 2.72038 2.86013 5.28673 4.27031 2.80535 2.36344 1.6106 1.15401 0.155948
threshold=0 1 2 28.362050000000004 159.22650000000002 6.2500000000000009 30.250000000000004 51.250000000000007 48.777700000000003 363.25000000000006
decision_type=5 5 5 2 2 2 2 2 2 2
left_child=-1 7 4 8 5 -3 -5 -2 -4 -6
right_child=1 2 3 6 9 -7 -8 -9 -10 -11
leaf_value=-0.030343124920341025 -0.040605126190357811 -0.0048891433032885118 -0.0096489275397708008 0.033401924201377754 -0.01093440176953752 0.031892101483658696 -0 -0 0.010493589661143114 -0.039007244087917572
leaf_count=719 199 381 548 422 147 194 130 102 240 118
internal_value=0 0.0416516 0.0916019 0.185671 -0.0782222 0.110472 0.410918 -0.239192 -0.0238112 -0.444002
internal_count=3200 2481 2180 1340 840 575 552 301 788 265
cat_boundaries=0 6 11 18
cat_threshold=134267296 243297683 2229252 8193 1711284224 536870914 2150762516 1209010564 524320 134217760 4 2165907989 272695812 40960 2415919640 1064960 8388608 4
shrinkage=0.0653891


Tree=41
num_leaves=10
num_cat=3
split_feature=30 2 11 30 0 16 28 0 11
split_gain=5.5921 2.54859 2.62757 3.96508 3.14642 2.26507 1.877 0.760293 0.720622
threshold=0 1 49.750000000000007 2 7.7500000000000009 2512.7500000000005 10891.000000000002 7.7500000000000009 193.75000000000003
decision_type=5 5 2 5 2 2 2 2 2
left_child=-1 8 3 7 5 -4 -5 -3 -2
right_child=1 2 4 6 -6 -7 -8 -9 -10
leaf_value=-0.028716958011650816 -0.0032761498116235135 -0.038188071846508256 0.024325615098894585 0.012486135897488849 0.041623637611310237 -0.0034526161574031165 -0.016239224855814489 -0.0037760051285688082 -0.035933593883020989
leaf_count=778 163 280 210 909 124 253 196 138 149
internal_value=0 0.0379735 0.0883481 -0.00453511 0.251246 0.094546 0.106798 -0.301338 -0.224267
internal_count=3200 2422 2110 1523 587 463 1105 418 312
cat_boundaries=0 7 10 16
cat_threshold=135315872 234908819 2237444 8193 1711276032 536870914 4 604520656 16785426 512 2155872260 659972 786722 514 20 8388736
shrinkage=0.0653891


Tree=42
num_leaves=12
num_cat=2
split_feature=31 30 12 19 16 13 0 28 25 11 3
split_gain=4.00953 5.27691 2.27544 2.38988 1.77608 2.06999 2.07747 1.5783 0.731074 0.220678 0.174054
threshold=0 1 4.7500000000000009 1.7500000000000002 17216.500000000004 6.2500000000000009 16.750000000000004 16.750000000000004 53.336500000000008 3205.7500000000005 172.19400000000002
decision_type=5 5 2 2 2 2 2 2 2 2 2
left_child=7 4 3 8 5 6 -2 10 -3 -5 -1
right_child=1 2 -4 9 -6 -7 -8 -9 -10 -11 -12
leaf_value=0.039320022302130886 0 -0.014482200201984078 0.0084206327607175401 -0.042698281702980033 0.02883042208874052 -0.024266820779787 0.032526829693150107 -0 0.0015762568452249443 -0.016188888651679438 0.010437549193542863
leaf_count=139 586 888 133 482 85 121 119 131 226 207 83
internal_value=0 -0.0934648 -0.25447 -0.341479 0.0866057 0.0161663 0.103972 0.250893 -0.143436 -0.540644 0.469159
internal_count=3200 2847 1936 1803 911 826 705 353 1114 689 222
cat_boundaries=0 3 9
cat_threshold=58769664 813696064 2216694272 2156470287 292028416 268730368 17040130 17846804 2147483776
shrinkage=0.0653891


Tree=43
num_leaves=11
num_cat=5
split_feature=30 2 30 0 2 24 3 9 9 3
split_gain=4.16194 2.69947 4.8599 3.48291 2.22478 1.15425 0.920117 0.618095 0.410126 0.20498
threshold=0 1 2 9.2500000000000018 3 4 172.10450000000003 1.7500000000000002 27.250000000000004 157.18600000000004
decision_type=5 5 5 2 5 5 2 2 2 2
left_child=7 6 3 9 -4 -6 8 -1 -2 -3
right_child=1 2 4 -5 5 -7 -8 -9 -10 -11
leaf_value=-0.012568781167902597 -0 -0.020017864069740515 -0.014198983127563574 0.0015736241391413499 -0.0057981668898963315 0.013310199412580518 0.035257604699300518 -0.048584018486905543 0.015649902964654957 -0.047493969025532524
leaf_count=426 118 404 138 219 129 1023 128 354 83 178
internal_value=0 0.0344068 -0.0267617 -0.269057 0.0957885 0.156188 0.255209 -0.356792 0.109218 -0.519554
internal_count=3200 2420 2091 801 1290 1152 329 780 201 582
cat_boundaries=0 6 9 16 18 19
cat_threshold=134275329 243289491 2106372 8192 637558784 536870914 17147904 2428502116 2 9962164 17502732 655618 539 1073741824 0 4 20612 16785410 2097253
shrinkage=0.0653891


Tree=44
num_leaves=10
num_cat=4
split_feature=30 31 5 30 15 9 15 10 26
split_gain=4.93573 2.35566 2.5119 6.77073 2.84937 2.28422 1.54526 1.44077 1.27191
threshold=0 1 2 3 13413.250000000002 112.75000000000001 4.7500000000000009 229.75000000000003 304.75000000000006
decision_type=5 5 5 5 2 2 2 2 2
left_child=-1 7 4 -4 6 -6 -3 -2 -5
right_child=1 2 3 8 5 -7 -8 -9 -10
leaf_value=-0.028876048251767941 -0.038557146920342011 0.023873437590079542 -0.027078003490880024 0.0045816844337279346 0.062378611165484606 0.0067752261308151249 -0.0031661120359932613 -0 0.030409445107528865
leaf_count=661 218 117 459 1165 81 51 221 123 104
internal_value=0 0.0311789 0.0780213 -0.00719881 0.240953 0.606578 0.0781743 -0.228785 0.1157
internal_count=3200 2539 2198 1728 470 132 338 341 1269
cat_boundaries=0 6 11 12 19
cat_threshold=134267296 243289491 2106372 8193 1711284224 536870914 2150762576 1209010564 32 134217760 4 1074291378 2156396560 19599872 786722 2147484162 20 8388608 4
shrinkage=0.0653891


Tree=45
num_leaves=11
num_cat=4
split_feature=30 2 16 30 21 32 30 20 13 10
split_gain=3.78415 4.60855 3.61095 3.20912 2.84303 2.25335 2.39014 2.62216 1.59276 0.208291
threshold=0 1 16250.500000000002 2 208.00000000000003 37.750000000000007 3 13.750000000000002 6.2500000000000009 100.75000000000001
decision_type=5 5 2 5 2 2 5 2 2 2
left_child=2 9 5 -3 8 6 -1 -8 -5 -2
right_child=1 3 -4 4 -6 -7 7 -9 -10 -11
leaf_value=-0.0082850400073121548 -0.053069817585299855 -0.022130308406887435 0.040068063393939923 0.0047440712304234536 0.034922655392514573 -0.023494891265798217 0.0023468026473813992 0.043561974750113523 -0.020915337642783319 -0.021504883191058911
leaf_count=268 266 459 85 1171 100 82 232 118 153 266
internal_value=0 -0.129911 0.1435 -0.00171991 0.0742436 0.0337585 0.136837 0.259137 0 -0.437397
internal_count=3200 2415 785 1883 1424 700 618 350 1324 532
cat_boundaries=0 6 9 15 19
cat_threshold=2156396548 19009544 403177730 2164916482 16781824 2164260864 1677843140 285220866 1 134267168 213978770 270336 1 1107304448 536870914 2155872256 2232328 2 2147614722
shrinkage=0.0653891


Tree=46
num_leaves=12
num_cat=1
split_feature=2 11 0 28 25 16 9 10 17 0 10
split_gain=2.70635 2.18185 3.02777 2.01777 1.52006 1.49153 2.09479 1.57058 1.43883 0.959028 0.566462
threshold=0 49.750000000000007 7.7500000000000009 10891.000000000002 53.336500000000008 2512.7500000000005 42.250000000000007 203.50000000000003 37027.000000000007 16.750000000000004 100.75000000000001
decision_type=5 2 2 2 2 2 2 2 2 2 2
left_child=8 3 5 4 9 6 -3 -7 10 -2 -1
right_child=1 2 -4 -5 -6 7 -8 -9 -10 -11 -12
leaf_value=-0.048703737901736023 -0.006873501557262485 0.038739550125894279 0.034943792148700428 -0.026544308524182634 0.01971511141467187 -0.018457057310555202 -0 0.0093449310115503066 -0 0.014121039255163805 -0.010092018380804367
leaf_count=205 1306 104 153 375 222 219 143 106 92 110 165
internal_value=0 0.0257026 0.17396 -0.0579278 -0 0.0239084 0.257252 -0.0920978 -0.272421 -0.0564968 -0.53172
internal_count=3200 2738 725 2013 1638 572 247 325 462 1416 370
cat_boundaries=0 2
cat_threshold=1681932500 16785546
shrinkage=0.0653891


Tree=47
num_leaves=9
num_cat=3
split_feature=30 31 26 0 26 30 6 4
split_gain=3.37969 4.91707 3.63098 3.35357 2.26807 2.75951 1.74929 2.24696
threshold=0 1 4.0000000000000009 18.250000000000004 241.75000000000003 2 34.750000000000007 35.263700000000007
decision_type=5 5 2 2 2 5 2 2
left_child=6 2 -2 4 5 -3 7 -1
right_child=1 3 -4 -5 -6 -7 -8 -9
leaf_value=0.0026483952910313657 0.045334101925399439 0 -0.0025440189644517154 0.020061046370194811 0.012454969104128423 -0.023739795902207934 -0.0029788678177023555 0.043601899566424206
leaf_count=216 159 635 167 148 118 1560 72 125
internal_value=0 -0.0927308 0.257027 -0.172771 -0.236919 -0.277752 0.206829 0.383498
internal_count=3200 2787 326 2461 2313 2195 413 341
cat_boundaries=0 6 10 16
cat_threshold=8912896 2228232 402653440 16908544 16781312 16777216 42565636 546313280 69730306 16 2164326913 290988032 787458 269222410 1073758224 128
shrinkage=0.0653891


Tree=48
num_leaves=11
num_cat=5
split_feature=30 31 30 4 27 5 16 30 19 14
split_gain=3.90433 2.06504 2.49528 4.31399 2.76298 1.87991 2.43709 1.55508 0.616264 0.39373
threshold=0 1 2 35.253900000000009 30.250000000000004 3 35.500000000000007 4 85335.250000000015 28.750000000000004
decision_type=5 5 5 2 2 5 2 5 2 2
left_child=-1 8 5 7 -5 6 -3 -4 -2 -7
right_child=1 2 3 4 -6 9 -8 -9 -10 -11
leaf_value=-0.024120736396988644 -0.032238685175831394 -0.0031867255793624626 -0.016775394043491893 0.033879043332556147 -0 -0.034238066365656329 0.03336088592829748 0.004848954163806876 -2.771506803290409e-05 -0.0042497510955081608
leaf_count=745 226 543 191 357 122 147 94 605 95 75
internal_value=0 0.030289 0.0753419 0.172767 0.397724 -0.0691296 0.0470909 -0.0106441 -0.212607 -0.263482
internal_count=3200 2455 2134 1275 479 859 637 796 321 222
cat_boundaries=0 6 11 18 19 25
cat_threshold=134275456 209743251 2228228 8193 1711300608 536870914 2151024660 1209010308 532512 134217760 4 2149122615 306249732 9216 2415919640 1048592 8388608 4 8713 8388608 16912896 258 0 4 128
shrinkage=0.0653891


Tree=49
num_leaves=10
num_cat=4
split_feature=30 31 30 3 9 30 10 8 0
split_gain=3.42805 2.20754 2.14305 3.93555 3.21464 2.86945 2.57633 1.68119 0.176213
threshold=0 1 2 157.66750000000005 10.750000000000002 3 422.50000000000006 51.250000000000007 3.2500000000000004
decision_type=5 5 5 2 2 5 2 2 2
left_child=-1 7 3 8 5 -4 -6 -2 -3
right_child=1 2 4 -5 6 -7 -8 -9 -10
leaf_value=-0.02616777933300346 -0.042308699134964017 0.0081927031067627713 0.017073932041846682 -0.033013259031166239 0.02867788616017327 -0.0082014893777642307 -0.0054558558098722881 -0 -0
leaf_count=536 230 384 217 246 379 838 77 111 182
internal_value=0 0.0182105 0.0631497 -0.0943847 0.136631 0 0.33491 -0.238031 0.07316
internal_count=3200 2664 2323 812 1511 1055 456 341 566
cat_boundaries=0 6 11 18 22
cat_threshold=134267296 109071507 2228228 8192 1711284224 536870914 2217879568 1207961988 532512 134217760 4 2149130267 403775492 9248 2147745801 20480 8388608 4 16777728 4722688 268730368 268566784
shrinkage=0.0653891


Tree=50
num_leaves=10
num_cat=4
split_feature=30 2 30 15 0 30 16 16 22
split_gain=3.46102 2.15142 1.96864 1.85077 3.3578 2.90506 1.46069 1.17143 1.10757
threshold=0 1 2 1086.2500000000002 7.7500000000000009 3 1201.0000000000002 271.75000000000006 1.7500000000000002
decision_type=5 5 5 2 2 5 2 2 2
left_child=-1 6 7 5 -5 -4 -2 -3 -8
right_child=1 2 3 4 -6 -7 8 -9 -10
leaf_value=-0.026283645352371574 -0.031464362235526677 -0 -0.013426988930403465 0.0062957000444261793 0.049754349610558697 0.010133070032690587 -0.016525310451117849 -0.029022318315837306 0.013127567645740844
leaf_count=533 269 426 373 294 80 834 143 141 107
internal_value=0 0.0180245 0.0741241 0.13235 0.31388 0.0390396 -0.178722 -0.124302 -1.13678e-06
internal_count=3200 2667 2148 1581 374 1207 519 567 250
cat_boundaries=0 7 10 16 20
cat_threshold=134250784 234900883 2228228 17 1711284224 536870914 4 609898708 16785426 576 1065089 275787780 271616 270344 16793620 8388736 2156404740 720896 524288 131840
shrinkage=0.0653891


Tree=51
num_leaves=13
num_cat=3
split_feature=31 2 16 25 0 24 15 22 29 3 3 14
split_gain=2.79321 3.21046 4.03066 3.06536 2.26546 2.42783 1.65164 1.46857 1.08121 0.957112 0.792098 0.324594
threshold=0 1 8437.0000000000018 35.548000000000009 16.750000000000004 2 800.50000000000011 1.7500000000000002 71.500000000000014 115.98700000000001 170.90150000000003 257.50000000000006
decision_type=5 5 2 2 2 5 2 2 2 2 2 2
left_child=10 4 3 6 5 9 -3 -4 -7 -2 -1 -12
right_child=1 2 7 -5 -6 8 -8 -9 -10 -11 11 -13
leaf_value=0.032710136091429483 -0.013506420427573006 -0.031309123085736315 -0.012732401926583391 -0.056844091957693542 0.030707470706146628 0 0 0.019493711890289953 0.028891317583718417 0.0021220051670180224 -0 0.01340590036965581
leaf_count=145 1093 183 129 309 133 243 209 99 262 214 114 67
internal_value=0 -0.0805421 -0.25195 -0.489128 0.0224242 -0.015855 -0.199269 0.0261418 0.185389 -0.120126 0.213349 0.0761866
internal_count=3200 2874 929 701 1945 1812 392 228 505 1307 326 181
cat_boundaries=0 3 6 8
cat_threshold=59293952 813696064 69210112 16787981 343932964 524352 1225359650 537919520
shrinkage=0.0653891


Tree=52
num_leaves=11
num_cat=3
split_feature=30 31 30 16 3 17 8 16 0 13
split_gain=2.9972 2.02532 2.12011 3.26255 2.76416 2.15042 1.51674 0.921072 0.32842 0.213708
threshold=0 1 2 17216.500000000004 157.66750000000005 4908.2500000000009 45.250000000000007 33568.000000000007 6.2500000000000009 13.750000000000002
decision_type=5 5 5 2 2 2 2 2 2 2
left_child=-1 6 4 5 8 -4 -2 -5 -3 -6
right_child=1 2 3 7 9 -7 -8 -9 -10 -11
leaf_value=-0.023182802925635557 -0.041116676970878147 -0 0.008849224751210194 0.050052871602244163 -0.036547586797806578 -0.017107373573242525 -0 0.010787174738269709 0.012099747811475237 -0.0072547236332371704
leaf_count=546 228 452 1111 45 161 132 118 82 196 129
internal_value=0 0.0192038 0.0627999 0.141674 -0.0847019 0.0576611 -0.227329 0.512416 0.0487609 -0.409972
internal_count=3200 2654 2308 1370 938 1243 346 127 648 290
cat_boundaries=0 7 12 18
cat_threshold=134267144 209735059 2228228 8193 1711276032 536870914 4 2218141712 1207961988 532512 134217760 4 2149130931 302064132 42016 2147484168 28672 8388608
shrinkage=0.0653891


Tree=53
num_leaves=11
num_cat=5
split_feature=30 31 30 3 2 30 0 32 18 4
split_gain=3.3173 2.02866 1.72337 2.37034 2.2879 1.84998 1.64256 1.37577 0.635409 0.180748
threshold=0 1 2 159.22650000000002 3 4 10.750000000000002 85.750000000000014 37411.000000000007 47.755350000000007
decision_type=5 5 5 2 5 5 2 2 2 2
left_child=-1 8 3 6 5 -4 -3 -6 -2 -5
right_child=1 2 4 9 7 -7 -8 -9 -10 -11
leaf_value=-0.025821830408939241 -0.033076520468398742 -0.004289163372240978 0.011667560846408331 -0.032660067271457316 0.026973627015501413 -0.008185426979518259 0.026051902400005215 0 -0.00036278296191759362 -0.0053924732653594602
leaf_count=548 256 444 233 125 384 727 157 86 96 144
internal_value=0 0.0182619 0.0625691 -0.0759239 0.130433 -0 0.0591063 0.272904 -0.221663 -0.371285
internal_count=3200 2652 2300 870 1430 960 601 470 352 269
cat_boundaries=0 6 11 18 21 25
cat_threshold=134267296 243289491 2228228 8209 1677721600 536870914 2218141716 1209010564 8224 134217760 4 2149065236 268444164 42016 2147483656 34631696 8388608 4 282765 16785472 64 16777227 2097152 268435714 268435456
shrinkage=0.0653891


Tree=54
num_leaves=10
num_cat=5
split_feature=30 17 31 5 15 30 30 3 3
split_gain=2.83046 3.99797 3.20404 2.26434 3.05712 4.14617 1.85278 0.75309 0.115193
threshold=0 97.750000000000014 1 2 4408.7500000000009 3 4 178.85800000000003 171.14850000000004
decision_type=5 2 5 5 2 5 5 2 2
left_child=1 -1 8 4 5 -4 -5 -8 -2
right_child=2 -3 3 6 -6 -7 7 -9 -10
leaf_value=0.045600755087615796 0.030356179660344138 -0.0054255232216349576 0.009419948215301609 0.0052371806978881727 0.024360380961537514 -0.016411274698535303 -0.042728725784155534 -0.011716817534600093 0.0060567933718411043
leaf_count=155 114 77 483 126 164 1310 457 207 107
internal_value=0 0.244163 -0.0744809 -0.131239 -0.0280607 -0.106997 -0.303591 -0.413428 0.224008
internal_count=3200 232 2968 2747 1957 1793 790 664 221
cat_boundaries=0 6 10 11 16 19
cat_threshold=8912896 0 402653440 16777472 16781312 16777216 42565632 805307456 2216689664 16 22553223 150995467 23080960 819202 268435464 1048576 8196 16908288 1024
shrinkage=0.0653891


Tree=55
num_leaves=11
num_cat=5
split_feature=30 2 30 32 13 21 34 17 30 4
split_gain=2.58674 3.06349 3.45283 2.63885 4.59239 2.27598 1.34999 0.831413 0.478277 0.154388
threshold=0 1 2 60.250000000000007 1.7500000000000002 279.25000000000006 3 69.250000000000014 4 46.941800000000008
decision_type=5 5 5 2 2 2 5 2 5 2
left_child=3 9 -3 4 7 6 -4 8 -1 -2
right_child=1 2 5 -5 -6 -7 -8 -9 -10 -11
leaf_value=-0.002347676022480716 -0.013081062700266242 -0.023944579430192282 -0.010506204028396162 -0.015440666309315858 0.046972621190758096 0.032557360665474433 0.0053272145528027405 -0.012584241508513516 0.011933817342415561 -0.045425489713130811
leaf_count=106 154 491 462 75 118 89 1144 74 228 259
internal_value=0 -0.10132 -0.0100472 0.132874 0.262284 0.0597426 0.00185342 0.0306536 0.136581 -0.379867
internal_count=3200 2599 2186 601 526 1695 1606 408 334 413
cat_boundaries=0 6 8 14 15 17
cat_threshold=2156396548 2101256 403177728 2164916480 16781312 2164260864 536988292 285220864 49568 247549587 270336 8209 1107304448 536870914 33297 4 4096
shrinkage=0.0653891


Tree=56
num_leaves=10
num_cat=4
split_feature=30 2 30 0 2 18 6 21 21
split_gain=3.06893 1.77195 3.07511 3.05393 1.64762 1.09646 0.952518 0.943798 0.179154
threshold=0 1 2 15.250000000000002 3 40141.000000000007 33.250000000000007 3.2500000000000004 1.7500000000000002
decision_type=5 5 5 2 5 2 2 2 2
left_child=-1 6 3 8 -4 -6 7 -2 -3
right_child=1 2 4 -5 5 -7 -8 -9 -10
leaf_value=-0.02241177985204653 0.037549307736479139 -0.033292040338244316 -0.012721295592869789 0.011415135566585308 0.011617573975757724 -0.0059462652504409736 0 0.00099602611269406665 -0.0083966825523939751
leaf_count=621 132 522 186 111 1206 108 124 91 99
internal_value=0 0.0222096 -0.0252188 -0.230142 0.0641148 0.116002 0.203167 0.393403 -0.429716
internal_count=3200 2579 2232 732 1500 1314 347 223 621
cat_boundaries=0 7 10 14 17
cat_threshold=151044488 75517331 2236420 8209 1711284224 536870914 4 17148416 2227175428 2 2157445684 439030276 524544 522 67129492 16785410 512
shrinkage=0.0653891


Tree=57
num_leaves=10
num_cat=4
split_feature=30 31 30 20 20 20 0 3 30
split_gain=2.91601 1.28576 1.53758 3.66598 3.62867 2.37187 1.25704 0.704069 0.204529
threshold=0 1 2 238.75000000000003 121.75000000000001 900.25000000000011 16.750000000000004 170.90150000000003 3
decision_type=5 5 5 2 2 2 2 2 5
left_child=-1 -2 4 6 8 -5 -4 -6 -3
right_child=1 2 3 5 7 -7 -8 -9 -10
leaf_value=-0.02216898223797948 -0.013174594322962087 0.0098996727175293137 -0.005905151188257885 0.041470605190426293 -0.0061380632950352289 0.0088898842916183326 0.019187276331442332 -0.044658593870737777 -0
leaf_count=756 224 163 951 177 100 297 75 130 327
internal_value=0 0.0199655 0.0517787 0.109944 -0.0909945 0.310943 -0.026895 -0.4668 0.105598
internal_count=3200 2444 2220 1500 720 474 1026 230 490
cat_boundaries=0 7 12 18 23
cat_threshold=134275488 75525523 2236420 8209 1711276032 536870914 4 2217740308 1207961732 32 32 4 2165899801 441450500 33824 2416181256 1073172 8388608 17302017 0 32768 0 1048576
shrinkage=0.0653891


Tree=58
num_leaves=9
num_cat=3
split_feature=30 30 17 11 2 4 12 10
split_gain=2.57266 1.52099 3.31409 2.60562 2.99199 2.84409 1.72191 0.232086
threshold=0 1 97.750000000000014 60854.500000000007 2 57.819350000000007 1.7500000000000002 100.75000000000001
decision_type=5 5 2 2 5 2 2 2
left_child=-1 2 -2 4 7 -6 -5 -3
right_child=1 3 -4 6 5 -7 -8 -9
leaf_value=-0.021770682473682933 0.039897180177360977 -0.045226679497508609 -0.0058580543624154593 0.040200097978418704 -0.0030614734968070368 0.030145434678986748 0 -0.014613903443063786
leaf_count=600 155 216 77 72 1697 126 68 189
internal_value=0 0.0152998 0.211993 -0.0207882 -0.0753787 0 0.316974 -0.340599
internal_count=3200 2600 232 2368 2228 1823 140 405
cat_boundaries=0 7 13 16
cat_threshold=134267169 209735058 2236420 8208 1711284224 536870914 4 8912896 0 402653440 16777472 16781312 16777216 604130908 16785408 1
shrinkage=0.0653891


Tree=59
num_leaves=10
num_cat=5
split_feature=30 31 30 5 3 3 3 32 23
split_gain=2.8911 1.70325 1.36822 2.93546 4.26354 3.03752 2.37659 4.67282 0.145677
threshold=0 1 2 3 157.66750000000005 172.93050000000002 156.75150000000005 29.500000000000004 4
decision_type=5 5 5 5 2 2 2 2 1
left_child=-1 -2 6 5 -5 -4 8 -8 -3
right_child=1 2 3 4 -6 -7 7 -9 -10
leaf_value=-0.025323832229909745 -0.016704880620092153 0.0026288996143957505 0.00023983960913062405 0.016153624350459281 -0.032229432183179155 0.034959679133123818 0.045676983067873385 -0.0074691587801833451 -0.006651387348223548
leaf_count=508 231 137 1350 117 444 123 125 52 113
internal_value=0 0.0136716 0.0477897 -0.00777234 -0.222675 0.0849789 0.171851 0.409737 -0
internal_count=3200 2692 2461 2034 561 1473 427 177 250
cat_boundaries=0 7 12 18 19 20
cat_threshold=49568 243289491 2236420 8209 1677729792 2 4 2216953876 1207961988 32 134217760 4 2155872260 2097160 402653440 2164392192 16781312 16777216 549507 2
shrinkage=0.0653891


end of trees

feature importances:
c_02=126
n_1=40
n_table_1.n_16=38
c_table_1.c_3=32
n_table_1.n_1=30
c_table_1.c_2=26
n_table_1.n_9=22
c_table_1.c_5=21
n_table_1.n_7=21
n_table_2.n_2=21
n_table_3.n_3=21
n_table_1.n_5=17
n_table_1.n_20=15
n_table_1.n_17=14
n_table_1.n_6=13
n_table_1.n_15=12
n_table_1.n_18=12
n_table_1.n_19=12
c_table_2.c_2=8
n_table_1.n_2=7
n_table_1.n_12=7
n_table_2.n_6=7
n_table_1.n_8=7
n_table_1.n_11=6
n_table_1.n_27=6
n_table_3.n_2=6
n_table_1.n_10=4
n_table_1.n_26=4
c_table_2.c_1=4
n_table_3.n_5=4
n_table_1.n_3=3
c_table_1.c_1=1
c_table_1.c_6=1
c_table_2.c_5=1

parameters:
[boosting: gbdt]
[objective: binary]
[metric: auc]
[tree_learner: serial]
[device_type: cpu]
[data: ]
[valid: ]
[num_iterations: 100]
[learning_rate: 0.0653891]
[num_leaves: 55]
[num_threads: 4]
[max_depth: 5]
[min_data_in_leaf: 20]
[min_sum_hessian_in_leaf: 8.02072]
[bagging_fraction: 0.8]
[bagging_freq: 88]
[bagging_seed: 3]
[feature_fraction: 0.9]
[feature_fraction_seed: 2]
[early_stopping_round: 0]
[max_delta_step: 0]
[lambda_l1: 0.823146]
[lambda_l2: 1.40688]
[min_gain_to_split: 0]
[drop_rate: 0.1]
[max_drop: 50]
[skip_drop: 0.5]
[xgboost_dart_mode: 0]
[uniform_drop: 0]
[drop_seed: 4]
[top_rate: 0.2]
[other_rate: 0.1]
[min_data_per_group: 100]
[max_cat_threshold: 32]
[cat_l2: 10]
[cat_smooth: 10]
[max_cat_to_onehot: 4]
[top_k: 20]
[monotone_constraints: ]
[feature_contri: ]
[forcedsplits_filename: ]
[refit_decay_rate: 0.9]
[verbosity: -1]
[max_bin: 255]
[min_data_in_bin: 3]
[bin_construct_sample_cnt: 200000]
[histogram_pool_size: -1]
[data_random_seed: 1]
[output_model: LightGBM_model.txt]
[snapshot_freq: -1]
[input_model: ]
[output_result: LightGBM_predict_result.txt]
[initscore_filename: ]
[valid_data_initscores: ]
[pre_partition: 0]
[enable_bundle: 1]
[max_conflict_rate: 0]
[is_enable_sparse: 1]
[sparse_threshold: 0.8]
[use_missing: 1]
[zero_as_missing: 0]
[two_round: 0]
[save_binary: 0]
[enable_load_from_binary_file: 1]
[header: 0]
[label_column: ]
[weight_column: ]
[group_column: ]
[ignore_column: ]
[categorical_feature: ]
[predict_raw_score: 0]
[predict_leaf_index: 0]
[predict_contrib: 0]
[num_iteration_predict: -1]
[pred_early_stop: 0]
[pred_early_stop_freq: 10]
[pred_early_stop_margin: 10]
[convert_model_language: ]
[convert_model: gbdt_prediction.cpp]
[num_class: 1]
[is_unbalance: 0]
[scale_pos_weight: 1]
[sigmoid: 1]
[boost_from_average: 1]
[reg_sqrt: 0]
[alpha: 0.9]
[fair_c: 1]
[poisson_max_delta_step: 0.7]
[tweedie_variance_power: 1.5]
[max_position: 20]
[label_gain: ]
[metric_freq: 1]
[is_provide_training_metric: 0]
[eval_at: ]
[num_machines: 1]
[local_listen_port: 12400]
[time_out: 120]
[machine_list_filename: ]
[machines: ]
[gpu_platform_id: -1]
[gpu_device_id: -1]
[gpu_use_dp: 0]

end of parameters

pandas_categorical:[[0, 1, 2], [0, 1, 2, 3, 4, 5, 6, 7, 8, 9, 10, 11, 12, 13, 14, 15, 16, 17, 18, 19, 20, 21, 22, 23, 24, 25, 26, 27, 28, 29, 30, 31, 32, 33, 34, 35, 36, 37, 38, 39, 40, 41, 42, 43, 44, 45, 46, 47, 48, 49, 50, 51, 52, 53, 54, 55, 56, 57, 58, 59, 60, 61, 62, 63, 64, 65, 66, 67, 68, 69, 70, 71, 72, 73, 74, 75, 76, 77, 78, 79, 80, 81, 82, 83, 84, 85, 86, 87, 88, 89, 90, 91, 92, 93, 94, 95, 96, 97, 98, 99, 100, 101, 102, 103, 104, 105, 106, 107, 108, 109, 110, 111, 112, 113, 114, 115, 116, 117, 118, 119, 120, 121, 122, 123, 124, 125, 126, 127, 128, 129, 130, 131, 132, 133, 134, 135, 136, 137, 138, 139, 140, 141, 142, 143, 144, 145, 146, 147, 148, 149, 150, 151, 152, 153, 154, 155, 156, 157, 158, 159, 160, 161, 162, 163, 164, 165, 166, 167, 168, 169, 170, 171, 172, 173, 174, 175], [0, 1, 2, 3, 4, 5, 6, 7, 8, 9, 10, 11, 12, 13, 14, 15, 16, 17, 18, 19, 20, 21, 22, 23, 24, 25, 26, 27, 28, 29, 30, 31, 32, 33, 34, 35, 36, 37, 38, 39, 40, 41, 42, 43, 44, 45, 46, 47, 48, 49, 50, 51, 52, 53], [0, 1, 2, 3, 4, 5, 6, 7, 8, 9, 10, 11, 12, 13, 14, 15], [0, 1], [0, 1, 2, 3, 4, 5, 6, 7, 8, 9, 10, 11, 12, 13, 14, 15, 16, 17, 18, 19, 20, 21, 22, 23, 24, 25, 26, 27, 28, 29, 30, 31, 32, 33, 34, 35, 36, 37, 38, 39, 40, 41, 42, 43, 44, 45, 46, 47, 48, 49, 50, 51, 52, 53, 54, 55, 56, 57, 58, 59, 60, 61, 62, 63, 64, 65, 66, 67, 68, 69, 70, 71, 72, 73, 74, 75, 76, 77, 78, 79, 80, 81, 82, 83, 84, 85, 86, 87, 88, 89, 90, 91, 92, 93, 94, 95, 96, 97, 98], [0, 1, 2, 3, 4, 5, 6, 7, 8, 9, 10, 11, 12, 13, 14, 15, 16, 17, 18, 19, 20, 21, 22, 23, 24, 25, 26, 27, 28, 29, 30, 31, 32, 33, 34, 35, 36, 37, 38, 39, 40, 41, 42, 43, 44, 45, 46, 47, 48, 49, 50, 51, 52, 53, 54, 55, 56, 57, 58, 59, 60, 61, 62, 63, 64, 65, 66, 67, 68, 69, 70, 71, 72, 73, 74, 75, 76, 77, 78, 79, 80, 81, 82, 83, 84, 85, 86, 87, 88, 89, 90, 91, 92, 93, 94, 95, 96, 97, 98, 99, 100, 101, 102, 103, 104, 105, 106, 107, 108, 109, 110, 111, 112, 113, 114, 115, 116, 117, 118, 119, 120, 121, 122, 123, 124, 125, 126, 127, 128, 129, 130, 131, 132, 133, 134, 135, 136, 137, 138, 139, 140, 141, 142, 143, 144, 145, 146, 147, 148, 149, 150, 151, 152, 153, 154, 155, 156, 157, 158, 159, 160, 161, 162, 163, 164, 165, 166, 167, 168, 169, 170, 171, 172, 173, 174, 175, 176, 177, 178, 179, 180, 181, 182, 183, 184, 185, 186, 187, 188, 189, 190, 191, 192, 193, 194, 195, 196, 197, 198, 199, 200, 201, 202, 203, 204, 205, 206, 207, 208, 209, 210, 211, 212, 213, 214, 215, 216, 217, 218, 219, 220, 221, 222, 223, 224, 225, 226, 227, 228, 229, 230, 231, 232, 233, 234, 235, 236, 237, 238, 239, 240, 241, 242, 243, 244, 245, 246, 247, 248, 249, 250, 251, 252, 253, 254, 255, 256, 257, 258, 259, 260, 261, 262, 263, 264, 265, 266, 267, 268, 269, 270, 271, 272, 273, 274, 275, 276, 277, 278, 279, 280, 281, 282, 283, 284, 285, 286, 287, 288, 289, 290, 291, 292, 293, 294, 295, 296, 297, 298, 299, 300, 301, 302, 303, 304, 305, 306, 307, 308, 309, 310, 311, 312, 313, 314, 315, 316, 317, 318, 319, 320, 321, 322, 323, 324, 325, 326, 327, 328, 329, 330, 331, 332, 333, 334, 335, 336, 337], [0, 1, 2, 3, 4, 5, 6, 7, 8, 9, 10, 11, 12, 13, 14, 15, 16, 17, 18, 19, 20, 21, 22, 23, 24, 25, 26, 27, 28, 29, 30, 31, 32, 33, 34, 35, 36, 37, 38, 39, 40, 41, 42, 43, 44, 45, 46, 47, 48, 49, 50, 51, 52, 53, 54, 55, 56, 57, 58, 59, 60, 61, 62, 63, 64, 65, 66, 67, 68, 69, 70, 71, 72, 73, 74, 75, 76, 77, 78, 79, 80, 81, 82, 83, 84, 85, 86, 87, 88, 89, 90, 91, 92, 93, 94, 95, 96, 97, 98, 99, 100, 101, 102, 103, 104, 105, 106, 107, 108, 109, 110, 111, 112, 113, 114, 115, 116, 117, 118, 119, 120, 121, 122, 123, 124, 125, 126, 127, 128, 129, 130, 131, 132, 133, 134, 135, 136, 137, 138, 139, 140, 141, 142, 143, 144, 145, 146, 147, 148, 149, 150, 151, 152, 153, 154, 155, 156, 157, 158, 159, 160, 161, 162, 163, 164, 165, 166, 167, 168, 169, 170, 171, 172, 173, 174, 175, 176, 177, 178, 179, 180, 181, 182, 183, 184, 185, 186, 187, 188, 189, 190, 191, 192, 193, 194, 195, 196, 197, 198, 199, 200, 201, 202, 203, 204, 205, 206], [0, 1, 2, 3, 4, 5, 6, 7, 8, 9, 10, 11, 12, 13, 14, 15, 16, 17, 18, 19, 20, 21, 22, 23, 24, 25, 26, 27, 28, 29, 30]]
