tree
version=v2
num_class=1
num_tree_per_iteration=1
label_index=0
max_feature_idx=36
objective=binary sigmoid:1
feature_names=n_1 c_table_1.c_1 c_table_1.c_2 n_table_1.n_1 n_table_1.n_2 c_table_1.c_5 n_table_1.n_3 c_table_1.c_6 n_table_1.n_5 n_table_1.n_6 n_table_1.n_7 n_table_1.n_9 n_table_1.n_10 n_table_1.n_11 n_table_1.n_12 n_table_1.n_15 n_table_1.n_16 n_table_1.n_17 n_table_1.n_18 n_table_1.n_19 n_table_1.n_20 n_table_1.n_26 n_table_1.n_27 c_table_2.c_1 c_table_2.c_2 n_table_2.n_2 n_table_2.n_6 n_table_3.n_2 n_table_3.n_3 n_table_3.n_5 c_02 c_table_1.c_3 n_table_1.n_8 n_table_1.n_25 c_table_2.c_5 n_table_2.n_9 n_table_2.n_13
feature_infos=[1:62.5] 1:0 2:0:6:10:16:17:29:9:7:24:13:37:14:15:12:11:18:45:33:19:56:63:60:26:73:38:3:55:54:64:4:70:83:20:22:34:30:21:36:39:58:65:68:74:35:47:71:57:114:1:32:44:59:134:31:53:78:139:8:48:81:85:94:111:119:27:28:42:69:82:90:92:104:105:106:115:128:144:23:46:49:50:52:75:79:80:98:103:116:122:25:40:43:72:86:93:96:97:99:107:112:118:127:129:133:146:152:164 [-183.91200000000001:227.50999999999999] [-49.719499999999996:78.390000000000001] 3:0:5:13:14:7:1:9:11:19:8:24:4:17:30:22:12:2:15:10:20:23:41:21:34:37:6:27:33:39:40:45:18:32:35:36:49 [1:175] 1:0:2:3:4:7:8:9:13:5:6:10:11:12 [1:24272.5] [1:46363] [1:2995] [1:2481850] [1:70] [1:6121] [1:7070.5] [1:423494] [1:313693] [1:372140] [1:441384] [1:1178200] [1:18856] [1:121640] [1:151] 1:0 1:3:5:15:8:16:19:30:37:0:13:6:9:2:14:46:21:27:18:32:23:33:61:4:11:52:24:10:43:28:22:34:35:45:20:36:7:42:56:40:53:54:63:75:12:17:26:41:51:71:48:49:25:31:39:50:64:78:47:57:59:60:65:67:76:89 [-55.711999999999996:81.846299999999999] [1:3170.5] [1:1061.5] [1:540979] [1:435418] 2:1:13:49:27:74:9:45:20:19:0:41:72:44:33:113:127:130:54:56:15:51:104:31:34:83:53:35:92:65:3:23:39:42:48:79:132:82:99:96:142:14:36:105:114:167:43:57:148:153:158:161:52:58:77:152:183:5:7:32:140:141:24:46:97:69:8:16:60:109:157:55:124:137:154:59:91:115:191:194:67:81:100:120:4:66:84:85:87:89:171:203:10:22:25:50:86:94:133:184:189:276:11:26:40:76:78:103:232:240:38:88:108:111:121:122:165:197:218:28:63:107:128:150:156:159:170:201:225:235:253:18:112:123:164:169:182:196:207:30:64:106:134:139:143:147:173:211:224:231:234:17:29:80:131:145:168:178:206:228:250:275:37:47:62:68:73:101:117:126:149:202:208:209:216:222:237:239:251:265:267:61:75:98:125:129:135:138:144:160:162:163:175:176:180:181:192:193:198:205:212:220:245:247:255:268:277:297:299:303:317 6:0:24:20:37:8:65:100:17:44:16:83:31:77:14:76:95:21:73:42:34:101:85:2:13:25:39:18:43:52:60:62:71:59:69:4:40:55:123:130:26:28:15:19:96:23:38:61:90:11:49:63:66:67:72:82:111:139:64:74:121:33:36:3:102:145:9:12:51:53:88:92:7:47:118:140:29:30:32:35:56:106:113:117:141:152:27:48:79:91:99:105:114:122:132:134:138:149:167:41:54:70:86:107:116:120:124:125:129:131:133:142:144:147:157:162:163:170:1:5:45:46:50:57:68:80:84:89:94:97:103:115:135:137:143:159:161:168:176 [1:517224] [1:38.5] 1:0:6:7:9:10:15:11:4:14:12:2:13:5:16:22:3:8:18:17:20:23:19:28 [1:91] [1:273895]
tree_sizes=1417 1691 1828 1706 1755 1850 2041 1651 1883 1817 1604 1928 1586 1566 1804

Tree=0
num_leaves=16
num_cat=3
split_feature=30 18 19 22 0 18 30 21 3 26 3 13 26 30 19
split_gain=92.6903 24.1158 21.3263 13.8231 10.0224 8.79711 4.10815 3.05213 3.04766 2.54262 1.28329 1.16867 0.940816 0.497396 0.0739764
threshold=0 15357.250000000002 32377.000000000004 61.750000000000007 1.7500000000000002 30408.250000000004 1 18.250000000000004 171.30750000000003 340.00000000000006 181.65950000000001 12.250000000000002 1.7500000000000002 2 2282.5000000000005
decision_type=5 2 2 2 2 2 5 2 2 2 2 2 2 5 2
left_child=2 6 8 5 -4 -3 11 -7 14 -8 -10 13 -9 -2 -1
right_child=1 3 4 -5 -6 7 9 12 10 -11 -12 -13 -14 -15 -16
leaf_value=-2.5271544672757149 -2.6124596104960465 -2.4779035996303023 -2.4762148366797128 -2.4375551540826441 -2.1765923019376898 -2.5782700841058759 -2.6925788883725899 -2.6178251095094844 -2.6321701482354891 -2.6178251095094844 -2.560901212486038 -2.5657700542066446 -2.6944716970564078 -2.6355674576750796 -2.4322562842953617
leaf_count=400 105 51 96 87 48 51 1711 87 52 48 54 46 123 189 52
internal_value=0 -0.383535 1.10637 0.454482 2.71166 0 -0.580637 -0.2744 0.912165 -0.634436 0.109453 -0 -0.514611 -0.10413 1.05879
internal_count=3200 2498 702 399 144 312 2099 261 558 1759 106 340 210 294 452
cat_boundaries=0 6 12 17
cat_threshold=16777230 23068680 402948096 2164392192 17829888 16777344 8389121 270073856 524320 269221896 16900 2147483648 1 269484032 0 268697600 16896
shrinkage=1


Tree=1
num_leaves=21
num_cat=5
split_feature=30 18 17 22 18 8 16 30 21 26 9 11 11 23 23 5 16 18 18 13
split_gain=73.401 18.7027 16.0402 9.71167 6.94731 5.16884 4.77205 4.35108 3.09977 2.28156 2.22934 1.52447 2.51873 2.30745 1.97033 1.41093 1.35348 1.0295 0.609633 0.0276644
threshold=0 15357.250000000002 23080.000000000004 61.750000000000007 30408.250000000004 19.750000000000004 2545.0000000000005 1 18.250000000000004 340.00000000000006 751.00000000000011 19.000000000000004 185.50000000000003 2 3 4 14.500000000000002 39627.250000000007 9087.2500000000018 1.7500000000000002
decision_type=5 2 2 2 2 2 2 5 2 2 2 2 2 1 1 5 2 2 2 2
left_child=2 7 5 4 -3 6 16 15 -6 11 -5 -9 13 -13 -14 -2 -1 -10 -7 -17
right_child=1 3 -4 10 8 18 -8 9 17 -11 -12 12 14 -15 -16 19 -18 -19 -20 -21
leaf_value=0.059609299473959022 0.019001031148830831 0.11254929529150529 0.27224059398662359 0.20441369073984167 0.035119277968602272 0.22468275024517947 -0.034000043286682845 -0.078264105865850975 -0 0 0.029522239864656227 0.073655771578764906 -0.083992550272091709 -0.032766869711392671 -0 -0 0.15603319126744353 -0.072847872485202747 0.051356720148605074 -0.053380582508306101
leaf_count=415 200 52 83 41 51 54 41 1358 47 48 47 51 173 50 124 55 48 159 38 65
internal_value=0 -0.352229 0.9517 0.364839 -0 0.846246 0.614597 -0.534833 -0.302274 -0.590154 1.33761 -0.670127 -0.339517 0.0888575 -0.533781 0 0.739272 -0.554963 1.70371 -0.182614
internal_count=3200 2521 679 397 309 596 504 2124 257 1804 88 1756 398 101 297 320 463 206 92 120
cat_boundaries=0 6 11 12 13 14
cat_threshold=2164260878 18874376 402915328 2164392192 17829888 2164260992 513 274202624 557088 269221896 16896 2 2 129
shrinkage=0.104284


Tree=2
num_leaves=24
num_cat=2
split_feature=18 24 0 4 4 8 0 26 0 24 3 9 6 13 36 17 4 26 4 20 0 26 16
split_gain=27.8823 9.48015 8.4616 6.69012 6.03732 5.75248 5.70245 5.44403 4.09289 3.60061 3.66393 3.00823 2.79785 2.74783 2.48475 2.41262 2.39624 1.64451 1.53136 0.604935 0.450674 0.311394 0.262552
threshold=23126.500000000004 0 7.7500000000000009 46.693500000000007 35.253900000000009 19.750000000000004 16.750000000000004 418.75000000000006 3.2500000000000004 1 181.65950000000001 12.250000000000002 4.0000000000000009 18.250000000000004 13.750000000000002 320.50000000000006 46.315950000000008 6.2500000000000009 56.753550000000011 1471.7500000000002 19.750000000000004 7.7500000000000009 1027.7500000000002
decision_type=2 5 2 2 2 2 2 2 2 5 2 2 2 2 2 2 2 2 2 2 2 2 2
left_child=1 5 3 4 -2 6 8 17 9 10 -1 -6 -7 21 -11 -10 -4 -3 -15 20 -19 -5 -14
right_child=2 7 16 13 11 12 -8 -9 15 14 -12 -13 22 18 -16 -17 -18 19 -20 -21 -22 -23 -24
leaf_value=-0.026788250439021791 -0 -0 0.050788970267051439 0.078416685397080785 0.026044812259261949 0.10577237684240293 0.082952585676669729 0.049807585658094081 -0.068058937805142869 0.099470379150159022 0.065941280912245409 0.19632296182404488 -0.0089054155184293653 -0.072503453631343209 0 0.0021951609907510513 0.26910940744594469 -0.071953132801947123 0 -0 -0.0074214723268199298 0 0.025883639729318366
leaf_count=721 55 85 36 41 54 106 87 54 296 99 60 69 49 59 75 58 34 849 76 58 89 47 43
internal_value=0 -0.177244 0.805845 0.497992 0.999846 0.0264856 -0.0558359 -0.436247 -0.138626 -0 -0.130414 1.4112 0.629064 0 0.340103 -0.500578 1.88877 -0.578828 -0.296988 -0.624681 -0.651903 0.518834 0
internal_count=3200 2729 471 401 178 1594 1396 1135 1309 955 781 123 198 223 174 354 70 1081 135 996 938 88 92
cat_boundaries=0 2 3
cat_threshold=2400262 18465 32770
shrinkage=0.104284


Tree=3
num_leaves=21
num_cat=5
split_feature=30 14 17 18 21 32 28 11 26 18 8 2 0 0 18 11 30 20 23 30
split_gain=52.9844 16.7716 9.16954 4.60993 6.73386 3.84599 3.69917 3.54629 3.52152 2.806 3.42133 2.6437 1.95254 5.68573 1.27071 1.15841 0.711367 0.596458 0.459095 0.0322365
threshold=0 92.500000000000014 24052.750000000004 57136.750000000007 520.75000000000011 61.750000000000007 16.750000000000004 8131.7500000000009 241.75000000000003 11373.250000000002 19.750000000000004 1 3.2500000000000004 16.750000000000004 37411.000000000007 64.000000000000014 2 424.00000000000006 3 4
decision_type=5 2 2 2 2 2 2 2 2 2 2 5 2 2 2 2 5 2 1 5
left_child=2 8 9 6 -5 -4 7 -3 11 10 12 15 17 18 -11 -2 19 -1 -14 -13
right_child=1 3 5 4 -6 -7 -8 -9 -10 14 -12 16 13 -15 -16 -17 -18 -19 -20 -21
leaf_value=0.081827556910685495 -0 0.19053910551684458 0.27111266658047056 -0.058794650440598499 0.077678572663695947 0.052349390824376799 0 0.0083335193039220084 0.015726870227054508 -0.039601516757679742 0.15936423323688803 -0.0037002342795416955 -0 0.096307845963447422 0.043019302047688231 0.069052124965965272 -0.066533429346226552 0 -0.060016796010511374 0.0026108903460514369
leaf_count=325 58 51 39 144 75 33 64 47 78 39 64 109 73 65 35 53 1660 42 45 101
internal_value=0 -0.33299 0.72207 0.341846 -0 1.90747 0.794561 1.2054 -0.522243 0.641909 0.727771 -0.56126 0.558346 0.131227 0 0.123394 -0.570989 0.724843 -0.304241 -0
internal_count=3200 2440 760 381 219 72 162 98 2059 688 614 1981 550 183 74 111 1870 367 118 210
cat_boundaries=0 6 9 14 15 20
cat_threshold=25165838 23068680 402948096 2164916480 17830400 2164260992 264192 2155872288 2 524289 269488128 0 268697608 16388 2 524288 4096 0 8 4
shrinkage=0.104284


Tree=4
num_leaves=21
num_cat=2
split_feature=30 18 30 20 16 0 11 11 11 17 9 25 32 0 28 28 9 20 15 11
split_gain=42.8839 25.1362 18.108 6.22341 9.58489 6.6269 3.51534 2.57602 2.30793 3.42892 5.52145 2.47749 2.04956 1.71108 1.59162 1.68649 1.36836 1.04108 0.806001 0.720316
threshold=0 23126.500000000004 1 3902.5000000000005 17216.500000000004 4.7500000000000009 9016.0000000000018 645.25000000000011 16.750000000000004 499.75000000000006 42.250000000000007 47.979700000000008 33.250000000000007 19.750000000000004 10891.000000000002 3940.7500000000005 39.250000000000007 481.75000000000006 116399.50000000001 193.75000000000003
decision_type=5 2 5 2 2 2 2 2 2 2 2 2 2 2 2 2 2 2 2 2
left_child=13 2 6 4 5 -3 7 16 11 10 -10 -4 -11 -1 15 -13 17 -2 -5 -12
right_child=1 3 8 18 -6 -7 -8 -9 9 12 19 14 -14 -15 -16 -17 -18 -19 -20 -21
leaf_value=-0.097187300076584049 0.051435914490011871 -0.011254627158156656 -0.051103787231844403 -0 0.22744427637569198 0.14348064465906687 0.1745711821457146 -0.0076672134553415457 0.14356686903733104 -0.069548074419216954 0.019828938690340282 -0 0.0028444735038315344 -0.0059556451818056945 -0.046523988664879425 0.074444752281275686 -0 0.13438311302352032 0.053607453618030557 -0.038537835899446385
leaf_count=817 434 64 686 50 110 39 34 51 50 106 50 174 68 91 106 46 39 47 79 59
internal_value=0 0.268955 0.0776824 1.12522 1.47619 0.506212 0.516778 0.496794 -0.211613 0.00588257 0.462501 -0.343874 -0.318073 -0.721286 -0 0.149952 0.580667 0.634688 0.306497 -0
internal_count=3200 2292 1950 342 213 103 605 571 1345 333 159 1012 174 908 326 220 520 481 129 109
cat_boundaries=0 7 13
cat_threshold=135324064 109603987 140292 8209 1107304448 2 4 16777742 17825800 268468256 269353216 17830400 2147483648
shrinkage=0.104284


Tree=5
num_leaves=22
num_cat=4
split_feature=30 31 5 18 9 17 16 0 19 20 30 25 25 20 16 28 0 0 21 3 18
split_gain=35.7264 15.8533 8.58391 8.15673 7.95149 5.68374 4.74873 5.60307 4.74051 3.4571 3.3782 2.90199 3.46248 2.70644 2.68723 1.22379 1.21999 5.32765 0.770931 0.673518 0.185889
threshold=0 1 2 23126.500000000004 31.750000000000004 466.00000000000006 14.500000000000002 9.2500000000000018 52.750000000000007 568.00000000000011 3 57.921400000000013 61.247800000000005 1.7500000000000002 12512.500000000002 16.750000000000004 1.7500000000000002 16.750000000000004 33.250000000000007 172.29750000000004 172.00000000000003
decision_type=5 5 5 2 2 2 2 2 2 2 5 2 2 2 2 2 2 2 2 2 2
left_child=6 4 3 5 18 -3 8 9 16 -8 13 -12 -13 -4 -11 -6 -1 -18 20 -7 -2
right_child=1 2 10 -5 15 19 7 -9 -10 14 11 12 -14 -15 -16 -17 17 -19 -20 -21 -22
leaf_value=0.085036388862631998 -0.035364195758933251 0.071470359866784877 0.043487801933471938 0.13858312954917532 0.15878370294762684 -0.071903869726244837 0.13990370340578759 0.20517857992850536 -0.02858207948544407 -0.041119036832552601 -0.074676620932367668 0.062138900632381484 -0.050484970954394554 -0.043180996080989457 0.058543106688902433 0.025669564838862419 -0.051050169912058872 0.097344901449859411 0.032461660185543202 -0 -0
leaf_count=201 60 80 143 55 84 126 45 57 61 37 1595 57 146 68 55 47 57 46 61 52 67
internal_value=0 -0.248938 -0.389135 0.173074 0.412955 -0.0588801 0.653874 1.18691 0.449274 0.62484 -0.504224 -0.588824 -0.0567428 0.0332106 0.133167 1.21066 0.641555 0.135155 0 -0.527113 -0.188749
internal_count=3200 2641 2322 313 319 258 559 194 365 137 2009 1798 203 211 92 131 304 103 188 178 127
cat_boundaries=0 6 9 10 15
cat_threshold=14 16777224 402653184 2164392192 16781312 16777344 42584324 813696096 2149584896 17026 2164260865 273694720 32768 268435464 1064960
shrinkage=0.104284


Tree=6
num_leaves=27
num_cat=5
split_feature=31 24 14 0 9 3 24 4 4 23 28 10 32 28 4 9 23 4 4 8 36 36 4 4 10 3
split_gain=18.1745 9.51545 7.33649 5.15104 4.02081 3.65999 3.17602 3.008 4.44185 2.81895 2.68759 2.64651 2.6179 2.29765 1.90716 1.90418 1.81103 3.44231 1.46289 1.31153 0.857889 0.660262 0.556976 0.529712 0.183986 0.0680826
threshold=0 1 92.500000000000014 16.750000000000004 30.250000000000004 156.83150000000003 2 48.830800000000004 35.422650000000012 3 10891.000000000002 171.25000000000003 127.00000000000001 4807.0000000000009 56.355100000000007 18.250000000000004 4 47.981350000000006 50.216400000000007 1.7500000000000002 36.250000000000007 13.750000000000002 57.003450000000008 39.629200000000004 301.75000000000006 171.81900000000005
decision_type=5 5 2 2 2 2 5 2 2 1 2 2 2 2 2 2 1 2 2 2 2 2 2 2 2 2
left_child=3 14 4 5 15 6 -1 8 -4 -5 13 -7 16 21 20 18 17 -6 23 -9 -2 -8 -21 -3 -13 -20
right_child=1 2 7 9 12 11 10 19 -10 -11 -12 24 -14 -15 -16 -17 -18 -19 25 22 -22 -23 -24 -25 -26 -27
leaf_value=0.022694418410811091 -0.087532872630850619 0 0.023183000294521128 0.081061349375718558 -0.012587656031692727 -0.090817589006773461 -0.028737637865355218 -0 0.17119116147097455 -0.0096947891355556905 -0.077624321047564004 0 -0 0.044323911598318139 0 -0.065434604116740319 0.15200789571153964 0.10320563875162715 -0 0.009244163670160184 -0 0 0.097656746347453777 0.04833100197267693 -0.021313681671193452 -0.031403642168252525
leaf_count=112 130 69 69 68 59 324 1011 35 110 85 251 65 66 72 50 56 52 48 50 65 52 52 40 103 56 50
internal_value=0 0.345248 0.507853 -0.240342 0.250879 -0.330314 -0.204198 0.977788 1.28515 0.354088 -0.260424 -0.669143 0.617944 -0.184198 -0.275028 -0 0.860376 0.321432 0.102061 0.403511 -0.655268 -0.246717 0.598082 0.322109 -0.0206566 -0.201963
internal_count=3200 1104 872 2096 553 1943 1498 319 179 153 1386 445 225 1135 232 328 159 107 272 140 182 1063 105 172 121 100
cat_boundaries=0 5 6 8 9 10
cat_threshold=2485518417 1207966084 532514 134217760 4 541481 262149 33 2 2
shrinkage=0.104284


Tree=7
num_leaves=20
num_cat=3
split_feature=30 2 30 27 10 20 15 9 28 26 0 17 10 20 26 12 10 26 4
split_gain=27.7103 15.7861 11.8178 6.07494 4.46299 4.30459 2.54357 2.14714 3.23264 2.03857 1.96596 1.86561 1.69294 1.57134 1.37375 1.59775 0.644332 0.338086 0.335015
threshold=0 1 2 70.750000000000014 6.2500000000000009 256.75000000000006 137698.00000000003 4.7500000000000009 16.750000000000004 241.75000000000003 19.750000000000004 17.500000000000004 131.50000000000003 28.750000000000004 16.750000000000004 3.2500000000000004 18.250000000000004 82.750000000000014 42.916100000000007
decision_type=5 5 5 2 2 2 2 2 2 2 2 2 2 2 2 2 2 2 2
left_child=10 2 4 5 17 11 7 -7 -9 14 -1 13 -6 -3 15 16 -4 -2 -13
right_child=1 3 9 -5 12 6 -8 8 -10 -11 -12 18 -14 -15 -16 -17 -18 -19 -20
leaf_value=-0.095246417777019171 0.040358787468591999 0 -0.02153469738009307 -0.025171677115806153 -0.060918264254434966 0 0 0.13105181742175667 0.03168082923742966 0.0048128874762564978 -0 0 0.013251707197843561 0.096352730792792163 -0.07381111689806652 0.023370592830139199 -0.077349489164367832 0.094556617150291219 -0.029455523875325938
leaf_count=716 345 54 471 78 61 56 38 276 107 79 91 47 45 47 397 47 97 80 68
internal_value=0 0.195408 -0.0555997 0.558363 0.297362 0.748102 0.915959 0.987926 1.06823 -0.33652 -0.658842 0.170246 -0.179108 0.527991 -0.460348 -0.266085 -0.353916 0.54221 -0.0885435
internal_count=3200 2393 1622 771 531 693 477 439 383 1091 807 216 106 101 1012 615 568 425 115
cat_boundaries=0 6 9 15
cat_threshold=135324032 100691091 9216 8193 1107304448 2 68833501 16785426 513 16777743 275775496 268468224 268566536 17846272 128
shrinkage=0.104284


Tree=8
num_leaves=23
num_cat=5
split_feature=30 16 30 21 30 5 28 9 22 9 20 15 20 25 30 0 16 20 20 15 3 16
split_gain=23.6678 9.01312 8.23895 6.84869 6.32469 4.217 4.59372 3.80306 2.73573 2.45909 2.21062 2.77805 2.17923 3.24633 1.78383 1.42359 1.57958 3.61774 1.23313 0.806404 1.4586 0.0778022
threshold=0 16250.500000000002 1 622.75000000000011 2 3 6.2500000000000009 112.75000000000001 3.2500000000000004 12.250000000000002 121.75000000000001 55.750000000000007 38.500000000000007 57.921400000000013 4 21.250000000000004 2902.0000000000005 323.50000000000006 44.500000000000007 70240.750000000015 156.83150000000003 271.75000000000006
decision_type=5 2 5 2 5 5 2 2 2 2 2 2 2 2 5 2 2 2 2 2 2 2
left_child=1 4 -2 5 10 6 7 9 -3 -4 11 -1 13 14 -7 16 17 18 -6 20 -14 -19
right_child=2 8 3 -5 15 12 -8 -9 -10 -11 -12 -13 19 -15 -16 -17 -18 21 -20 -21 -22 -23
leaf_value=-0.024727893824772862 -0.065936712486739102 0.046222216655151444 0 0.10912189320725149 0.054441714384675169 0.011773199759706761 -0.031289457547533026 -0.0055018663163447831 0.19106423788393154 0.13645347378459921 -0.06603451022484666 0.078807693561019077 -0 0.050502286271171523 -0.033933008160294438 -0 0 0.18440336765769141 0 -0 -0.083707030616352179 0.046146300499045723
leaf_count=176 805 57 42 43 322 111 95 44 37 87 105 41 67 99 562 44 50 30 73 37 240 33
internal_value=0 0.393576 -0.276313 -0.0530023 0.278504 -0.143457 0.205741 0.671646 1.26365 0.976177 -0.16237 0 -0.256748 -0.120622 -0.261141 0.429938 0.572432 0.639593 0.428349 -0.5707 -0.64842 1.34283
internal_count=3200 968 2232 1427 874 1384 268 173 94 129 322 217 1116 772 673 552 508 458 395 344 307 63
cat_boundaries=0 6 12 18 19 24
cat_threshold=8912910 23199752 403439872 2165178626 16781828 2164260992 135323936 100691091 9216 8193 1107304448 2 8912896 6422528 786432 2147483650 512 128 527010 16777729 0 0 268435456 1048576
shrinkage=0.104284


Tree=9
num_leaves=23
num_cat=3
split_feature=31 24 20 3 26 0 10 10 10 24 26 4 26 0 8 0 25 26 27 25 9 10
split_gain=12.7159 5.70329 6.21825 3.74701 4.09785 3.82696 3.59483 3.58412 2.14961 1.90179 1.85798 3.10824 1.80554 1.78928 1.72312 1.39035 1.38439 1.2358 1.20615 0.797803 0.788888 0.720233
threshold=0 1 27.250000000000004 156.83150000000003 708.25000000000011 16.750000000000004 171.25000000000003 583.75000000000011 304.00000000000006 2 16.750000000000004 47.783600000000014 7.7500000000000009 4.7500000000000009 61.750000000000007 21.250000000000004 46.674900000000001 6.2500000000000009 82.750000000000014 34.469850000000008 13.750000000000002 300.25000000000006
decision_type=5 5 2 2 2 2 2 2 2 5 2 2 2 2 2 2 2 2 2 2 2 2
left_child=3 13 -3 4 5 9 14 8 10 -1 17 -12 16 20 -5 -7 -11 -4 -14 21 -2 -8
right_child=1 2 7 6 -6 15 19 -9 -10 12 11 -13 18 -15 -16 -17 -18 -19 -20 -21 -22 -23
leaf_value=0.013671953553839475 -0 -0.044130145745546211 0.041647973205102717 -0.09398617937685777 0.088360346081502006 0.07818660226836513 0.048907087249856714 -0.019531435795126777 0.13615753069835296 -0.022775184679468055 0.12840126663341378 0.01488490582593467 -0.066135136177090117 0.0029124384437181619 -0 -0 0.032521329092558421 -0.0018174383015111045 -0 -0.036655431516377887 -0.082867107356239172 -0
leaf_count=106 60 88 373 318 36 63 41 47 56 733 95 91 470 69 50 58 62 53 91 82 98 60
internal_value=0 0.290823 0.416335 -0.201717 -0.095367 -0.151995 -0.5198 0.577523 0.642763 -0.233158 0.523825 0.846828 -0.270488 -0.204651 -0.780018 0.424121 -0.147499 0.329027 -0.540421 -0 -0.589693 0.122988
internal_count=3200 1030 803 2170 1619 1583 551 715 668 1462 612 186 1356 227 368 121 795 426 561 183 158 101
cat_boundaries=0 5 6 8
cat_threshold=2486566993 1209014660 532514 134217760 4 541485 278529 33
shrinkage=0.104284


Tree=10
num_leaves=19
num_cat=5
split_feature=30 30 14 20 11 30 6 21 11 0 5 0 4 30 3 32 3 4
split_gain=21.6411 7.59317 9.04025 5.17271 4.2665 4.901 4.04503 3.97255 5.06687 3.25297 3.10717 2.04919 1.46906 1.14863 0.895199 0.641673 0.567323 0.401585
threshold=0 1 771.25000000000011 4015.0000000000005 60854.500000000007 2 4.0000000000000009 13.750000000000002 94.000000000000014 13.750000000000002 3 19.750000000000004 51.34940000000001 4 165.39200000000002 122.50000000000001 171.14850000000004 49.720450000000007
decision_type=5 5 2 2 2 5 2 2 2 2 5 2 2 5 2 2 2 2
left_child=11 10 4 -4 5 6 9 8 -7 -3 12 -1 -2 16 -9 -6 -12 -8
right_child=1 2 3 -5 15 7 17 14 -10 -11 13 -13 -14 -15 -16 -17 -18 -19
leaf_value=-0.092614143089442422 0.072259294048938355 0.085955571983376416 0.17528840173677143 0.0029096222377266645 0.13015515460436297 -0.0050316297718430219 0 -0 0.078189518247102921 -0 0.0139922330121586 -0 -0 -0.052095971051041454 -0.073254317490892853 0.016515597595870121 -0.028542835111635696 -0.034564473149770875
leaf_count=738 61 257 47 46 37 856 44 42 125 51 165 91 51 344 117 32 59 37
internal_value=0 0.162625 0.286747 1.1667 0.208699 0.139425 0.386927 -0.0297371 0.0635346 0.671062 -0.177074 -0.617431 0.19045 -0.322633 -0.553893 0.91074 0 -0.0505994
internal_count=3200 2371 1691 93 1598 1529 389 1140 981 308 680 829 112 568 159 69 224 81
cat_boundaries=0 7 13 18 19 24
cat_threshold=135323936 100691091 2106368 8193 1107304448 2 4 2164327057 411636484 688134 536 605044752 545259520 10 4194304 268697856 2164916480 16781312 526498 16842769 268435460 557056 520 1064960
shrinkage=0.104284


Tree=11
num_leaves=25
num_cat=3
split_feature=2 10 22 24 20 17 14 19 0 24 0 25 26 28 0 25 19 0 25 8 8 18 26 19
split_gain=10.4903 5.58229 3.83253 3.77325 5.22853 3.51457 3.65633 2.92179 2.62708 3.15346 3.34 2.67591 1.99722 1.90991 1.75784 1.54456 1.43354 1.36485 1.29726 1.13908 0.688526 1.88787 0.37755 0.0011308
threshold=0 6.2500000000000009 132.25000000000003 1 27.250000000000004 415.75000000000006 126.25000000000001 327723.00000000006 16.750000000000004 2 4.7500000000000009 57.921400000000013 7.7500000000000009 6.2500000000000009 6.2500000000000009 61.247800000000005 69526.750000000015 21.250000000000004 52.286850000000008 60.250000000000007 54.250000000000007 2.5000000000000004 82.750000000000014 388237.00000000006
decision_type=5 2 2 5 2 2 2 2 2 5 2 2 2 2 2 2 2 2 2 2 2 2 2 2
left_child=1 8 22 14 -5 20 13 19 9 10 -1 12 -11 16 -2 -13 -7 -10 -14 -8 21 -6 -3 -9
right_child=3 2 -4 4 5 6 7 23 17 11 -12 15 18 -15 -16 -17 -18 -19 -20 -21 -22 -23 -24 -25
leaf_value=0.064271966604911066 -0.055967846986247738 -0.080950361711146918 0.011851507707548895 -0.050324274136163173 0.04785118994788079 -0 0.100991356339289 0.0016582376233421131 0.074635686793823458 -0.016183131269242999 -0.035567645235882996 0.076189004761060525 -0.07972323204174539 -0.052949368833233423 0.012922025948116643 -0 0.051241551245089431 -0 -0 0 0.010444805227902339 0.1784805596167566 -0.012656803458132379 -0
leaf_count=149 163 428 50 66 86 140 110 44 66 776 54 49 339 68 64 78 78 59 94 32 35 52 84 36
internal_value=0 -0.179688 -0.548352 0.271776 0.375556 0.520257 0.333743 0.604516 -0.0497576 -0.119057 0.204185 -0.207142 -0.316197 0 -0.155162 0.266858 0.181446 0.417608 -0.614932 0.826423 0.97847 1.12556 -0.694919 0
internal_count=3200 2226 562 974 747 681 508 222 1664 1539 203 1336 1209 286 227 127 218 125 433 142 173 138 512 80
cat_boundaries=0 3 4 6
cat_threshold=1145722069 16785562 512 1074283305 1076117509 33
shrinkage=0.104284


Tree=12
num_leaves=19
num_cat=3
split_feature=30 30 21 4 32 11 28 16 30 17 20 0 8 20 3 35 4 4
split_gain=17.9315 6.02673 7.52935 2.93806 2.66467 4.78344 2.51987 4.45642 3.1859 3.88509 1.94434 1.85421 1.7391 2.68238 1.41739 1.19769 1.15593 0.894017
threshold=0 1 190.00000000000003 50.326600000000006 122.50000000000001 2833.7500000000005 10891.000000000002 20340.250000000004 2 415.75000000000006 2418.2500000000005 19.750000000000004 51.250000000000007 1471.7500000000002 177.89000000000001 21.250000000000004 50.336900000000007 36.268250000000002
decision_type=5 5 2 2 2 2 2 2 5 2 2 2 2 2 2 2 2 2
left_child=11 4 6 17 5 12 7 8 -3 -10 -9 -1 13 16 15 -8 -2 -4
right_child=1 2 3 -5 -6 -7 14 10 9 -11 -12 -13 -14 -15 -16 -17 -18 -19
leaf_value=-0.09049262596209201 0.035230418672603889 -0.038994723137174482 0.0039996211829449587 -0 -0.0054274308198501526 0.12967174621892302 -0.075537500442475466 0.11808014517990673 0.021138006425855879 -0.043107101803520273 0 -0 -0.01649881879681744 0.1263270942624799 0 -0 -0.011994453923674589 0.112081706743346
leaf_count=738 298 327 34 54 44 56 245 31 734 199 55 91 25 25 59 70 33 82
internal_value=0 0.141226 -0 0.631178 0.395281 0.550817 -0.106805 -0.0136156 -0.106509 0.0313035 0.662865 -0.586482 0.344165 0.418317 -0.435692 -0.562505 0.261945 0.878965
internal_count=3200 2371 1890 170 481 437 1720 1346 1260 933 86 829 381 356 374 315 331 116
cat_boundaries=0 7 13 19
cat_threshold=135323936 100691091 2106368 8193 1107304448 2 4 6 16777224 402653184 16908544 16781312 16777216 2147483776 146935812 262176 514 16 8388736
shrinkage=0.104284


Tree=13
num_leaves=19
num_cat=4
split_feature=30 31 30 27 10 4 11 17 28 27 0 0 10 0 28 23 10 0
split_gain=16.9296 6.99064 5.90629 4.90058 4.14586 4.06048 2.71365 2.67551 1.73388 2.10026 2.03777 1.45852 0.786048 0.490984 0.463859 0.452425 0.430485 0.413622
threshold=0 1 2 68.500000000000014 583.75000000000011 28.362050000000004 16.750000000000004 1.7500000000000002 10891.000000000002 26.500000000000004 4.7500000000000009 19.750000000000004 67.750000000000014 1.7500000000000002 90329.500000000015 3 304.00000000000006 21.250000000000004
decision_type=5 5 5 2 2 2 2 2 2 2 2 2 2 2 2 1 2 2
left_child=11 2 13 4 5 -3 12 8 9 10 -4 -1 -7 15 -5 -2 -8 -15
right_child=1 3 7 14 -6 6 16 -9 -10 -11 -12 -13 -14 17 -16 -17 -18 -19
leaf_value=-0.082095876411066804 -0 -0.036092681682482912 -0 -0.061027934860260986 -0.033002815296994614 -0 0.062562862379463222 -0.088382922454900398 -0.066216502490875864 0.052740489604626739 -0.066995111039710731 -0 0.042792634191264771 0.058764428369226795 -0 0.030429548343785098 0.12468777334053094 0
leaf_count=826 165 38 476 48 57 150 424 159 166 87 129 91 57 116 45 95 44 27
internal_value=0 0.141413 -0.0519071 0.346962 0.473935 0.542113 0.603986 -0.25927 -0.170776 -0.0483204 -0.16525 -0.549251 0.113524 0.218043 -0.359582 0.111336 0.720148 0.465027
internal_count=3200 2283 1420 863 770 713 675 1017 858 692 605 917 207 403 93 260 468 143
cat_boundaries=0 7 12 17 18
cat_threshold=135324065 100691347 9220 8193 1644175360 2 4 2149722193 1209008260 532608 134217760 4 17302030 5242880 268468224 268566784 4096 2
shrinkage=0.104284


Tree=14
num_leaves=21
num_cat=4
split_feature=30 30 11 32 30 5 13 0 28 29 0 11 10 13 21 13 3 20 26 10
split_gain=15.3079 3.85397 4.56729 4.02149 3.96186 3.09134 3.31509 3.03507 2.43621 2.21508 2.0398 1.54283 1.0909 1.02171 0.990516 2.33846 0.904428 0.517861 0.54833 0.267513
threshold=0 1 2255.5000000000005 122.50000000000001 2 3 36.250000000000007 10.750000000000002 10891.000000000002 71.500000000000014 1.7500000000000002 7.0000000000000009 9.2500000000000018 21.250000000000004 33.250000000000007 28.000000000000004 181.28250000000003 51.250000000000007 82.750000000000014 304.00000000000006
decision_type=5 5 2 2 5 5 2 2 2 2 2 2 2 2 2 2 2 2 2 2
left_child=7 14 4 16 10 6 12 -1 9 -7 11 -3 -6 -5 17 -16 -4 18 -2 -15
right_child=1 2 3 13 5 8 -8 -9 -10 -11 -12 -13 -14 19 15 -17 -18 -19 -20 -21
leaf_value=-0.092415498594033446 -0.022827581108112702 0.032515814101676872 0.099646149698567332 -0.029505198548194039 -0 0.0075543850335667486 0.015580861396285554 -0.002456275985307798 -0.04116699945536112 0.069716059502518607 0 0.13502452720154975 -0.089830720608404552 0 0.052976283134299015 -0.045010857538552808 0.011845426111021073 -0.054103063424568408 0.0085770214139498438 0.0460104472537438
leaf_count=729 287 106 145 49 51 646 47 186 167 139 59 47 140 42 58 38 55 141 44 24
internal_value=0 0.127412 0.208967 0.550663 0.0990432 -0.016573 -0.302953 -0.543099 0.0873755 0.187868 0.412095 0.815938 -0.708628 0.0116683 -0.134052 0.0344814 0.819134 -0.277469 -0.0950932 0.261876
internal_count=3200 2285 1717 315 1402 1190 238 915 952 785 212 153 191 115 568 96 200 472 331 66
cat_boundaries=0 6 13 18 19
cat_threshold=135324064 109080467 2237440 8193 1644167168 536870914 2147549721 134811652 557062 24 68182032 8388608 4 17301504 4194304 268697600 2147483904 16781312 17303960
shrinkage=0.104284


end of trees

feature importances:
n_1=31
c_02=30
n_table_1.n_2=19
n_table_1.n_20=18
n_table_2.n_6=17
n_table_1.n_7=15
n_table_1.n_9=14
n_table_1.n_18=14
n_table_3.n_3=13
n_table_1.n_1=12
n_table_1.n_6=11
n_table_1.n_16=10
n_table_1.n_17=9
n_table_2.n_2=9
n_table_1.n_5=8
n_table_1.n_26=8
c_table_2.c_2=8
n_table_1.n_11=6
n_table_1.n_19=6
c_table_2.c_1=6
n_table_1.n_8=6
c_table_1.c_5=5
n_table_1.n_12=4
n_table_1.n_15=4
n_table_1.n_27=4
n_table_3.n_2=4
c_table_1.c_3=4
c_table_1.c_2=3
n_table_2.n_13=3
n_table_1.n_3=2
n_table_1.n_10=1
n_table_3.n_5=1
n_table_2.n_9=1

parameters:
[boosting: gbdt]
[objective: binary]
[metric: auc]
[tree_learner: serial]
[device_type: cpu]
[data: ]
[valid: ]
[num_iterations: 100]
[learning_rate: 0.104284]
[num_leaves: 77]
[num_threads: 4]
[max_depth: 7]
[min_data_in_leaf: 20]
[min_sum_hessian_in_leaf: 2.85758]
[bagging_fraction: 0.8]
[bagging_freq: 100]
[bagging_seed: 3]
[feature_fraction: 0.8]
[feature_fraction_seed: 2]
[early_stopping_round: 0]
[max_delta_step: 0]
[lambda_l1: 0.955576]
[lambda_l2: 0.923962]
[min_gain_to_split: 0]
[drop_rate: 0.1]
[max_drop: 50]
[skip_drop: 0.5]
[xgboost_dart_mode: 0]
[uniform_drop: 0]
[drop_seed: 4]
[top_rate: 0.2]
[other_rate: 0.1]
[min_data_per_group: 100]
[max_cat_threshold: 32]
[cat_l2: 10]
[cat_smooth: 10]
[max_cat_to_onehot: 4]
[top_k: 20]
[monotone_constraints: ]
[feature_contri: ]
[forcedsplits_filename: ]
[refit_decay_rate: 0.9]
[verbosity: -1]
[max_bin: 255]
[min_data_in_bin: 3]
[bin_construct_sample_cnt: 200000]
[histogram_pool_size: -1]
[data_random_seed: 1]
[output_model: LightGBM_model.txt]
[snapshot_freq: -1]
[input_model: ]
[output_result: LightGBM_predict_result.txt]
[initscore_filename: ]
[valid_data_initscores: ]
[pre_partition: 0]
[enable_bundle: 1]
[max_conflict_rate: 0]
[is_enable_sparse: 1]
[sparse_threshold: 0.8]
[use_missing: 1]
[zero_as_missing: 0]
[two_round: 0]
[save_binary: 0]
[enable_load_from_binary_file: 1]
[header: 0]
[label_column: ]
[weight_column: ]
[group_column: ]
[ignore_column: ]
[categorical_feature: ]
[predict_raw_score: 0]
[predict_leaf_index: 0]
[predict_contrib: 0]
[num_iteration_predict: -1]
[pred_early_stop: 0]
[pred_early_stop_freq: 10]
[pred_early_stop_margin: 10]
[convert_model_language: ]
[convert_model: gbdt_prediction.cpp]
[num_class: 1]
[is_unbalance: 0]
[scale_pos_weight: 1]
[sigmoid: 1]
[boost_from_average: 1]
[reg_sqrt: 0]
[alpha: 0.9]
[fair_c: 1]
[poisson_max_delta_step: 0.7]
[tweedie_variance_power: 1.5]
[max_position: 20]
[label_gain: ]
[metric_freq: 1]
[is_provide_training_metric: 0]
[eval_at: ]
[num_machines: 1]
[local_listen_port: 12400]
[time_out: 120]
[machine_list_filename: ]
[machines: ]
[gpu_platform_id: -1]
[gpu_device_id: -1]
[gpu_use_dp: 0]

end of parameters

pandas_categorical:[[0, 1, 2], [0, 1, 2, 3, 4, 5, 6, 7, 8, 9, 10, 11, 12, 13, 14, 15, 16, 17, 18, 19, 20, 21, 22, 23, 24, 25, 26, 27, 28, 29, 30, 31, 32, 33, 34, 35, 36, 37, 38, 39, 40, 41, 42, 43, 44, 45, 46, 47, 48, 49, 50, 51, 52, 53, 54, 55, 56, 57, 58, 59, 60, 61, 62, 63, 64, 65, 66, 67, 68, 69, 70, 71, 72, 73, 74, 75, 76, 77, 78, 79, 80, 81, 82, 83, 84, 85, 86, 87, 88, 89, 90, 91, 92, 93, 94, 95, 96, 97, 98, 99, 100, 101, 102, 103, 104, 105, 106, 107, 108, 109, 110, 111, 112, 113, 114, 115, 116, 117, 118, 119, 120, 121, 122, 123, 124, 125, 126, 127, 128, 129, 130, 131, 132, 133, 134, 135, 136, 137, 138, 139, 140, 141, 142, 143, 144, 145, 146, 147, 148, 149, 150, 151, 152, 153, 154, 155, 156, 157, 158, 159, 160, 161, 162, 163, 164, 165, 166, 167, 168, 169, 170, 171, 172, 173, 174, 175], [0, 1, 2, 3, 4, 5, 6, 7, 8, 9, 10, 11, 12, 13, 14, 15, 16, 17, 18, 19, 20, 21, 22, 23, 24, 25, 26, 27, 28, 29, 30, 31, 32, 33, 34, 35, 36, 37, 38, 39, 40, 41, 42, 43, 44, 45, 46, 47, 48, 49, 50, 51, 52, 53], [0, 1, 2, 3, 4, 5, 6, 7, 8, 9, 10, 11, 12, 13, 14, 15], [0, 1], [0, 1, 2, 3, 4, 5, 6, 7, 8, 9, 10, 11, 12, 13, 14, 15, 16, 17, 18, 19, 20, 21, 22, 23, 24, 25, 26, 27, 28, 29, 30, 31, 32, 33, 34, 35, 36, 37, 38, 39, 40, 41, 42, 43, 44, 45, 46, 47, 48, 49, 50, 51, 52, 53, 54, 55, 56, 57, 58, 59, 60, 61, 62, 63, 64, 65, 66, 67, 68, 69, 70, 71, 72, 73, 74, 75, 76, 77, 78, 79, 80, 81, 82, 83, 84, 85, 86, 87, 88, 89, 90, 91, 92, 93, 94, 95, 96, 97, 98], [0, 1, 2, 3, 4, 5, 6, 7, 8, 9, 10, 11, 12, 13, 14, 15, 16, 17, 18, 19, 20, 21, 22, 23, 24, 25, 26, 27, 28, 29, 30, 31, 32, 33, 34, 35, 36, 37, 38, 39, 40, 41, 42, 43, 44, 45, 46, 47, 48, 49, 50, 51, 52, 53, 54, 55, 56, 57, 58, 59, 60, 61, 62, 63, 64, 65, 66, 67, 68, 69, 70, 71, 72, 73, 74, 75, 76, 77, 78, 79, 80, 81, 82, 83, 84, 85, 86, 87, 88, 89, 90, 91, 92, 93, 94, 95, 96, 97, 98, 99, 100, 101, 102, 103, 104, 105, 106, 107, 108, 109, 110, 111, 112, 113, 114, 115, 116, 117, 118, 119, 120, 121, 122, 123, 124, 125, 126, 127, 128, 129, 130, 131, 132, 133, 134, 135, 136, 137, 138, 139, 140, 141, 142, 143, 144, 145, 146, 147, 148, 149, 150, 151, 152, 153, 154, 155, 156, 157, 158, 159, 160, 161, 162, 163, 164, 165, 166, 167, 168, 169, 170, 171, 172, 173, 174, 175, 176, 177, 178, 179, 180, 181, 182, 183, 184, 185, 186, 187, 188, 189, 190, 191, 192, 193, 194, 195, 196, 197, 198, 199, 200, 201, 202, 203, 204, 205, 206, 207, 208, 209, 210, 211, 212, 213, 214, 215, 216, 217, 218, 219, 220, 221, 222, 223, 224, 225, 226, 227, 228, 229, 230, 231, 232, 233, 234, 235, 236, 237, 238, 239, 240, 241, 242, 243, 244, 245, 246, 247, 248, 249, 250, 251, 252, 253, 254, 255, 256, 257, 258, 259, 260, 261, 262, 263, 264, 265, 266, 267, 268, 269, 270, 271, 272, 273, 274, 275, 276, 277, 278, 279, 280, 281, 282, 283, 284, 285, 286, 287, 288, 289, 290, 291, 292, 293, 294, 295, 296, 297, 298, 299, 300, 301, 302, 303, 304, 305, 306, 307, 308, 309, 310, 311, 312, 313, 314, 315, 316, 317, 318, 319, 320, 321, 322, 323, 324, 325, 326, 327, 328, 329, 330, 331, 332, 333, 334, 335, 336, 337], [0, 1, 2, 3, 4, 5, 6, 7, 8, 9, 10, 11, 12, 13, 14, 15, 16, 17, 18, 19, 20, 21, 22, 23, 24, 25, 26, 27, 28, 29, 30, 31, 32, 33, 34, 35, 36, 37, 38, 39, 40, 41, 42, 43, 44, 45, 46, 47, 48, 49, 50, 51, 52, 53, 54, 55, 56, 57, 58, 59, 60, 61, 62, 63, 64, 65, 66, 67, 68, 69, 70, 71, 72, 73, 74, 75, 76, 77, 78, 79, 80, 81, 82, 83, 84, 85, 86, 87, 88, 89, 90, 91, 92, 93, 94, 95, 96, 97, 98, 99, 100, 101, 102, 103, 104, 105, 106, 107, 108, 109, 110, 111, 112, 113, 114, 115, 116, 117, 118, 119, 120, 121, 122, 123, 124, 125, 126, 127, 128, 129, 130, 131, 132, 133, 134, 135, 136, 137, 138, 139, 140, 141, 142, 143, 144, 145, 146, 147, 148, 149, 150, 151, 152, 153, 154, 155, 156, 157, 158, 159, 160, 161, 162, 163, 164, 165, 166, 167, 168, 169, 170, 171, 172, 173, 174, 175, 176, 177, 178, 179, 180, 181, 182, 183, 184, 185, 186, 187, 188, 189, 190, 191, 192, 193, 194, 195, 196, 197, 198, 199, 200, 201, 202, 203, 204, 205, 206], [0, 1, 2, 3, 4, 5, 6, 7, 8, 9, 10, 11, 12, 13, 14, 15, 16, 17, 18, 19, 20, 21, 22, 23, 24, 25, 26, 27, 28, 29, 30]]
