tree
version=v2
num_class=1
num_tree_per_iteration=1
label_index=0
max_feature_idx=36
objective=binary sigmoid:1
feature_names=n_1 c_table_1.c_1 c_table_1.c_2 n_table_1.n_1 n_table_1.n_2 c_table_1.c_5 n_table_1.n_3 c_table_1.c_6 n_table_1.n_5 n_table_1.n_6 n_table_1.n_7 n_table_1.n_9 n_table_1.n_10 n_table_1.n_11 n_table_1.n_12 n_table_1.n_15 n_table_1.n_16 n_table_1.n_17 n_table_1.n_18 n_table_1.n_19 n_table_1.n_20 n_table_1.n_26 n_table_1.n_27 c_table_2.c_1 c_table_2.c_2 n_table_2.n_2 n_table_2.n_6 n_table_3.n_2 n_table_3.n_3 n_table_3.n_5 c_02 c_table_1.c_3 n_table_1.n_8 n_table_1.n_25 c_table_2.c_5 n_table_2.n_9 n_table_2.n_13
feature_infos=[1:62.5] 1:0 2:0:6:10:16:17:29:9:7:24:13:37:14:15:12:11:18:45:33:19:56:63:60:26:73:38:3:55:54:64:4:70:83:20:22:34:30:21:36:39:58:65:68:74:35:47:71:57:114:1:32:44:59:134:31:53:78:139:8:48:81:85:94:111:119:27:28:42:69:82:90:92:104:105:106:115:128:144:23:46:49:50:52:75:79:80:98:103:116:122:25:40:43:72:86:93:96:97:99:107:112:118:127:129:133:146:152:164 [-183.91200000000001:227.50999999999999] [-49.719499999999996:78.390000000000001] 3:0:5:13:14:7:1:9:11:19:8:24:4:17:30:22:12:2:15:10:20:23:41:21:34:37:6:27:33:39:40:45:18:32:35:36:49 [1:175] 1:0:2:3:4:7:8:9:13:5:6:10:11:12 [1:24272.5] [1:46363] [1:2995] [1:2481850] [1:70] [1:6121] [1:7070.5] [1:423494] [1:313693] [1:372140] [1:441384] [1:1178200] [1:18856] [1:121640] [1:151] 1:0 1:3:5:15:8:16:19:30:37:0:13:6:9:2:14:46:21:27:18:32:23:33:61:4:11:52:24:10:43:28:22:34:35:45:20:36:7:42:56:40:53:54:63:75:12:17:26:41:51:71:48:49:25:31:39:50:64:78:47:57:59:60:65:67:76:89 [-55.711999999999996:81.846299999999999] [1:3170.5] [1:1061.5] [1:540979] [1:435418] 2:1:13:49:27:74:9:45:20:19:0:41:72:44:33:113:127:130:54:56:15:51:104:31:34:83:53:35:92:65:3:23:39:42:48:79:132:82:99:96:142:14:36:105:114:167:43:57:148:153:158:161:52:58:77:152:183:5:7:32:140:141:24:46:97:69:8:16:60:109:157:55:124:137:154:59:91:115:191:194:67:81:100:120:4:66:84:85:87:89:171:203:10:22:25:50:86:94:133:184:189:276:11:26:40:76:78:103:232:240:38:88:108:111:121:122:165:197:218:28:63:107:128:150:156:159:170:201:225:235:253:18:112:123:164:169:182:196:207:30:64:106:134:139:143:147:173:211:224:231:234:17:29:80:131:145:168:178:206:228:250:275:37:47:62:68:73:101:117:126:149:202:208:209:216:222:237:239:251:265:267:61:75:98:125:129:135:138:144:160:162:163:175:176:180:181:192:193:198:205:212:220:245:247:255:268:277:297:299:303:317 6:0:24:20:37:8:65:100:17:44:16:83:31:77:14:76:95:21:73:42:34:101:85:2:13:25:39:18:43:52:60:62:71:59:69:4:40:55:123:130:26:28:15:19:96:23:38:61:90:11:49:63:66:67:72:82:111:139:64:74:121:33:36:3:102:145:9:12:51:53:88:92:7:47:118:140:29:30:32:35:56:106:113:117:141:152:27:48:79:91:99:105:114:122:132:134:138:149:167:41:54:70:86:107:116:120:124:125:129:131:133:142:144:147:157:162:163:170:1:5:45:46:50:57:68:80:84:89:94:97:103:115:135:137:143:159:161:168:176 [1:517224] [1:38.5] 1:0:6:7:9:10:15:11:4:14:12:2:13:5:16:22:3:8:18:17:20:23:19:28 [1:91] [1:273895]
tree_sizes=906 959 884 985 946 848 917 988 848 887 848 787 918 915 926 788 856 870 687 796 830 709 908 780 796 843 918 688 853 826 687 597 1030 912 906 914 600 826 599 731 924 838 739 925 906 772 777 672 694 703

Tree=0
num_leaves=9
num_cat=2
split_feature=30 18 20 9 30 25 3 3
split_gain=108.637 28.1845 21.5385 9.72702 8.98221 2.20127 1.98294 0.687436
threshold=0 15357.250000000002 323.50000000000006 58.750000000000007 1 57.921400000000013 1.8378950000000003 118.82450000000001
decision_type=5 2 2 2 5 2 2 2
left_child=2 4 7 -3 6 -6 -2 -1
right_child=1 3 -4 -5 5 -7 -8 -9
leaf_value=-2.4849947992204404 -2.5728081934552671 -2.6310254233730044 -2.2986342291706587 -2.4812832373237956 -2.7186237677034488 -2.6517007529944596 -2.6453596257462531 -2.5599890905792977
leaf_count=392 226 218 238 235 1762 225 157 147
internal_value=0 -0.370759 1.16362 0.490285 -0.565351 -0.645492 0.0735535 0.866775
internal_count=3600 2823 777 453 2370 1987 383 539
cat_boundaries=0 9 15
cat_threshold=14 23070728 403177472 2164654336 16781312 16777344 0 0 1048576 25166337 270073856 32800 268959744 1074807296 2147483648
shrinkage=1


Tree=1
num_leaves=10
num_cat=3
split_feature=30 18 11 5 30 20 20 25 10
split_gain=77.9896 20.1306 13.6732 10.6902 5.40866 2.89714 4.57801 2.18769 1.48139
threshold=0 15357.250000000002 2255.5000000000005 1 2 1177.7500000000002 3.2500000000000004 57.921400000000013 83.500000000000014
decision_type=5 2 2 5 5 2 2 2 2
left_child=2 4 5 -3 -2 6 -1 -6 -5
right_child=1 3 -4 8 7 -7 -8 -9 -10
leaf_value=0.098654137861816968 0.0014457694805574202 0.1035025892087692 0.25196029511050511 0 -0.097976081191836276 0.16755938755432928 0 -0.030623680980875274 -0.073742898537101378
leaf_count=439 369 156 167 121 1692 106 173 225 152
internal_value=0 -0.366808 0.846974 0.348682 -0.550122 0.691467 0.534029 -0.616047 -0.20792
internal_count=3600 2715 885 429 2286 718 612 1917 273
cat_boundaries=0 9 10 16
cat_threshold=50331662 23332872 436994048 2164654336 17829888 16779392 0 0 1048576 25250 8389121 270073856 32800 268959752 1073758720 2147483648
shrinkage=0.135166


Tree=2
num_leaves=10
num_cat=2
split_feature=18 24 20 3 8 5 6 9 0
split_gain=26.4188 10.5719 10.2233 8.22847 7.17989 4.00688 2.72842 1.92761 2.83474
threshold=23126.500000000004 0 4157.5000000000009 173.23550000000003 19.750000000000004 1 25.000000000000004 28.750000000000004 4.7500000000000009
decision_type=2 5 2 2 2 5 2 2 2
left_child=1 4 3 6 5 -1 -2 8 -3
right_child=2 7 -4 -5 -6 -7 -8 -9 -10
leaf_value=0.045482549864038928 0.0097716555864391947 -0.070232074003665518 -0.0056322851751182592 0.23325892700777839 0.085728744484695016 -0.018082438887792599 0.11666632665482569 -0.11676682178539043 0
leaf_count=155 128 689 167 122 237 1511 123 235 233
internal_value=0 -0.158857 0.716137 1.02361 0.0299436 -0.0613425 0.53408 -0.444535 -0.38928
internal_count=3600 3060 540 373 1903 1666 251 1157 922
cat_boundaries=0 2 3
cat_threshold=2402375 18465 1078476944
shrinkage=0.135166


Tree=3
num_leaves=10
num_cat=3
split_feature=30 2 18 15 17 17 26 20 30
split_gain=55.7485 21.8293 9.02283 5.4501 5.34576 3.58814 2.62433 2.35283 2.00608
threshold=0 1 24059.500000000004 25468.000000000004 24052.750000000004 3988.0000000000005 7.7500000000000009 274.00000000000006 2
decision_type=5 5 2 2 2 2 2 2 5
left_child=4 2 -2 8 5 7 -5 -1 -3
right_child=1 3 -4 6 -6 -7 -8 -9 -10
leaf_value=0.078743942779901696 0.012825402410533263 -0 0.18350952335921722 0.051793883119663861 0.20346717461379948 0.00065657419648328834 -0.044816443803396444 0.16842269819974429 -0.083503467404355547
leaf_count=567 273 259 102 118 89 94 129 96 1873
internal_value=0 -0.319664 0.439716 -0.477569 0.694964 0.640719 0 0.74078 -0.588078
internal_count=3600 2754 375 2379 846 757 247 663 2132
cat_boundaries=0 9 12 18
cat_threshold=50331662 23330824 402948104 2164654336 16781344 16779392 0 0 1048576 20228104 2160066788 524354 524289 270008320 32 268435464 1074807296 2147483648
shrinkage=0.135166


Tree=4
num_leaves=9
num_cat=4
split_feature=30 9 30 2 20 30 9 16
split_gain=42.2241 17.0299 9.16779 10.5027 3.10746 6.33673 3.40747 3.37652
threshold=0 475.00000000000006 1 2 1471.7500000000002 3 37.750000000000007 14.500000000000002
decision_type=5 2 5 5 2 5 2 2
left_child=4 2 -2 -4 5 -1 -6 -7
right_child=1 -3 3 -5 6 7 -8 -9
leaf_value=-0.01519340152477899 -0.094771166906808715 0.10908600155107899 -0.050441518123897869 0.036939887826565918 0.19831756899332373 0.06990997094072389 0.056678130863439521 0.16650196123490918
leaf_count=236 1044 132 999 510 84 394 78 123
internal_value=0 -0.303138 -0.419871 -0.131896 0.557888 0.486218 1.02369 0.614775
internal_count=3600 2685 2553 1509 915 753 162 517
cat_boundaries=0 9 16 18 22
cat_threshold=2197815822 21233672 436469760 2165178624 16781344 16779392 0 0 1048576 135324064 100820119 9216 8209 33562640 8388610 4 604005893 285220866 2147484160 20971528 262144 2148007936
shrinkage=0.135166


Tree=5
num_leaves=8
num_cat=3
split_feature=30 31 11 30 28 0 8
split_gain=37.5734 18.4759 21.9567 12.4104 6.66733 1.57119 0.0525506
threshold=0 1 16.750000000000004 2 6.2500000000000009 10.750000000000002 10.750000000000002
decision_type=5 5 2 5 2 2 2
left_child=5 6 3 -3 -4 -1 -2
right_child=1 2 4 -5 -6 -7 -8
leaf_value=-0.12355895843764143 -0.11174902255083385 -0.065665804958036145 0.14758100468928986 0.034119725638295496 0.04086219139583009 -0.041526377136650208 -0.056859807365003019
leaf_count=817 162 374 457 1179 235 188 188
internal_value=0 0.216381 0.348808 0.073909 0.855528 -0.686922 -0.467924
internal_count=3600 2595 2245 1553 692 1005 350
cat_boundaries=0 7 12 18
cat_threshold=135324064 109077655 10494980 8209 570433536 2 4 2149728336 1207961988 532512 134217760 4 2156396560 136450560 262434 514 20 8388608
shrinkage=0.135166


Tree=6
num_leaves=10
num_cat=4
split_feature=31 24 21 3 5 0 24 10 22
split_gain=20.1626 9.34535 8.90996 7.85665 5.34713 5.21578 4.02999 1.78901 0.978001
threshold=0 1 187.75000000000003 156.83150000000003 2 16.750000000000004 3 171.25000000000003 96.250000000000014
decision_type=5 5 2 2 5 2 5 2 2
left_child=3 -2 4 5 -3 6 -1 -5 -4
right_child=1 2 8 7 -6 -7 -8 -9 -10
leaf_value=0.028276910236998042 -0.036257821635934558 -0.0094251695703290884 0.19045512300341644 -0.10975834655333279 0.070055881123531477 0.077010242550139565 -0.035285245435661937 -0.028606435158474934 0.081921948476196493
leaf_count=234 260 370 98 412 386 134 1465 159 82
internal_value=0 0.335119 0.482789 -0.243395 0.31907 -0.114438 -0.186651 -0.665512 1.12338
internal_count=3600 1196 936 2404 756 1833 1699 571 180
cat_boundaries=0 5 6 7 9
cat_threshold=2485520465 1207966084 532642 134217761 2052 541481 7434 2386437 33
shrinkage=0.135166


Tree=7
num_leaves=10
num_cat=4
split_feature=30 31 10 30 20 2 16 0 14
split_gain=26.6072 14.7605 5.90532 5.42305 5.80614 4.54364 2.078 4.6583 3.23091
threshold=0 1 46.750000000000007 2 3.2500000000000004 3 14.500000000000002 7.7500000000000009 36.250000000000007
decision_type=5 5 2 5 2 5 2 2 2
left_child=6 2 -2 4 -3 -5 -1 8 -8
right_child=1 3 -4 5 -6 -7 7 -9 -10
leaf_value=0.05028980523292105 0.011314744810331723 0.058478487626239369 0.15087091915236453 0.023847866303295998 -0.050586300796390378 -0.071769436949730772 0.10963291021662031 0.18663959221893528 -0
leaf_count=424 219 279 112 148 210 1996 73 66 73
internal_value=0 -0.221218 0.402282 -0.346917 0.0361223 -0.456729 0.49231 0.799814 0.414188
internal_count=3600 2964 331 2633 489 2144 636 212 146
cat_boundaries=0 9 13 19 21
cat_threshold=14 16777224 402915328 17432832 16781312 16777344 0 0 1048576 9029892 813696064 69210112 16 2164326913 274464768 32776 268698122 1073758224 2147485696 17868800 196
shrinkage=0.135166


Tree=8
num_leaves=8
num_cat=3
split_feature=30 31 11 30 20 8 0
split_gain=27.3441 11.8845 12.1169 9.61584 3.16667 1.35498 0.963721
threshold=0 1 16.750000000000004 2 3902.5000000000005 7.7500000000000009 9.2500000000000018
decision_type=5 5 2 5 2 2 2
left_child=6 5 3 -3 -4 -2 -1
right_child=1 2 4 -5 -6 -7 -8
leaf_value=-0.11584937726549095 -0.11696833843953502 -0.050463279116459508 0.099381070769808857 0.032732383609541484 0.014025721915021315 -0.036911916602721438 -0.044582307507886547
leaf_count=796 153 452 546 1108 120 213 212
internal_value=0 0.171128 0.27315 0.0619716 0.629112 -0.388111 -0.627016
internal_count=3600 2592 2226 1560 666 366 1008
cat_boundaries=0 7 12 18
cat_threshold=135324064 109143187 3154948 8193 570449920 2 4 2149714000 1745881476 532512 134217760 4 2155872276 136450564 262434 514 20 8388608
shrinkage=0.135166


Tree=9
num_leaves=10
num_cat=3
split_feature=2 10 24 20 9 0 24 19 12
split_gain=13.2045 7.68734 5.95502 6.00522 5.10385 4.16247 5.30655 3.62194 1.07603
threshold=0 6.2500000000000009 1 79.750000000000014 475.00000000000006 16.750000000000004 2 348060.50000000006 1.7500000000000002
decision_type=5 2 5 2 2 2 5 2 2
left_child=1 5 -2 -4 8 6 -1 -5 -3
right_child=2 4 3 7 -6 -7 -8 -9 -10
leaf_value=0.040215561390319822 -0.034067449567787983 -0.11243658139571722 -0.033001743346573624 0.09028977861008125 0.013057573568063858 0.073078951966109348 -0.029486914392984832 0 -0.0361380970466776
leaf_count=245 198 442 143 608 88 139 1477 105 155
internal_value=0 -0.189848 0.286365 0.398816 -0.552696 -0.0462003 -0.116164 0.56648 -0.72074
internal_count=3600 2546 1054 856 685 1861 1722 713 597
cat_boundaries=0 3 4 6
cat_threshold=1146770653 16785434 513 541225 2377741 33
shrinkage=0.135166


Tree=10
num_leaves=8
num_cat=4
split_feature=30 31 5 30 21 0 25
split_gain=20.3152 9.27331 8.21294 15.2804 7.15137 1.07804 0.871096
threshold=0 1 2 3 208.00000000000003 9.2500000000000018 35.463500000000003
decision_type=5 5 5 5 2 2 2
left_child=5 6 4 -4 -3 -1 -2
right_child=1 2 3 -5 -6 -7 -8
leaf_value=-0.11762908181027046 -0.032662429343002668 0.052776505521338356 -0.066859519433135423 0.033759243441294134 0.18078031345035964 -0.042514465155131187 -0.097763162685677321
leaf_count=723 215 400 502 1271 79 212 198
internal_value=0 0.128331 0.217824 0.0517403 0.532995 -0.597777 -0.352464
internal_count=3600 2665 2252 1773 479 935 413
cat_boundaries=0 7 12 13 19
cat_threshold=135324064 100689299 8397824 8193 570433536 2 4 2216822864 1209014660 532512 134217761 4 17326770 8978448 151720448 786722 522 1073741844 8388608
shrinkage=0.135166


Tree=11
num_leaves=8
num_cat=2
split_feature=31 2 26 15 28 14 8
split_gain=8.83333 8.41041 7.45267 5.48417 4.16314 4.53786 0.198726
threshold=0 1 254.50000000000003 7134.2500000000009 16.750000000000004 4.7500000000000009 6.2500000000000009
decision_type=5 5 2 2 2 2 2
left_child=4 6 3 -3 5 -1 -2
right_child=1 2 -4 -5 -6 -7 -8
leaf_value=0.020031963511472201 -0.11896217474604152 -0.024163539795964993 0.10384763917114957 0.037963240997477575 -0.0017105462330383933 0.12980153967485658 -0.061494940460287299
leaf_count=193 275 2035 129 364 204 143 257
internal_value=0 -0.117078 -0.00614652 -0.0706225 0.333535 0.610058 -0.531485
internal_count=3600 3060 2528 2399 540 336 532
cat_boundaries=0 4 7
cat_threshold=58835204 276825184 69210625 16 1145750744 16785410 1
shrinkage=0.135166


Tree=12
num_leaves=9
num_cat=2
split_feature=30 30 16 6 12 8 13 0
split_gain=15.8738 6.12781 3.98033 3.3548 3.00226 2.28419 1.40249 1.04313
threshold=0 1 20340.250000000004 30.250000000000004 3.2500000000000004 51.250000000000007 10.750000000000002 9.2500000000000018
decision_type=5 5 2 2 2 2 2 2
left_child=4 7 3 -3 5 6 -1 -2
right_child=1 2 -4 -5 -6 -7 -8 -9
leaf_value=0.033784527892335235 -0.11312456543422515 -0.0054077882620057124 0.047764054035930224 -0.063990874076091747 0.11910457613022082 -0.019088243455572914 0.093850630137136598 -0.037816395811760745
leaf_count=650 676 1266 198 356 73 90 79 212
internal_value=0 -0.212111 -0.0699677 -0.159124 0.31104 0.264205 0.334687 -0.546895
internal_count=3600 2708 1820 1622 892 819 729 888
cat_boundaries=0 9 15
cat_threshold=8388614 17170952 402915336 17694976 16781316 2164263040 0 0 1048576 135324064 100689043 1075848192 8193 33554432 2
shrinkage=0.135166


Tree=13
num_leaves=9
num_cat=4
split_feature=30 30 16 30 22 5 13 0
split_gain=15.173 6.29293 5.07104 5.10691 4.9276 2.99408 2.46653 1.22745
threshold=0 1 14739.250000000002 2 3.2500000000000004 3 1.7500000000000002 9.2500000000000018
decision_type=5 5 2 5 2 5 2 2
left_child=7 5 3 -3 -4 -2 -7 -1
right_child=1 2 4 -5 -6 6 -8 -9
leaf_value=-0.11340092056783331 0.024735267786953015 -0.035163059193622927 0.016619948631169425 0.02795766889588552 0.13660720810257812 -0.027937541721396817 -0.11137739639284637 -0.03456223553048255
leaf_count=751 119 321 143 1338 87 491 138 212
internal_value=0 0.103231 0.202442 0.121224 0.602752 -0.19399 -0.323686 -0.548591
internal_count=3600 2637 1889 1659 230 748 629 963
cat_boundaries=0 7 13 17 18
cat_threshold=135324064 75523219 1075979268 8209 570433536 2 4 592401 437328132 14188578 648 1141915664 545259520 2155872256 6423040 262144 2147483650 533152
shrinkage=0.135166


Tree=14
num_leaves=9
num_cat=3
split_feature=30 30 14 30 15 0 17 26
split_gain=12.05 4.76692 5.10193 3.41585 2.37501 1.16029 0.466647 0.0358029
threshold=0 1 1759.0000000000002 2 4.7500000000000009 9.2500000000000018 14216.500000000002 7.7500000000000009
decision_type=5 5 2 5 2 2 2 2
left_child=5 4 3 -3 7 -1 -6 -2
right_child=1 2 -4 -5 6 -7 -8 -9
leaf_value=-0.10958807824371838 0.0035908109045588812 0.06154470128594132 0.10608832505597533 0.0050451615209397482 -0.09187091669843217 -0.031524815522918269 -0.027667161166829688 -0.0066856509150628246
leaf_count=739 219 116 78 1785 163 212 106 182
internal_value=0 0.087015 0.165653 0.117953 -0.193123 -0.5104 -0.503103 -0
internal_count=3600 2649 1979 1901 670 951 269 401
cat_boundaries=0 6 13 19
cat_threshold=135324064 109077907 1082139648 8209 33562624 536870914 68113 403773444 7503910 648 1678786576 8388608 4 0 0 402653184 256 16781312 16777216
shrinkage=0.135166


Tree=15
num_leaves=8
num_cat=2
split_feature=31 2 26 28 10 10 12
split_gain=7.22344 5.92362 4.36731 4.41967 2.62259 2.09618 0.889118
threshold=0 1 241.75000000000003 5702.5000000000009 396.25000000000006 64.750000000000014 3.2500000000000004
decision_type=5 5 2 2 2 2 2
left_child=6 2 3 -2 5 -3 -1
right_child=1 4 -4 -5 -6 -7 -8
leaf_value=-0.094772460690492305 -0.0054411089990855643 0.028746118616726019 0.068985785533417374 -0.076076235497654868 -0.021754551922258 0.083101302005294919 -0.025569012967513332
leaf_count=390 1624 518 122 438 75 262 171
internal_value=0 0.064095 -0.0704861 -0.137082 0.269707 0.376394 -0.414321
internal_count=3600 3039 2184 2062 855 780 561
cat_boundaries=0 5 8
cat_threshold=2485520464 1207961988 532514 33 2052 538071245 8344 576
shrinkage=0.135166


Tree=16
num_leaves=8
num_cat=3
split_feature=30 2 11 9 30 17 10
split_gain=11.8898 6.30107 4.62026 5.67595 5.15677 1.81945 0.954519
threshold=0 1 2833.7500000000005 88.750000000000014 2 43464.250000000007 229.75000000000003
decision_type=5 5 2 2 5 2 2
left_child=-1 5 4 -4 -3 6 -2
right_child=1 2 3 -5 -6 -7 -8
leaf_value=-0.076887540975431171 -0.080151522408430806 0.038398118319093823 0.1546758375162407 0.028738382945728936 -0.012254106204756258 0.0010715881355913906 -0.014349820200151497
leaf_count=761 327 690 72 205 1300 101 144
internal_value=0 0.0781641 0.163938 0.496124 0.0817171 -0.251242 -0.456974
internal_count=3600 2839 2267 277 1990 572 471
cat_boundaries=0 7 10 16
cat_threshold=135317920 67126675 1080173572 129 570433536 536870914 4 1678397652 16785426 576 2164785675 292094468 268959776 2432959232 4608 2147483648
shrinkage=0.135166


Tree=17
num_leaves=8
num_cat=4
split_feature=30 30 5 30 32 13 18
split_gain=10.7375 3.6106 7.36265 8.00284 5.75111 5.1663 3.97382
threshold=0 1 2 3 37.750000000000007 1.7500000000000002 15357.250000000002
decision_type=5 5 5 5 2 2 2
left_child=-1 4 6 -4 5 -2 -3
right_child=1 2 3 -5 -6 -7 -8
leaf_value=-0.07463290727533882 0.033549226527382507 0.0075920756200013838 0.018113289195896838 -0.05205846542811951 -0.040423005206315372 0.15287184129885711 0.082227544345142373
leaf_count=770 213 487 647 1169 53 63 198
internal_value=0 0.071109 -0.00303206 -0.157909 0.30004 0.560363 0.261285
internal_count=3600 2830 2501 1816 329 276 685
cat_boundaries=0 7 16 17 23
cat_threshold=135317792 109069715 1087513604 8321 570425344 2 4 4 0 402653184 131328 16781312 16777216 0 0 1048576 1078485670 2164269579 273940492 32768 2416181256 1074807296 2147483776
shrinkage=0.135166


Tree=18
num_leaves=6
num_cat=2
split_feature=30 30 9 21 20
split_gain=7.33583 4.21235 4.00273 2.45587 2.50603
threshold=0 1 31.750000000000004 711.25000000000011 2009.5000000000002
decision_type=5 5 2 2 2
left_child=-1 2 -2 4 -3
right_child=1 3 -4 -5 -6
leaf_value=-0.066433898711430489 0.087701923531255666 0.0012329032321360064 -0.0091355363246434715 0.059173129495138144 -0.039811787235678006
leaf_count=695 237 2157 76 77 358
internal_value=0 0.0498678 0.327262 -0.0191333 -0.0527997
internal_count=3600 2905 313 2592 2515
cat_boundaries=0 6 15
cat_threshold=135315744 75515027 1084367876 129 33562624 2 0 131080 402653184 16908544 16781312 16777216 0 0 1048576
shrinkage=0.135166


Tree=19
num_leaves=7
num_cat=3
split_feature=30 31 30 11 16 27
split_gain=7.26544 4.78352 4.10161 4.46896 2.08202 0.043764
threshold=0 1 2 779.50000000000011 1018.7500000000001 4.7500000000000009
decision_type=5 5 5 2 2 2
left_child=5 -2 4 -4 -3 -1
right_child=1 2 3 -5 -6 -7
leaf_value=-0.10707898870706985 -0.045636863273025449 -0.0012150988495483589 0.011198087927352425 0.064906976646931541 -0.067329659154988356 -0.051292149296045308
leaf_count=473 303 519 1432 322 146 405
internal_value=0 0.0543651 0.109135 0.18867 -0.146228 -0.449764
internal_count=3600 2722 2419 1754 665 878
cat_boundaries=0 7 12 18
cat_threshold=135326112 100681107 5374976 8337 570425344 536870914 4 2149722128 1207961988 8352 134217761 4 524817 428937220 1084792868 16777736 1073766448 8388608
shrinkage=0.135166


Tree=20
num_leaves=9
num_cat=4
split_feature=31 2 13 24 5 0 20 22
split_gain=5.5906 4.15022 3.29173 2.06578 1.69054 1.20902 0.122963 0.0355717
threshold=0 1 87.250000000000014 2 3 4.7500000000000009 2742.2500000000005 6.2500000000000009
decision_type=5 5 2 5 5 2 2 2
left_child=6 2 7 4 -3 -5 -1 -2
right_child=1 3 -4 5 -6 -7 -8 -9
leaf_value=0.092650561713087332 -0.11196888703147397 0.029525526362406403 0 -0.043360542604786882 -0.0019301919038633088 0.0080587150329620109 0.037616619610153119 -0.052406767472203533
leaf_count=141 295 384 176 608 1596 176 63 161
internal_value=0 -0.076021 -0.361141 -0.00334979 0.0570261 -0.179408 0.37918 -0.685265
internal_count=3600 3396 632 2764 1980 784 204 456
cat_boundaries=0 3 5 7 8
cat_threshold=41992192 276825152 69210112 1145230548 16785426 3484719 2081 541322
shrinkage=0.135166


Tree=21
num_leaves=6
num_cat=4
split_feature=30 31 30 16 5
split_gain=5.86243 5.08037 3.70544 3.33761 2.24085
threshold=0 1 2 14739.250000000002 3
decision_type=5 5 5 2 5
left_child=-1 -2 4 -4 -3
right_child=1 2 3 -5 -6
leaf_value=-0.060232514963471172 -0.051750190687023745 0.0041456863668664938 0.014560004492448295 0.068316149365334533 -0.048566992834101617
leaf_count=737 283 648 1501 207 224
internal_value=0 0.0420566 0.0950757 0.177414 -0.121521
internal_count=3600 2863 2580 1708 872
cat_boundaries=0 6 11 18 19
cat_threshold=135315728 75515031 1085285376 8209 33562624 536870914 2149861392 1208093060 8224 33 4 34087592 456206336 33587494 268435976 1611677696 8388736 4 16802209
shrinkage=0.135166


Tree=22
num_leaves=10
num_cat=3
split_feature=2 16 10 11 24 5 16 16 15
split_gain=4.16751 3.17485 2.98143 2.19637 1.34659 2.46162 1.79655 1.11393 0.0227512
threshold=0 17216.500000000004 67.750000000000014 175774.50000000003 1 2 271.75000000000006 43341.250000000007 1818.2500000000002
decision_type=5 2 2 2 5 5 2 2 2
left_child=3 4 -3 7 5 -2 -6 8 -1
right_child=1 2 -4 -5 6 -7 -8 -9 -10
leaf_value=-0.094238202604580434 -0.0052879384837834741 0 0.10869656967646622 0.013854231027036701 -0.0021966293890046899 0.034003353808496561 -0.062848232278898616 -0.013770093461778928 -0.048563802921610569
leaf_count=264 1326 87 54 78 719 423 155 153 341
internal_value=0 0.0533655 0.440063 -0.25636 0.00639019 0.0687822 -0.116261 -0.415551 -0.532033
internal_count=3600 2764 141 836 2623 1749 874 758 605
cat_boundaries=0 3 5 6
cat_threshold=1683637972 16785434 576 134506831 536872961 16782083
shrinkage=0.135166


Tree=23
num_leaves=7
num_cat=4
split_feature=30 31 30 5 0 11
split_gain=6.23748 3.9254 3.98748 3.10609 3.09214 0.889226
threshold=0 1 2 3 16.750000000000004 19.000000000000004
decision_type=5 5 5 5 2 2
left_child=-1 5 4 -4 -3 -2
right_child=1 2 3 -5 -6 -7
leaf_value=-0.063209596620444508 0.016552437067072726 -0.043643637349491692 0.028849703114731496 -0.014432737879156757 0.032099359181718808 0.079917076175006888
leaf_count=758 110 883 1031 543 135 140
internal_value=0 0.0403368 -0.0200373 0.0929223 -0.198569 0.335252
internal_count=3600 2842 2592 1574 1018 250
cat_boundaries=0 7 11 17 18
cat_threshold=135317904 100681107 1087505412 129 100671488 536870914 4 58753280 8389632 69210112 16 16785957 161552900 532738 2416058904 536870932 8388608 4735107
shrinkage=0.135166


Tree=24
num_leaves=7
num_cat=3
split_feature=30 31 30 15 0 11
split_gain=4.04062 3.96151 3.5816 2.94745 2.06238 1.51078
threshold=0 1 2 4408.7500000000009 1.7500000000000002 8131.7500000000009
decision_type=5 5 5 2 2 2
left_child=-1 5 4 -4 -3 -2
right_child=1 2 3 -5 -6 -7
leaf_value=-0.048783295789517379 -0.079272946930334959 -0.0044891207233133017 0.010988086982446719 0.056357952767947792 -0.077735806187914994 -0.0057434021743050338
leaf_count=803 274 443 1506 296 162 116
internal_value=0 0.0318359 0.0902693 0.161777 -0.164093 -0.275415
internal_count=3600 2797 2407 1802 605 390
cat_boundaries=0 6 11 18
cat_threshold=2282799488 75523475 2229252 8193 1174405120 536870914 2151024656 1477577092 8736 134217761 4 8912952 437454852 1116217376 2415919128 537927712 128 4
shrinkage=0.135166


Tree=25
num_leaves=8
num_cat=3
split_feature=30 2 30 20 11 20 14
split_gain=4.45672 3.19709 2.657 3.19458 1.67172 1.10796 0.783017
threshold=0 1 2 27.250000000000004 175774.50000000003 367.75000000000006 12.250000000000002
decision_type=5 5 5 2 2 2 2
left_child=-1 4 5 -4 6 -3 -2
right_child=1 2 3 -5 -6 -7 -8
leaf_value=-0.055155620728608253 -0.027060089387217299 -0.0053128515165366246 0.0011818482703032014 0.042840171762160539 0.011646774985728444 -0.064302114214099246 -0.084607972717041874
leaf_count=748 373 351 1187 620 67 97 157
internal_value=0 0.028891 0.0903575 0.148732 -0.203636 -0.150477 -0.379148
internal_count=3600 2852 2255 1807 597 448 530
cat_boundaries=0 6 9 16
cat_threshold=135317776 100681107 15868932 129 33579008 2 1679443156 16785426 576 2147483816 418385924 1074037024 270336 1610612740 128 4
shrinkage=0.135166


Tree=26
num_leaves=9
num_cat=4
split_feature=30 31 9 4 5 30 9 10
split_gain=3.92446 4.79622 4.58454 4.41946 3.20624 3.87035 2.07642 1.70871
threshold=0 1 34.750000000000007 35.263700000000007 2 3 148.00000000000003 87.250000000000014
decision_type=5 5 2 2 5 5 2 2
left_child=2 7 3 -1 6 -6 -3 -2
right_child=1 4 -4 -5 5 -7 -8 -9
leaf_value=0.016014455848078785 0.0067455499729047437 -0.087212220599617515 -0.030987097183353109 0.12830213465866538 0.023891467080148932 -0.022741377713455115 -0.0060333300372041937 0.091816201366210354
leaf_count=173 134 526 80 89 574 1794 128 102
internal_value=0 -0.0866532 0.230193 0.500714 -0.149954 -0.0551382 -0.388803 0.284005
internal_count=3600 3258 342 262 3022 2368 654 236
cat_boundaries=0 9 12 13 18
cat_threshold=0 8 402915584 16908544 16781316 16779392 0 0 1048576 42565636 268436544 2359298 17301816 2165899785 288882688 557056 2416181770 1074806800
shrinkage=0.135166


Tree=27
num_leaves=6
num_cat=2
split_feature=30 10 30 10 3
split_gain=3.13725 2.47726 3.01406 3.22497 3.11916
threshold=0 523.75000000000011 1 171.25000000000003 164.64750000000001
decision_type=5 2 5 2 2
left_child=-1 2 4 -4 -2
right_child=1 -3 3 -5 -6
leaf_value=-0.046368706933758129 0.00017094663718290149 -0.05358601854435615 0.008831032515674353 0.069649790377834114 -0.077027028403606201
leaf_count=659 583 119 1750 181 308
internal_value=0 0.022822 0.054259 0.115806 -0.169888
internal_count=3600 2941 2822 1931 891
cat_boundaries=0 7 13
cat_threshold=134269185 209732754 7341060 145 100663296 536870914 4 9511096 318908677 1082826784 8200 1610620944 8388608
shrinkage=0.135166


Tree=28
num_leaves=8
num_cat=3
split_feature=30 2 30 15 28 8 9
split_gain=3.39531 2.44615 2.48788 2.62732 2.01602 1.73419 1.2972
threshold=0 1 2 126814.50000000001 16.750000000000004 1.7500000000000002 4.7500000000000009
decision_type=5 5 5 2 2 2 2
left_child=-1 4 6 -4 5 -2 -3
right_child=1 2 3 -5 -6 -7 -8
leaf_value=-0.052530601243969161 -0.044580678817584637 -0.0014894534768275149 0.022960038444319816 -0.046461511359291469 -0.082746435935394533 0.023488532749186261 -0.065533283828008049
leaf_count=635 174 347 1817 80 210 191 146
internal_value=0 0.0202549 0.0719603 0.12446 -0.190272 -0.0628504 -0.170642
internal_count=3600 2965 2390 1897 575 365 493
cat_boundaries=0 6 9 16
cat_threshold=134269312 209732754 1089471488 8337 100663296 536870914 1677873372 16785554 64 2148532256 40898565 303392 262144 1611685888 8388608 4
shrinkage=0.135166


Tree=29
num_leaves=8
num_cat=2
split_feature=31 30 15 21 20 4 21
split_gain=3.43272 4.88975 3.53238 2.61401 3.35659 0.47328 0.261115
threshold=0 1 4743.2500000000009 622.75000000000011 2009.5000000000002 45.682150000000007 6.2500000000000009
decision_type=5 5 2 2 2 2 2
left_child=6 2 5 4 -3 -2 -1
right_child=1 3 -4 -5 -6 -7 -8
leaf_value=0.028529056494150228 0.027903806543246402 -0.018370559979636304 -0.035882873350541647 0.035719376242532283 -0.075869699951773978 0.065546251912901629 0.079928901602255298
leaf_count=129 448 2213 146 90 326 169 79
internal_value=0 -0.0673835 0.158808 -0.166656 -0.21947 0.315567 0.291913
internal_count=3600 3392 763 2629 2539 617 208
cat_boundaries=0 3 12
cat_threshold=41992192 8389696 69472257 8978433 275390472 402915328 17563906 1091588612 16779264 0 0 1048576
shrinkage=0.135166


Tree=30
num_leaves=6
num_cat=5
split_feature=31 30 5 30 24
split_gain=3.00501 3.15695 1.98635 5.64869 2.6761
threshold=0 1 2 3 4
decision_type=5 5 5 5 5
left_child=-1 -2 4 -4 -3
right_child=1 2 3 -5 -6
leaf_value=-0.052277117062304562 -0.049055211716852537 -0.02513808047753216 -0.059324654744008463 0.0092566560486754441 0.038367073563993714
leaf_count=313 463 120 300 1907 497
internal_value=0 0.0168486 0.0538801 -0.0137854 0.191584
internal_count=3600 3287 2824 2207 617
cat_boundaries=0 5 11 12 18 20
cat_threshold=2485387280 1207961988 8224 32 2052 49552 503334035 1084235780 1 570433536 536870914 1091068592 8978432 16849408 786466 512 0 8388608 557097 16384
shrinkage=0.135166


Tree=31
num_leaves=5
num_cat=3
split_feature=31 30 10 2
split_gain=2.67998 3.37822 2.09647 2.97664
threshold=0 1 545.50000000000011 2
decision_type=5 5 2 5
left_child=-1 -2 3 -3
right_child=1 2 -4 -5
leaf_value=-0.043639438623481158 -0.043181792163197133 -0.0023901831872760429 -0.045320641237834226 0.032279894897056509
leaf_count=400 646 1791 103 660
internal_value=0 0.015083 0.0612188 0.0932507
internal_count=3600 3200 2554 2451
cat_boundaries=0 5 12 15
cat_threshold=2485389328 1208097156 8736 32 2052 573872 243287187 10494980 8209 1644175360 130 4 1610764493 8192 576
shrinkage=0.135166


Tree=32
num_leaves=10
num_cat=5
split_feature=30 31 5 30 32 30 28 4 15
split_gain=2.51111 4.31192 4.52175 5.98266 4.03949 2.08383 2.04044 1.92429 0.834517
threshold=0 1 2 3 27.250000000000004 4 16.750000000000004 35.263700000000007 20002.750000000004
decision_type=5 5 5 5 2 5 2 2 2
left_child=4 6 3 -3 7 -4 8 -1 -2
right_child=1 2 5 -5 -6 -7 -8 -9 -10
leaf_value=0.014273658986417742 0.025894932438823643 -0.043711346272564809 0.012474866745646421 0.018095577756874339 -0.045901824938399526 -0.070768590854143623 -0.0078762083314996723 0.08449171977375082 0.097312446355510368
leaf_count=185 114 770 111 1295 58 734 127 119 87
internal_value=0 -0.0784941 -0.149264 -0.0201379 0.170181 -0.394726 0.229581 0.3756 0.490495
internal_count=3600 3238 2910 2065 362 845 328 304 201
cat_boundaries=0 9 13 14 20 23
cat_threshold=8912896 16777216 402915328 16908544 16781312 16779392 0 0 1048576 43630596 806356032 2216689664 134217728 1079038595 2147543204 201537694 525600 2147483649 570425344 8388610 4 135168 1024
shrinkage=0.135166


Tree=33
num_leaves=9
num_cat=3
split_feature=31 30 2 4 9 10 0 9
split_gain=2.2923 2.33924 4.28361 3.97995 3.63685 3.38133 0.371138 0.177057
threshold=0 1 2 35.263700000000007 37.750000000000007 60.250000000000007 1.7500000000000002 37.750000000000007
decision_type=5 5 5 2 2 2 2 2
left_child=-1 3 7 6 -5 -4 -2 -3
right_child=1 2 5 4 -6 -7 -8 -9
leaf_value=-0.04530190500857869 -0 -0.096341762463173886 -0.0082394377173166198 0.097813923830035315 0.0045235218157975163 0.0448225593952861 -0.033042863137034424 -0.040587409898784683
leaf_count=342 204 189 1985 145 124 313 115 183
internal_value=0 0.00756502 -0.0587477 0.162543 0.419371 0.0207275 -0.0940163 -0.388676
internal_count=3600 3258 2670 588 269 2298 319 372
cat_boundaries=0 5 14 17
cat_threshold=2485520400 1207961988 32 32 2052 2155872256 16908296 403439872 2164916482 16781316 2164260992 0 0 1048576 537027136 2432704520 524288
shrinkage=0.135166


Tree=34
num_leaves=9
num_cat=2
split_feature=2 30 16 20 15 17 11 6
split_gain=2.01351 3.15891 8.15216 4.01413 3.38221 2.70387 1.85744 1.64949
threshold=0 1 17216.500000000004 3902.5000000000005 7202.5000000000009 3118.0000000000005 45517.000000000007 4.0000000000000009
decision_type=5 5 2 2 2 2 2 2
left_child=6 2 5 4 -3 -2 7 -1
right_child=1 3 -4 -5 -6 -7 -8 -9
leaf_value=-0.018600803560210717 0.020254396009655309 -0.014211314986002661 0.13154580711372324 -0.093114430150838326 0.045634630219932235 -0.057193234804309961 0.0021405726449945251 -0.10014411641385489
leaf_count=303 592 1829 82 112 246 78 131 227
internal_value=0 0.0213346 0.189701 -0.0717872 -0.0193187 0.0371139 -0.213544 -0.442187
internal_count=3600 2939 752 2187 2075 670 661 530
cat_boundaries=0 3 12
cat_threshold=1147294868 16785626 576 2156396545 291125256 269221920 2147615490 16781316 16777216 0 0 1048576
shrinkage=0.135166


Tree=35
num_leaves=9
num_cat=3
split_feature=30 2 30 10 4 27 16 10
split_gain=2.33998 1.62467 2.70349 3.77557 3.58633 2.68627 1.11223 0.58429
threshold=0 1 2 64.750000000000014 35.891900000000007 3.2500000000000004 11888.500000000002 4.7500000000000009
decision_type=5 5 5 2 2 2 2 2
left_child=7 5 4 -4 -3 6 -2 -1
right_child=1 2 3 -5 -6 -7 -8 -9
leaf_value=-0.020883958787353229 -0.022438643486196754 0.0060456416591698385 0.005131294518152381 0.060609616619890429 -0.072294123181455866 -0.079400588541052308 0.033989106438943054 -0.084629637013093631
leaf_count=375 232 473 1380 314 195 227 86 318
internal_value=0 0.0153827 0.0603839 0.137728 -0.130565 -0.152687 -0 -0.289151
internal_count=3600 2907 2362 1694 668 545 318 693
cat_boundaries=0 7 10 15
cat_threshold=134269217 75515795 1080164356 8336 101711872 536870914 4 1677743260 285221074 65 1049218 174067720 8659234 262153 536899600
shrinkage=0.135166


Tree=36
num_leaves=5
num_cat=2
split_feature=31 30 10 16
split_gain=2.13713 2.86941 2.00162 1.84946
threshold=0 1 545.50000000000011 8437.0000000000018
decision_type=5 5 2 2
left_child=-1 -2 3 -3
right_child=1 2 -4 -5
leaf_value=-0.044059996467400712 -0.042100311859854272 0.0038330098202108962 -0.046007515850191402 0.039626691067718961
leaf_count=337 566 2298 107 292
internal_value=0 0.00899259 0.0497894 0.0798883
internal_count=3600 3263 2697 2590
cat_boundaries=0 5 12
cat_threshold=2485389328 1208093060 8224 32 2052 573872 503333907 1084235780 8209 570433536 536871042 4
shrinkage=0.135166


Tree=37
num_leaves=8
num_cat=3
split_feature=31 30 0 19 2 0 21
split_gain=2.16041 3.40125 2.18765 3.37825 1.91909 2.2867 0.312675
threshold=0 1 6.2500000000000009 11783.500000000002 2 18.250000000000004 6.2500000000000009
decision_type=5 5 2 2 5 2 2
left_child=6 2 3 -2 -3 -6 -1
right_child=1 4 -4 -5 5 -7 -8
leaf_value=0.017826939122287579 0.061312978597372378 0.016837741625707583 -0.024401334113237479 -0.015771959431851799 -0.034164570224175378 0.027609758198900502 0.062733068952249921
leaf_count=142 418 251 210 174 2171 153 81
internal_value=0 -0.0613249 0.128775 0.26216 -0.14559 -0.19247 0.218063
internal_count=3600 3377 802 592 2575 2324 223
cat_boundaries=0 3 12 15
cat_threshold=42516480 8389696 69472257 25755656 271458312 436208642 17563906 1091588100 16779264 0 0 1048576 17111056 164 512
shrinkage=0.135166


Tree=38
num_leaves=5
num_cat=2
split_feature=31 30 10 16
split_gain=1.79002 2.56934 1.54827 1.39625
threshold=0 1 545.50000000000011 8437.0000000000018
decision_type=5 5 2 2
left_child=-1 -2 3 -3
right_child=1 2 -4 -5
leaf_value=-0.040399186672948138 -0.043716048305351453 0.0033153319557190017 -0.040940485579719986 0.033665529446366062
leaf_count=318 537 2325 106 314
internal_value=0 0.00902152 0.0444923 0.0704463
internal_count=3600 3282 2745 2639
cat_boundaries=0 5 12
cat_threshold=2485387280 1208093060 544 32 2052 49568 243289235 1084235780 8209 1644175360 536870914 4
shrinkage=0.135166


Tree=39
num_leaves=7
num_cat=1
split_feature=30 10 11 26 27 10
split_gain=1.41417 2.12991 1.89201 1.75234 2.97159 1.87444
threshold=0 523.75000000000011 2422.0000000000005 64.750000000000014 63.250000000000007 171.25000000000003
decision_type=5 2 2 2 2 2
left_child=2 3 -1 5 -5 -2
right_child=1 -3 -4 4 -6 -7
leaf_value=-0.063347619292478216 -0.0079752282739618766 -0.057951399844350687 0.0094847864372964736 0.053010843873850043 -0.024831179718317921 0.037596266049094509
leaf_count=630 1889 106 142 362 278 193
internal_value=0 0.0129006 -0.202549 0.040617 0.223525 -0.0111887
internal_count=3600 2828 772 2722 640 2082
cat_boundaries=0 6
cat_threshold=51456 344090002 1079116804 139392 1174421504 536870914
shrinkage=0.135166


Tree=40
num_leaves=10
num_cat=3
split_feature=31 2 25 16 22 25 24 0 27
split_gain=1.71921 2.29553 3.69387 2.73872 2.01111 1.88974 1.74366 1.80005 0.570863
threshold=0 1 46.820100000000004 9017.5000000000018 4.7500000000000009 45.164700000000003 2 16.750000000000004 15.250000000000002
decision_type=5 5 2 2 2 2 5 2 2
left_child=5 6 4 -4 -3 -1 8 -8 -2
right_child=1 2 3 -5 -6 -7 7 -9 -10
leaf_value=0 0.073692702576991856 -0.027495966818665948 -0.10831742237661021 -0.0064286964287454717 0.026855781392673347 0.081806118692787866 -0.010595418523271722 0.046940932481354468 0.015909115625179757
leaf_count=160 156 546 310 121 234 91 1667 119 196
internal_value=0 -0.0536395 -0.183644 -0.534755 -0.0423122 0.193397 0.0319627 -0.0268134 0.245555
internal_count=3600 3349 1211 431 780 251 2138 1786 352
cat_boundaries=0 3 6 8
cat_threshold=42516480 276825088 69206019 17049609 2222981220 524291 2631693 2049
shrinkage=0.135166


Tree=41
num_leaves=8
num_cat=3
split_feature=31 30 10 2 20 20 3
split_gain=1.54477 2.93863 2.25337 1.44576 2.45082 0.874044 0.115475
threshold=0 1 6.2500000000000009 2 221.50000000000003 1426.7500000000002 172.59550000000004
decision_type=5 5 2 5 2 2 2
left_child=5 2 -2 6 -5 -1 -3
right_child=1 3 -4 4 -6 -7 -8
leaf_value=-0.069076975550941389 -0.0072186600195296565 -0.0092075337821748583 -0.099840198963666443 0.00033333752253156604 0.035820383565040158 -0.0046410878363307654 -0.043832023069873792
leaf_count=369 409 108 230 1652 528 125 179
internal_value=0 0.0161354 -0.262784 0.0662828 0.100627 -0.225577 -0.149341
internal_count=3600 3106 639 2467 2180 494 287
cat_boundaries=0 5 12 15
cat_threshold=2485389588 1744968068 8352 32 2052 574384 245384339 10493956 16785409 33579008 130 4 1075970244 16785472 512
shrinkage=0.135166


Tree=42
num_leaves=7
num_cat=4
split_feature=30 2 30 10 6 34
split_gain=1.61952 1.57372 2.73929 1.7628 1.37377 1.36426
threshold=0 1 2 24.250000000000004 33.250000000000007 3
decision_type=5 5 5 2 2 5
left_child=-1 4 3 -3 -2 -4
right_child=1 2 5 -5 -6 -7
leaf_value=-0.034369503485039622 0.068247977795628759 -0.010963077157501997 -0.026382172373147657 -0.068635402854543628 0 0.011935656443574619
leaf_count=626 130 577 180 266 81 1740
internal_value=0 0.0133834 -0.022011 -0.209265 0.214851 0.0527369
internal_count=3600 2974 2763 843 211 1920
cat_boundaries=0 7 10 15 16
cat_threshold=51625 67126674 1081213952 145 100663296 536870914 4 17041408 2218786852 1024 8913424 195174925 8921124 2432836098 537927680 99840
shrinkage=0.135166


Tree=43
num_leaves=10
num_cat=3
split_feature=24 2 28 0 24 0 17 15 16
split_gain=1.35092 3.41897 3.00744 1.56726 2.93277 2.28237 1.03631 0.873604 0.495447
threshold=0 1 1223.5000000000002 4.7500000000000009 2 12.250000000000002 46.750000000000007 2830.0000000000005 43341.250000000007
decision_type=5 5 2 2 5 2 2 2 2
left_child=2 6 7 4 -3 -5 -2 -1 -8
right_child=1 3 -4 5 -6 -7 8 -9 -10
leaf_value=0.018364183069927313 -0.0047365105890722643 0.0087547432572194026 -0.017549580297294004 0.058575532900745478 -0.036988929520900264 -0.00067225302662627436 -0.081809775043483968 0.087218839945220186 -0.025665177576644761
leaf_count=115 189 1110 234 358 683 386 320 69 136
internal_value=0 -0.0550356 0.13706 0.0188117 -0.0500066 0.172833 -0.296998 0.435683 -0.483618
internal_count=3600 3182 418 2537 1793 744 645 184 456
cat_boundaries=0 2 4 6
cat_threshold=337924 18464 1628047040 2432704682 1073774659 1
shrinkage=0.135166


Tree=44
num_leaves=9
num_cat=3
split_feature=31 30 2 17 12 10 4 26
split_gain=1.47401 3.31654 2.68149 2.60187 4.86626 2.39652 1.37882 0.584441
threshold=0 1 2 69.250000000000014 1.7500000000000002 4.7500000000000009 35.47955000000001 12.250000000000002
decision_type=5 5 5 2 2 2 2 2
left_child=7 3 -3 6 -5 -4 -2 -1
right_child=1 2 5 4 -6 -7 -8 -9
leaf_value=0.053847618087509902 0.02107743155075693 0.024630199745566728 -0.01033052504792163 -0.06486976840552458 0.053346474442968167 -0.051592998477184848 0.081673014929610224 0.0021618042026587798
leaf_count=141 460 234 1399 194 85 839 130 118
internal_value=0 -0.0488585 -0.140517 0.123965 -0.11179 -0.196879 0.296902 0.182457
internal_count=3600 3341 2472 869 279 2238 590 259
cat_boundaries=0 3 12 15
cat_threshold=42516480 8389696 69468163 8978944 291643392 403211264 17563904 1091588100 16779392 0 0 1048576 16846976 8396836 512
shrinkage=0.135166


Tree=45
num_leaves=7
num_cat=4
split_feature=30 31 30 5 16 13
split_gain=1.42164 1.43934 2.59123 3.20614 1.43542 0.853595
threshold=0 1 2 3 9017.5000000000018 3.2500000000000004
decision_type=5 5 5 5 2 2
left_child=-1 5 4 -4 -3 -2
right_child=1 2 3 -5 -6 -7
leaf_value=-0.0306433467766043 0.00038918379319054843 -0.047663257886879834 0.018397909622052649 -0.027794533871873188 0.0097698729773249334 0.054157865120527504
leaf_count=575 135 787 1491 325 99 188
internal_value=0 0.0163312 -0.0210213 0.0517818 -0.210148 0.19425
internal_count=3600 3025 2702 1816 886 323
cat_boundaries=0 7 10 15 16
cat_threshold=35201 335564178 1081212928 270465 1174405120 545259522 4 42483776 276825120 2216689666 8413240 180564493 794892 2147614736 536879120 4219533
shrinkage=0.135166


Tree=46
num_leaves=8
num_cat=1
split_feature=10 2 10 29 11 26 10
split_gain=1.15337 1.45344 2.48858 2.2856 1.49987 1.42645 0.945241
threshold=523.75000000000011 0 171.25000000000003 8.5000000000000018 245.50000000000003 682.00000000000011 45.250000000000007
decision_type=2 5 2 2 2 2 2
left_child=1 3 5 6 -4 -3 -1
right_child=-2 2 4 -5 -6 -7 -8
leaf_value=-0.010676133875083423 -0.042844041824111424 -0.0032390377962290095 0.0044963500635320135 0.023832086532844691 0.087646510127117577 0.046629184327387239 -0.073323911099272346
leaf_count=222 140 2517 162 197 70 73 219
internal_value=0 0.00396817 0.0454945 -0.159027 0.389239 0.00188465 -0.372915
internal_count=3600 3460 2822 638 232 2590 441
cat_boundaries=0 3
cat_threshold=1684165780 2147491866 576
shrinkage=0.135166


Tree=47
num_leaves=6
num_cat=3
split_feature=30 31 24 25 20
split_gain=1.49441 1.62291 1.45656 2.70651 1.37208
threshold=0 1 2 52.425150000000009 6.2500000000000009
decision_type=5 5 5 2 2
left_child=-1 -2 4 -4 -3
right_child=1 2 3 -5 -6
leaf_value=-0.03678944453948834 -0.030992090181595582 0.0014048852136388046 0.0035820091171065 0.051815218661418853 -0.06413827622859794
leaf_count=571 329 242 1962 291 205
internal_value=0 0.0138531 0.0447476 0.0789261 -0.158297
internal_count=3600 3029 2700 2253 447
cat_boundaries=0 7 12 14
cat_threshold=35232 67126674 1081213952 8337 100663300 536870914 4 2216962064 1209010564 8224 49 4 298337824 537927683
shrinkage=0.135166


Tree=48
num_leaves=6
num_cat=4
split_feature=30 31 5 30 22
split_gain=1.47407 1.5453 1.41063 4.66206 3.22613
threshold=0 1 2 3 24.250000000000004
decision_type=5 5 5 5 2
left_child=-1 -2 4 -4 -3
right_child=1 2 3 -5 -6
leaf_value=-0.035447187223354756 -0.028764779505432023 0.045085705164690848 -0.034457377323505248 0.015481079636588421 -0.027647503080870588
leaf_count=540 374 501 711 1383 91
internal_value=0 0.0124969 0.044467 -0.0141532 0.16505
internal_count=3600 3060 2686 2094 592
cat_boundaries=0 7 12 13 19
cat_threshold=35232 77612434 1081221120 8337 101711872 536870914 4 2217019664 1209141636 8352 32 4 1091072688 25772034 184760833 786722 131586 8196 8388736
shrinkage=0.135166


Tree=49
num_leaves=6
num_cat=4
split_feature=30 31 5 30 20
split_gain=1.34482 1.55918 1.47041 3.1278 2.42947
threshold=0 1 2 3 1914.2500000000002
decision_type=5 5 5 5 2
left_child=-1 -2 4 -4 -3
right_child=1 2 3 -5 -6
leaf_value=-0.033424628246836528 -0.029778274791215191 0.047427940878361469 -0.030997783506490472 0.011078132842489282 -0.0061888378655795065
leaf_count=566 366 456 607 1359 246
internal_value=0 0.00908179 0.041063 -0.0216813 0.157869
internal_count=3600 3034 2668 1966 702
cat_boundaries=0 6 11 12 18
cat_threshold=2147518904 67126675 1089609728 8321 1174405120 536870914 2218000400 1746012548 8736 33 4 1091060362 8913412 18944524 263426 2147746306 1048596 128
shrinkage=0.135166


end of trees

feature importances:
c_02=74
c_table_1.c_3=28
n_table_1.n_7=25
c_table_1.c_2=22
n_1=19
n_table_1.n_20=19
c_table_1.c_5=16
n_table_1.n_16=16
n_table_1.n_6=12
n_table_1.n_9=12
c_table_2.c_2=12
n_table_1.n_15=10
n_table_1.n_17=7
n_table_2.n_6=7
n_table_1.n_1=6
n_table_1.n_2=6
n_table_1.n_5=6
n_table_1.n_26=6
n_table_2.n_2=6
n_table_3.n_3=6
n_table_1.n_11=5
n_table_1.n_18=5
n_table_1.n_27=5
n_table_1.n_3=4
n_table_1.n_10=4
n_table_1.n_12=4
n_table_3.n_2=4
n_table_1.n_19=2
n_table_1.n_8=2
n_table_3.n_5=1
c_table_2.c_5=1

parameters:
[boosting: gbdt]
[objective: binary]
[metric: auc]
[tree_learner: serial]
[device_type: cpu]
[data: ]
[valid: ]
[num_iterations: 100]
[learning_rate: 0.135166]
[num_leaves: 10]
[num_threads: 4]
[max_depth: 4]
[min_data_in_leaf: 20]
[min_sum_hessian_in_leaf: 8.16864]
[bagging_fraction: 0.9]
[bagging_freq: 55]
[bagging_seed: 3]
[feature_fraction: 0.8]
[feature_fraction_seed: 2]
[early_stopping_round: 0]
[max_delta_step: 0]
[lambda_l1: 0.314167]
[lambda_l2: 1.64411]
[min_gain_to_split: 0]
[drop_rate: 0.1]
[max_drop: 50]
[skip_drop: 0.5]
[xgboost_dart_mode: 0]
[uniform_drop: 0]
[drop_seed: 4]
[top_rate: 0.2]
[other_rate: 0.1]
[min_data_per_group: 100]
[max_cat_threshold: 32]
[cat_l2: 10]
[cat_smooth: 10]
[max_cat_to_onehot: 4]
[top_k: 20]
[monotone_constraints: ]
[feature_contri: ]
[forcedsplits_filename: ]
[refit_decay_rate: 0.9]
[verbosity: -1]
[max_bin: 255]
[min_data_in_bin: 3]
[bin_construct_sample_cnt: 200000]
[histogram_pool_size: -1]
[data_random_seed: 1]
[output_model: LightGBM_model.txt]
[snapshot_freq: -1]
[input_model: ]
[output_result: LightGBM_predict_result.txt]
[initscore_filename: ]
[valid_data_initscores: ]
[pre_partition: 0]
[enable_bundle: 1]
[max_conflict_rate: 0]
[is_enable_sparse: 1]
[sparse_threshold: 0.8]
[use_missing: 1]
[zero_as_missing: 0]
[two_round: 0]
[save_binary: 0]
[enable_load_from_binary_file: 1]
[header: 0]
[label_column: ]
[weight_column: ]
[group_column: ]
[ignore_column: ]
[categorical_feature: ]
[predict_raw_score: 0]
[predict_leaf_index: 0]
[predict_contrib: 0]
[num_iteration_predict: -1]
[pred_early_stop: 0]
[pred_early_stop_freq: 10]
[pred_early_stop_margin: 10]
[convert_model_language: ]
[convert_model: gbdt_prediction.cpp]
[num_class: 1]
[is_unbalance: 0]
[scale_pos_weight: 1]
[sigmoid: 1]
[boost_from_average: 1]
[reg_sqrt: 0]
[alpha: 0.9]
[fair_c: 1]
[poisson_max_delta_step: 0.7]
[tweedie_variance_power: 1.5]
[max_position: 20]
[label_gain: ]
[metric_freq: 1]
[is_provide_training_metric: 0]
[eval_at: ]
[num_machines: 1]
[local_listen_port: 12400]
[time_out: 120]
[machine_list_filename: ]
[machines: ]
[gpu_platform_id: -1]
[gpu_device_id: -1]
[gpu_use_dp: 0]

end of parameters

pandas_categorical:[[0, 1, 2], [0, 1, 2, 3, 4, 5, 6, 7, 8, 9, 10, 11, 12, 13, 14, 15, 16, 17, 18, 19, 20, 21, 22, 23, 24, 25, 26, 27, 28, 29, 30, 31, 32, 33, 34, 35, 36, 37, 38, 39, 40, 41, 42, 43, 44, 45, 46, 47, 48, 49, 50, 51, 52, 53, 54, 55, 56, 57, 58, 59, 60, 61, 62, 63, 64, 65, 66, 67, 68, 69, 70, 71, 72, 73, 74, 75, 76, 77, 78, 79, 80, 81, 82, 83, 84, 85, 86, 87, 88, 89, 90, 91, 92, 93, 94, 95, 96, 97, 98, 99, 100, 101, 102, 103, 104, 105, 106, 107, 108, 109, 110, 111, 112, 113, 114, 115, 116, 117, 118, 119, 120, 121, 122, 123, 124, 125, 126, 127, 128, 129, 130, 131, 132, 133, 134, 135, 136, 137, 138, 139, 140, 141, 142, 143, 144, 145, 146, 147, 148, 149, 150, 151, 152, 153, 154, 155, 156, 157, 158, 159, 160, 161, 162, 163, 164, 165, 166, 167, 168, 169, 170, 171, 172, 173, 174, 175], [0, 1, 2, 3, 4, 5, 6, 7, 8, 9, 10, 11, 12, 13, 14, 15, 16, 17, 18, 19, 20, 21, 22, 23, 24, 25, 26, 27, 28, 29, 30, 31, 32, 33, 34, 35, 36, 37, 38, 39, 40, 41, 42, 43, 44, 45, 46, 47, 48, 49, 50, 51, 52, 53], [0, 1, 2, 3, 4, 5, 6, 7, 8, 9, 10, 11, 12, 13, 14, 15], [0, 1], [0, 1, 2, 3, 4, 5, 6, 7, 8, 9, 10, 11, 12, 13, 14, 15, 16, 17, 18, 19, 20, 21, 22, 23, 24, 25, 26, 27, 28, 29, 30, 31, 32, 33, 34, 35, 36, 37, 38, 39, 40, 41, 42, 43, 44, 45, 46, 47, 48, 49, 50, 51, 52, 53, 54, 55, 56, 57, 58, 59, 60, 61, 62, 63, 64, 65, 66, 67, 68, 69, 70, 71, 72, 73, 74, 75, 76, 77, 78, 79, 80, 81, 82, 83, 84, 85, 86, 87, 88, 89, 90, 91, 92, 93, 94, 95, 96, 97, 98], [0, 1, 2, 3, 4, 5, 6, 7, 8, 9, 10, 11, 12, 13, 14, 15, 16, 17, 18, 19, 20, 21, 22, 23, 24, 25, 26, 27, 28, 29, 30, 31, 32, 33, 34, 35, 36, 37, 38, 39, 40, 41, 42, 43, 44, 45, 46, 47, 48, 49, 50, 51, 52, 53, 54, 55, 56, 57, 58, 59, 60, 61, 62, 63, 64, 65, 66, 67, 68, 69, 70, 71, 72, 73, 74, 75, 76, 77, 78, 79, 80, 81, 82, 83, 84, 85, 86, 87, 88, 89, 90, 91, 92, 93, 94, 95, 96, 97, 98, 99, 100, 101, 102, 103, 104, 105, 106, 107, 108, 109, 110, 111, 112, 113, 114, 115, 116, 117, 118, 119, 120, 121, 122, 123, 124, 125, 126, 127, 128, 129, 130, 131, 132, 133, 134, 135, 136, 137, 138, 139, 140, 141, 142, 143, 144, 145, 146, 147, 148, 149, 150, 151, 152, 153, 154, 155, 156, 157, 158, 159, 160, 161, 162, 163, 164, 165, 166, 167, 168, 169, 170, 171, 172, 173, 174, 175, 176, 177, 178, 179, 180, 181, 182, 183, 184, 185, 186, 187, 188, 189, 190, 191, 192, 193, 194, 195, 196, 197, 198, 199, 200, 201, 202, 203, 204, 205, 206, 207, 208, 209, 210, 211, 212, 213, 214, 215, 216, 217, 218, 219, 220, 221, 222, 223, 224, 225, 226, 227, 228, 229, 230, 231, 232, 233, 234, 235, 236, 237, 238, 239, 240, 241, 242, 243, 244, 245, 246, 247, 248, 249, 250, 251, 252, 253, 254, 255, 256, 257, 258, 259, 260, 261, 262, 263, 264, 265, 266, 267, 268, 269, 270, 271, 272, 273, 274, 275, 276, 277, 278, 279, 280, 281, 282, 283, 284, 285, 286, 287, 288, 289, 290, 291, 292, 293, 294, 295, 296, 297, 298, 299, 300, 301, 302, 303, 304, 305, 306, 307, 308, 309, 310, 311, 312, 313, 314, 315, 316, 317, 318, 319, 320, 321, 322, 323, 324, 325, 326, 327, 328, 329, 330, 331, 332, 333, 334, 335, 336, 337], [0, 1, 2, 3, 4, 5, 6, 7, 8, 9, 10, 11, 12, 13, 14, 15, 16, 17, 18, 19, 20, 21, 22, 23, 24, 25, 26, 27, 28, 29, 30, 31, 32, 33, 34, 35, 36, 37, 38, 39, 40, 41, 42, 43, 44, 45, 46, 47, 48, 49, 50, 51, 52, 53, 54, 55, 56, 57, 58, 59, 60, 61, 62, 63, 64, 65, 66, 67, 68, 69, 70, 71, 72, 73, 74, 75, 76, 77, 78, 79, 80, 81, 82, 83, 84, 85, 86, 87, 88, 89, 90, 91, 92, 93, 94, 95, 96, 97, 98, 99, 100, 101, 102, 103, 104, 105, 106, 107, 108, 109, 110, 111, 112, 113, 114, 115, 116, 117, 118, 119, 120, 121, 122, 123, 124, 125, 126, 127, 128, 129, 130, 131, 132, 133, 134, 135, 136, 137, 138, 139, 140, 141, 142, 143, 144, 145, 146, 147, 148, 149, 150, 151, 152, 153, 154, 155, 156, 157, 158, 159, 160, 161, 162, 163, 164, 165, 166, 167, 168, 169, 170, 171, 172, 173, 174, 175, 176, 177, 178, 179, 180, 181, 182, 183, 184, 185, 186, 187, 188, 189, 190, 191, 192, 193, 194, 195, 196, 197, 198, 199, 200, 201, 202, 203, 204, 205, 206], [0, 1, 2, 3, 4, 5, 6, 7, 8, 9, 10, 11, 12, 13, 14, 15, 16, 17, 18, 19, 20, 21, 22, 23, 24, 25, 26, 27, 28, 29, 30]]
