tree
version=v2
num_class=1
num_tree_per_iteration=1
label_index=0
max_feature_idx=36
objective=binary sigmoid:1
feature_names=n_1 c_table_1.c_1 c_table_1.c_2 n_table_1.n_1 n_table_1.n_2 c_table_1.c_5 n_table_1.n_3 c_table_1.c_6 n_table_1.n_5 n_table_1.n_6 n_table_1.n_7 n_table_1.n_9 n_table_1.n_10 n_table_1.n_11 n_table_1.n_12 n_table_1.n_15 n_table_1.n_16 n_table_1.n_17 n_table_1.n_18 n_table_1.n_19 n_table_1.n_20 n_table_1.n_26 n_table_1.n_27 c_table_2.c_1 c_table_2.c_2 n_table_2.n_2 n_table_2.n_6 n_table_3.n_2 n_table_3.n_3 n_table_3.n_5 c_02 c_table_1.c_3 n_table_1.n_8 n_table_1.n_25 c_table_2.c_5 n_table_2.n_9 n_table_2.n_13
feature_infos=[1:62.5] 1:0 2:0:6:10:16:17:29:9:7:24:13:37:14:15:12:11:18:45:33:19:56:63:60:26:73:38:3:55:54:64:4:70:83:20:22:34:30:21:36:39:58:65:68:74:35:47:71:57:114:1:32:44:59:134:31:53:78:139:8:48:81:85:94:111:119:27:28:42:69:82:90:92:104:105:106:115:128:144:23:46:49:50:52:75:79:80:98:103:116:122:25:40:43:72:86:93:96:97:99:107:112:118:127:129:133:146:152:164 [-183.91200000000001:227.50999999999999] [-49.719499999999996:78.390000000000001] 3:0:5:13:14:7:1:9:11:19:8:24:4:17:30:22:12:2:15:10:20:23:41:21:34:37:6:27:33:39:40:45:18:32:35:36:49 [1:175] 1:0:2:3:4:7:8:9:13:5:6:10:11:12 [1:24272.5] [1:46363] [1:2995] [1:2481850] [1:70] [1:6121] [1:7070.5] [1:423494] [1:313693] [1:372140] [1:441384] [1:1178200] [1:18856] [1:121640] [1:151] 1:0 1:3:5:15:8:16:19:30:37:0:13:6:9:2:14:46:21:27:18:32:23:33:61:4:11:52:24:10:43:28:22:34:35:45:20:36:7:42:56:40:53:54:63:75:12:17:26:41:51:71:48:49:25:31:39:50:64:78:47:57:59:60:65:67:76:89 [-55.711999999999996:81.846299999999999] [1:3170.5] [1:1061.5] [1:540979] [1:435418] 2:1:13:49:27:74:9:45:20:19:0:41:72:44:33:113:127:130:54:56:15:51:104:31:34:83:53:35:92:65:3:23:39:42:48:79:132:82:99:96:142:14:36:105:114:167:43:57:148:153:158:161:52:58:77:152:183:5:7:32:140:141:24:46:97:69:8:16:60:109:157:55:124:137:154:59:91:115:191:194:67:81:100:120:4:66:84:85:87:89:171:203:10:22:25:50:86:94:133:184:189:276:11:26:40:76:78:103:232:240:38:88:108:111:121:122:165:197:218:28:63:107:128:150:156:159:170:201:225:235:253:18:112:123:164:169:182:196:207:30:64:106:134:139:143:147:173:211:224:231:234:17:29:80:131:145:168:178:206:228:250:275:37:47:62:68:73:101:117:126:149:202:208:209:216:222:237:239:251:265:267:61:75:98:125:129:135:138:144:160:162:163:175:176:180:181:192:193:198:205:212:220:245:247:255:268:277:297:299:303:317 6:0:24:20:37:8:65:100:17:44:16:83:31:77:14:76:95:21:73:42:34:101:85:2:13:25:39:18:43:52:60:62:71:59:69:4:40:55:123:130:26:28:15:19:96:23:38:61:90:11:49:63:66:67:72:82:111:139:64:74:121:33:36:3:102:145:9:12:51:53:88:92:7:47:118:140:29:30:32:35:56:106:113:117:141:152:27:48:79:91:99:105:114:122:132:134:138:149:167:41:54:70:86:107:116:120:124:125:129:131:133:142:144:147:157:162:163:170:1:5:45:46:50:57:68:80:84:89:94:97:103:115:135:137:143:159:161:168:176 [1:517224] [1:38.5] 1:0:6:7:9:10:15:11:4:14:12:2:13:5:16:22:3:8:18:17:20:23:19:28 [1:91] [1:273895]
tree_sizes=1183 1185 1187 1326 1170 990 1172 1123

Tree=0
num_leaves=13
num_cat=3
split_feature=30 18 18 22 8 20 30 3 25 26 3 30
split_gain=92.1223 23.7848 17.8408 14.066 6.8338 5.5456 4.0943 3.23865 2.15252 1.30696 0.560709 0.43697
threshold=0 15357.250000000002 20951.500000000004 61.750000000000007 19.750000000000004 1525.0000000000002 1 133.64600000000004 45.164700000000003 254.50000000000003 171.30450000000005 2
decision_type=5 2 2 2 2 2 5 2 2 2 2 5
left_child=2 6 4 5 7 -3 10 -1 -7 -8 11 -2
right_child=1 3 -4 -5 -6 8 9 -9 -10 -11 -12 -13
leaf_value=-2.3790286683399562 -2.6626156683726347 -2.4037687763935054 -1.9034134371041291 -2.1780571057807436 -2.065954927373856 -2.6178251095094844 -2.7927324878756785 -2.5932347918935106 -2.8031382954869493 -2.6178251095094844 -2.5492842618773301 -2.6148817735894707
leaf_count=364 111 83 108 87 74 144 1692 156 85 67 76 153
internal_value=0 -0.382184 1.10807 0.446857 1.00339 0 -0.579586 0.756275 -0.281331 -0.633481 -0 -0.0928378
internal_count=3200 2498 702 399 594 312 2099 520 229 1759 340 264
cat_boundaries=0 6 12 15
cat_threshold=16777230 23068680 402948096 2164392192 17829888 16777344 8389121 270073856 524320 269221896 16900 2147483648 8389120 589824 524288
shrinkage=1


Tree=1
num_leaves=14
num_cat=2
split_feature=2 31 11 27 10 26 0 11 11 15 18 10 13
split_gain=27.9903 7.4972 7.33081 6.9062 6.50998 6.5191 5.50621 4.92249 3.15936 2.20243 1.53763 0.874775 0.672367
threshold=0 1 213853.50000000003 3.2500000000000004 3.2500000000000004 304.75000000000006 16.750000000000004 2422.0000000000005 7.0000000000000009 15843.250000000002 296.50000000000006 16.750000000000004 160.00000000000003
decision_type=5 5 2 2 2 2 2 2 2 2 2 2 2
left_child=2 9 4 8 5 6 -1 10 -3 -2 -5 -10 -6
right_child=1 3 -4 7 12 -7 -8 -9 11 -11 -12 -13 -14
leaf_value=-0.088224519508276519 -0.15926695165729582 0 0.20892987750812056 -0.11304530200267342 -0.21037349152308971 0.18205979541632461 0.11029515347670114 0.22884759641095903 0.055750104313120462 0 0.036490665557969225 0.32796371356474807 -0.036670958196376273
leaf_count=1446 103 72 52 97 407 79 119 85 56 134 133 305 112
internal_value=0 0.459743 -0.281904 0.645185 -0.352175 -0.20399 -0.278448 0.23051 1.08146 -0.123154 -0.0140102 1.2174 -0.752076
internal_count=3200 985 2215 748 2163 1644 1565 315 433 237 230 361 519
cat_boundaries=0 3 8
cat_threshold=1145722069 16785554 512 3549184 4096 532512 0 4
shrinkage=0.24562


Tree=2
num_leaves=14
num_cat=2
split_feature=24 16 0 9 26 8 0 24 10 3 0 15 9
split_gain=15.5958 18.843 9.26564 6.13834 4.35895 3.80806 5.27037 4.08452 3.84793 2.8292 0.785645 0.134448 0.024097
threshold=0 16051.750000000002 1.7500000000000002 66.250000000000014 230.50000000000003 1.7500000000000002 16.750000000000004 1 33.250000000000007 159.86700000000005 19.750000000000004 4.7500000000000009 22.750000000000004
decision_type=5 2 2 2 2 2 2 5 2 2 2 2 2
left_child=4 5 3 12 10 6 7 -2 -7 -10 11 -1 -3
right_child=1 2 -4 -5 -6 8 -8 -9 9 -11 -12 -13 -14
leaf_value=-0.11221214710447953 0.051318474080396748 0.01494198445772631 0.56219071765608575 0.28864227036459428 0.05048834080582127 0.20167851738580417 0.17698509656740891 -0.063226202193409936 0.16019593200401094 -0.036292515600133086 -0.00013102928576347894 -0.22464027062092409 -0.004201958649813404
leaf_count=456 214 71 43 80 62 121 81 1312 71 231 99 284 75
internal_value=0 0.140733 0.97468 0.530613 -0.448352 -0 -0.0989533 -0.173631 0.301287 0 -0.631057 -0.688091 0
internal_count=3200 2299 269 226 901 2030 1607 1526 423 302 839 740 146
cat_boundaries=0 2 4
cat_threshold=1103643449 1048590 2367492 18465
shrinkage=0.24562


Tree=3
num_leaves=15
num_cat=3
split_feature=30 30 2 22 28 26 26 11 0 0 20 0 27 15
split_gain=38.1627 12.7791 8.06661 6.37383 2.57265 1.79101 1.60367 1.03737 7.55608 4.80277 1.78096 1.5859 0.900295 0.496042
threshold=0 1 2 67.750000000000014 337.00000000000006 241.75000000000003 16.750000000000004 49.750000000000007 9.2500000000000018 3.2500000000000004 603.25000000000011 16.750000000000004 7.7500000000000009 9237.2500000000018
decision_type=5 5 5 2 2 2 2 2 2 2 2 2 2 2
left_child=7 -2 5 4 -4 6 -3 9 10 12 -9 -11 -1 -12
right_child=1 2 3 -5 -6 -7 -8 8 -10 11 13 -13 -14 -15
leaf_value=0.19870714011056534 -0.17131019687288435 -0.050025416616437696 0.083805075163835674 0.31391397452915415 -0.05345764859615363 0.0061381766492265791 -0.17300095953696049 0.22347672767352353 0.42794794925646856 -0.082864401429902437 0.086935564842758162 0.081078072623545036 0 -0
leaf_count=283 903 603 287 53 193 67 308 69 71 111 37 63 69 83
internal_value=0 -0.315926 -0.0451602 0.261498 0.0927036 -0.284304 -0.40359 0.562642 0.877587 0.444255 0.413352 -0 0.705868 0.0816842
internal_count=3200 2414 1511 533 480 978 911 786 260 526 189 174 352 120
cat_boundaries=0 6 13 16
cat_threshold=2172649486 18874376 402915584 2433351936 16781828 2164260992 135324064 100691603 2237440 8193 1107304448 2 4 67322501 16785408 64
shrinkage=0.24562


Tree=4
num_leaves=13
num_cat=3
split_feature=30 30 18 32 18 18 16 2 20 0 0 3
split_gain=27.0052 9.18825 7.51921 3.96733 3.07791 2.90402 3.09768 2.65895 2.22735 1.92965 1.69972 0.00756619
threshold=0 1 15357.250000000002 122.50000000000001 2335.7500000000005 39627.250000000007 17944.750000000004 2 323.50000000000006 19.750000000000004 3.2500000000000004 157.28700000000003
decision_type=5 5 2 2 2 2 2 5 2 2 2 2
left_child=9 3 4 8 7 -4 -7 -3 10 -1 -2 -6
right_child=1 2 5 -5 11 6 -8 -9 -10 -11 -12 -13
leaf_value=-0.22078846149440631 0.13935310013702626 -0.04604088574640685 0.25432856942451831 -0.0084652240117253173 -0.01157349336287956 -0.098203367792007099 0.10670853943348528 0.045637625682697178 0.23666794829855514 -0 0 -0.20396542601884932
leaf_count=799 240 975 78 50 72 52 143 267 157 91 148 128
internal_value=0 0.166819 -0.0133232 0.456547 -0.182614 0.444919 0.137823 -0.0722177 0.630661 -0.660235 0.384903 -0.6661
internal_count=3200 2310 1715 595 1442 273 195 1242 545 890 388 200
cat_boundaries=0 7 13 15
cat_threshold=135324064 100756883 2237440 8193 1107304448 2 4 8388622 16777224 402653184 2164916480 16781312 16777344 136385 8192
shrinkage=0.24562


Tree=5
num_leaves=11
num_cat=4
split_feature=30 31 5 30 10 10 28 13 0 12
split_gain=18.6422 6.2027 7.46809 11.5823 3.76125 5.1854 3.38044 2.40426 1.65243 1.64731
threshold=0 1 2 3 553.75000000000011 171.25000000000003 10891.000000000002 7.7500000000000009 19.750000000000004 3.2500000000000004
decision_type=5 5 5 5 2 2 2 2 2 2
left_child=8 9 4 7 5 -3 -5 -4 -1 -2
right_child=1 2 3 6 -6 -7 -8 -9 -10 -11
leaf_value=-0.21049061826612406 -0.18196303278313022 0.11544976009147928 0.12506197770633898 -0.031408940097426577 -0 0.37844350249044584 -0.19005916065756862 -0 -0 -0
leaf_count=804 175 360 499 742 39 70 270 65 91 85
internal_value=0 0.120524 0.196697 0.0197615 0.509723 0.730092 -0.263953 0.34492 -0.599296 -0.323167
internal_count=3200 2305 2045 1576 469 430 1012 564 895 260
cat_boundaries=0 7 12 13 19
cat_threshold=135324064 109079703 9220 8193 1644175360 2 4 2149728336 1207959684 8192 134217760 4 4743858 2164261391 4194312 268468224 2416050440 17846272 128
shrinkage=0.24562


Tree=6
num_leaves=14
num_cat=3
split_feature=31 28 2 15 15 0 18 24 0 18 3 3 28
split_gain=8.35056 3.53631 3.26777 2.53683 2.24831 2.24138 2.2613 1.84707 1.82527 1.42121 1.1373 0.548864 0.11211
threshold=0 16.750000000000004 1 25468.000000000004 34464.250000000007 4.7500000000000009 15112.000000000002 2 16.750000000000004 73261.750000000015 115.98700000000001 175.94800000000001 12859.750000000002
decision_type=5 2 5 2 2 2 2 5 2 2 2 2 2
left_child=1 5 9 7 -5 6 -1 10 -9 -2 -4 -6 -3
right_child=2 12 3 4 11 -7 -8 8 -10 -11 -12 -13 -14
leaf_value=0.17145547840668021 -0.19518030088335597 -0.037140311032138669 0.076838424277199641 0.21301305547771285 -0.01951450486043305 0.32294529860078153 0 -0.060465443999148057 0.025434331908389961 -0 -0.018036023213518448 0.058813520546518429 0.0017410835038610131
leaf_count=135 317 64 265 29 114 54 85 1669 144 65 84 93 82
internal_value=0 0.350937 -0.133376 -0.0516433 0.235866 0.650978 0.364857 -0.11996 -0.173242 -0.441377 0.0976895 0 -0
internal_count=3200 420 2780 2398 236 274 220 2162 1813 382 349 207 146
cat_boundaries=0 3 6 8
cat_threshold=59359488 276825184 2216693760 67818632 16785410 1 286733 33
shrinkage=0.24562


Tree=7
num_leaves=12
num_cat=4
split_feature=30 30 2 16 30 0 4 26 0 17 4
split_gain=10.2554 4.58057 3.37366 2.87391 4.04743 2.99459 1.33479 1.45023 1.1339 1.10514 0.470798
threshold=0 1 2 20340.250000000004 3 1.7500000000000002 45.682150000000007 6.2500000000000009 19.750000000000004 1954.7500000000002 46.565800000000003
decision_type=5 5 5 2 5 2 2 2 2 2 2
left_child=8 6 9 4 -4 -5 -2 -8 -1 10 -3
right_child=1 2 3 5 -6 -7 7 -9 -10 -11 -12
leaf_value=-0.19333184528739855 -0.09898652021028212 -0.068311813479158628 -0.052465820897911235 0.064590037871216435 0.058521871643883464 0.34362030981546043 0.06304384187742601 -0.097060269546904526 -0 -0.15593938535125354 0.037467455479118748
leaf_count=712 445 65 211 124 1161 22 107 110 91 104 48
internal_value=0 0.0731653 0.163508 0.227298 0.158144 0.626875 -0.197362 -0 -0.502436 -0.183969 -0
internal_count=3200 2397 1735 1518 1372 146 662 217 803 217 113
cat_boundaries=0 6 13 16 22
cat_threshold=135324032 67136659 9216 8193 1107296256 545259522 561 176886532 2260998 16 605052944 0 4 67944600 16785410 513 2147483648 6291456 262432 2147484170 0 128
shrinkage=0.24562


end of trees

feature importances:
n_1=14
c_02=12
n_table_1.n_18=8
n_table_1.n_1=6
n_table_2.n_6=6
c_table_1.c_2=5
n_table_1.n_7=5
n_table_1.n_15=5
n_table_1.n_9=4
n_table_3.n_3=4
n_table_1.n_16=3
n_table_1.n_20=3
c_table_2.c_2=3
c_table_1.c_3=3
n_table_1.n_2=2
n_table_1.n_5=2
n_table_1.n_6=2
n_table_1.n_11=2
n_table_1.n_27=2
n_table_3.n_2=2
c_table_1.c_5=1
n_table_1.n_10=1
n_table_1.n_17=1
n_table_2.n_2=1
n_table_1.n_8=1

parameters:
[boosting: gbdt]
[objective: binary]
[metric: auc]
[tree_learner: serial]
[device_type: cpu]
[data: ]
[valid: ]
[num_iterations: 100]
[learning_rate: 0.24562]
[num_leaves: 55]
[num_threads: 4]
[max_depth: 5]
[min_data_in_leaf: 20]
[min_sum_hessian_in_leaf: 4.14051]
[bagging_fraction: 0.8]
[bagging_freq: 44]
[bagging_seed: 3]
[feature_fraction: 0.7]
[feature_fraction_seed: 2]
[early_stopping_round: 0]
[max_delta_step: 0]
[lambda_l1: 1.35423]
[lambda_l2: 0.479101]
[min_gain_to_split: 0]
[drop_rate: 0.1]
[max_drop: 50]
[skip_drop: 0.5]
[xgboost_dart_mode: 0]
[uniform_drop: 0]
[drop_seed: 4]
[top_rate: 0.2]
[other_rate: 0.1]
[min_data_per_group: 100]
[max_cat_threshold: 32]
[cat_l2: 10]
[cat_smooth: 10]
[max_cat_to_onehot: 4]
[top_k: 20]
[monotone_constraints: ]
[feature_contri: ]
[forcedsplits_filename: ]
[refit_decay_rate: 0.9]
[verbosity: -1]
[max_bin: 255]
[min_data_in_bin: 3]
[bin_construct_sample_cnt: 200000]
[histogram_pool_size: -1]
[data_random_seed: 1]
[output_model: LightGBM_model.txt]
[snapshot_freq: -1]
[input_model: ]
[output_result: LightGBM_predict_result.txt]
[initscore_filename: ]
[valid_data_initscores: ]
[pre_partition: 0]
[enable_bundle: 1]
[max_conflict_rate: 0]
[is_enable_sparse: 1]
[sparse_threshold: 0.8]
[use_missing: 1]
[zero_as_missing: 0]
[two_round: 0]
[save_binary: 0]
[enable_load_from_binary_file: 1]
[header: 0]
[label_column: ]
[weight_column: ]
[group_column: ]
[ignore_column: ]
[categorical_feature: ]
[predict_raw_score: 0]
[predict_leaf_index: 0]
[predict_contrib: 0]
[num_iteration_predict: -1]
[pred_early_stop: 0]
[pred_early_stop_freq: 10]
[pred_early_stop_margin: 10]
[convert_model_language: ]
[convert_model: gbdt_prediction.cpp]
[num_class: 1]
[is_unbalance: 0]
[scale_pos_weight: 1]
[sigmoid: 1]
[boost_from_average: 1]
[reg_sqrt: 0]
[alpha: 0.9]
[fair_c: 1]
[poisson_max_delta_step: 0.7]
[tweedie_variance_power: 1.5]
[max_position: 20]
[label_gain: ]
[metric_freq: 1]
[is_provide_training_metric: 0]
[eval_at: ]
[num_machines: 1]
[local_listen_port: 12400]
[time_out: 120]
[machine_list_filename: ]
[machines: ]
[gpu_platform_id: -1]
[gpu_device_id: -1]
[gpu_use_dp: 0]

end of parameters

pandas_categorical:[[0, 1, 2], [0, 1, 2, 3, 4, 5, 6, 7, 8, 9, 10, 11, 12, 13, 14, 15, 16, 17, 18, 19, 20, 21, 22, 23, 24, 25, 26, 27, 28, 29, 30, 31, 32, 33, 34, 35, 36, 37, 38, 39, 40, 41, 42, 43, 44, 45, 46, 47, 48, 49, 50, 51, 52, 53, 54, 55, 56, 57, 58, 59, 60, 61, 62, 63, 64, 65, 66, 67, 68, 69, 70, 71, 72, 73, 74, 75, 76, 77, 78, 79, 80, 81, 82, 83, 84, 85, 86, 87, 88, 89, 90, 91, 92, 93, 94, 95, 96, 97, 98, 99, 100, 101, 102, 103, 104, 105, 106, 107, 108, 109, 110, 111, 112, 113, 114, 115, 116, 117, 118, 119, 120, 121, 122, 123, 124, 125, 126, 127, 128, 129, 130, 131, 132, 133, 134, 135, 136, 137, 138, 139, 140, 141, 142, 143, 144, 145, 146, 147, 148, 149, 150, 151, 152, 153, 154, 155, 156, 157, 158, 159, 160, 161, 162, 163, 164, 165, 166, 167, 168, 169, 170, 171, 172, 173, 174, 175], [0, 1, 2, 3, 4, 5, 6, 7, 8, 9, 10, 11, 12, 13, 14, 15, 16, 17, 18, 19, 20, 21, 22, 23, 24, 25, 26, 27, 28, 29, 30, 31, 32, 33, 34, 35, 36, 37, 38, 39, 40, 41, 42, 43, 44, 45, 46, 47, 48, 49, 50, 51, 52, 53], [0, 1, 2, 3, 4, 5, 6, 7, 8, 9, 10, 11, 12, 13, 14, 15], [0, 1], [0, 1, 2, 3, 4, 5, 6, 7, 8, 9, 10, 11, 12, 13, 14, 15, 16, 17, 18, 19, 20, 21, 22, 23, 24, 25, 26, 27, 28, 29, 30, 31, 32, 33, 34, 35, 36, 37, 38, 39, 40, 41, 42, 43, 44, 45, 46, 47, 48, 49, 50, 51, 52, 53, 54, 55, 56, 57, 58, 59, 60, 61, 62, 63, 64, 65, 66, 67, 68, 69, 70, 71, 72, 73, 74, 75, 76, 77, 78, 79, 80, 81, 82, 83, 84, 85, 86, 87, 88, 89, 90, 91, 92, 93, 94, 95, 96, 97, 98], [0, 1, 2, 3, 4, 5, 6, 7, 8, 9, 10, 11, 12, 13, 14, 15, 16, 17, 18, 19, 20, 21, 22, 23, 24, 25, 26, 27, 28, 29, 30, 31, 32, 33, 34, 35, 36, 37, 38, 39, 40, 41, 42, 43, 44, 45, 46, 47, 48, 49, 50, 51, 52, 53, 54, 55, 56, 57, 58, 59, 60, 61, 62, 63, 64, 65, 66, 67, 68, 69, 70, 71, 72, 73, 74, 75, 76, 77, 78, 79, 80, 81, 82, 83, 84, 85, 86, 87, 88, 89, 90, 91, 92, 93, 94, 95, 96, 97, 98, 99, 100, 101, 102, 103, 104, 105, 106, 107, 108, 109, 110, 111, 112, 113, 114, 115, 116, 117, 118, 119, 120, 121, 122, 123, 124, 125, 126, 127, 128, 129, 130, 131, 132, 133, 134, 135, 136, 137, 138, 139, 140, 141, 142, 143, 144, 145, 146, 147, 148, 149, 150, 151, 152, 153, 154, 155, 156, 157, 158, 159, 160, 161, 162, 163, 164, 165, 166, 167, 168, 169, 170, 171, 172, 173, 174, 175, 176, 177, 178, 179, 180, 181, 182, 183, 184, 185, 186, 187, 188, 189, 190, 191, 192, 193, 194, 195, 196, 197, 198, 199, 200, 201, 202, 203, 204, 205, 206, 207, 208, 209, 210, 211, 212, 213, 214, 215, 216, 217, 218, 219, 220, 221, 222, 223, 224, 225, 226, 227, 228, 229, 230, 231, 232, 233, 234, 235, 236, 237, 238, 239, 240, 241, 242, 243, 244, 245, 246, 247, 248, 249, 250, 251, 252, 253, 254, 255, 256, 257, 258, 259, 260, 261, 262, 263, 264, 265, 266, 267, 268, 269, 270, 271, 272, 273, 274, 275, 276, 277, 278, 279, 280, 281, 282, 283, 284, 285, 286, 287, 288, 289, 290, 291, 292, 293, 294, 295, 296, 297, 298, 299, 300, 301, 302, 303, 304, 305, 306, 307, 308, 309, 310, 311, 312, 313, 314, 315, 316, 317, 318, 319, 320, 321, 322, 323, 324, 325, 326, 327, 328, 329, 330, 331, 332, 333, 334, 335, 336, 337], [0, 1, 2, 3, 4, 5, 6, 7, 8, 9, 10, 11, 12, 13, 14, 15, 16, 17, 18, 19, 20, 21, 22, 23, 24, 25, 26, 27, 28, 29, 30, 31, 32, 33, 34, 35, 36, 37, 38, 39, 40, 41, 42, 43, 44, 45, 46, 47, 48, 49, 50, 51, 52, 53, 54, 55, 56, 57, 58, 59, 60, 61, 62, 63, 64, 65, 66, 67, 68, 69, 70, 71, 72, 73, 74, 75, 76, 77, 78, 79, 80, 81, 82, 83, 84, 85, 86, 87, 88, 89, 90, 91, 92, 93, 94, 95, 96, 97, 98, 99, 100, 101, 102, 103, 104, 105, 106, 107, 108, 109, 110, 111, 112, 113, 114, 115, 116, 117, 118, 119, 120, 121, 122, 123, 124, 125, 126, 127, 128, 129, 130, 131, 132, 133, 134, 135, 136, 137, 138, 139, 140, 141, 142, 143, 144, 145, 146, 147, 148, 149, 150, 151, 152, 153, 154, 155, 156, 157, 158, 159, 160, 161, 162, 163, 164, 165, 166, 167, 168, 169, 170, 171, 172, 173, 174, 175, 176, 177, 178, 179, 180, 181, 182, 183, 184, 185, 186, 187, 188, 189, 190, 191, 192, 193, 194, 195, 196, 197, 198, 199, 200, 201, 202, 203, 204, 205, 206], [0, 1, 2, 3, 4, 5, 6, 7, 8, 9, 10, 11, 12, 13, 14, 15, 16, 17, 18, 19, 20, 21, 22, 23, 24, 25, 26, 27, 28, 29, 30]]
