tree
version=v2
num_class=1
num_tree_per_iteration=1
label_index=0
max_feature_idx=36
objective=binary sigmoid:1
feature_names=n_1 c_table_1.c_1 c_table_1.c_2 n_table_1.n_1 n_table_1.n_2 c_table_1.c_5 n_table_1.n_3 c_table_1.c_6 n_table_1.n_5 n_table_1.n_6 n_table_1.n_7 n_table_1.n_9 n_table_1.n_10 n_table_1.n_11 n_table_1.n_12 n_table_1.n_15 n_table_1.n_16 n_table_1.n_17 n_table_1.n_18 n_table_1.n_19 n_table_1.n_20 n_table_1.n_26 n_table_1.n_27 c_table_2.c_1 c_table_2.c_2 n_table_2.n_2 n_table_2.n_6 n_table_3.n_2 n_table_3.n_3 n_table_3.n_5 c_02 c_table_1.c_3 n_table_1.n_8 n_table_1.n_25 c_table_2.c_5 n_table_2.n_9 n_table_2.n_13
feature_infos=[1:62.5] 1:0 2:0:6:10:16:17:29:9:7:24:13:37:14:15:12:11:18:45:33:19:56:63:60:26:73:38:3:55:54:64:4:70:83:20:22:34:30:21:36:39:58:65:68:74:35:47:71:57:114:1:32:44:59:134:31:53:78:139:8:48:81:85:94:111:119:27:28:42:69:82:90:92:104:105:106:115:128:144:23:46:49:50:52:75:79:80:98:103:116:122:25:40:43:72:86:93:96:97:99:107:112:118:127:129:133:146:152:164 [-183.91200000000001:227.50999999999999] [-49.719499999999996:78.390000000000001] 3:0:5:13:14:7:1:9:11:19:8:24:4:17:30:22:12:2:15:10:20:23:41:21:34:37:6:27:33:39:40:45:18:32:35:36:49 [1:175] 1:0:2:3:4:7:8:9:13:5:6:10:11:12 [1:24272.5] [1:46363] [1:2995] [1:2481850] [1:70] [1:6121] [1:7070.5] [1:423494] [1:313693] [1:372140] [1:441384] [1:1178200] [1:18856] [1:121640] [1:151] 1:0 1:3:5:15:8:16:19:30:37:0:13:6:9:2:14:46:21:27:18:32:23:33:61:4:11:52:24:10:43:28:22:34:35:45:20:36:7:42:56:40:53:54:63:75:12:17:26:41:51:71:48:49:25:31:39:50:64:78:47:57:59:60:65:67:76:89 [-55.711999999999996:81.846299999999999] [1:3170.5] [1:1061.5] [1:540979] [1:435418] 2:1:13:49:27:74:9:45:20:19:0:41:72:44:33:113:127:130:54:56:15:51:104:31:34:83:53:35:92:65:3:23:39:42:48:79:132:82:99:96:142:14:36:105:114:167:43:57:148:153:158:161:52:58:77:152:183:5:7:32:140:141:24:46:97:69:8:16:60:109:157:55:124:137:154:59:91:115:191:194:67:81:100:120:4:66:84:85:87:89:171:203:10:22:25:50:86:94:133:184:189:276:11:26:40:76:78:103:232:240:38:88:108:111:121:122:165:197:218:28:63:107:128:150:156:159:170:201:225:235:253:18:112:123:164:169:182:196:207:30:64:106:134:139:143:147:173:211:224:231:234:17:29:80:131:145:168:178:206:228:250:275:37:47:62:68:73:101:117:126:149:202:208:209:216:222:237:239:251:265:267:61:75:98:125:129:135:138:144:160:162:163:175:176:180:181:192:193:198:205:212:220:245:247:255:268:277:297:299:303:317 6:0:24:20:37:8:65:100:17:44:16:83:31:77:14:76:95:21:73:42:34:101:85:2:13:25:39:18:43:52:60:62:71:59:69:4:40:55:123:130:26:28:15:19:96:23:38:61:90:11:49:63:66:67:72:82:111:139:64:74:121:33:36:3:102:145:9:12:51:53:88:92:7:47:118:140:29:30:32:35:56:106:113:117:141:152:27:48:79:91:99:105:114:122:132:134:138:149:167:41:54:70:86:107:116:120:124:125:129:131:133:142:144:147:157:162:163:170:1:5:45:46:50:57:68:80:84:89:94:97:103:115:135:137:143:159:161:168:176 [1:517224] [1:38.5] 1:0:6:7:9:10:15:11:4:14:12:2:13:5:16:22:3:8:18:17:20:23:19:28 [1:91] [1:273895]
tree_sizes=983 1000 921 976 1101 1133 1074 1160 879 1004 1174 812 886 1033 1020 916 1052 982 967 984 1008 678 901 1027 1008 1143 1212 1004 970 1058 779 950 1099 1135 811 903 794 780 874 794 871 777 708 717 743 773 799 1042 705 884 769 857 929 845 819 961 778 863 857 838 957 724 710 709 763 802 894 699 962 780 592 831 782 835 891 899 755 1000 1062 635 791 631 795 879 695 802 795 716 876 840 936 802 1043 842 979

Tree=0
num_leaves=10
num_cat=4
split_feature=30 18 20 30 20 22 31 8 31
split_gain=133.245 34.7433 25.082 10.24 9.53036 11.3032 2.37828 2.19892 1.95834
threshold=0 15357.250000000002 323.50000000000006 1 1625.5000000000002 18.250000000000004 2 7.7500000000000009 3
decision_type=5 2 2 5 2 2 5 2 5
left_child=2 3 -1 6 -3 -6 -2 -4 -5
right_child=1 4 7 8 5 -7 -8 -9 -10
leaf_value=-2.5763893104861624 -2.6050425336995184 -2.5529247579838894 -2.5467274846924535 -2.6146574776155349 -2.6307519812678466 -2.5658679052629734 -2.6259268912580436 -2.4757909538040348 -2.6518243891586728
leaf_count=633 221 126 149 113 265 115 158 131 2089
internal_value=0 -0.401342 1.20721 -0.611139 0.503045 0.123993 0.0617616 2.42585 -0.689617
internal_count=4000 3087 913 2581 506 380 379 280 2202
cat_boundaries=0 9 15 16 19
cat_threshold=33555470 23068680 403210240 2164392192 16781824 16777344 2048 65792 1048576 16777729 270008320 32 269222400 1074806784 2147485696 1 540672 8389696 4610
shrinkage=1


Tree=1
num_leaves=11
num_cat=1
split_feature=31 11 26 20 4 18 27 0 27 18
split_gain=54.9475 30.1898 11.0617 9.47353 9.21323 11.9048 6.61011 6.25739 5.37104 0.112317
threshold=0 2833.7500000000005 304.75000000000006 79.750000000000014 36.268250000000002 20951.500000000004 13.750000000000002 16.750000000000004 9.2500000000000018 4.7500000000000009
decision_type=5 2 2 2 2 2 2 2 2 2
left_child=2 3 6 9 -3 -6 7 -1 -5 -2
right_child=1 4 -4 8 5 -7 -8 -9 -10 -11
leaf_value=-0.015688812510914384 -0.0027583130013357424 0.01972052188283676 0.030681137193134381 0.035044479849629745 0.030571559577424995 0.11869821300615906 -0.035539314084927803 0.021221653147731202 -0 -0.023454414489684626
leaf_count=1806 128 129 137 408 121 175 634 139 196 127
internal_value=0 0.623529 -0.320493 0.236428 1.53962 1.93015 -0.403609 -0.272563 0.512553 -0.361808
internal_count=4000 1284 2716 859 425 296 2579 1945 604 255
cat_boundaries=0 5
cat_threshold=2485526609 1209014660 533670 134217761 2052
shrinkage=0.0459266


Tree=2
num_leaves=11
num_cat=0
split_feature=18 0 28 26 16 16 8 16 26 27
split_gain=43.9288 17.8393 7.53817 9.20899 5.23987 13.7007 5.1899 3.64553 2.0757 0.870709
threshold=15357.250000000002 7.7500000000000009 337.00000000000006 304.75000000000006 17216.500000000004 38148.250000000007 19.750000000000004 337.75000000000006 64.750000000000014 12.250000000000002
decision_type=2 2 2 2 2 2 2 2 2 2
left_child=2 4 6 9 -2 -6 8 -8 -1 -4
right_child=1 -3 3 -5 5 -7 7 -9 -10 -11
leaf_value=-0.0080774943307142938 0 0.10398438727424017 -0.013071713933906912 0.020489319417735425 0.0887527191976899 0.010235867119766888 -0 0.039734706242211898 0.010700273512046096 -0.031436324061194051
leaf_count=1681 206 107 328 125 102 253 124 138 178 758
internal_value=0 0.881963 -0.195239 -0.44949 0.541024 0.820695 -0.0428346 0.452251 -0.125772 -0.580711
internal_count=4000 668 3332 1211 561 355 2121 262 1859 1086
shrinkage=0.0459266


Tree=3
num_leaves=10
num_cat=2
split_feature=30 21 11 30 22 20 11 20 20
split_gain=114.74 22.55 16.7186 11.3553 4.12504 2.48414 1.43257 0.67205 1.96325
threshold=0 190.00000000000003 2255.5000000000005 1 10.750000000000002 508.00000000000006 88.750000000000014 1177.7500000000002 1.7500000000000002
decision_type=5 2 2 5 2 2 2 2 2
left_child=2 3 7 6 -3 -5 -2 8 -1
right_child=1 4 -4 5 -6 -7 -8 -9 -10
leaf_value=0.042587608068876535 -0 0 0.10549562500322121 -0.034619590182011273 0.044755872973094732 -0.015327487053596192 0.020606649349833011 0.065964083721242642 0.01233675782870992
leaf_count=462 360 146 173 1829 144 470 118 111 187
internal_value=0 -0.391038 1.0666 -0.532703 0.555501 -0.62876 0.0680409 0.913089 0.767793
internal_count=4000 3067 933 2777 290 2299 478 760 649
cat_boundaries=0 9 15
cat_threshold=50332686 23068680 403210240 2164392192 16781824 16777344 2048 65792 1048576 2147549697 270272512 262144 269222402 1141899264 2147485696
shrinkage=0.0459266


Tree=4
num_leaves=11
num_cat=3
split_feature=30 18 30 11 15 2 16 20 20 25
split_gain=103.419 26.0485 15.8284 15.5941 5.95443 5.72251 8.01157 0.374803 0.926331 0.34064
threshold=0 15357.250000000002 1 2255.5000000000005 4.7500000000000009 2 17944.750000000004 481.75000000000006 3.2500000000000004 57.921400000000013
decision_type=5 2 5 2 2 5 2 2 2 2
left_child=3 2 4 7 -2 -3 -7 8 -1 -4
right_child=1 5 9 -5 -6 6 -8 -9 -10 -11
leaf_value=0.041198787853277456 0.019084997683813422 -0.011021761175863214 -0.034259052342459115 0.10915766796787958 -0.019243914101962856 0.0025493658437635448 0.055068167529766482 0.066466864068391904 0.0096029136798142234 -0.015312280502769017
leaf_count=370 383 123 1936 150 174 200 202 105 114 243
internal_value=0 -0.334194 -0.523172 1.12384 0.0945383 0.391966 0.514079 0.95773 0.777369 -0.659968
internal_count=4000 3261 2736 739 557 525 402 589 484 2179
cat_boundaries=0 9 15 17
cat_threshold=33555462 16777224 403177472 16908544 16781824 16777344 2048 65792 1048576 25166345 276299776 32800 2416706048 1074806784 2147485696 1073742344 16785408
shrinkage=0.0459266


Tree=5
num_leaves=12
num_cat=3
split_feature=30 14 9 5 30 20 20 10 11 19 10
split_gain=92.46 24.4207 9.75444 9.60312 9.27984 4.94652 4.66461 2.55701 2.31643 1.57572 0.88106
threshold=0 92.500000000000014 6.2500000000000009 1 2 274.00000000000006 1.7500000000000002 64.750000000000014 94.000000000000014 6.2500000000000009 51.250000000000007
decision_type=5 2 2 5 5 2 2 2 2 2 2
left_child=2 4 6 -3 9 -4 -1 -5 -6 -2 -7
right_child=1 3 5 7 8 10 -8 -9 -10 -11 -12
leaf_value=0.036372543289826829 0.01418505844292051 -0.013322615485188757 0.024957684674442801 0.018097349256270052 -0.035643007731484953 0.10894839925977709 -0 0.060934814868981106 -0.014187690040685531 -0.007551946525216801 0.057483634227622246
leaf_count=471 239 175 119 173 1800 92 103 133 381 144 170
internal_value=0 -0.373527 0.900336 0.357347 -0.568372 1.48552 0.634013 0.611568 -0.650668 0.0623958 1.76625
internal_count=4000 3045 955 481 2564 381 574 306 2181 383 262
cat_boundaries=0 9 10 16
cat_threshold=50332686 24117256 403210240 2164392192 16781824 16777344 2048 65792 1048576 2312 513 268963840 262144 269222400 1074806784 2147485696
shrinkage=0.0459266


Tree=6
num_leaves=12
num_cat=1
split_feature=2 18 17 10 0 0 28 10 17 10 28
split_gain=37.5935 13.1643 7.1546 6.93184 9.14424 5.31515 3.56758 3.15274 3.8553 2.20762 0.316892
threshold=0 9087.2500000000018 97.750000000000014 117.25000000000001 1.7500000000000002 18.250000000000004 6.2500000000000009 24.250000000000004 196.75000000000003 300.25000000000006 226.75000000000003
decision_type=5 2 2 2 2 2 2 2 2 2 2
left_child=5 2 10 4 -3 7 -4 8 -1 -9 -2
right_child=1 3 6 -5 -6 -7 -8 9 -10 -11 -12
leaf_value=-0.012300758600733919 0.035727854633592834 0.0059371539160050424 0.0048739305650597579 0.086220665510202091 0.067628678271812015 0.017058329598308514 -0.02973597571113909 -0.033714872837382399 0.019038110991361563 -0.0045937366236444193 0.0077852122539332231
leaf_count=1975 214 216 227 112 111 157 141 447 100 184 116
internal_value=0 0.541164 0.2095 1.08269 0.69096 -0.252626 -0.139906 -0.313989 -0.21834 -0.572144 0.633687
internal_count=4000 1137 698 439 327 2863 368 2706 2075 631 330
cat_boundaries=0 3
cat_threshold=1142576853 58728466 512
shrinkage=0.0459266


Tree=7
num_leaves=12
num_cat=4
split_feature=30 18 30 16 22 4 17 22 31 31 4
split_gain=83.0765 22.6072 7.63393 7.0046 6.49233 5.60857 5.31974 3.91991 2.29607 1.0211 0.290768
threshold=0 15357.250000000002 1 14.500000000000002 67.750000000000014 46.226000000000006 22426.750000000004 3.2500000000000004 2 3 2.9757000000000002
decision_type=5 2 5 2 2 2 2 2 5 5 2
left_child=3 2 9 10 6 -5 -3 -7 -4 -2 -1
right_child=1 4 8 5 -6 7 -8 -9 -10 -11 -12
leaf_value=0.033371793336991744 0.0087208122017723485 0.030826121069098718 0.0027657443015484057 0.093382296464885439 0.048892074770640122 0.0079335614550957705 -0.010555917513009053 0.061170781959698016 -0.032130788991938886 -0.0048676371805811951 0.01227047445812203
leaf_count=487 212 121 137 124 96 108 281 86 2033 154 161
internal_value=0 -0.364309 -0.564505 0.829954 0.302224 1.38287 0.0260398 0.834452 -0.63875 0.04004 0.640109
internal_count=4000 3034 2536 966 498 318 402 194 2170 366 648
cat_boundaries=0 9 15 19 20
cat_threshold=50332686 24379400 403210240 2164392192 16781824 16777344 2048 65792 1048576 8389121 268959744 32 269222400 1074806784 2147485696 540672 8389696 4098 16 1
shrinkage=0.0459266


Tree=8
num_leaves=10
num_cat=2
split_feature=24 16 20 22 8 0 5 17 0
split_gain=23.2551 24.8373 12.0015 13.6023 6.98234 5.05516 4.44995 3.49175 0.105766
threshold=0 14739.250000000002 2322.2500000000005 18.250000000000004 19.750000000000004 4.7500000000000009 1 6582.2500000000009 19.750000000000004
decision_type=5 2 2 2 2 2 5 2 2
left_child=5 4 -3 -4 6 -1 -2 -6 -7
right_child=1 2 3 -5 7 8 -8 -9 -10
leaf_value=-0.034416703131123431 0.018329567654292542 0.090885015609894038 -0.007426982105581157 0.066242572359118346 0.033435716024630212 -0.0054625911172089744 -0.0054490206505938719 -0 0
leaf_count=748 116 112 162 84 267 210 2068 109 124
internal_value=0 0.178356 1.04491 0.473554 0.0285171 -0.481686 -0.0578675 0.490668 -0.0603266
internal_count=4000 2918 358 246 2560 1082 2184 376 334
cat_boundaries=0 2 3
cat_threshold=1237861176 1048604 1077936272
shrinkage=0.0459266


Tree=9
num_leaves=11
num_cat=2
split_feature=31 21 2 20 0 27 15 10 25 0
split_gain=34.7964 12.1458 9.87617 6.60922 4.87332 4.79952 1.93394 1.70986 1.48588 0.572558
threshold=0 190.00000000000003 1 1.7500000000000002 16.750000000000004 3.2500000000000004 67663.750000000015 171.25000000000003 48.777700000000003 7.7500000000000009
decision_type=5 2 5 2 2 2 2 2 2 2
left_child=3 2 -2 4 8 -4 -3 9 -1 -5
right_child=1 6 5 7 -6 -7 -8 -9 -10 -11
leaf_value=-0.013171231235653247 -0.014490673472042553 0.065686225730267972 0.035630432330468177 -0.039059660295022045 0.022317448372060317 0.0048917219802347388 0.020930771029972928 -0.0072631415973974994 -0 -0.009355007316397785
leaf_count=1360 244 168 455 432 148 344 89 193 455 112
internal_value=0 0.462685 0.279078 -0.273996 -0.148575 0.442659 1.1559 -0.619698 -0.218154 -0.75079
internal_count=4000 1300 1043 2700 1963 799 257 737 1815 544
cat_boundaries=0 5 7
cat_threshold=2217091153 1209014660 533670 134217761 2052 152772 33554448
shrinkage=0.0459266


Tree=10
num_leaves=13
num_cat=2
split_feature=31 5 20 20 0 28 28 32 28 4 10 8
split_gain=31.5726 9.37917 11.0356 6.34984 4.45884 3.55642 2.6452 2.41775 2.29985 1.27607 0.788638 1.24509
threshold=0 1 274.00000000000006 1.7500000000000002 16.750000000000004 16.750000000000004 10891.000000000002 9.2500000000000018 16.750000000000004 47.944500000000005 171.25000000000003 32.500000000000007
decision_type=5 5 2 2 2 2 2 2 2 2 2 2
left_child=3 5 9 4 6 7 -1 -2 -4 -3 11 -5
right_child=1 2 8 10 -6 -7 -8 -9 -10 -11 -12 -13
leaf_value=-0.0055125011731647711 -0.0011362762714217992 0.014745400501146885 0.056438481030701294 -0.038518406900663126 0.020984539020759248 -0.023103327195086648 -0.026390023799556565 0.028148887912649117 0.02386081998757034 -0.0069866026580752841 -0.0095319788871975654 -0.0063745885919759921
leaf_count=1488 192 155 341 428 148 172 327 92 199 150 189 119
internal_value=0 0.434134 0.649835 -0.265237 -0.142356 -0.0340238 -0.210221 0.171397 1.02235 0.0427604 -0.608266 -0.713418
internal_count=4000 1301 845 2699 1963 456 1815 284 540 305 736 547
cat_boundaries=0 5 6
cat_threshold=2217091153 1745885572 533670 134217760 2052 35080
shrinkage=0.0459266


Tree=11
num_leaves=9
num_cat=3
split_feature=2 24 24 10 0 18 19 10
split_gain=27.3855 12.818 6.6077 6.34882 5.6301 3.90097 2.94702 1.33534
threshold=0 1 2 108.25000000000001 18.250000000000004 315.25000000000006 178379.50000000003 329.50000000000006
decision_type=5 5 5 2 2 2 2 2
left_child=2 -2 -1 5 6 -3 -4 -5
right_child=1 3 4 7 -6 -7 -8 -9
leaf_value=0.012816925800347677 -0.013936846661402947 0 -0.018665186557732839 0.077503905427717096 0.015209761128867278 0.030723292864711853 0.0029605086796287345 0.027308269741199813
leaf_count=209 220 223 2371 108 156 496 138 79
internal_value=0 0.445989 -0.22392 0.62938 -0.292433 0.502281 -0.365772 1.30752
internal_count=4000 1126 2874 906 2665 719 2509 187
cat_boundaries=0 3 4 6
cat_threshold=1142576853 58728474 512 1074283048 1312836 33
shrinkage=0.0459266


Tree=12
num_leaves=10
num_cat=2
split_feature=24 16 6 25 8 13 0 24 0
split_gain=20.4761 17.5501 10.1365 5.58328 4.83143 5.24979 4.70143 3.29832 0.15944
threshold=0 14739.250000000002 37.750000000000007 39.173200000000008 19.750000000000004 9.2500000000000018 4.7500000000000009 1 13.750000000000002
decision_type=5 2 2 2 2 2 2 5 2
left_child=6 4 3 -3 7 -6 -1 -2 -8
right_child=1 2 -4 -5 5 -7 8 -9 -10
leaf_value=-0.033524690800469416 0.012237728466606469 0 0.084112266499962937 0.047357689198334871 0.032514855714638045 -0.0050904566475613493 0 -0.0050708016536422963 -0.0063555828066953332
leaf_count=748 264 178 72 108 245 131 144 1920 190
internal_value=0 0.164159 0.860019 0.426389 0.0325184 0.405323 -0.461617 -0.0408039 -0.0573249
internal_count=4000 2918 358 286 2560 376 1082 2184 334
cat_boundaries=0 2 4
cat_threshold=1237861176 1048604 272388 536872993
shrinkage=0.0459266


Tree=13
num_leaves=10
num_cat=5
split_feature=30 5 31 32 11 30 22 31 11
split_gain=70.0224 19.5656 8.6159 8.41121 13.7556 5.01049 4.92663 1.38124 0.749941
threshold=0 1 2 122.50000000000001 2833.7500000000005 3 6.2500000000000009 4 152.50000000000003
decision_type=5 5 5 2 2 5 2 5 2
left_child=3 6 -3 4 8 -4 7 -2 -1
right_child=1 2 5 -5 -6 -7 -8 -9 -10
leaf_value=0.033954139632823135 -0.0065876630518452639 0.013391247522592679 0.0032143467595784994 -0.0022799796586157133 0.088572432204654855 -0.030281881720979863 0.046348810501432976 0.0099002002095671306 0.0059575880740875406
leaf_count=706 120 106 217 76 114 2237 114 225 85
internal_value=0 -0.34889 -0.505223 0.732998 0.933925 -0.580258 0.310265 0.0750675 0.685611
internal_count=4000 3019 2560 981 905 2454 459 345 791
cat_boundaries=0 9 10 13 19 21
cat_threshold=50332686 22284296 403210240 2164392192 1090523648 16777344 2048 65792 1048576 4768902 8437760 813694976 2097664 2147549185 268435456 32 269221888 1064960 2147485696 2147483648 1073745952
shrinkage=0.0459266


Tree=14
num_leaves=11
num_cat=4
split_feature=30 14 30 5 32 11 21 5 11 20
split_gain=63.8296 16.5929 7.66234 6.31559 5.43684 9.39041 2.93998 2.49962 1.97225 0.762425
threshold=0 92.500000000000014 1 2 122.50000000000001 2833.7500000000005 190.00000000000003 3 185.50000000000003 48.250000000000007
decision_type=5 2 5 5 2 2 2 5 2 2
left_child=4 2 9 -3 5 8 -5 -4 -1 -2
right_child=1 3 7 6 -6 -7 -8 -9 -10 -11
leaf_value=0.032487825049058984 0.011015318769922008 -0.012518441424488205 0 0.0029000755411930112 -0 0.076891086450572577 0.041284009850506148 -0.031542824471410588 0 -0.003498414604169474
leaf_count=723 253 170 242 147 83 110 153 1916 87 116
internal_value=0 -0.343502 -0.526795 0.219685 0.679412 0.846783 0.428473 -0.605681 0.63994 0.064138
internal_count=4000 2997 2527 470 1003 920 300 2158 810 369
cat_boundaries=0 9 15 16 17
cat_threshold=50332686 22282248 403214336 2164654336 1090523680 16777344 2048 65792 1048576 513 271060992 262144 268960256 1064960 2147485696 2312 1078085122
shrinkage=0.0459266


Tree=15
num_leaves=10
num_cat=2
split_feature=31 2 3 26 19 18 27 22 18
split_gain=22.8747 8.15937 7.98736 7.34851 5.4405 3.62057 3.15247 2.6038 0.960023
threshold=0 1 181.58100000000005 418.75000000000006 6.2500000000000009 315.25000000000006 12.250000000000002 75.250000000000014 67366.750000000015
decision_type=5 5 2 2 2 2 2 2 2
left_child=3 7 5 4 6 -3 -1 8 -2
right_child=1 2 -4 -5 -6 -7 -8 -9 -10
leaf_value=-0.00312516809087671 -0.018341811601682682 -0 0.064024298324858786 0.029590490004815027 -0.029850428083089124 0.025854890237713247 -0.022895214885587396 0.016351537614089078 0
leaf_count=1423 276 225 140 100 636 511 501 84 104
internal_value=0 0.350638 0.53585 -0.239035 -0.310549 0.422597 -0.178932 -0.0674864 -0.273242
internal_count=4000 1340 876 2660 2560 736 1924 464 380
cat_boundaries=0 5 8
cat_threshold=2217082961 1745885572 533542 134217760 2052 4870860 100663448 524368
shrinkage=0.0459266


Tree=16
num_leaves=10
num_cat=3
split_feature=30 30 18 30 32 11 0 16 16
split_gain=57.1845 17.5686 16.1231 6.21062 4.01848 9.12151 3.87582 2.17851 0.44173
threshold=0 1 15357.250000000002 2 117.25000000000001 2833.7500000000005 16.750000000000004 17944.750000000004 2047.0000000000002
decision_type=5 5 2 5 2 2 2 2 2
left_child=4 6 3 -3 5 8 -2 -4 -1
right_child=1 2 7 -5 -6 -7 -8 -9 -10
leaf_value=0.034985055167044886 -0.042630412838647158 0.0062415047849288113 0.0036180073992882374 -0.01712729533257731 0.00077683033411502531 0.083734658365305706 -0.0001661224844138721 0.036979595309248429 0.0085399566074426687
leaf_count=499 936 420 131 1416 73 87 135 223 80
internal_value=0 -0.281395 -0.0463745 -0.246175 0.743954 0.950763 -0.704174 0.593932 0.695681
internal_count=4000 3261 2190 1836 739 666 1071 354 579
cat_boundaries=0 9 16 22
cat_threshold=33555462 16777224 403177472 16908544 16781824 16777344 2048 65792 1048576 135324064 109077655 2106368 8193 570433536 2 4 16777737 6815744 32800 269221888 1074790400 2147485696
shrinkage=0.0459266


Tree=17
num_leaves=10
num_cat=4
split_feature=30 5 19 14 5 9 19 30 6
split_gain=51.9091 15.6333 8.67056 4.22797 4.197 6.35722 4.12659 3.36661 2.30958
threshold=0 1 141145.50000000003 92.500000000000014 2 6.2500000000000009 272606.00000000006 3 30.250000000000004
decision_type=5 5 2 2 5 2 2 5 2
left_child=4 2 8 7 -1 -6 -5 -3 -2
right_child=1 3 -4 6 5 -7 -8 -9 -10
leaf_value=-0.0043340040224655535 0.013224231789831046 0.001342979349422914 0.058175390048850924 0.009251365596927498 0.021969179162755311 0.052835750112702508 -0.027454029447430067 -0.028457371887234646 -0.015672135417934972
leaf_count=108 233 225 72 196 569 317 137 1984 159
internal_value=0 -0.320577 0.268817 -0.466816 0.594305 0.69711 -0.0691576 -0.585404 0
internal_count=4000 3006 464 2542 994 886 333 2209 392
cat_boundaries=0 9 10 11 17
cat_threshold=50332686 22284296 403476480 2164392192 16781824 16777344 2048 65792 1048576 4245126 2690 1 277348352 0 268698120 1074806784 2147483648
shrinkage=0.0459266


Tree=18
num_leaves=11
num_cat=1
split_feature=24 16 25 8 3 17 22 9 28 28
split_gain=15.5693 14.2774 8.1936 2.82294 3.88046 2.47856 2.17183 1.36893 0.0599164 0.0762758
threshold=0 14739.250000000002 39.173200000000008 19.750000000000004 164.45050000000003 1652.5000000000002 6.2500000000000009 28.750000000000004 21993.250000000004 16.750000000000004
decision_type=5 2 2 2 2 2 2 2 2 2
left_child=7 3 6 5 -5 -2 -3 8 9 -1
right_child=1 2 -4 4 -6 -7 -8 -9 -10 -11
leaf_value=-0.015175296747555215 0.00062077741119615046 -0 0.064726366655778411 0.036763567566243417 0 -0.016976080621191724 0.027778070690085772 -0.033387518021785766 -0.02418515223515515 -0.0039040132328274618
leaf_count=257 1830 134 122 116 244 268 86 313 181 449
internal_value=0 0.147005 0.758532 0.0214641 0.304972 -0.0355298 0.271898 -0.391742 -0.301304 -0.208291
internal_count=4000 2800 342 2458 360 2098 220 1200 887 706
cat_boundaries=0 2
cat_threshold=1237861305 537919516
shrinkage=0.0459266


Tree=19
num_leaves=10
num_cat=3
split_feature=30 30 18 32 11 20 30 36 29
split_gain=47.2184 12.8919 13.4314 3.91338 6.29617 3.87828 3.61438 1.82306 0.0312088
threshold=0 1 15357.250000000002 122.50000000000001 2833.7500000000005 4157.5000000000009 2 40.750000000000007 1720.0000000000002
decision_type=5 5 2 2 2 2 5 2 2
left_child=3 8 6 4 7 -4 -3 -1 -2
right_child=1 2 5 -5 -6 -7 -8 -9 -10
leaf_value=0.02800177476472885 -0.0409459291910617 0.0036630052388887478 0.034058148404717194 -0 0.062609054825888577 -0 -0.016669561876727843 0 -0.019920419147331399
leaf_count=617 770 344 228 76 110 108 1358 114 275
internal_value=0 -0.297761 -0.0742775 0.583519 0.726264 0.507899 -0.278214 0.537428 -0.676263
internal_count=4000 3083 2038 917 841 336 1702 731 1045
cat_boundaries=0 9 15 21
cat_threshold=50332686 21233672 403214336 16908544 83890720 16779392 2048 65792 1048576 135324064 109077655 9216 8193 570433536 2 513 271122432 32 269221888 1074790400 2147483648
shrinkage=0.0459266


Tree=20
num_leaves=11
num_cat=3
split_feature=31 24 20 20 0 24 11 17 8 13
split_gain=18.1334 8.16593 7.61369 6.6004 3.1685 3.88809 2.51668 1.70239 0.641435 0.325684
threshold=0 1 1.7500000000000002 274.00000000000006 16.750000000000004 2 152.50000000000003 466.00000000000006 61.750000000000007 141.25000000000003
decision_type=5 5 2 2 2 5 2 2 2 2
left_child=2 -2 4 7 5 -1 -5 -3 9 -4
right_child=1 3 8 6 -6 -7 -8 -9 -10 -11
leaf_value=0.010368686725474462 -0.011396437149204651 0.0092715802056014193 -0.037343956024970253 0.011710646422006449 0.019052409011763746 -0.010310860867604179 0.03657164148766924 -0.016002321965956495 -0.0085813139999716057 -0.0096593771112526705
leaf_count=213 267 271 412 265 148 1602 429 116 143 134
internal_value=0 0.303678 -0.220146 0.428194 -0.0826816 -0.146511 0.644451 0 -0.609834 -0.710039
internal_count=4000 1348 2652 1081 1963 1815 694 387 689 546
cat_boundaries=0 5 6 8
cat_threshold=2217085009 1744836740 533542 134217761 2052 541480 281157 33
shrinkage=0.0459266


Tree=21
num_leaves=7
num_cat=1
split_feature=14 5 15 14 11 4
split_gain=9.32851 5.68945 9.24535 3.86939 5.44536 3.65538
threshold=1759.0000000000002 0 7202.5000000000009 243.25000000000003 2255.5000000000005 50.216400000000007
decision_type=2 5 2 2 2 2
left_child=1 2 5 4 -3 -1
right_child=-2 3 -4 -5 -6 -7
leaf_value=0.010346201027140756 0.035133318175254322 -0.0073795747211453048 0.045598223772046954 -0.029956280591186754 0.019372940436139189 -0.016365236958665066
leaf_count=404 134 2676 127 178 204 277
internal_value=0 -0.0491017 0.197025 -0.138357 -0.0938964 0
internal_count=4000 3866 808 3058 2880 681
cat_boundaries=0 1
cat_threshold=1078604962
shrinkage=0.0459266


Tree=22
num_leaves=10
num_cat=1
split_feature=2 26 27 21 8 11 11 19 8
split_gain=16.3019 5.19085 3.53614 3.65315 3.53588 4.24193 3.45777 5.37438 2.24827
threshold=0 241.75000000000003 3.2500000000000004 190.00000000000003 83.500000000000014 16.750000000000004 159961.00000000003 6.2500000000000009 13.000000000000002
decision_type=5 2 2 2 2 2 2 2 2
left_child=1 6 4 8 5 -2 7 -1 -4
right_child=2 -3 3 -5 -6 -7 -8 -9 -10
leaf_value=-0.0067553125465063509 0.0013194522316337205 0.018013820989574769 -0.015947450980334087 0.030366929643271031 -0 0.037255911918639029 0.0155541441770093 -0.027268110761121143 0.0100689439577961
leaf_count=1920 186 165 256 76 87 377 77 728 128
internal_value=0 -0.18395 0.327386 0.0620711 0.523509 0.628054 -0.250046 -0.288532 -0.0882186
internal_count=4000 2890 1110 460 650 563 2725 2648 384
cat_boundaries=0 3
cat_threshold=1146771157 58728474 512
shrinkage=0.0459266


Tree=23
num_leaves=10
num_cat=4
split_feature=30 30 5 30 15 0 13 13 16
split_gain=42.1721 14.4809 10.536 6.15991 5.7449 4.16611 1.44894 1.30539 1.40127
threshold=0 1 2 3 25468.000000000004 16.750000000000004 119.50000000000001 9.2500000000000018 35.500000000000007
decision_type=5 5 5 5 2 2 2 2 2
left_child=6 5 3 -3 -4 -2 7 8 -1
right_child=1 2 4 -5 -6 -7 -8 -9 -10
leaf_value=0.018714163263989302 -0.041892509052967548 0.006427684654967571 0.0037726347112456908 -0.018868513963877453 0.045401889227845181 -0 0.049145556068344615 0.00043848701148629709 0.04015538545928684
leaf_count=514 949 354 370 1184 133 135 107 82 172
internal_value=0 -0.278179 -0.0492039 -0.245741 0.339113 -0.675458 0.560137 0.527724 0.582874
internal_count=4000 3125 2041 1538 503 1084 875 768 686
cat_boundaries=0 9 16 17 23
cat_threshold=33555462 18087944 403181568 2164654336 83890720 16777344 2048 65792 1048576 135324064 109077655 2237440 8193 570433536 2 4 10537 2164260873 272631808 32800 268960264 1074806784 2147485696
shrinkage=0.0459266


Tree=24
num_leaves=10
num_cat=4
split_feature=30 30 5 18 30 0 32 11 26
split_gain=38.9399 14.2476 7.96701 8.41879 5.43592 4.15312 4.00995 6.43369 1.33102
threshold=0 1 2 14116.000000000002 3 16.750000000000004 122.50000000000001 2833.7500000000005 64.750000000000014
decision_type=5 5 5 2 5 2 2 2 2
left_child=6 5 4 -4 -3 -2 7 8 -1
right_child=1 2 3 -5 -6 -7 -8 -9 -10
leaf_value=0.015700988383026429 -0.041669565304252365 0.0061492355539092044 -0.00059536099374961327 0.039260080465472878 -0.018321025750299941 -0 -0 0.059308266033412799 0.03838889985639362
leaf_count=556 957 335 431 176 1087 134 75 106 143
internal_value=0 -0.270444 -0.0440003 0.2591 -0.234809 -0.667889 0.532566 0.673141 0.477725
internal_count=4000 3120 2029 607 1422 1091 880 805 699
cat_boundaries=0 9 16 17 23
cat_threshold=33555462 20185096 403443712 16908544 83890720 16779392 2048 65792 1048576 135324064 109143187 2237444 8193 570433536 2 4 10505 2164260873 272631812 32768 268698120 1074806784 2147483648
shrinkage=0.0459266


Tree=25
num_leaves=12
num_cat=3
split_feature=30 30 14 30 0 18 11 17 36 17 11
split_gain=35.4761 13.5377 8.65871 5.4966 4.001 3.38857 0.886021 2.17985 1.60528 0.942611 0.115942
threshold=0 1 92.500000000000014 2 16.750000000000004 46003.000000000007 2255.5000000000005 3988.0000000000005 40.750000000000007 38417.500000000007 94.000000000000014
decision_type=5 5 2 5 2 2 2 2 2 2 2
left_child=6 4 3 -3 -2 -4 8 -8 10 -9 -1
right_child=1 2 5 -5 -6 -7 7 9 -10 -11 -12
leaf_value=0.025211115309026744 -0.041292315996134879 -0.023129255718669198 0.039957411608501615 0 -0 0.0035235246515459813 0.060959556340934445 0.0012588606798713045 0 0.032332666981669499 0.0045184538562809962
leaf_count=517 960 545 127 1157 135 200 60 60 115 48 76
internal_value=0 -0.262105 -0.0424638 -0.208876 -0.655941 0.41707 0.501617 0.810243 0.440007 0.437605 0.508094
internal_count=4000 3124 2029 1702 1095 327 876 168 708 108 593
cat_boundaries=0 9 16 22
cat_threshold=33555462 18087944 403476480 16908544 83890720 16779392 2048 65792 1048576 135324064 109077655 3154948 8193 570433536 2 4 2152204304 134417152 1082130730 2147483666 16 8388608
shrinkage=0.0459266


Tree=26
num_leaves=13
num_cat=4
split_feature=30 5 30 2 17 20 13 17 11 21 27 17
split_gain=32.4418 13.4779 9.54371 5.73432 3.18983 3.16499 1.83397 3.98921 3.29284 1.62704 1.39338 0.700996
threshold=0 1 2 3 20288.500000000004 1.7500000000000002 119.50000000000001 3988.0000000000005 176.50000000000003 280.75000000000006 3.2500000000000004 24356.500000000004
decision_type=5 5 5 5 2 2 2 2 2 2 2 2
left_child=6 3 5 10 -5 -3 7 8 -1 -4 -2 -9
right_child=1 2 9 4 -6 -7 -8 11 -10 -11 -12 -13
leaf_value=0.020999321405898184 0 0.014587682314508138 -0.029184465270983499 0.012458600634890557 0.051650670142108134 -0.011059939937860638 0.051913876210980418 -0.0073100155215297937 0.059792661440483501 -0.0025346047705193356 -0.024358410746867235 0.011494467672096751
leaf_count=401 147 377 1968 255 78 226 80 66 67 136 149 50
internal_value=0 -0.219857 -0.373629 0.218267 0.466614 0.0502655 0.547393 0.509056 0.662229 -0.536626 -0.161578 0
internal_count=4000 3336 2707 629 333 603 664 584 468 2104 296 116
cat_boundaries=0 9 10 16 19
cat_threshold=33555462 8 402653184 16908544 16781824 16777344 2048 65792 1048576 550022 2164326921 273944580 32800 2416706056 1074806784 2155874304 604655616 34 65
shrinkage=0.0459266


Tree=27
num_leaves=10
num_cat=5
split_feature=30 30 5 30 0 18 5 16 16
split_gain=29.9319 11.7556 7.6339 4.588 3.58698 2.8061 2.21593 4.15906 3.0386
threshold=0 1 2 3 15.250000000000002 14116.000000000002 4 14.500000000000002 2545.0000000000005
decision_type=5 5 5 5 2 2 5 2 2
left_child=6 4 3 -3 -2 -4 -1 -8 -9
right_child=1 2 5 -5 -6 -7 7 8 -10
leaf_value=-0.0018441566133753421 -0.04124127139706979 0.007366889345657668 0.00067368205428948414 -0.015820924907673523 -0 0.027059190670489251 0.017509050655807698 0.069828722721363631 0.026631044329491566
leaf_count=101 878 247 374 1325 147 216 497 76 139
internal_value=0 -0.236363 -0.0464513 -0.221881 -0.631245 0.254779 0.470275 0.555119 0.967453
internal_count=4000 3187 2162 1572 1025 590 813 712 215
cat_boundaries=0 9 16 17 23 24
cat_threshold=33555462 17039368 403443712 16908544 83890720 16777344 2048 65792 1048576 135324064 109077651 9216 8193 570433536 2 4 8489 16777225 272631808 32 268960256 1074790400 2147483648 2946
shrinkage=0.0459266


Tree=28
num_leaves=11
num_cat=2
split_feature=24 5 14 0 0 0 0 15 13 19
split_gain=8.94931 9.00475 5.89197 4.53325 3.48616 3.45457 2.65299 2.10238 0.455189 0.220212
threshold=0 1 7.7500000000000009 4.7500000000000009 16.750000000000004 1.7500000000000002 3.2500000000000004 73697.500000000015 1.7500000000000002 62.500000000000007
decision_type=5 5 2 2 2 2 2 2 2 2
left_child=3 2 6 8 5 -3 -2 -4 -1 -5
right_child=1 4 7 9 -6 -7 -8 -9 -10 -11
leaf_value=-0.017479890666515625 0.013302222639261894 0 0.04215808650699758 0.0057573813801972138 0.022276182098250972 -0.016671102332715165 -0.016411523339390308 0.0058801164527946155 -0.039256593795537052 -0.0036928709039425259
leaf_count=565 304 1459 243 207 106 578 119 67 216 136
internal_value=0 0.103162 0.395928 -0.324821 -0.0400472 -0.0975344 0.0775563 0.755551 -0.582319 0
internal_count=4000 2876 733 1124 2143 2037 423 310 781 343
cat_boundaries=0 2 3
cat_threshold=1103643449 1048588 1095393460
shrinkage=0.0459266


Tree=29
num_leaves=12
num_cat=3
split_feature=31 20 24 21 25 20 24 25 25 14 10
split_gain=12.5394 8.31542 5.72638 5.65022 4.03492 2.38454 1.74796 2.95514 1.6126 0.920379 0.642124
threshold=0 1.7500000000000002 1 187.75000000000003 46.69100000000001 481.75000000000006 2 52.056100000000008 40.797650000000012 6.2500000000000009 171.25000000000003
decision_type=5 2 5 2 2 2 5 2 2 2 2
left_child=1 6 9 5 -5 -4 8 -8 -1 -2 -3
right_child=2 10 3 4 -6 -7 7 -9 -10 -11 -12
leaf_value=-0.00033675384762600874 -0 -0.032232024814318666 -0 0.017745551576754223 0.064836514788363678 0.017121494585751348 -0.022519105399981212 0.0020474565147089395 0.015887451735645909 -0.027851227577664697 -0.0094284250687922729
leaf_count=950 136 513 451 133 63 437 511 281 221 112 192
internal_value=0 -0.188428 0.247845 0.347707 0.807707 0.208377 -0.0380561 -0.19574 0.0480514 -0.220312 -0.589529
internal_count=4000 2668 1332 1084 196 888 1963 792 1171 248 705
cat_boundaries=0 5 6 8
cat_threshold=2217085009 1208097156 533542 134217761 2052 541225 2902599 33
shrinkage=0.0459266


Tree=30
num_leaves=7
num_cat=3
split_feature=30 31 11 30 4 15
split_gain=26.8817 15.3984 9.60417 11.0984 4.26102 1.04994
threshold=0 1 16.750000000000004 2 34.857500000000009 15843.250000000002
decision_type=5 5 2 5 2 2
left_child=-1 5 3 -3 -4 -2
right_child=1 2 4 -5 -6 -7
leaf_value=-0.028721889125893008 -0.031261872560348215 0.020944821474843771 -0 -0.0069189967742602802 0.031808404850173826 -0.0066239225570293436
leaf_count=1046 349 489 90 1269 593 164
internal_value=0 0.160688 0.284968 0.0977161 0.598383 -0.389354
internal_count=4000 2954 2441 1758 683 513
cat_boundaries=0 6 11 20
cat_threshold=202432928 109077651 2237440 8193 570433536 2 2217085008 1746012548 533538 134217761 4 16777739 20971528 268992512 285606144 1090523136 128 0 0 1048576
shrinkage=0.0459266


Tree=31
num_leaves=9
num_cat=5
split_feature=30 30 5 30 2 32 0 22
split_gain=27.3936 11.8677 14.5279 5.60766 5.01295 4.40155 3.83664 3.40957
threshold=0 1 2 3 4 117.25000000000001 15.250000000000002 1.7500000000000002
decision_type=5 5 5 5 5 2 2 2
left_child=6 5 4 -4 -3 7 -1 -2
right_child=1 2 3 -5 -6 -7 -8 -9
leaf_value=-0.041165694714446373 0.022226267599265888 -0.0093496564390389194 0.0045518477755318162 -0.017950001373696296 0.026597249642428392 -0.0017062736523039566 -0 0.057194232605281566
leaf_count=937 508 122 432 1312 418 61 147 63
internal_value=0 0.161957 -0.0101822 -0.232456 0.411446 0.478213 -0.62866 0.643423
internal_count=4000 2916 2284 1744 540 632 1084 571
cat_boundaries=0 7 16 17 23 26
cat_threshold=202432928 109077651 3154948 8209 570433536 2 4 33555462 0 402653184 16908544 16781824 16777344 2048 65792 1048576 1074292374 2164260873 272893960 32800 2416705544 1074806784 2155874304 1141510160 0 65
shrinkage=0.0459266


Tree=32
num_leaves=11
num_cat=5
split_feature=30 30 5 30 5 16 6 16 28 28
split_gain=23.4288 8.94957 8.49689 3.63948 3.34336 3.63726 3.2978 2.03702 0.270942 1.33052
threshold=0 1 2 3 4 7.0000000000000009 30.250000000000004 2533.0000000000005 457.75000000000006 5702.5000000000009
decision_type=5 5 5 5 5 2 2 2 2 2
left_child=4 8 6 -4 -1 -6 -3 -7 -2 -10
right_child=1 2 3 -5 5 7 -8 -9 9 -11
leaf_value=-0.004338804115963114 -0.039229842476274028 0.032725056068431374 0.0039208522849186432 -0.01577288758238235 0.014076695080123615 0.057277145604167891 0 0.022766644283626913 -0.0028913143973671087 -0.032076612981059037
leaf_count=113 593 241 336 1245 549 97 168 155 212 291
internal_value=0 -0.227124 -0.0447775 -0.216214 0.386208 0.472944 0.327211 0.820929 -0.565829 -0.43413
internal_count=4000 3086 1990 1581 914 801 409 252 1096 503
cat_boundaries=0 9 16 17 23 24
cat_threshold=41944070 18092040 402919424 17170688 83890720 16779392 2048 65792 1048576 202432929 100689043 140288 8193 570433536 2 4 1078092418 2164260872 272631808 32800 2416443400 1074806784 2155872256 2946
shrinkage=0.0459266


Tree=33
num_leaves=11
num_cat=4
split_feature=30 31 30 17 12 32 11 4 30 11
split_gain=21.5215 12.527 6.73609 6.16741 4.92393 4.10078 5.16533 3.29435 3.14118 2.25868
threshold=0 1 2 97.750000000000014 4.7500000000000009 136.75000000000003 2833.7500000000005 48.004950000000008 3 4892.5000000000009
decision_type=5 5 5 2 2 2 2 2 5 2
left_child=5 9 3 -3 -4 6 8 -8 -1 -2
right_child=1 2 4 -5 -6 -7 7 -9 -10 -11
leaf_value=-0.00099622393411915515 0.0056140692675752876 0.018611826111062151 -0.027014880703049374 -0.020398306311479961 0.0037282278574138194 -0.0076572521623960018 0.063610123027867324 0.011799408394574728 0.019864683794443463 0.04086815233813116
leaf_count=255 225 361 2104 176 157 67 58 55 449 93
internal_value=0 -0.218689 -0.340569 0.0431784 -0.470896 0.369198 0.482943 0.984209 0.314896 0.353561
internal_count=4000 3116 2798 537 2261 884 817 113 704 318
cat_boundaries=0 9 13 19 25
cat_threshold=33555462 20185096 402919432 17170688 83890720 16779392 2048 65792 1048576 278446084 813696320 69210624 32768 17367561 273154048 33554432 268960258 1074806788 2147483648 4 2097160 0 131072 67108864 128
shrinkage=0.0459266


Tree=34
num_leaves=8
num_cat=4
split_feature=30 30 9 5 30 0 18
split_gain=19.7838 9.75745 11.0588 7.45688 8.77879 2.63873 2.20708
threshold=0 1 34.750000000000007 2 3 15.250000000000002 15357.250000000002
decision_type=5 5 2 5 5 2 2
left_child=5 2 -2 6 -5 -1 -3
right_child=1 3 -4 4 -6 -7 -8
leaf_value=-0.035058163024371924 0.06135915883210552 0.0059607340011227881 -0 -0.021386732377263351 0.0030313058967276064 -0 0.028752397792224854
leaf_count=947 152 380 52 677 1442 150 200
internal_value=0 0.138531 0.630248 0.033796 -0.0902505 -0.535618 0.329655
internal_count=4000 2903 204 2699 2119 1097 580
cat_boundaries=0 6 15 16 23
cat_threshold=135324065 100689043 9220 8193 570449920 2 0 0 402653184 16908544 4096 16777216 2048 256 1048576 1074291330 13172752 163254784 9322762 18 20 0 4
shrinkage=0.0459266


Tree=35
num_leaves=10
num_cat=2
split_feature=2 10 24 10 10 10 25 28 4
split_gain=9.8095 6.63535 4.28876 2.54413 6.72869 2.36437 1.71504 2.85248 0.3963
threshold=0 9.2500000000000018 1 422.50000000000006 108.25000000000001 300.25000000000006 57.921400000000013 5702.5000000000009 56.355100000000007
decision_type=5 2 5 2 2 2 2 2 2
left_child=1 6 -2 4 -4 8 7 -1 -3
right_child=2 5 3 -5 -6 -7 -8 -9 -10
leaf_value=-0 -0.0099001030982884264 -0.035424093761262404 0.011637958692698982 -0.003250024943238007 0.048830181343766585 -0.0022913533026422944 0.014426455733620558 -0.023512288094516984 -0.010805830535067449
leaf_count=1584 191 367 728 64 126 200 231 320 189
internal_value=0 -0.149575 0.246712 0.334528 0.435513 -0.483518 -0.0174727 -0.0703449 -0.643727
internal_count=4000 2891 1109 918 854 756 2135 1904 556
cat_boundaries=0 3 4
cat_threshold=1142576853 58728474 576 541224
shrinkage=0.0459266


Tree=36
num_leaves=7
num_cat=3
split_feature=30 31 30 16 15 25
split_gain=21.1583 12.7726 7.65936 5.74515 1.27311 0.449256
threshold=0 1 2 14739.250000000002 25468.000000000004 35.463500000000003
decision_type=5 5 5 2 2 2
left_child=-1 5 4 -4 -3 -2
right_child=1 2 3 -5 -6 -7
leaf_value=-0.026880401956601969 -0.013370108039012582 -0.011957374943343068 0.011800346512952472 0.037365789664421681 0.0045426913686729417 -0.038340011196773119
leaf_count=1067 215 573 1639 212 100 194
internal_value=0 0.134273 0.234885 0.344535 -0.124356 -0.422384
internal_count=4000 2933 2524 1851 673 409
cat_boundaries=0 6 11 18
cat_threshold=202432928 109077907 3154948 8193 570433536 2 2149976144 1208092804 533536 134217761 4 2152268305 419495940 1115815970 268435994 16400 545259648 4
shrinkage=0.0459266


Tree=37
num_leaves=7
num_cat=3
split_feature=30 2 30 10 22 3
split_gain=18.1372 9.84248 5.63279 7.13191 4.91519 2.83246
threshold=0 1 2 108.25000000000001 18.250000000000004 181.52750000000003
decision_type=5 5 5 2 2 2
left_child=-1 4 5 -4 -2 -3
right_child=1 2 3 -5 -6 -7
leaf_value=-0.028404618716884773 -0.027844992199135332 0.016114389214620491 -0.0039683457203476494 0.028924777858902906 0.0030905141998361831 0.046812933620824206
leaf_count=857 487 748 1518 179 137 74
internal_value=0 0.107439 0.213517 0.0226593 -0.284532 0.401442
internal_count=4000 3143 2519 1697 624 822
cat_boundaries=0 6 9 18
cat_threshold=202424736 100689043 9216 8193 570433536 2 1142572244 16785426 576 16777734 20978184 403210240 16909056 1140855296 16777216 2048 0 1048576
shrinkage=0.0459266


Tree=38
num_leaves=8
num_cat=4
split_feature=30 31 11 30 30 18 10
split_gain=17.1784 12.3557 6.78779 9.43555 4.92137 1.84202 0.39193
threshold=0 1 16.750000000000004 2 3 39430.750000000007 167.50000000000003
decision_type=5 5 2 5 5 2 2
left_child=-1 5 3 -3 -4 6 -2
right_child=1 2 4 -5 -6 -7 -8
leaf_value=-0.027988040109691019 -0.03989346901503367 -0.015767310487912221 -0.0058442759417454988 0.010499444110092699 0.023838145475350802 -0.00043473518705112015 -0.0096752368288256004
leaf_count=859 277 608 116 1279 650 91 120
internal_value=0 0.102574 0.204997 0.0468889 0.447685 -0.405925 -0.70741
internal_count=4000 3141 2653 1887 766 488 397
cat_boundaries=0 6 11 17 21
cat_threshold=135315872 100689043 2106368 8193 570433536 2 2216953936 1746012548 2148017188 134217761 4 2155880452 144841220 1074004258 2 20 8388608 524803 4194304 524288 262144
shrinkage=0.0459266


Tree=39
num_leaves=7
num_cat=3
split_feature=30 30 14 30 21 17
split_gain=16.2471 8.47154 5.63669 4.66889 2.78134 2.75385
threshold=0 1 141.25000000000003 2 622.75000000000011 142.75000000000003
decision_type=5 5 2 5 2 2
left_child=-1 2 -2 5 -5 -3
right_child=1 3 -4 4 -6 -7
leaf_value=-0.027582289621641155 -0.025131925205342957 0.048733782760755164 0.012357656167725049 0.0026723047884549132 0.028696831451109402 0.010966476449755236
leaf_count=857 707 132 115 2036 72 81
internal_value=0 0.0970415 -0.266421 0.195037 0.096745 0.537904
internal_count=4000 3143 822 2321 2108 213
cat_boundaries=0 6 13 22
cat_threshold=202424736 100689043 9216 8193 570433536 2 2151753745 411238660 1089617958 152 16400 545259520 4 0 0 402653184 131328 16781312 16777216 2048 256 1048576
shrinkage=0.0459266


Tree=40
num_leaves=9
num_cat=3
split_feature=31 2 28 31 25 10 10 25
split_gain=9.84375 6.97961 2.91684 2.69936 2.66577 2.51031 0.98529 0.363732
threshold=0 1 10891.000000000002 2 52.056100000000008 422.50000000000006 171.25000000000003 60.754150000000003
decision_type=5 5 2 5 2 2 2 2
left_child=6 2 4 -3 -2 -5 -1 -4
right_child=1 3 7 5 -6 -7 -8 -9
leaf_value=-0.038963968228907436 -0.0029340017430370476 -0.0034770333333413593 -0.023839256249385852 0.023065586148677032 0.016818592565726886 -0 -0.0092030512434219929 -0.0023603305245047741
leaf_count=376 1722 208 313 682 286 77 174 162
internal_value=0 0.0712501 -0.0621703 0.286962 -0 0.376033 -0.486404 -0.391358
internal_count=4000 3450 2483 967 2008 759 550 475
cat_boundaries=0 5 8 11
cat_threshold=2216951888 1207961732 533542 134217760 2052 1614959309 33554458 64 616448 1183744 2147483904
shrinkage=0.0459266


Tree=41
num_leaves=7
num_cat=3
split_feature=30 31 21 30 15 16
split_gain=17.066 10.337 5.82292 7.55009 3.00753 1.09264
threshold=0 1 196.00000000000003 2 41384.500000000007 12925.750000000002
decision_type=5 5 2 5 2 2
left_child=-1 5 3 -3 -4 -2
right_child=1 2 4 -5 -6 -7
leaf_value=-0.027988628976439119 -0.028612378475289846 0.016659263289633384 0.049218818527611889 -0.0021843544532077768 0.0079453488121109875 -0
leaf_count=893 405 696 80 1756 76 94
internal_value=0 0.099737 0.191952 0.128178 0.688572 -0.373575
internal_count=4000 3107 2608 2452 156 499
cat_boundaries=0 6 11 20
cat_threshold=202424736 100689043 3154948 8193 570433536 2 2149845072 1746012548 533542 134217761 4 8389126 524296 403439616 16777984 1158681088 16777216 2048 0 1048576
shrinkage=0.0459266


Tree=42
num_leaves=6
num_cat=3
split_feature=30 31 30 14 14
split_gain=17.0164 9.79119 5.49995 5.78653 3.68452
threshold=0 1 2 1780.0000000000002 92.500000000000014
decision_type=5 5 5 2 2
left_child=-1 -2 4 -4 -3
right_child=1 2 3 -5 -6
leaf_value=-0.027477465982267441 -0.018915204087938328 -0.012988454962528274 0.010678468645671324 0.049824820877920839 0.016131243507208237
leaf_count=932 401 732 1767 56 112
internal_value=0 0.101146 0.182214 0.277528 -0.0949793
internal_count=4000 3068 2667 1823 844
cat_boundaries=0 7 12 18
cat_threshold=202424736 100689299 140292 8193 570449920 2 4 2149845072 1744963716 533540 134217760 4 2152276497 411107332 1118867746 268435994 48 8388736
shrinkage=0.0459266


Tree=43
num_leaves=8
num_cat=0
split_feature=14 9 27 26 26 4 17
split_gain=3.73545 2.44223 1.54971 2.34606 3.02124 2.76875 0.814633
threshold=1759.0000000000002 751.00000000000011 56.500000000000007 64.750000000000014 1.7500000000000002 45.258900000000004 69.250000000000014
decision_type=2 2 2 2 2 2 2
left_child=2 -2 3 4 -1 -5 -4
right_child=1 -3 6 5 -6 -7 -8
leaf_value=0.0005545695412812918 0.036247296376715969 0 -0.0014552042598872845 0.018301352748498253 -0.012499271289616922 -0.00453574108863269 -0.025248336554239494
leaf_count=1790 79 55 313 359 1077 172 155
internal_value=0 0.441368 -0.0429036 -0.0107189 -0.0677485 0.198446 -0.299364
internal_count=4000 134 3866 3398 2867 531 468
shrinkage=0.0459266


Tree=44
num_leaves=7
num_cat=3
split_feature=30 2 30 10 22 10
split_gain=13.7218 7.63245 4.27804 6.45752 4.1108 2.33563
threshold=0 1 2 60.250000000000007 18.250000000000004 64.750000000000014
decision_type=5 5 5 2 2 2
left_child=-1 4 5 -4 -2 -3
right_child=1 2 3 -5 -6 -7
leaf_value=-0.026321126366711169 -0.027337651450622533 0.032465332708044019 -0.002042151766412652 0.019441538937260531 0.0020214101271933522 0
leaf_count=859 470 243 1844 408 122 54
internal_value=0 0.0830477 0.171351 0.068778 -0.279048 0.448389
internal_count=4000 3141 2549 2252 592 297
cat_boundaries=0 6 9 18
cat_threshold=135315872 100689043 2106368 8193 570433536 2 1141523668 16785426 512 2 0 402653184 16908544 4096 16777216 2048 0 1048576
shrinkage=0.0459266


Tree=45
num_leaves=7
num_cat=4
split_feature=30 31 5 30 9 21
split_gain=16.3592 9.43454 6.37249 7.8662 4.11141 0.19135
threshold=0 1 2 3 97.750000000000014 19.750000000000004
decision_type=5 5 5 5 2 2
left_child=-1 5 3 -3 -4 -2
right_child=1 2 4 -5 -6 -7
leaf_value=-0.02722071620715039 -0.033080028994874909 -0.013587929582819557 0.031666825872406199 0.0087623067825339986 0.0040046239306751833 -0.0088491882690641364
leaf_count=955 304 709 402 1323 187 120
internal_value=0 0.0965628 0.177417 0.0301209 0.423144 -0.399339
internal_count=4000 3045 2621 2032 589 424
cat_boundaries=0 7 12 13 19
cat_threshold=202424736 109077907 2237444 8193 570433536 8388610 4 2216953936 1746012292 533540 134217760 4 36111 13180928 153295364 9208098 131600 516 128
shrinkage=0.0459266


Tree=46
num_leaves=9
num_cat=0
split_feature=14 15 28 15 18 15 14 0
split_gain=3.34829 2.48542 2.39366 2.15759 1.94813 1.67254 3.98213 1.59271
threshold=1759.0000000000002 137698.00000000003 337.00000000000006 10689.250000000002 296.50000000000006 7134.2500000000009 265.00000000000006 1.7500000000000002
decision_type=2 2 2 2 2 2 2 2
left_child=2 -2 5 4 -4 7 -7 -1
right_child=1 -3 3 -5 -6 6 -8 -9
leaf_value=0.0019268200055920488 0.034183078372047877 -0 -0.0093077085189125115 -0.024179826220268267 0.0088073121773881852 0.021451469061046106 -0.0086782774021844662 -0.0089566086764645541
leaf_count=1341 77 57 914 243 252 306 131 679
internal_value=0 0.412708 -0.0430589 -0.195368 -0.0764321 0.0203205 0.215161 -0.0276718
internal_count=4000 134 3866 1409 1166 2457 437 2020
shrinkage=0.0459266


Tree=47
num_leaves=12
num_cat=1
split_feature=5 14 28 11 10 15 9 19 29 27 17
split_gain=3.14267 4.28243 1.49575 2.16353 3.33774 1.92522 1.36558 0.727546 0.622566 0.577222 0.0986889
threshold=0 10.750000000000002 13042.750000000002 42313.000000000007 4.7500000000000009 10689.250000000002 94.750000000000014 135847.00000000003 49652.500000000007 3.2500000000000004 196.75000000000003
decision_type=5 2 2 2 2 2 2 2 2 2 2
left_child=1 9 3 4 -2 8 -3 -5 -4 10 -1
right_child=2 6 5 7 -6 -7 -8 -9 -10 -11 -12
leaf_value=-0 0.0013822066632089313 0.036509400354320445 -0.0098297745314482373 0.023282013430335782 -0.012418069938383248 -0.031625138632052463 0.0061101176668317938 0 0.0044461695794534191 -0.0099167471770737915 0.0063872653875420727
leaf_count=115 1770 117 333 74 882 125 101 95 116 175 97
internal_value=0 0.193262 -0.067867 -0.0281592 -0.0745867 -0.289219 0.541425 0.273609 -0.0458202 -0.0124093 0.0633255
internal_count=4000 605 3395 2821 2652 574 218 169 449 387 212
cat_boundaries=0 1
cat_threshold=1095378064
shrinkage=0.0459266


Tree=48
num_leaves=7
num_cat=3
split_feature=31 31 26 0 5 4
split_gain=7.64996 4.86773 2.86469 2.68438 0.611278 0.225216
threshold=0 1 682.00000000000011 18.250000000000004 2 60.467050000000008
decision_type=5 5 2 2 5 2
left_child=5 4 3 -3 -2 -1
right_child=1 2 -4 -5 -6 -7
leaf_value=-0.035102289718336808 -0 -0.0036339848941765872 0.024280022409234513 0.017827670748953077 0.022234858395356796 -0.011065305474682395
leaf_count=349 132 2838 76 160 231 214
internal_value=0 0.0580987 -0.00594474 -0.0399816 0.36418 -0.439687
internal_count=4000 3437 3074 2998 363 563
cat_boundaries=0 5 8 9
cat_threshold=2216953936 1207961732 533542 134217760 2052 58753280 276825152 69210624 16650
shrinkage=0.0459266


Tree=49
num_leaves=8
num_cat=3
split_feature=30 30 18 30 32 9 19
split_gain=15.0274 5.7503 4.31156 5.31948 3.50929 3.24004 2.13367
threshold=0 1 15357.250000000002 2 37.750000000000007 10.750000000000002 96960.250000000015
decision_type=5 5 2 5 2 2 2
left_child=-1 4 3 -3 5 -2 -4
right_child=1 2 6 -5 -6 -7 -8
leaf_value=-0.02564236028451649 0.013416139022037605 0.0065294130557624099 0.033788158953079316 -0.01177120766297466 -0.00061051727613522144 0.045498931858517659 0.0051109968102753395
leaf_count=985 271 601 77 1577 65 93 331
internal_value=0 0.0953545 -0 -0.104382 0.354249 0.549077 0.265114
internal_count=4000 3015 2586 2178 429 364 408
cat_boundaries=0 7 16 22
cat_threshold=202424736 109143443 2106368 8193 570449920 8388610 4 1028 0 402653184 16908544 16781312 16777216 2048 65792 1048576 16777739 271056896 557088 269221896 1074790400 2147485824
shrinkage=0.0459266


Tree=50
num_leaves=7
num_cat=4
split_feature=30 2 30 2 3 12
split_gain=14.5003 6.31799 3.61765 4.08317 3.64904 2.78287
threshold=0 1 2 3 159.54800000000003 3.2500000000000004
decision_type=5 5 5 5 2 2
left_child=-1 5 4 -4 -3 -2
right_child=1 2 3 -5 -6 -7
leaf_value=-0.026713898373621123 -0.023886627072493134 0.0073947879893347416 -0.0038868275783538672 0.011644973891694929 0.033773135087666821 0
leaf_count=932 407 353 1402 565 173 168
internal_value=0 0.0874948 0.166692 0.0473504 0.364545 -0.249422
internal_count=4000 3068 2493 1967 526 575
cat_boundaries=0 7 10 19 22
cat_threshold=202424736 109077907 3154948 8193 570433536 2 4 1141523668 16785426 512 2 20978184 403177472 16908544 67113472 16777216 2048 0 1048576 536909833 2415919104 65
shrinkage=0.0459266


Tree=51
num_leaves=10
num_cat=1
split_feature=2 11 3 28 26 25 11 32 26
split_gain=5.91594 4.71153 3.73856 3.42096 3.18884 3.15108 2.93323 4.18841 1.40772
threshold=0 175774.50000000003 172.10450000000003 10891.000000000002 81.250000000000014 44.80530000000001 152.50000000000003 34.750000000000007 69.250000000000014
decision_type=5 2 2 2 2 2 2 2 2
left_child=1 4 3 5 -1 -2 -4 -8 -5
right_child=2 -3 6 8 -6 -7 7 -9 -10
leaf_value=-0.029664231943368112 -0.0012212558778335464 0.01162016840413584 -0 -0.032814975257655511 0 0.01396800706459774 0.037604636269937895 0 -0.0035570981753929678
leaf_count=648 1493 78 195 175 148 649 193 105 316
internal_value=0 -0.28954 0.0711704 0 -0.499339 0.0639275 0.334699 0.508723 -0.3532
internal_count=4000 874 3126 2633 796 2142 493 298 491
cat_boundaries=0 3
cat_threshold=1141528276 50339866 512
shrinkage=0.0459266


Tree=52
num_leaves=11
num_cat=2
split_feature=24 5 20 19 15 13 17 13 22 18
split_gain=4.06336 5.28608 3.91237 2.94916 6.06209 1.9121 2.823 1.779 1.57143 0.155561
threshold=0 1 36.250000000000007 133228.00000000003 123650.00000000001 4.7500000000000009 41541.250000000007 6.2500000000000009 1.7500000000000002 15357.250000000002
decision_type=5 5 2 2 2 2 2 2 2 2
left_child=2 3 -1 7 -5 8 -7 -2 -3 -4
right_child=1 5 9 4 -6 6 -8 -9 -10 -11
leaf_value=-0 -0 -0.0018944266719874206 -0.037290786854976492 0.055664346693414087 0 -0.023625511499676774 0.002681994426815661 0.015871848865481958 0.014851225891755117 -0.011774734622000389
leaf_count=569 321 1716 289 59 55 280 101 318 142 150
internal_value=0 0.0533028 -0.257722 0.27059 0.694062 -0.0539098 -0.284593 0.153208 0 -0.622653
internal_count=4000 2992 1008 753 114 2239 381 639 1858 439
cat_boundaries=0 2 3
cat_threshold=1103643193 537919516 1095393460
shrinkage=0.0459266


Tree=53
num_leaves=8
num_cat=4
split_feature=30 31 30 4 2 19 10
split_gain=13.832 7.78646 3.90855 6.68555 1.45957 1.26553 1.10106
threshold=0 1 2 32.045700000000004 3 154410.00000000003 103.75000000000001
decision_type=5 5 5 2 5 2 2
left_child=-1 5 4 -4 -3 6 -2
right_child=1 2 3 -5 -6 -7 -8
leaf_value=-0.025861034051449971 -0.037683581645965976 -0.0129820796416171 0.0011575003485310537 0.023544305952277276 0.0014644676755754134 -0 -0.0055323327527677249
leaf_count=958 265 105 958 615 877 72 150
internal_value=0 0.0863824 0.165532 0.268169 -0.0240622 -0.332129 -0.585521
internal_count=4000 3042 2555 1573 982 487 415
cat_boundaries=0 7 12 18 20
cat_threshold=202424736 109077907 6431744 8193 570449920 2 4 2216962128 1746012548 2148017188 134217761 4 2152276507 406913548 1115721762 268435978 48 8388608 537067652 32
shrinkage=0.0459266


Tree=54
num_leaves=8
num_cat=3
split_feature=30 2 30 9 9 12 32
split_gain=13.6432 5.4151 4.88505 4.30582 3.94152 2.21102 0.711069
threshold=0 1 2 34.750000000000007 31.750000000000004 3.2500000000000004 12.250000000000002
decision_type=5 5 5 2 2 2 2
left_child=-1 5 3 -3 -4 6 -2
right_child=1 2 4 -5 -6 -7 -8
leaf_value=-0.026848968486742168 -0.028863186003543321 0.036307766143471996 -0.0014312607120176854 -0 0.015225429248592572 0 -0.0015670455783139518
leaf_count=873 300 274 1859 52 361 179 102
internal_value=0 0.0802388 0.152801 0.456583 0.052179 -0.233651 -0.486748
internal_count=4000 3127 2546 326 2220 581 402
cat_boundaries=0 6 9 18
cat_threshold=202424736 100681107 11559940 8209 570433536 8388610 1142575316 16785426 576 524288 528384 403177472 16908544 4608 16777216 2048 0 1048576
shrinkage=0.0459266


Tree=55
num_leaves=9
num_cat=4
split_feature=30 30 5 30 13 17 17 36
split_gain=12.5596 4.59732 4.94203 4.80607 1.90878 2.83303 2.36301 1.28125
threshold=0 1 2 3 1.7500000000000002 3988.0000000000005 69.250000000000014 39.250000000000007
decision_type=5 5 5 5 2 2 2 2
left_child=-1 4 7 -4 6 -6 -2 -3
right_child=1 2 3 -5 5 -7 -8 -9
leaf_value=-0.026223979915003762 0.014974542930328594 0.0073569550024993957 0.0037317041866970395 -0.013313277222965511 0.050188391067282234 0.007052287329386629 -0.010382237917829785 0.031116624230427752
leaf_count=874 249 430 778 1394 58 66 56 95
internal_value=0 0.0742344 -0.00806607 -0.118863 0.303344 0.635807 0.168418 0.237573
internal_count=4000 3126 2697 2172 429 124 305 525
cat_boundaries=0 7 16 17 23
cat_threshold=202426784 109069459 4334592 8209 570433552 2 4 1028 0 402653184 16908544 16781312 16777216 2048 65792 1048576 1074291842 2197889035 272891916 32800 2416706056 1074806784 2155874432
shrinkage=0.0459266


Tree=56
num_leaves=8
num_cat=2
split_feature=31 31 16 6 28 27 20
split_gain=6.30605 4.0745 3.36721 2.3402 1.96478 1.89242 0.367938
threshold=0 1 14739.250000000002 30.250000000000004 226.75000000000003 24.250000000000004 1525.0000000000002
decision_type=5 5 2 2 2 2 2
left_child=-1 4 3 -3 6 -4 -2
right_child=1 2 5 -5 -6 -7 -8
leaf_value=-0.019308350938844122 0.042308947953335181 -0.00024033601574246295 0.017885388903475862 -0.014892483719584531 0 -0.0028098221139434194 0.01096002565154513
leaf_count=528 93 2422 260 430 106 84 77
internal_value=0 0.0473736 -0.00387077 -0.0724583 0.360858 0.262021 0.695711
internal_count=4000 3472 3196 2852 276 344 170
cat_boundaries=0 5 8
cat_threshold=2217085008 1207961732 533540 32 2052 58753024 8389696 69210624
shrinkage=0.0459266


Tree=57
num_leaves=9
num_cat=2
split_feature=31 31 16 9 14 28 10 3
split_gain=5.88335 3.69828 3.33717 1.88589 1.73952 1.72374 1.23654 0.157024
threshold=0 1 14739.250000000002 12.250000000000002 12.250000000000002 226.75000000000003 171.25000000000003 172.25650000000002
decision_type=5 5 2 2 2 2 2 2
left_child=6 5 4 -4 -3 7 -1 -2
right_child=1 2 3 -5 -6 -7 -8 -9
leaf_value=-0.032073260651570949 0.041745592016119631 -0.00063552261409395225 -0.0019367234729495285 0.018639513955500887 -0.014139029463374435 0 -0.0015803361618303637 0.013173494748645799
leaf_count=415 82 2552 88 214 290 106 165 88
internal_value=0 0.0478393 -0.00176359 0.271178 -0.0692986 0.344595 -0.388643 0.656941
internal_count=4000 3420 3144 302 2842 276 580 170
cat_boundaries=0 5 8
cat_threshold=2217085008 1207961732 9254 134217760 2052 58753024 8389696 69210624
shrinkage=0.0459266


Tree=58
num_leaves=8
num_cat=4
split_feature=30 30 2 11 6 30 8
split_gain=9.74959 5.18233 4.11738 4.24265 2.35881 1.9448 0.518793
threshold=0 1 2 2422.0000000000005 4.0000000000000009 3 6.2500000000000009
decision_type=5 5 5 2 2 5 2
left_child=-1 4 6 -4 5 -2 -3
right_child=1 2 3 -5 -6 -7 -8
leaf_value=-0.023816837749343404 0.0059110684738394844 -0.022072119986605413 0.0048534719146180773 0.023046647091023512 -0.02950548785474021 -0.011506289442794615 -0.0017992881479357453
leaf_count=816 283 154 1644 306 206 392 199
internal_value=0 0.0619781 0.141816 0.204601 -0.209465 -0.0686541 -0.190154
internal_count=4000 3184 2303 1950 881 675 353
cat_boundaries=0 6 13 16 18
cat_threshold=202424736 100746387 9220 8193 33562624 8388610 2151754265 415244548 1089617954 144 536887312 536870912 4 1141785168 16785474 512 2147492353 4194304
shrinkage=0.0459266


Tree=59
num_leaves=8
num_cat=3
split_feature=30 2 30 10 4 11 13
split_gain=10.0708 4.56982 4.95904 4.13927 3.80742 3.21639 1.37463
threshold=0 1 2 102.25000000000001 44.037000000000006 213853.50000000003 43.750000000000007
decision_type=5 5 5 2 2 2 2
left_child=-1 5 4 -4 -3 6 -2
right_child=1 2 3 -5 -6 -7 -8
leaf_value=-0.025067710468965471 -0.026381271869167267 0.0071489696508862822 -0.0044375259127143246 0.017640937873781716 0.031841009331529939 0.0089200245715905253 -0
leaf_count=804 423 610 1515 198 222 67 161
internal_value=0 0.0594875 0.129277 -0 0.325527 -0.212975 -0.432939
internal_count=4000 3196 2545 1713 832 651 584
cat_boundaries=0 7 10 19
cat_threshold=202424736 100680851 2237444 8193 33562624 2 4 1141527764 16785426 576 25698816 21502472 403472384 17433344 1140855300 16777216 2048 0 1048576
shrinkage=0.0459266


Tree=60
num_leaves=10
num_cat=3
split_feature=31 2 11 4 4 24 16 19 13
split_gain=5.50718 3.93716 1.85836 2.8034 1.40576 1.65078 1.46186 0.142285 0.000377452
threshold=0 1 16.750000000000004 35.263700000000007 38.418000000000006 2 8437.0000000000018 2774.5000000000005 126.25000000000001
decision_type=5 5 2 2 2 5 2 2 2
left_child=8 4 7 -4 5 -2 -6 -3 -1
right_child=1 2 3 -5 6 -7 -8 -9 -10
leaf_value=-0.031441323305827155 -0.0038708144565912871 0.00049056908533661782 -0.0067623202944077096 0.018124256609954016 -0.025752441047251579 0.0072661888281329527 -0.00094782782245666629 -0.0060962981603308588 -0.0086077951547339736
leaf_count=365 1520 164 90 554 182 579 244 122 180
internal_value=0 0.0422016 0.203626 0.310222 -0.0570167 -0 -0.255889 -0 -0.393817
internal_count=4000 3455 930 644 2525 2099 426 286 545
cat_boundaries=0 5 8 10
cat_threshold=2217085008 1207961732 533540 134217760 2052 537088709 50331674 64 1224843306 16386
shrinkage=0.0459266


Tree=61
num_leaves=7
num_cat=3
split_feature=30 30 9 5 3 3
split_gain=10.9611 4.027 7.23144 5.02704 6.62696 3.51261
threshold=0 1 34.750000000000007 2 159.22650000000002 172.10450000000003
decision_type=5 5 2 5 2 2
left_child=-1 2 -2 5 -5 -3
right_child=1 3 -4 4 -6 -7
leaf_value=-0.025231844643109919 0.03674339400839205 0 -0.0085580453883819518 0.001253597282342134 -0.020589735472844404 0.023806623436762125
leaf_count=860 158 384 57 1605 654 282
internal_value=0 0.0648385 0.354924 0 -0.106095 0.221658
internal_count=4000 3140 215 2925 2259 666
cat_boundaries=0 6 15 16
cat_threshold=202426784 109069715 4219908 8193 570433536 8388610 0 0 402653184 16908544 16781312 0 2048 256 1048576 1074329222
shrinkage=0.0459266


Tree=62
num_leaves=6
num_cat=3
split_feature=30 31 30 11 11
split_gain=10.469 5.76039 3.77274 4.27824 2.29947
threshold=0 1 2 779.50000000000011 1168.0000000000002
decision_type=5 5 5 2 2
left_child=-1 -2 4 -4 -3
right_child=1 2 3 -5 -6
leaf_value=-0.024868144654185069 -0.016350618083499677 0 0.0040468360639115747 0.021670689264416749 -0.021448703532121926
leaf_count=844 411 775 1462 364 144
internal_value=0 0.0622667 0.120613 0.198965 -0.0971529
internal_count=4000 3156 2745 1826 919
cat_boundaries=0 6 11 18
cat_threshold=202424608 109069459 15877124 8193 33579008 536870914 2149845072 1207961732 533540 134217761 2052 2152276625 423698948 1074274338 268435480 536870928 8388608 4
shrinkage=0.0459266


Tree=63
num_leaves=6
num_cat=4
split_feature=30 31 5 30 9
split_gain=10.2111 5.1561 3.38472 6.8557 2.34483
threshold=0 1 2 3 94.750000000000014
decision_type=5 5 5 5 2
left_child=-1 -2 3 -3 -4
right_child=1 2 4 -5 -6
leaf_value=-0.025217766133191061 -0.014989672983374903 -0.014357295715388569 0.021148391196805845 0.0068754667158883037 0.0011940437072166135
leaf_count=845 432 713 439 1373 198
internal_value=0 0.0582953 0.114869 0.00519512 0.280856
internal_count=4000 3155 2723 2086 637
cat_boundaries=0 7 12 13 19
cat_threshold=135317920 234898835 7349252 8193 570425344 536870914 4 2149591120 1209141380 533540 134217760 2052 35087 13115392 16988672 9175330 131600 67117572 8388736
shrinkage=0.0459266


Tree=64
num_leaves=7
num_cat=4
split_feature=30 30 9 5 30 18
split_gain=9.86148 3.86742 6.29151 4.52739 6.43552 3.53083
threshold=0 1 34.750000000000007 2 3 15357.250000000002
decision_type=5 5 2 5 5 2
left_child=-1 2 -2 5 -5 -3
right_child=1 3 -4 4 -6 -7
leaf_value=-0.024462128177767262 0.033391496656532738 -0 -0.0073150749877851562 -0.022038117362575507 0.00043599323947497709 0.020547021450842213
leaf_count=870 166 575 60 590 1497 242
internal_value=0 0.0568853 0.331753 -0 -0.119131 0.18432
internal_count=4000 3130 226 2904 2087 817
cat_boundaries=0 6 15 16 22
cat_threshold=202426784 243287443 148480 8209 570449920 536870914 0 0 402653184 16908544 16781312 16777216 2048 256 1048576 1074325158 8978432 19085824 786722 2 20 8388608
shrinkage=0.0459266


Tree=65
num_leaves=7
num_cat=5
split_feature=30 30 5 30 9 30
split_gain=7.54974 4.14969 4.98983 7.78504 4.12762 2.67352
threshold=0 1 2 3 34.750000000000007 4
decision_type=5 5 5 5 2 5
left_child=-1 4 5 -4 -2 -3
right_child=1 2 3 -5 -6 -7
leaf_value=-0.023010436251654734 0.029328066303027856 -0.0070424808111260884 -0.023401892142801327 0.00058198308942263932 -0.0016392475002119219 0.012439299237043502
leaf_count=769 174 109 728 1440 63 717
internal_value=0 0.0424212 -0.0159917 -0.139646 0.320259 0.177032
internal_count=4000 3231 2994 2168 237 826
cat_boundaries=0 7 16 17 23 25
cat_threshold=202424608 100680851 11674628 1 33554432 2 4 1024 0 402653184 16908544 16781312 16777216 2048 256 1048576 1074325158 13172864 162216448 803114 18 603979796 8388608 2147484163 4194304
shrinkage=0.0459266


Tree=66
num_leaves=8
num_cat=4
split_feature=30 30 5 30 32 15 17
split_gain=7.54652 4.05648 4.97641 4.74399 3.68473 1.35298 0.290177
threshold=0 1 2 3 29.500000000000004 4408.7500000000009 142.75000000000003
decision_type=5 5 5 5 2 2 2
left_child=-1 4 5 -4 6 -3 -2
right_child=1 2 3 -5 -6 -7 -8
leaf_value=-0.023043529731098383 0.030933235951552538 0.00099863687875899505 0.0034969867507327838 -0.012935697355477956 -0.005461613372629754 0.017670606667672006 0.0069075079113017487
leaf_count=765 153 348 809 1545 43 286 51
internal_value=0 0.0413652 -0.0175694 -0.127197 0.310629 0.202678 0.568202
internal_count=4000 3235 2988 2354 247 634 204
cat_boundaries=0 6 15 16 22
cat_threshold=135317792 67126674 7349252 8321 33562624 536870914 1024 0 402653184 16908544 16781312 16777216 2048 65792 1048576 1074292354 2197823499 272898060 32800 2416706056 1074806784 2155874432
shrinkage=0.0459266


Tree=67
num_leaves=7
num_cat=2
split_feature=31 31 21 26 4 18
split_gain=4.6847 3.08643 2.08907 1.766 1.37671 1.34235
threshold=0 1 412.00000000000006 682.00000000000011 59.953050000000012 165241.00000000003
decision_type=5 5 2 2 2 2
left_child=-1 4 3 -3 -2 -4
right_child=1 2 5 -5 -6 -7
leaf_value=0.015729263316441571 -0.03964354968284689 -0.0037528165258409827 0.024991420380316005 0.015137269546017155 -0.0066365054415167372 -0
leaf_count=227 273 3090 73 80 201 56
internal_value=0 -0.0674589 -0.0155051 -0.0530265 -0.369809 0.302146
internal_count=4000 3773 3299 3170 474 129
cat_boundaries=0 3 8
cat_threshold=41992192 8389696 69210624 2216953936 1207961732 1060 48 2052
shrinkage=0.0459266


Tree=68
num_leaves=11
num_cat=2
split_feature=2 11 11 17 4 18 8 34 25 25
split_gain=3.71758 2.44282 2.08585 1.69692 1.27091 1.47873 1.04722 0.701421 0.97782 0.360339
threshold=0 213853.50000000003 16.750000000000004 31144.000000000004 35.263700000000007 15357.250000000002 6.2500000000000009 1 50.15420000000001 35.548000000000009
decision_type=5 2 2 2 2 2 2 5 2 2
left_child=1 3 7 6 -4 -6 -1 8 -2 -9
right_child=2 -3 4 -5 5 -7 -8 9 -10 -11
leaf_value=-0.035292643878039445 -0 0.006116178921728074 -0.0044580180146396968 -0 0.0020447630572748214 0.018807305274511858 -0.011099373450955704 -0.00035875599777477084 0.019371449198287698 -0.0073313196771570589
leaf_count=329 276 77 84 152 412 227 405 1264 163 611
internal_value=0 -0.225998 0.0508378 -0.368005 0.195117 0.249932 -0.487352 -0.0177976 0.107147 -0.059204
internal_count=4000 963 3037 886 723 639 734 2314 439 1875
cat_boundaries=0 3 4
cat_threshold=1678399188 50339866 576 19652
shrinkage=0.0459266


Tree=69
num_leaves=7
num_cat=3
split_feature=30 31 30 11 11 8
split_gain=6.73671 5.02699 3.24601 5.33138 2.75831 0.307916
threshold=0 1 2 152.50000000000003 1168.0000000000002 10.750000000000002
decision_type=5 5 5 2 2 2
left_child=-1 5 4 -4 -3 -2
right_child=1 2 3 -5 -6 -7
leaf_value=-0.021663243818321711 -0.033957752217589621 0 0.0012472079182149177 0.019557834524477017 -0.023990946883670209 -0.0093357730549109876
leaf_count=762 233 696 1483 470 132 224
internal_value=0 0.0401349 0.096883 0.168032 -0.107307 -0.336175
internal_count=4000 3238 2781 1953 828 457
cat_boundaries=0 6 11 18
cat_threshold=202424608 75515283 2229248 8321 33570816 536870914 2216962128 1208092804 533540 134217761 2052 2152268441 457252868 1116217376 24 1610620944 8388736 4
shrinkage=0.0459266


Tree=70
num_leaves=6
num_cat=1
split_feature=10 10 34 15 26
split_gain=2.38189 1.92678 1.27447 2.82331 1.43855
threshold=583.75000000000011 304.00000000000006 0 1.7500000000000002 64.750000000000014
decision_type=2 2 5 2 2
left_child=1 2 3 -1 -4
right_child=-2 -3 4 -5 -6
leaf_value=0 -0.022650613710117822 0.017693066830736705 -0.0013611778328776764 -0.032288359293892788 0.0079617134497819951
leaf_count=256 127 91 2695 176 655
internal_value=0 0.00212823 -0.0151103 -0.207471 0.00916129
internal_count=4000 3873 3782 432 3350
cat_boundaries=0 1
cat_threshold=4468284
shrinkage=0.0459266


Tree=71
num_leaves=8
num_cat=4
split_feature=30 30 5 3 16 2 3
split_gain=7.70411 3.30478 4.56686 6.57523 2.88637 2.85151 0.34068
threshold=0 1 2 156.75150000000005 2545.0000000000005 3 156.75150000000005
decision_type=5 5 5 2 2 5 2
left_child=-1 4 5 -4 6 -3 -2
right_child=1 2 3 -5 -6 -7 -8
leaf_value=-0.022629943999051189 0.014956334937610283 -0.0051729086927896446 0.0012035246144418608 -0.020161204833712764 -0 0.014619396444435287 0.042396952974333039
leaf_count=831 109 230 1575 714 52 439 50
internal_value=0 0.0454501 -0.00437505 -0.114154 0.30564 0.196234 0.606285
internal_count=4000 3169 2958 2289 211 669 159
cat_boundaries=0 7 16 17 20
cat_threshold=202426656 234898578 12608516 8193 33579008 536870914 4 1024 0 402653184 16908288 16781312 16777216 2048 65792 1048576 1074423430 1678393344 66 65
shrinkage=0.0459266


Tree=72
num_leaves=7
num_cat=5
split_feature=30 31 30 5 5 10
split_gain=7.58967 4.34584 2.97811 3.88167 3.21264 0.858357
threshold=0 1 2 3 4 103.75000000000001
decision_type=5 5 5 5 5 2
left_child=-1 5 4 -4 -3 -2
right_child=1 2 3 -5 -6 -7
leaf_value=-0.023010571122364976 -0.0305261479366527 0.004248579097848878 0.0002165477357578329 0.016004815983533923 -0.01442390989534437 -0.0015031844101306255
leaf_count=813 289 633 1277 513 316 159
internal_value=0 0.0438305 0.0957656 0.172024 -0.0785081 -0.31219
internal_count=4000 3187 2739 1790 949 448
cat_boundaries=0 6 11 18 19 20
cat_threshold=202426656 109069459 1076904964 129 570433536 536870914 2149853264 1209010308 533540 134217761 2052 2152276115 423700484 8527904 8728 1073758224 8388608 4 2313 10273
shrinkage=0.0459266


Tree=73
num_leaves=9
num_cat=3
split_feature=2 28 15 10 10 24 8 24
split_gain=3.22826 2.34486 3.21811 2.10743 4.17217 1.67212 1.53923 0.789767
threshold=0 6.2500000000000009 1818.2500000000002 523.75000000000011 60.250000000000007 1 24.250000000000004 2
decision_type=5 2 2 2 2 5 2 5
left_child=1 2 -1 4 5 -2 -6 -4
right_child=3 -3 7 -5 6 -7 -8 -9
leaf_value=-0.028504531964388576 0.003235050237365335 -0.027804679725363761 -0.0020492779060505245 -0.018803144427360145 0.028002085488837154 -0.0063819344057884772 0.0048708057537982614 0.0097531309719016031
leaf_count=198 1519 327 250 69 163 1127 230 117
internal_value=0 -0.223836 -0.0761411 0.0429365 0.0732281 -0 0.37161 0.0671497
internal_count=4000 892 565 3108 3039 2646 393 367
cat_boundaries=0 3 5 6
cat_threshold=1678398676 50339866 576 134490183 2081 2
shrinkage=0.0459266


Tree=74
num_leaves=10
num_cat=4
split_feature=31 2 16 22 24 5 25 25 25
split_gain=4.12974 2.68805 5.23725 2.0546 1.69582 2.25764 1.56855 0.473779 0.32827
threshold=0 1 8437.0000000000018 1.7500000000000002 2 3 35.548000000000009 49.46520000000001 52.286850000000008
decision_type=5 5 2 2 5 5 2 2 2
left_child=7 4 6 -4 5 -2 -3 -1 -6
right_child=1 2 3 -5 8 -7 -8 -9 -10
leaf_value=0.0097708794972811673 -0 -0.010699745676423136 -0.0083723884305081878 0.013330165963845944 -0.011146093183509361 0.014527677084928496 -0.032717831621274833 0.035155925790363023 -0
leaf_count=159 1402 532 205 164 506 247 401 68 316
internal_value=0 -0.0628682 -0.197537 0.0548558 0.0185216 0.091333 -0.434473 0.32071 -0.13245
internal_count=4000 3773 1302 369 2471 1649 933 227 822
cat_boundaries=0 3 6 8 9
cat_threshold=41992192 8389696 69210624 21244425 79692004 524433 3451471 2049 35107
shrinkage=0.0459266


Tree=75
num_leaves=8
num_cat=4
split_feature=30 30 32 5 3 30 4
split_gain=7.38301 2.98369 3.50104 2.8589 4.82016 3.28065 2.29524
threshold=0 1 53.500000000000007 2 156.75150000000005 3 35.263700000000007
decision_type=5 5 2 5 2 5 2
left_child=-1 2 6 4 -3 -5 -2
right_child=1 3 -4 5 -6 -7 -8
leaf_value=-0.022261133063363664 0.0058306446634813804 0.015317527308618286 -0.0081701011897601754 -0.010603272801252067 -0.020998552445484878 0.0059429195914014491 0.033254257771005512
leaf_count=825 165 104 54 433 611 1684 124
internal_value=0 0.0456048 0.249369 -0.0124505 -0.21987 0.0541619 0.447571
internal_count=4000 3175 343 2832 715 2117 289
cat_boundaries=0 7 16 17 23
cat_threshold=206619040 201344406 1086342148 8321 33554432 536870914 4 1024 16777216 402653184 16908544 83890688 16777344 2048 65792 1048576 25299256 2147493888 41949193 1057056 2147483648 537927680 8388608
shrinkage=0.0459266


Tree=76
num_leaves=7
num_cat=3
split_feature=30 30 2 20 20 3
split_gain=5.50061 3.1578 2.73379 2.16049 0.624605 0.353413
threshold=0 1 2 27.250000000000004 1009.7500000000001 164.64750000000001
decision_type=5 5 5 2 2 2
left_child=-1 5 4 -4 -3 -2
right_child=1 2 3 -5 -6 -7
leaf_value=-0.020637665863245506 -0.0045262252430801099 -0 0.00056584779225748517 0.011519551416192424 -0.019202745340934066 -0.021574924162442881
leaf_count=738 433 183 1349 881 157 259
internal_value=0 0.033435 0.0858814 0.133423 -0.182011 -0.221358
internal_count=4000 3262 2570 2230 340 692
cat_boundaries=0 7 13 16
cat_threshold=206618912 67126675 2229248 8209 33554432 2 4 2147551889 444669956 1087397892 128 536895504 545259520 1141260944 16785474 512
shrinkage=0.0459266


Tree=77
num_leaves=11
num_cat=2
split_feature=24 0 34 13 15 9 15 15 20 9
split_gain=2.21127 2.88152 1.71141 2.99207 1.33886 1.27713 1.23771 0.664783 2.84038 1.92819
threshold=0 4.7500000000000009 1 57.250000000000007 7297.7500000000009 37.750000000000007 326.50000000000006 1.7500000000000002 36.250000000000007 49.750000000000007
decision_type=5 2 5 2 2 2 2 2 2 2
left_child=1 4 7 5 6 -4 -1 8 -2 -9
right_child=2 -3 3 -5 -6 -7 -8 9 -10 -11
leaf_value=-0.015319867882190348 -0.0020184187641769671 0.0057788210125869818 -0.0016454759158701477 0.02730091930273568 -0.033625781365471862 0.014713552988730953 0.0015825171252545403 -0.014001385750855076 0.022680224291585081 0.0012609416870957724
leaf_count=535 1058 297 583 121 196 141 146 406 125 392
internal_value=0 -0.182985 0.0344838 0.163805 -0.36863 0.0380489 -0.189304 -0.0250534 0.0282888 -0.107479
internal_count=4000 1174 2826 845 877 724 681 1981 1183 798
cat_boundaries=0 2 3
cat_threshold=1103676089 537919516 4228630
shrinkage=0.0459266


Tree=78
num_leaves=12
num_cat=3
split_feature=2 24 20 17 25 17 20 3 34 29 17
split_gain=2.8584 1.98129 3.20695 1.8317 1.73106 1.63624 1.24835 0.989749 0.840088 0.705215 0.0245624
threshold=0 1 27.250000000000004 43464.250000000007 52.286850000000008 69558.250000000015 10.750000000000002 157.18600000000004 2 3722.5000000000005 101132.75000000001
decision_type=5 5 2 2 2 2 2 2 5 2 2
left_child=3 4 8 7 6 -4 -2 -1 -3 -6 -5
right_child=1 2 5 10 9 -7 -8 -9 -10 -11 -12
leaf_value=-0 -0.0011874573809231262 0.0069828088037602303 0.014875174314494751 -0.00091544231250602467 -0.0046197889076756652 -0.0032323317237239638 -0.030312125831270461 -0.021952279143095183 -0.0031468255374795528 0.012269602403386787 0.0021360586619092866
leaf_count=159 357 200 643 105 245 60 185 598 1278 91 79
internal_value=0 0.0439505 0.0992224 -0.200491 -0.131119 0.265757 -0.370517 -0.378248 -0.0166988 0.0111357 0
internal_count=4000 3059 2181 941 878 703 542 757 1478 336 184
cat_boundaries=0 3 5 6
cat_threshold=1679447252 54534298 576 1103741496 1048576 2244
shrinkage=0.0459266


Tree=79
num_leaves=5
num_cat=3
split_feature=30 31 10 30
split_gain=6.57962 3.94335 2.8374 2.78968
threshold=0 1 583.75000000000011 2
decision_type=5 5 2 5
left_child=-1 -2 3 -3
right_child=1 2 -4 -5
leaf_value=-0.021920289275464522 -0.015595861738320557 -0.0052104816870176601 -0.020008709678100926 0.0077258228946062721
leaf_count=786 368 702 106 2038
internal_value=0 0.0397364 0.0845742 0.117516
internal_count=4000 3214 2846 2740
cat_boundaries=0 7 12 18
cat_threshold=206621056 67126674 1079133184 8337 570425344 2 4 2216953936 1207961732 9252 32 2052 589881 444672005 10530848 268435978 67133488 545259520
shrinkage=0.0459266


Tree=80
num_leaves=8
num_cat=3
split_feature=31 31 24 10 9 11 17
split_gain=3.57556 2.25624 1.67457 1.96156 1.84815 0.863622 0.588833
threshold=0 1 2 545.50000000000011 4.7500000000000009 19.000000000000004 334.00000000000006
decision_type=5 5 5 2 2 2 2
left_child=5 6 4 -4 -3 -1 -2
right_child=1 2 3 -5 -6 -7 -8
leaf_value=0.0022429380664341749 -0.0047006997257516446 -0 0.0025862291209114204 -0.01771697046780326 -0.025194835450012987 0.028438101285703031 -0.032635377186951746
leaf_count=103 198 481 2474 107 237 124 276
internal_value=0 -0.0607576 -0.0158586 0.0215514 -0.200147 0.294303 -0.328807
internal_count=4000 3773 3299 2581 718 227 474
cat_boundaries=0 3 8 10
cat_threshold=41992192 8389696 69210624 2216953936 1207961732 1060 48 2052 1099457096 537935875
shrinkage=0.0459266


Tree=81
num_leaves=5
num_cat=3
split_feature=30 31 10 30
split_gain=6.25772 3.60144 2.57884 2.43137
threshold=0 1 583.75000000000011 2
decision_type=5 5 2 5
left_child=-1 -2 3 -3
right_child=1 2 -4 -5
leaf_value=-0.021587913825205522 -0.01507240874092518 -0.004269923158356905 -0.019290157821468781 0.0073925354125247795
leaf_count=793 371 754 105 1977
internal_value=0 0.036787 0.0794924 0.110758
internal_count=4000 3207 2836 2731
cat_boundaries=0 7 12 18
cat_threshold=206621088 67126674 1088439296 8321 570425344 2 4 2216953936 1207961732 9252 32 2052 590361 444672005 176160 268435994 67133456 545259520
shrinkage=0.0459266


Tree=82
num_leaves=7
num_cat=3
split_feature=30 30 2 10 22 3
split_gain=6.23674 2.69443 5.56829 1.97293 1.75679 2.14022
threshold=0 1 2 60.250000000000007 9.2500000000000018 157.06400000000002
decision_type=5 5 5 2 2 2
left_child=-1 4 -3 -4 5 -2
right_child=1 2 3 -5 -6 -7
leaf_value=-0.021602812390729299 0.0039430149194586948 -0.018637923056758196 -0.0002740821278136114 0.011219210902997752 -0.0023477992372494742 0.028684991489892689
leaf_count=791 224 410 1958 418 52 147
internal_value=0 0.0353788 -0.0208169 0.0495938 0.22304 0.359449
internal_count=4000 3209 2786 2376 423 371
cat_boundaries=0 7 16 19
cat_threshold=206604544 201344403 1077036032 8337 33562624 536870914 4 1024 1310720 402915584 16908544 83890688 16779392 2048 65792 1048576 1677869124 285220864 1
shrinkage=0.0459266


Tree=83
num_leaves=8
num_cat=4
split_feature=30 30 2 30 16 15 20
split_gain=5.19142 2.53462 3.52708 3.66081 1.13299 1.01583 0.964886
threshold=0 1 2 3 35845.750000000007 3889.7500000000005 112.75000000000001
decision_type=5 5 5 5 2 2 2
left_child=-1 5 4 -4 -3 6 -2
right_child=1 2 3 -5 -6 -7 -8
leaf_value=-0.020316364013539069 0.0080153141744486178 -0.03047072108931435 -0.010680226943847572 0.0051994996255779026 -0.0035964279118997767 0 0.032783011053623794
leaf_count=795 172 293 488 1962 148 88 54
internal_value=0 0.0284738 -0.0213449 0.0342489 -0.314773 0.224635 0.382361
internal_count=4000 3205 2891 2450 441 314 226
cat_boundaries=0 6 15 18 25
cat_threshold=135315872 109069714 15754244 1 570425344 2 1024 0 402915328 16908544 83890176 16777344 2048 65792 1048576 1677869636 285212672 1 2218786816 141561869 1073774848 2147491856 8720 545259520 4
shrinkage=0.0459266


Tree=84
num_leaves=6
num_cat=3
split_feature=30 31 30 9 9
split_gain=5.14497 3.25446 2.8925 2.78968 2.48605
threshold=0 1 2 16.750000000000004 16.750000000000004
decision_type=5 5 5 2 2
left_child=-1 -2 3 -3 -4
right_child=1 2 4 -5 -6
leaf_value=-0.020797967514273125 -0.014907291865911535 0 0.0010898274772417429 -0.022624279221664052 0.013113287448013636
leaf_count=713 318 670 1419 248 632
internal_value=0 0.0266271 0.0669212 -0.131992 0.129583
internal_count=4000 3287 2969 918 2051
cat_boundaries=0 6 11 18
cat_threshold=134269216 75515282 13771780 8321 33562624 536870914 2149845008 1208092804 9380 33 2052 72950416 457252869 1075839008 16777232 537935888 8388736 4
shrinkage=0.0459266


Tree=85
num_leaves=8
num_cat=2
split_feature=31 31 28 3 21 25 4
split_gain=3.3591 2.03357 1.36408 3.36793 1.32709 0.820026 0.120337
threshold=0 1 10891.000000000002 173.32000000000002 412.00000000000006 49.783700000000003 59.567950000000003
decision_type=5 5 2 2 2 2 2
left_child=5 6 4 -4 -3 -1 -2
right_child=1 2 3 -5 -6 -7 -8
leaf_value=0.0068196098024647361 -0.033632143767624606 -0.00067822798749838037 -0.021269692800832324 0.0095198588842024378 0.013603433956468979 0.033439440322540294 -0.0068903890627295744
leaf_count=160 284 2637 490 134 104 67 124
internal_value=0 -0.0626508 -0.0212818 -0.223376 0.0055804 0.280538 -0.333912
internal_count=4000 3773 3365 624 2741 227 408
cat_boundaries=0 3 8
cat_threshold=41992192 8389696 69210624 2216953872 1207961732 9252 48 2052
shrinkage=0.0459266


Tree=86
num_leaves=9
num_cat=3
split_feature=31 5 0 24 19 10 3 21
split_gain=3.09807 1.85182 3.66925 2.25797 3.4682 1.7392 1.60629 0.0490456
threshold=0 1 12.250000000000002 2 713.50000000000011 4.7500000000000009 173.84450000000004 6.2500000000000009
decision_type=5 5 2 5 2 2 2 2
left_child=7 3 5 4 -2 -3 -5 -1
right_child=1 2 -4 6 -6 -7 -8 -9
leaf_value=0.0074283849017284537 0 0 0.0091165878019520055 -0.0048681599396164883 0.036743207614544318 -0.018980850080011959 0.010863512043727618 0.025975306365802003
leaf_count=144 330 132 182 1994 83 878 174 83
internal_value=0 -0.060315 -0.186598 0 0.228979 -0.33804 -0.0541415 0.268333
internal_count=4000 3773 1192 2581 413 1010 2168 227
cat_boundaries=0 3 4 6
cat_threshold=41992192 8389696 69210624 4781189 2173253 2048
shrinkage=0.0459266


Tree=87
num_leaves=6
num_cat=3
split_feature=30 31 30 14 15
split_gain=5.43481 3.0382 3.74774 1.49766 1.20573
threshold=0 1 2 111.25000000000001 1818.2500000000002
decision_type=5 5 5 2 2
left_child=-1 -2 3 -3 -4
right_child=1 2 4 -5 -6
leaf_value=-0.021123238752185285 -0.013623104139608259 -0.013245412894430026 0.0033811491767322568 0.0027180866709200996 0.01270768331787181
leaf_count=738 322 899 1382 134 525
internal_value=0 0.0303576 0.0707115 -0.147659 0.145566
internal_count=4000 3262 2940 1033 1907
cat_boundaries=0 6 11 18
cat_threshold=205556096 243287443 1076888576 8321 570433536 536870914 2216953872 1476397188 9252 33 2052 10051632 285420036 9052198 2415919128 16400 8388608 4
shrinkage=0.0459266


Tree=88
num_leaves=8
num_cat=3
split_feature=30 30 9 4 11 30 17
split_gain=4.5005 2.31323 1.73945 2.71931 1.69401 5.49287 2.02238
threshold=0 1 118.00000000000001 35.263700000000007 94.000000000000014 2 592.75000000000011
decision_type=5 5 2 2 2 5 2
left_child=-1 2 3 -2 5 -3 -6
right_child=1 4 -4 -5 6 -7 -8
leaf_value=-0.019820395962145621 0.0017101524891759326 0.0086153456172891208 -0.0020236403536076442 0.028191674091788649 0.017482659225105682 -0.011853210404177483 -0
leaf_count=674 228 584 71 153 226 1448 616
internal_value=0 0.0242251 0.1922 0.328305 -0.0288964 -0.116794 0.0806511
internal_count=4000 3326 452 381 2874 2032 842
cat_boundaries=0 7 16 22
cat_threshold=205556096 201344403 12600324 129 570425344 2 4 1024 18087936 402915584 16908544 83890688 16777344 2048 65792 1048576 18350601 275320836 557056 268697608 1073758208 2147483648
shrinkage=0.0459266


Tree=89
num_leaves=8
num_cat=4
split_feature=30 31 30 0 2 25 10
split_gain=4.26065 3.08092 5.40353 4.64218 4.26891 1.79556 0.880005
threshold=0 1 2 18.250000000000004 3 52.35755000000001 213.25000000000003
decision_type=5 5 5 2 5 2 2
left_child=-1 5 3 -3 -4 6 -2
right_child=1 2 4 -5 -6 -7 -8
leaf_value=-0.017717966009708964 0.015394231511578654 -0.019769484329677716 0.010028109153084577 0.014060555206118918 -0.0053748874608890006 0.03915743297697416 -0
leaf_count=786 126 856 1275 112 708 59 78
internal_value=0 0.0269174 -0.0177956 -0.257302 0.0848034 0.293825 0.156486
internal_count=4000 3214 2951 968 1983 263 204
cat_boundaries=0 6 9 16 19
cat_threshold=205572513 100681106 1080189952 1 33562624 2 43041024 8389696 69206528 2147492372 144775685 9437476 2147491984 553648144 545259648 4 553658377 2160066596 1
shrinkage=0.0459266


Tree=90
num_leaves=10
num_cat=2
split_feature=31 31 25 28 3 15 3 10 3
split_gain=2.7137 1.76543 1.55776 1.2267 2.13626 1.7868 0.638037 0.23362 0.0317686
threshold=0 1 52.425150000000009 10891.000000000002 173.32000000000002 7134.2500000000009 171.55500000000004 61.750000000000007 157.07850000000002
decision_type=5 5 2 2 2 2 2 2 2
left_child=2 8 6 5 -5 -3 7 -1 -2
right_child=1 3 -4 4 -6 -7 -8 -9 -10
leaf_value=0 -0.0069677920113494843 -0.0022232107546895749 0.02943388782803389 -0.019240719829253822 0.0044402551235192137 0.0090900419307870933 -0.0015880726685602654 0.016017368026145899 -0.032684407367463884
leaf_count=123 122 2172 93 467 132 429 104 72 286
internal_value=0 -0.0641911 0.20631 -0.0226567 -0.218764 0.00325261 0.0815358 0.224218 -0.319958
internal_count=4000 3608 392 3200 599 2601 299 195 408
cat_boundaries=0 3 8
cat_threshold=42582272 2155873346 69473024 2216953872 1207961732 9252 48 2052
shrinkage=0.0459266


Tree=91
num_leaves=7
num_cat=4
split_feature=30 30 19 5 30 15
split_gain=4.14725 2.05546 4.64246 2.9538 4.97015 1.71473
threshold=0 1 7450.7500000000009 2 3 4373.5000000000009
decision_type=5 5 2 5 5 2
left_child=-1 2 -2 5 -5 -3
right_child=1 3 -4 4 -6 -7
leaf_value=-0.018324568788586303 0.027344129216937543 -0 -0.0079900650242909193 0.0037884247468003168 -0.012817408229378919 0.014674319980629593
leaf_count=701 144 385 59 943 1443 325
internal_value=0 0.0251938 0.233889 -0.0119746 -0.0998497 0.148521
internal_count=4000 3299 203 3096 2386 710
cat_boundaries=0 7 16 17 23
cat_threshold=205556000 67126674 14828544 8193 33570816 545259522 4 1024 0 402653184 16777472 16781312 16777216 2048 65792 1048576 1091069570 2198872587 273946636 32800 2416837128 1074790400 2147485824
shrinkage=0.0459266


Tree=92
num_leaves=12
num_cat=3
split_feature=2 28 15 34 3 6 34 28 9 4 15
split_gain=2.20077 2.16649 2.18806 1.03498 0.873815 1.99867 1.63864 1.62378 1.36733 1.09555 0.701742
threshold=0 6.2500000000000009 1818.2500000000002 1 172.10450000000003 33.250000000000007 2 7080.2500000000009 9.2500000000000018 49.172750000000008 22272.250000000004
decision_type=5 2 2 5 2 2 5 2 2 2 2
left_child=1 2 -1 -4 6 8 7 -2 -6 -7 -8
right_child=4 -3 3 -5 5 9 10 -9 -10 -11 -12
leaf_value=-0.020935334127023083 0.019392412684217326 -0.025072120972680655 -0.0023766848268131635 0.011467339140323458 -0 0.0031453388052855458 -0.00091014817488824055 -0.00081164568359382927 0.020393437838870144 -0.017379707872074612 -0.0123048095176959
leaf_count=213 340 338 266 101 126 73 1907 145 248 84 159
internal_value=0 -0.186542 -0.0437017 0.0817538 0.0328033 0.154403 -0 0.184592 0.318516 -0.0725706 -0.0570225
internal_count=4000 918 580 367 3082 531 2551 485 374 157 2066
cat_boundaries=0 3 4 5
cat_threshold=1678398676 318775322 576 130 18644
shrinkage=0.0459266


Tree=93
num_leaves=10
num_cat=1
split_feature=2 11 16 8 16 14 16 8 8
split_gain=2.06743 1.87993 1.43518 3.12618 1.11963 1.51645 0.925187 0.329288 0.119157
threshold=0 160822.00000000003 17216.500000000004 39.250000000000007 2412.2500000000005 92.500000000000014 41659.750000000007 29.500000000000004 6.2500000000000009
decision_type=5 2 2 2 2 2 2 2 2
left_child=1 6 4 -4 5 -2 8 -6 -1
right_child=2 -3 3 -5 7 -7 -8 -9 -10
leaf_value=-0.027785942769686 0 0.0020306825275490654 0.031319643392457332 -0 -0.015915823958297076 0.018252275506678725 -0 -0 -0.0095459048957454596
leaf_count=342 2503 106 68 132 173 89 113 108 366
internal_value=0 -0.179032 0.0321998 0.276259 0 0.0336312 -0.33606 -0.211315 -0.425874
internal_count=4000 927 3073 200 2873 2592 821 281 708
cat_boundaries=0 3
cat_threshold=1679447252 54534170 576
shrinkage=0.0459266


Tree=94
num_leaves=11
num_cat=3
split_feature=31 2 16 6 20 24 3 36 10 36
split_gain=2.66506 2.47162 3.50819 1.74691 1.73424 1.52598 1.41119 1.39112 2.58014 0.0944314
threshold=0 1 8437.0000000000018 37.750000000000007 838.75000000000011 2 173.80400000000006 6.2500000000000009 141.25000000000003 40.750000000000007
decision_type=5 5 2 2 2 5 2 2 2 2
left_child=7 5 4 -4 -3 9 -7 8 -1 -2
right_child=1 2 3 -5 -6 6 -8 -9 -10 -11
leaf_value=0.028711725081151628 0.020433185343756231 -0.011924710753955015 -0.0069980981394879146 0.013531852568425153 -0.041558632526714163 -0.0035533255079068871 0.012056680986762746 -0 -0 0.0016857562965140204
leaf_count=188 178 709 320 81 146 1848 167 87 71 205
internal_value=0 -0.0609564 -0.192796 0 -0.41785 0.0197031 -0.024455 0.215209 0.403457 0.225619
internal_count=4000 3654 1256 401 855 2398 2015 346 259 383
cat_boundaries=0 4 7 9
cat_threshold=42582016 2155873362 69473024 32768 22292993 67108964 524417 2107981 2048
shrinkage=0.0459266


end of trees

feature importances:
c_02=133
c_table_1.c_3=49
n_table_1.n_9=38
n_table_1.n_7=37
c_table_1.c_5=36
c_table_1.c_2=32
n_table_1.n_20=30
n_1=29
n_table_1.n_16=27
n_table_1.n_15=25
n_table_1.n_17=25
n_table_1.n_18=23
n_table_1.n_6=22
c_table_2.c_2=22
n_table_3.n_3=22
n_table_1.n_1=21
n_table_2.n_2=21
n_table_1.n_2=20
n_table_1.n_12=18
n_table_1.n_5=16
n_table_1.n_19=14
n_table_1.n_27=14
n_table_2.n_6=13
n_table_1.n_8=13
n_table_1.n_11=12
n_table_1.n_26=12
n_table_3.n_2=10
n_table_1.n_3=7
c_table_2.c_5=6
n_table_2.n_13=5
n_table_1.n_10=3
n_table_3.n_5=3

parameters:
[boosting: gbdt]
[objective: binary]
[metric: auc]
[tree_learner: serial]
[device_type: cpu]
[data: ]
[valid: ]
[num_iterations: 100]
[learning_rate: 0.0459266]
[num_leaves: 32]
[num_threads: 4]
[max_depth: 4]
[min_data_in_leaf: 20]
[min_sum_hessian_in_leaf: 7.0515]
[bagging_fraction: 1]
[bagging_freq: 33]
[bagging_seed: 3]
[feature_fraction: 0.5]
[feature_fraction_seed: 2]
[early_stopping_round: 0]
[max_delta_step: 0]
[lambda_l1: 1.08025]
[lambda_l2: 0.755313]
[min_gain_to_split: 0]
[drop_rate: 0.1]
[max_drop: 50]
[skip_drop: 0.5]
[xgboost_dart_mode: 0]
[uniform_drop: 0]
[drop_seed: 4]
[top_rate: 0.2]
[other_rate: 0.1]
[min_data_per_group: 100]
[max_cat_threshold: 32]
[cat_l2: 10]
[cat_smooth: 10]
[max_cat_to_onehot: 4]
[top_k: 20]
[monotone_constraints: ]
[feature_contri: ]
[forcedsplits_filename: ]
[refit_decay_rate: 0.9]
[verbosity: -1]
[max_bin: 255]
[min_data_in_bin: 3]
[bin_construct_sample_cnt: 200000]
[histogram_pool_size: -1]
[data_random_seed: 1]
[output_model: LightGBM_model.txt]
[snapshot_freq: -1]
[input_model: ]
[output_result: LightGBM_predict_result.txt]
[initscore_filename: ]
[valid_data_initscores: ]
[pre_partition: 0]
[enable_bundle: 1]
[max_conflict_rate: 0]
[is_enable_sparse: 1]
[sparse_threshold: 0.8]
[use_missing: 1]
[zero_as_missing: 0]
[two_round: 0]
[save_binary: 0]
[enable_load_from_binary_file: 1]
[header: 0]
[label_column: ]
[weight_column: ]
[group_column: ]
[ignore_column: ]
[categorical_feature: ]
[predict_raw_score: 0]
[predict_leaf_index: 0]
[predict_contrib: 0]
[num_iteration_predict: -1]
[pred_early_stop: 0]
[pred_early_stop_freq: 10]
[pred_early_stop_margin: 10]
[convert_model_language: ]
[convert_model: gbdt_prediction.cpp]
[num_class: 1]
[is_unbalance: 0]
[scale_pos_weight: 1]
[sigmoid: 1]
[boost_from_average: 1]
[reg_sqrt: 0]
[alpha: 0.9]
[fair_c: 1]
[poisson_max_delta_step: 0.7]
[tweedie_variance_power: 1.5]
[max_position: 20]
[label_gain: ]
[metric_freq: 1]
[is_provide_training_metric: 0]
[eval_at: ]
[num_machines: 1]
[local_listen_port: 12400]
[time_out: 120]
[machine_list_filename: ]
[machines: ]
[gpu_platform_id: -1]
[gpu_device_id: -1]
[gpu_use_dp: 0]

end of parameters

pandas_categorical:[[0, 1, 2], [0, 1, 2, 3, 4, 5, 6, 7, 8, 9, 10, 11, 12, 13, 14, 15, 16, 17, 18, 19, 20, 21, 22, 23, 24, 25, 26, 27, 28, 29, 30, 31, 32, 33, 34, 35, 36, 37, 38, 39, 40, 41, 42, 43, 44, 45, 46, 47, 48, 49, 50, 51, 52, 53, 54, 55, 56, 57, 58, 59, 60, 61, 62, 63, 64, 65, 66, 67, 68, 69, 70, 71, 72, 73, 74, 75, 76, 77, 78, 79, 80, 81, 82, 83, 84, 85, 86, 87, 88, 89, 90, 91, 92, 93, 94, 95, 96, 97, 98, 99, 100, 101, 102, 103, 104, 105, 106, 107, 108, 109, 110, 111, 112, 113, 114, 115, 116, 117, 118, 119, 120, 121, 122, 123, 124, 125, 126, 127, 128, 129, 130, 131, 132, 133, 134, 135, 136, 137, 138, 139, 140, 141, 142, 143, 144, 145, 146, 147, 148, 149, 150, 151, 152, 153, 154, 155, 156, 157, 158, 159, 160, 161, 162, 163, 164, 165, 166, 167, 168, 169, 170, 171, 172, 173, 174, 175], [0, 1, 2, 3, 4, 5, 6, 7, 8, 9, 10, 11, 12, 13, 14, 15, 16, 17, 18, 19, 20, 21, 22, 23, 24, 25, 26, 27, 28, 29, 30, 31, 32, 33, 34, 35, 36, 37, 38, 39, 40, 41, 42, 43, 44, 45, 46, 47, 48, 49, 50, 51, 52, 53], [0, 1, 2, 3, 4, 5, 6, 7, 8, 9, 10, 11, 12, 13, 14, 15], [0, 1], [0, 1, 2, 3, 4, 5, 6, 7, 8, 9, 10, 11, 12, 13, 14, 15, 16, 17, 18, 19, 20, 21, 22, 23, 24, 25, 26, 27, 28, 29, 30, 31, 32, 33, 34, 35, 36, 37, 38, 39, 40, 41, 42, 43, 44, 45, 46, 47, 48, 49, 50, 51, 52, 53, 54, 55, 56, 57, 58, 59, 60, 61, 62, 63, 64, 65, 66, 67, 68, 69, 70, 71, 72, 73, 74, 75, 76, 77, 78, 79, 80, 81, 82, 83, 84, 85, 86, 87, 88, 89, 90, 91, 92, 93, 94, 95, 96, 97, 98], [0, 1, 2, 3, 4, 5, 6, 7, 8, 9, 10, 11, 12, 13, 14, 15, 16, 17, 18, 19, 20, 21, 22, 23, 24, 25, 26, 27, 28, 29, 30, 31, 32, 33, 34, 35, 36, 37, 38, 39, 40, 41, 42, 43, 44, 45, 46, 47, 48, 49, 50, 51, 52, 53, 54, 55, 56, 57, 58, 59, 60, 61, 62, 63, 64, 65, 66, 67, 68, 69, 70, 71, 72, 73, 74, 75, 76, 77, 78, 79, 80, 81, 82, 83, 84, 85, 86, 87, 88, 89, 90, 91, 92, 93, 94, 95, 96, 97, 98, 99, 100, 101, 102, 103, 104, 105, 106, 107, 108, 109, 110, 111, 112, 113, 114, 115, 116, 117, 118, 119, 120, 121, 122, 123, 124, 125, 126, 127, 128, 129, 130, 131, 132, 133, 134, 135, 136, 137, 138, 139, 140, 141, 142, 143, 144, 145, 146, 147, 148, 149, 150, 151, 152, 153, 154, 155, 156, 157, 158, 159, 160, 161, 162, 163, 164, 165, 166, 167, 168, 169, 170, 171, 172, 173, 174, 175, 176, 177, 178, 179, 180, 181, 182, 183, 184, 185, 186, 187, 188, 189, 190, 191, 192, 193, 194, 195, 196, 197, 198, 199, 200, 201, 202, 203, 204, 205, 206, 207, 208, 209, 210, 211, 212, 213, 214, 215, 216, 217, 218, 219, 220, 221, 222, 223, 224, 225, 226, 227, 228, 229, 230, 231, 232, 233, 234, 235, 236, 237, 238, 239, 240, 241, 242, 243, 244, 245, 246, 247, 248, 249, 250, 251, 252, 253, 254, 255, 256, 257, 258, 259, 260, 261, 262, 263, 264, 265, 266, 267, 268, 269, 270, 271, 272, 273, 274, 275, 276, 277, 278, 279, 280, 281, 282, 283, 284, 285, 286, 287, 288, 289, 290, 291, 292, 293, 294, 295, 296, 297, 298, 299, 300, 301, 302, 303, 304, 305, 306, 307, 308, 309, 310, 311, 312, 313, 314, 315, 316, 317, 318, 319, 320, 321, 322, 323, 324, 325, 326, 327, 328, 329, 330, 331, 332, 333, 334, 335, 336, 337], [0, 1, 2, 3, 4, 5, 6, 7, 8, 9, 10, 11, 12, 13, 14, 15, 16, 17, 18, 19, 20, 21, 22, 23, 24, 25, 26, 27, 28, 29, 30, 31, 32, 33, 34, 35, 36, 37, 38, 39, 40, 41, 42, 43, 44, 45, 46, 47, 48, 49, 50, 51, 52, 53, 54, 55, 56, 57, 58, 59, 60, 61, 62, 63, 64, 65, 66, 67, 68, 69, 70, 71, 72, 73, 74, 75, 76, 77, 78, 79, 80, 81, 82, 83, 84, 85, 86, 87, 88, 89, 90, 91, 92, 93, 94, 95, 96, 97, 98, 99, 100, 101, 102, 103, 104, 105, 106, 107, 108, 109, 110, 111, 112, 113, 114, 115, 116, 117, 118, 119, 120, 121, 122, 123, 124, 125, 126, 127, 128, 129, 130, 131, 132, 133, 134, 135, 136, 137, 138, 139, 140, 141, 142, 143, 144, 145, 146, 147, 148, 149, 150, 151, 152, 153, 154, 155, 156, 157, 158, 159, 160, 161, 162, 163, 164, 165, 166, 167, 168, 169, 170, 171, 172, 173, 174, 175, 176, 177, 178, 179, 180, 181, 182, 183, 184, 185, 186, 187, 188, 189, 190, 191, 192, 193, 194, 195, 196, 197, 198, 199, 200, 201, 202, 203, 204, 205, 206], [0, 1, 2, 3, 4, 5, 6, 7, 8, 9, 10, 11, 12, 13, 14, 15, 16, 17, 18, 19, 20, 21, 22, 23, 24, 25, 26, 27, 28, 29, 30]]
